0 13807.0229143232 2
1 13488.5319808217 4
2 16573.3898322242 6
3 8161.31682825865 8
4 5366.99344233912 10
5 5107.92442304818 13
6 3179.43035910683 15
7 2023.79189217145 17
8 2096.1698113885 19
9 1516.6156637378 21
10 912.383426417226 23
11 699.4795465609 26
12 587.878932129476 28
13 538.820107938725 30
14 443.005495564161 32
15 406.888180391036 35
16 365.276919933054 37
17 364.709776152748 39
18 318.267264267591 41
19 296.731876432286 43
20 286.605587645243 45
21 283.587230357172 47
22 281.55056471293 49
23 280.928455362901 51
24 280.34603889169 53
25 279.840275642114 56
26 279.63120217459 58
27 279.4104804284 60
28 279.268345051133 62
29 279.240451452241 64
30 279.172950191566 66
31 279.148058626494 68
32 279.143755898548 70
33 279.081258239971 72
34 279.042062486142 74
35 279.008011247603 76
36 279.003437827952 78
37 278.989067898027 80
38 278.978274274619 82
39 278.972519444486 84
40 278.966278199468 86
41 278.955716015111 88
42 278.948880833789 90
43 278.927710853083 93
44 278.91762207408 95
45 278.912645572353 97
46 278.906127516029 99
47 278.905668767058 102

0 14112.0616523062 2
1 12714.0795298787 4
2 10140.0728778777 6
3 9290.25824565075 8
4 6854.25361969209 10
5 3891.78709231167 12
6 4080.60993724967 14
7 2804.4580462022 17
8 2228.54778194083 19
9 1213.25869810241 21
10 817.9282680108 23
11 799.586506571554 25
12 668.965954354643 27
13 535.863162130094 29
14 429.694673698512 31
15 410.459115091798 34
16 374.96148498454 36
17 357.987184942795 38
18 322.569032482394 40
19 296.022287540639 42
20 286.83378867946 44
21 283.768354532888 46
22 281.463026589961 49
23 280.418981678169 51
24 279.807909460556 53
25 279.534495830342 55
26 279.318817895298 57
27 278.954940200527 59
28 278.810742830579 61
29 278.686770192258 63
30 278.68194803983 65
31 278.633253064302 67
32 278.563953887325 69
33 278.530727377552 72
34 278.505382260756 74
35 278.472718621471 76
36 278.448794908503 78
37 278.434061162865 80
38 278.412889202416 82
39 278.418319657139 84
40 278.404458885331 86
41 278.395761184794 89
42 278.377742263794 91
43 278.376774741193 93
44 278.371459404118 95
45 278.362643924733 97
46 278.360278589525 100
47 278.349163558343 102
48 278.345348262911 104
49 278.338400675974 106
50 278.334969193042 108
51 278.333824947891 111
52 278.328582028154 113

0 12398.8229238848 2
1 15867.1268889485 4
2 9360.78697137199 6
3 8146.57533206691 8
4 5166.12410325171 12
5 3814.83512299297 14
6 3770.3458567249 16
7 2725.95528672455 18
8 1361.15906251628 20
9 1133.97889637005 22
10 992.461851080646 25
11 695.285161789782 27
12 685.575944502454 29
13 512.865968184249 31
14 470.233421522442 33
15 380.643833502894 35
16 371.286347072401 38
17 343.454800528931 40
18 310.421149405705 42
19 286.143605421227 44
20 281.636823810943 46
21 277.430386929251 48
22 275.988150413708 50
23 275.416173616391 52
24 274.7145514827 55
25 274.496130939542 57
26 274.221982133857 59
27 274.130835803854 61
28 274.094882787769 63
29 273.980421444288 65
30 273.907767403787 67
31 273.832831542699 69
32 273.842749929828 71
33 273.795127974986 73
34 273.7718248877 76
35 273.776370293937 78
36 273.7457412714 80
37 273.735156863118 82
38 273.708216550219 84
39 273.705069312475 86
40 273.689540321708 88
41 273.682741963625 91
42 273.679138182392 93
43 273.673565373845 95
44 273.668968331715 97
45 273.665372881414 99
46 273.661769681586 101
47 273.656030471317 103
48 273.653292137314 105
49 273.651129054823 107
50 273.647542627132 109

0 17953.0926955312 2
1 12904.5437034158 4
2 15114.7780089349 6
3 9109.47518890274 8
4 8941.83000779771 10
5 4404.78716906752 13
6 3306.2503134783 15
7 2423.49389070594 17
8 1719.76596991567 19
9 1089.15233630007 21
10 1080.98853682066 23
11 818.736759067452 26
12 654.395504543633 28
13 564.374137765635 30
14 398.128109624585 32
15 383.061357639467 34
16 373.666247555206 36
17 368.054345707431 38
18 307.873163291856 40
19 287.891276513506 42
20 283.114426486842 44
21 279.857846136449 47
22 277.689656449686 49
23 276.548429491865 51
24 276.249688408712 53
25 275.860870238168 55
26 275.684198004225 57
27 275.551784332861 59
28 275.456464772188 61
29 275.34145996517 63
30 275.302899928855 66
31 275.221339267136 69
32 275.201201362574 71
33 275.152779019302 73
34 275.146206270333 76
35 275.126520028615 79
36 275.118464252889 81
37 275.096618724322 83
38 275.085458170074 85
39 275.073114322212 87
40 275.057322198496 90
41 275.052368157225 92
42 275.038848480872 94
43 275.032646530808 97
44 275.027373375912 99
45 275.019678715345 101
46 275.014696183383 103
47 275.012050711624 105
48 275.008573053308 107
49 275.006504752876 110
50 275.003887202086 112

0 11530.2610340004 2
1 10470.5348558131 4
2 11639.4543317744 6
3 10409.5920955611 8
4 6475.16498752057 10
5 5064.66413312228 12
6 3799.64281728252 14
7 3102.92438839053 16
8 2812.17178102811 19
9 1735.77085616541 21
10 1224.72426093898 23
11 912.398514765086 25
12 675.144160144462 27
13 569.146123319338 29
14 442.901184895076 31
15 384.059230155252 33
16 371.148688345545 35
17 341.022481303619 38
18 308.186688357211 40
19 285.811233283261 42
20 281.892970188416 44
21 279.557947275819 46
22 277.176728474127 48
23 276.051147491814 50
24 275.652752148298 52
25 275.333722489836 54
26 275.010254370053 56
27 274.940805776826 58
28 274.889453331254 60
29 274.787009479796 63
30 274.694616246234 65
31 274.568240208865 67
32 274.525162024917 69
33 274.505821353318 71
34 274.477458064738 73
35 274.435136786412 75
36 274.415612214588 77
37 274.394476495203 79
38 274.383758457819 81
39 274.369579309034 83
40 274.35899090083 85
41 274.346528553337 87
42 274.332110164274 89
43 274.320004773437 92
44 274.304299078991 94
45 274.294872477683 96
46 274.283442148172 98
47 274.275518322188 101
48 274.265667241506 103
49 274.260257951238 105
50 274.256394607481 107

0 17045.7697440334 2
1 14970.3389585026 4
2 10692.8480029909 6
3 11806.7237747348 8
4 7273.280379486 10
5 4959.49625201712 12
6 3454.28045840598 14
7 2421.27021329058 16
8 1448.95756716421 18
9 1139.61539894929 20
10 915.697179023449 22
11 689.22062167957 25
12 708.211076007554 27
13 512.745209807183 29
14 458.198292065889 31
15 378.121594466391 33
16 385.066532122436 35
17 349.488529435297 37
18 305.597138019048 39
19 286.221319057419 41
20 280.47396351867 44
21 278.202228740468 46
22 276.494475448336 48
23 274.951085350483 51
24 274.88992315044 53
25 274.445560170083 55
26 274.209915619102 57
27 274.128251545565 59
28 274.081478293362 61
29 273.981199100905 63
30 273.871711522431 65
31 273.859611213324 67
32 273.841226575864 70
33 273.791532367817 72
34 273.790577530848 74
35 273.773521466916 76
36 273.760111864468 78
37 273.736163302176 80
38 273.735103012798 82
39 273.726397658913 84
40 273.715699002109 86
41 273.701645148089 89
42 273.687972828516 91
43 273.687116510527 93
44 273.682030782065 95
45 273.678556201333 97
46 273.67196829133 99
47 273.669647675721 101
48 273.667295334382 104
49 273.663255684514 106

0 16888.3920950803 2
1 17033.6491464343 4
2 6477.3621219092 6
3 8273.34353995535 8
4 5190.3609183338 10
5 4857.39770193819 13
6 4527.13790063199 15
7 3267.90307328448 17
8 2579.1239032619 19
9 1980.57592954577 21
10 896.157876015619 23
11 840.703266718821 26
12 511.880466862218 28
13 478.886231158013 30
14 463.022497945365 32
15 391.686621067633 34
16 361.404379222622 36
17 335.878637150204 38
18 306.463681594441 40
19 290.292468334439 43
20 282.340485206595 45
21 280.302816078193 47
22 278.747493404614 49
23 278.062968489297 51
24 277.580628513597 53
25 277.093679165764 55
26 276.825146663271 57
27 276.826932439058 59
28 276.635388564077 61
29 276.572496635948 64
30 276.483664532406 66
31 276.439859614387 68
32 276.382186441122 70
33 276.350355717391 73
34 276.329069756915 75
35 276.307685965202 77
36 276.272655432834 79
37 276.249643124443 81
38 276.235609127804 83
39 276.221365861419 85
40 276.212253892365 87
41 276.200696968402 89
42 276.191242161511 92
43 276.184368075302 94
44 276.178084856193 96
45 276.166639886501 98
46 276.156152627762 100
47 276.150688935931 102
48 276.144589864056 105
49 276.13789420846 107
50 276.137769409337 109
51 276.131289200601 111
52 276.126407126174 113

0 14146.0273183066 2
1 14676.3983528102 4
2 10621.7069197531 6
3 9218.9813876923 8
4 7441.05745846402 11
5 4560.15838121998 13
6 4603.28597539313 15
7 2617.70750716488 18
8 1610.24902167419 20
9 1178.20588666103 22
10 892.401313350333 24
11 753.762958341445 27
12 527.669737428039 29
13 514.466023467758 31
14 434.994234674645 33
15 371.200153538853 35
16 350.234734026702 38
17 336.851590146622 40
18 308.9477746484 42
19 289.071886387065 44
20 279.148741768916 46
21 277.404678694325 48
22 275.429010703161 50
23 274.907328002423 52
24 274.677400992459 54
25 274.443632543926 57
26 274.25040690526 59
27 273.981027700456 61
28 273.840809185102 63
29 273.781770471882 65
30 273.700394075629 67
31 273.654045977573 70
32 273.641528477139 72
33 273.620063885806 74
34 273.585410865039 76
35 273.578787481837 78
36 273.549635118398 80
37 273.541218318474 82
38 273.540335047949 84
39 273.537569360559 87
40 273.525792867247 89
41 273.512212404076 91
42 273.504437603134 93
43 273.501103221959 95
44 273.491807224964 97
45 273.485247106439 99
46 273.479310012774 102
47 273.475533788993 104
48 273.47064370839 106
49 273.468904298948 108
50 273.465240228256 110
51 273.462046214734 112
52 273.459004013659 114

0 13247.8722815932 2
1 10851.551793219 4
2 11427.0535079001 6
3 5592.57317071514 8
4 6633.10465922556 10
5 4080.23439193772 12
6 4091.8020613513 15
7 2503.78066134463 17
8 2092.02222025135 19
9 1276.63741548295 21
10 1018.20368047583 23
11 731.475741118794 25
12 591.402047246209 28
13 461.344537764906 30
14 472.706500817084 32
15 380.511986063717 34
16 401.549903075847 36
17 357.437735261075 38
18 304.947239464369 40
19 290.883511957269 42
20 280.876565366699 44
21 278.696820194871 46
22 276.766472163516 48
23 275.820742252424 51
24 275.176869654686 53
25 275.152732135654 55
26 274.963272621454 57
27 274.847000332722 59
28 274.722568351607 61
29 274.655614386611 63
30 274.604076229432 65
31 274.578332551372 67
32 274.528432113607 69
33 274.495306810257 71
34 274.47941436244 73
35 274.461358219623 75
36 274.454829526387 77
37 274.443369616767 79
38 274.435329042251 81
39 274.422697971584 83
40 274.420610580561 85
41 274.408598217822 87
42 274.400401963349 90
43 274.397206230455 92
44 274.387335540996 94
45 274.389610687802 97
46 274.385950944164 99
47 274.383321311944 101
48 274.380689272385 104
49 274.377145412382 106
50 274.376648835827 109
51 274.372007319554 111

0 14286.3850845722 2
1 19286.5823399947 4
2 8861.43163146961 7
3 10176.1749898762 9
4 9139.84227852835 11
5 6726.17667148596 13
6 4529.43783569056 15
7 2530.42113748286 17
8 1717.85056728411 19
9 1181.00162700332 22
10 902.385972596241 24
11 670.845258069111 26
12 663.736711758363 28
13 486.535574974892 30
14 432.210881367641 32
15 369.011761344375 34
16 356.013449698284 36
17 352.774713869838 38
18 310.712620822894 40
19 290.83483628138 42
20 282.764266656724 44
21 278.893045857968 47
22 277.237166411319 49
23 276.166749899897 51
24 275.192668128378 53
25 274.931918530152 55
26 274.483280134626 57
27 274.260635650669 59
28 274.01153888522 61
29 273.819214641401 63
30 273.717171014358 65
31 273.58524089369 67
32 273.515875786544 69
33 273.470510053357 71
34 273.422236448406 73
35 273.396002331319 75
36 273.359952826361 77
37 273.358907289986 79
38 273.325146177462 82
39 273.310269219754 84
40 273.2961936208 86
41 273.282865956843 88
42 273.274296483855 90
43 273.27211056391 92
44 273.262003462666 94
45 273.251573581076 97
46 273.24661840492 99
47 273.240932037545 101
48 273.238481206413 103
49 273.234654817014 105
50 273.227733661811 107
51 273.2262337197 109

0 10254.1610612131 2
1 13701.3855371778 4
2 11629.1127498696 6
3 8889.96112265716 8
4 8856.374213098 10
5 5887.76339239144 12
6 3501.30933369185 14
7 2727.47360738239 17
8 1982.18530684622 19
9 1381.62165930956 21
10 816.983255563958 23
11 635.808339951658 25
12 655.7291036052 27
13 542.100061459183 29
14 411.993542005037 31
15 381.307192976736 33
16 390.039508304954 35
17 369.571725775322 37
18 312.077137116471 39
19 291.927883086808 41
20 284.460977497345 43
21 281.628943977488 45
22 279.653045650469 47
23 278.994736748888 49
24 278.121544692221 51
25 278.030536055758 54
26 277.698500528396 56
27 277.842363935731 58
28 277.546889034142 60
29 277.500814819646 62
30 277.387326336367 64
31 277.342868590707 66
32 277.322010396308 68
33 277.289770261529 70
34 277.244030711463 72
35 277.229098701407 75
36 277.21518134675 77
37 277.184629335043 79
38 277.188887137035 81
39 277.176681910404 83
40 277.16793196385 85
41 277.153156895597 87
42 277.157338205803 90
43 277.148462117534 92
44 277.142016375279 94
45 277.136310649214 96
46 277.128301557781 98
47 277.124519482136 100
48 277.120374383203 103
49 277.113836340092 105
50 277.111858249881 107

0 17007.8686645614 2
1 13934.09191891 4
2 12817.947984567 6
3 6785.36147064354 8
4 6660.75605190417 10
5 5199.32917469932 12
6 4011.71509709001 14
7 3689.94578659138 16
8 2989.590763496 19
9 1469.65312437256 21
10 990.419907590049 23
11 811.491742937478 25
12 587.580142122444 27
13 547.932697099485 29
14 425.372824140562 31
15 373.482965778788 33
16 367.221252357922 35
17 347.431875561966 37
18 303.164491195581 40
19 292.288995016755 42
20 282.868710492555 44
21 279.93263937008 46
22 278.272390574101 48
23 277.497223534575 50
24 276.939164183447 52
25 276.557554004783 54
26 276.46288790939 57
27 276.298419609799 59
28 276.132999645098 61
29 275.978210729469 63
30 276.01696009604 65
31 275.940011682937 67
32 275.882234556715 69
33 275.816315537974 71
34 275.796247804216 73
35 275.757276907948 75
36 275.732671080922 77
37 275.701762785047 80
38 275.693695533809 82
39 275.664259388199 85
40 275.652222331565 87
41 275.63942400696 89
42 275.626240745965 92
43 275.61066173233 94
44 275.598293688291 96
45 275.592480881491 98
46 275.578172690741 100
47 275.56533675194 103
48 275.559758169292 105
49 275.557044149999 107
50 275.551283456733 109

0 13975.0094940258 2
1 11069.3413698202 4
2 12435.8170583634 6
3 7294.14362021174 8
4 7414.44926248241 10
5 4670.4913120552 13
6 3585.36363024226 15
7 2785.68609460522 17
8 1920.27893696811 19
9 1213.31983587883 21
10 873.094285371359 23
11 776.016098598074 25
12 499.859989110065 27
13 494.494448237038 29
14 417.061337758098 31
15 390.506444035307 33
16 356.545260111433 35
17 363.862041648872 37
18 313.18625994297 39
19 288.30692705197 42
20 281.004426712944 44
21 278.36317027751 46
22 275.778629091722 48
23 275.541148675503 50
24 274.953686101749 52
25 274.813538361628 54
26 274.573089015188 56
27 274.368622435599 58
28 274.339036352488 60
29 274.238942978519 62
30 274.18505168123 64
31 274.125431719318 66
32 274.076527319891 68
33 274.015329038355 71
34 274.018871362998 73
35 273.993812239198 75
36 273.994197483209 77
37 273.982455711993 79
38 273.963838549413 81
39 273.955746425848 83
40 273.957022939481 85
41 273.961923761189 87
42 273.950215493083 89
43 273.951349097738 92
44 273.946257058527 94
45 273.93577076845 96
46 273.934664283672 98
47 273.929965267075 100
48 273.926749109831 102
49 273.927965145832 104
50 273.921605293954 106
51 273.918832944198 108

0 14819.7957251316 2
1 15381.9042473344 4
2 12833.0100360132 6
3 8871.16411758491 8
4 5677.27721111911 10
5 5191.26606017276 12
6 3195.97749769564 14
7 3262.37405984156 17
8 2236.26152417329 19
9 1233.20600245624 21
10 933.022604286825 23
11 902.547847170395 25
12 580.212137381221 27
13 461.786139091529 29
14 399.761603413359 31
15 386.671211984301 33
16 401.833099600353 35
17 347.426511562378 37
18 312.752676239136 39
19 287.152634093448 41
20 282.036950018 43
21 278.15971313016 46
22 276.515980765976 48
23 276.304800597423 50
24 275.295104249303 52
25 275.087916833365 54
26 274.656112676457 56
27 274.431181508558 58
28 274.421051183605 60
29 274.303419579045 62
30 274.289203704198 64
31 274.235009284837 66
32 274.172154672442 68
33 274.174217014166 70
34 274.128092263748 72
35 274.118953648599 74
36 274.110261030845 76
37 274.093006333519 78
38 274.075564428491 80
39 274.057713570516 82
40 274.049887482519 84
41 274.044221791266 86
42 274.044753559574 88
43 274.045539714512 91
44 274.033295793964 93
45 274.022202438143 95
46 274.02137169359 97
47 274.017264520279 99
48 274.013304467444 101
49 274.01160884103 103
50 274.004740743877 105

0 17051.2836864223 2
1 11575.6089723024 4
2 14410.9439066262 6
3 10047.4359742175 8
4 7257.14478951944 10
5 6029.35412328919 12
6 3418.27167288323 14
7 2856.64487824483 17
8 1816.97029906515 19
9 1662.52139193814 21
10 1139.97577218315 23
11 666.813928305313 25
12 609.032986079046 27
13 526.617714215083 29
14 419.406298606219 31
15 404.743679585704 34
16 364.367891504868 36
17 346.002157888722 38
18 313.417599775345 40
19 289.193539487763 42
20 282.580940472643 44
21 278.05685655991 46
22 276.944464352505 48
23 276.032978381739 50
24 275.534035763519 52
25 275.336726174619 54
26 275.106916549267 56
27 275.03726388306 58
28 274.827691729132 60
29 274.788903512992 62
30 274.665279752217 64
31 274.57827146948 66
32 274.581741916644 69
33 274.584546503516 71
34 274.558389072225 73
35 274.521246538331 75
36 274.512272074977 77
37 274.499707890213 79
38 274.469721695349 81
39 274.460719053872 84
40 274.449348130954 86
41 274.428177905656 88
42 274.421323554011 90
43 274.411825783636 92
44 274.403243257059 94
45 274.39680826245 96
46 274.393721223657 98
47 274.391869926121 100
48 274.387773315993 102
49 274.380009199939 104
50 274.37774293379 107
51 274.374630751016 109

0 11028.7904428148 2
1 10172.6729677662 4
2 7175.33881395348 6
3 6404.14839988119 8
4 6074.88766298314 10
5 5036.80305191503 12
6 3720.44323361528 14
7 2744.78659563854 16
8 2301.13506241576 18
9 1593.14536241539 20
10 1192.26817262935 22
11 744.836591745445 24
12 644.181606461937 26
13 522.357078586115 28
14 395.779243954284 31
15 369.955672468575 33
16 356.275908586599 35
17 342.944161280165 37
18 308.245371718779 39
19 289.241811093709 41
20 283.235647073247 43
21 279.147550505512 45
22 277.928254164089 47
23 277.631276280804 49
24 276.781771058386 51
25 276.441819902107 53
26 276.259675062311 55
27 276.185288408885 57
28 275.974234579531 59
29 275.898591174898 62
30 275.844099057512 64
31 275.799961130812 66
32 275.760168373456 68
33 275.741088531774 70
34 275.718561342087 72
35 275.705289743855 74
36 275.689634676728 76
37 275.698858238866 78
38 275.686168391225 80
39 275.675850474946 82
40 275.656969327153 84
41 275.648054385768 86
42 275.647913599341 88
43 275.641362607109 90
44 275.6357036685 92
45 275.631509835978 95
46 275.627471609865 97
47 275.626623158454 99
48 275.623923346586 101
49 275.622857296573 103
50 275.620598401342 105
51 275.619279715971 107

0 11472.5060741249 2
1 12319.8018486953 4
2 17191.9626436937 6
3 11308.2834616614 8
4 4529.85064043886 10
5 4490.1319966003 12
6 3869.80875592903 14
7 2557.92949388638 16
8 2293.78725317094 18
9 1089.24658020529 21
10 938.817997073808 23
11 711.393690036552 25
12 641.891295254772 27
13 481.335989037167 29
14 417.597376051439 31
15 410.910828083947 33
16 367.167922738505 35
17 367.211530182527 37
18 306.647295699034 40
19 290.254936620173 42
20 284.496842673797 44
21 280.605591402287 46
22 278.657723186361 48
23 277.800210111959 50
24 277.163142480161 52
25 276.604851390079 54
26 276.236191610895 57
27 276.08028342476 59
28 275.880554732658 62
29 275.808206447807 64
30 275.670562197167 67
31 275.565346279085 69
32 275.47476548685 71
33 275.407386261593 73
34 275.357665236045 75
35 275.294586699612 77
36 275.234464221887 79
37 275.187817853423 82
38 275.15788836763 85
39 275.123261562277 87
40 275.103927007471 89
41 275.072012871511 91
42 275.047065974913 93
43 275.028512868483 95
44 275.014309893645 97
45 274.996559023657 99
46 274.98037305897 101
47 274.969197689298 103
48 274.957390301623 105
49 274.94477636688 107
50 274.933923431621 109

0 20080.5450291123 2
1 16474.719381494 4
2 11316.4787538106 6
3 10978.4179221114 8
4 5266.81088524291 10
5 5423.37922207733 12
6 4250.8526073651 14
7 2449.95923748864 16
8 1897.89032451921 18
9 1309.24785544207 20
10 769.725208590511 23
11 692.123476571518 25
12 582.059859715474 27
13 553.680559106085 29
14 403.389699220412 31
15 385.044061242866 33
16 382.068453536799 35
17 360.635298002548 37
18 308.765918094521 39
19 288.617758261249 41
20 280.896180071262 43
21 277.552421845975 45
22 276.727169188561 48
23 275.543232332355 50
24 275.021573865363 52
25 274.836620180864 54
26 274.577201678271 56
27 274.385769856677 58
28 274.287663236234 60
29 274.184555733153 62
30 274.115230379624 64
31 274.068638125596 66
32 274.020612458978 68
33 274.003290264791 70
34 273.971764956053 72
35 273.95247791982 74
36 273.933823304714 76
37 273.908421966294 78
38 273.899560553817 80
39 273.882021758845 83
40 273.875490769182 85
41 273.862211025809 87
42 273.854254796499 89
43 273.848760794897 91
44 273.843266798567 93
45 273.833806891335 95
46 273.823267881284 97
47 273.819442422221 99
48 273.817734941912 101
49 273.810345529003 103
50 273.806931837628 105
51 273.802420698271 107

0 14542.3773716332 2
1 10777.8030760554 4
2 13800.7468325656 6
3 8595.51169421539 8
4 7943.82585102323 10
5 4723.05955914119 12
6 3101.71169554472 14
7 2511.30429544765 16
8 2302.32279787705 18
9 1154.62943164079 20
10 856.912556786267 22
11 663.937302360082 24
12 595.704901236879 26
13 504.471021479768 28
14 422.705592331299 31
15 388.082049340297 33
16 381.398224872464 35
17 352.792592507997 37
18 317.585159723104 39
19 301.011447974282 41
20 287.507916062066 44
21 286.301681930684 46
22 284.901582559359 48
23 283.268612785631 50
24 282.850504490639 52
25 282.701170311697 55
26 282.458670627515 57
27 282.265129797045 59
28 282.115198446069 61
29 282.063500430649 63
30 281.911296766125 66
31 281.789520391533 68
32 281.704631277432 70
33 281.656673091091 72
34 281.596862830779 74
35 281.529895781553 76
36 281.484894872242 78
37 281.442221441674 80
38 281.417362137636 82
39 281.386757441007 84
40 281.359855354562 86
41 281.337796879447 88
42 281.328068675082 90
43 281.311262432716 92
44 281.303220269735 94
45 281.292445096126 96
46 281.281950473023 99
47 281.272445061108 101

0 18538.7584733169 2
1 14982.9253829752 4
2 12010.2848347846 6
3 7269.15082833741 8
4 9556.49385885092 10
5 4140.20568460548 12
6 3443.49713072286 15
7 2024.82200437653 17
8 1537.03124448403 19
9 1483.28462355228 21
10 949.779729991316 23
11 726.554227918858 25
12 674.747315851335 27
13 493.070569707792 29
14 469.216861609904 31
15 386.147606182917 33
16 372.644520793253 35
17 371.102802806707 37
18 312.36526281376 39
19 294.942962417066 41
20 289.991380296279 43
21 284.604646820727 45
22 282.894552292248 47
23 281.839807625922 50
24 281.199630885496 52
25 280.769613070382 54
26 280.462771190155 56
27 280.30318118384 58
28 280.20877201689 60
29 280.081683730567 62
30 280.046281113529 64
31 280.008726419539 66
32 279.962360882982 68
33 279.91426326174 70
34 279.881668458745 73
35 279.862290752632 75
36 279.841988889674 77
37 279.828862882974 79
38 279.822774599977 81
39 279.814952570948 83
40 279.798133422945 85
41 279.785633183975 87
42 279.779931114413 89
43 279.7751045353 91
44 279.771937516858 93
45 279.765568035745 95
46 279.76539792744 97
47 279.755520048523 99

0 15145.3528041186 2
1 11552.6373025396 4
2 11257.9341378101 6
3 9516.55146704193 8
4 6451.49553309136 10
5 5004.42880859014 12
6 4321.36431442864 14
7 2382.31678616507 16
8 2523.58476347721 18
9 1407.52768639152 20
10 956.796720192238 22
11 800.079245297477 24
12 566.785892339779 26
13 547.283197794534 28
14 454.910532164217 31
15 410.317174155357 33
16 375.768828867412 35
17 361.383215978967 37
18 313.394653909779 40
19 294.447439267319 42
20 288.112003090123 44
21 283.640447988271 46
22 282.182633578189 48
23 281.439007367061 50
24 280.876582972698 52
25 280.594893438965 54
26 280.451506155157 56
27 280.183455910017 59
28 280.091547050943 61
29 280.03177357963 63
30 279.983265342021 65
31 279.927199144066 67
32 279.915887653134 69
33 279.87973645506 71
34 279.841097660874 73
35 279.828271601807 75
36 279.826094723063 77
37 279.812614543095 79
38 279.787679377976 82
39 279.786313956906 84
40 279.774675531302 86
41 279.774503978901 88
42 279.757192290553 90
43 279.749547106863 92
44 279.746954014966 94
45 279.741042042411 96
46 279.742659981205 98
47 279.736876043484 100

0 15693.2891047553 2
1 9939.57430150981 4
2 11184.0978297519 6
3 8957.77567739301 8
4 7725.53427185112 10
5 5510.56818612315 12
6 3503.89583339551 14
7 2347.15534119544 16
8 1968.70385969999 18
9 1258.30417548027 21
10 863.455449747449 23
11 673.30150847774 25
12 638.87387644319 27
13 518.051653180163 29
14 442.506607912804 31
15 373.875033136005 34
16 342.268077669887 36
17 337.694562079803 38
18 305.790374877869 40
19 287.491334291176 42
20 282.152005247836 45
21 278.104970564328 47
22 276.993936490597 49
23 275.978330863348 51
24 275.5093181784 53
25 275.077093129641 55
26 274.949684242045 57
27 274.868495502954 59
28 274.603182999083 61
29 274.614224851967 63
30 274.529845107788 66
31 274.482707328949 68
32 274.464900599211 70
33 274.417928242454 72
34 274.423607988281 74
35 274.371731874654 76
36 274.353180247433 78
37 274.342953386225 80
38 274.332613720091 82
39 274.329513535196 84
40 274.320386717667 86
41 274.31013720154 88
42 274.297067252565 91
43 274.29642927905 93
44 274.292722262805 95
45 274.288845395499 97
46 274.283505453407 99
47 274.279776132076 101
48 274.280354657991 103
49 274.273442563891 105
50 274.271349775635 107

0 11698.5347192215 2
1 16098.5330472856 4
2 8448.10801104863 6
3 7732.75342447018 8
4 5510.2698150468 10
5 5007.86342408665 12
6 5068.43529223379 14
7 3281.98712124016 16
8 2165.83760117037 18
9 1010.09328479334 20
10 1030.88352048928 22
11 738.262587077634 24
12 566.91717907393 26
13 472.321558973494 28
14 389.91729612848 31
15 392.530846090333 33
16 372.034138746094 35
17 346.964971826735 37
18 315.94569163221 39
19 297.61577259668 41
20 287.75257101533 43
21 285.056652374049 45
22 283.630662524511 48
23 282.582064375919 50
24 282.138109602931 52
25 281.729624229592 54
26 281.593603933982 56
27 281.531285825959 58
28 281.407347594155 60
29 281.332054576408 62
30 281.277596177623 64
31 281.253996987029 66
32 281.279242943136 68
33 281.200284240915 70
34 281.17697582376 73
35 281.154060759987 75
36 281.128260771511 77
37 281.124974529476 79
38 281.114521752888 81
39 281.11481296367 83
40 281.105751349737 85
41 281.096655642147 87
42 281.081791929772 89
43 281.076743971813 91
44 281.069083733444 93
45 281.065632812351 95
46 281.065825182505 97
47 281.05791175897 99
48 281.05496201028 101

0 13501.794537448 2
1 9018.00621098769 4
2 10402.979021465 6
3 6958.37369421106 8
4 4512.49670124374 10
5 3491.30452392545 12
6 3772.10834880197 14
7 3245.52806004379 16
8 1978.78314072156 18
9 1536.5159117069 20
10 1002.39473198436 22
11 737.246302185464 24
12 648.350827135656 26
13 501.42212904576 28
14 462.125052333878 30
15 395.123854708349 32
16 370.144334392455 34
17 366.761736099105 37
18 320.811036532242 39
19 298.924839581964 41
20 288.891033198539 43
21 285.754312313779 45
22 283.779181488818 47
23 282.91154352185 49
24 282.441713449451 51
25 281.776376306804 53
26 281.449868637773 55
27 281.262409162192 58
28 281.179013736643 60
29 281.007806978605 62
30 280.920345245193 64
31 280.876786709763 66
32 280.823501151747 68
33 280.787063723264 70
34 280.739629883328 72
35 280.682699048036 74
36 280.661695552863 76
37 280.62732871496 78
38 280.603546724173 80
39 280.577554359796 83
40 280.546657492161 85
41 280.524455358235 87
42 280.500510516433 89
43 280.480031202755 91
44 280.46255824035 93
45 280.446460529081 95
46 280.426838043088 97
47 280.411223577446 99
48 280.396066034702 101
49 280.37723586941 103
50 280.357867644675 106
51 280.34211723934 108

0 17309.892095066 2
1 13545.8858180302 4
2 11588.6139568264 6
3 9935.09467181348 8
4 6514.49313472412 10
5 6241.32790428197 12
6 4193.32550723261 14
7 2933.75434107089 16
8 2320.31755127298 18
9 1234.97380827452 20
10 889.905144820556 22
11 676.848817643035 24
12 590.304692066771 26
13 488.660990948971 28
14 542.290849139706 30
15 384.437290311572 33
16 362.749290217323 35
17 334.587697491652 37
18 305.869612024493 39
19 290.69339103036 41
20 282.028503665896 44
21 277.608021234068 46
22 277.096133634993 48
23 276.212246350469 50
24 275.575397557479 52
25 275.286763764178 54
26 275.199267111198 57
27 274.955243442052 59
28 274.820575733272 61
29 274.766453154317 63
30 274.661927482903 65
31 274.582829080511 67
32 274.521759559115 69
33 274.50069501583 71
34 274.478159818171 73
35 274.458138543817 75
36 274.435558385359 77
37 274.416073421284 79
38 274.40183343759 81
39 274.380903760218 83
40 274.370535274063 86
41 274.36061241887 88
42 274.354348017628 90
43 274.352528541605 92
44 274.335361926417 94
45 274.33086605605 96
46 274.326840454509 98
47 274.324642744573 100
48 274.316084422546 102
49 274.313927483221 104
50 274.305586179502 106
51 274.299780538812 108
52 274.298811902159 110

