0 106639.040977593 35
1 110453.834198618 69
2 78420.1868306319 111
3 56885.6559951395 145
4 43100.310033651 180
5 23859.2188759137 215
6 15904.0217416044 249
7 12864.1197910399 284
8 7671.85534567428 318
9 6030.54977860606 352
10 4752.4645605069 385
11 3859.74249774789 419
12 3339.78536938078 454
13 3095.63873100984 492
14 2928.86346535821 538
15 2737.26803366691 578
16 2650.74049222855 615
17 2540.93042656373 652
18 2556.82972594758 691
19 2495.18009078978 732
20 2482.37428332901 769
21 2455.14933727436 805
22 2453.61487374052 840
23 2458.34071351722 875
24 2398.85298342189 911
25 2373.32593063644 947
26 2364.20990080235 983
27 2359.92914339655 1020
28 2356.77712992034 1056
29 2354.63309039162 1090
30 2353.08889447268 1126
31 2352.34802850558 1161
32 2351.77954731289 1196
33 2351.55524449047 1230
34 2351.34374304606 1265
35 2351.18391612792 1301
36 2351.04282117595 1337
37 2350.96409623615 1372
38 2350.9243605925 1406
39 2350.84445545612 1440
40 2350.77683427952 1473
41 2350.74094047722 1508
42 2350.70936404115 1544
43 2350.69281378881 1578
44 2350.67101714956 1612
45 2350.65163724133 1645
46 2350.62606988651 1678
47 2350.61139850868 1712
48 2350.60955967125 1749
49 2350.5963603097 1782
50 2350.57757741921 1816
51 2350.57613489989 1849
52 2350.5604603565 1882
53 2350.55859099768 1918
54 2350.5504518404 1954
55 2350.54513874488 1987
56 2350.5438876896 2020

0 131391.856486813 33
1 99974.7095367425 65
2 76415.7855522806 101
3 48878.2344491517 135
4 39384.1762634416 168
5 29375.6229214727 201
6 19688.3175496567 233
7 13445.1599816834 267
8 8941.89574126858 303
9 6289.08977041655 337
10 4626.26913905726 369
11 3929.7405353651 402
12 3386.28844441572 435
13 3031.34656456663 467
14 2888.14794022384 501
15 2733.30196267549 534
16 2654.54336889204 567
17 2565.67218908459 599
18 2525.9391282045 631
19 2523.32756594919 663
20 2467.83116606629 696
21 2471.18217412218 731
22 2469.38901435706 764
23 2460.56319454478 798
24 2400.48917823568 832
25 2378.07639760344 865
26 2367.23857104484 899
27 2360.34432262417 933
28 2357.05760608283 966
29 2354.8716065275 999
30 2353.36739328457 1031
31 2352.6441188556 1063
32 2352.18267365518 1096
33 2351.9362022704 1130
34 2351.73598876653 1163
35 2351.59922960732 1196
36 2351.45537517667 1229
37 2351.40570990285 1262
38 2351.32075032004 1295
39 2351.25259913724 1334
40 2351.24769133087 1370
41 2351.19879769678 1404
42 2351.15507957095 1437
43 2351.14428573632 1470
44 2351.10055740124 1503
45 2351.13031353785 1540
46 2351.09210865288 1574
47 2351.08227787891 1607
48 2351.05696979897 1640
49 2351.0461556393 1673
50 2351.03710388378 1707
51 2351.0241578178 1743
52 2351.01445654422 1778
53 2351.00920853545 1816
54 2351.00228275912 1863
55 2350.99687342818 1899
56 2350.99266504733 1935
57 2350.98883772826 1970

0 202043.251737844 37
1 92652.520874975 72
2 78477.3332036052 104
3 54610.5587704282 138
4 40390.3769952139 174
5 26405.3799153132 209
6 18846.9271101749 242
7 12937.0599027353 275
8 7943.2799589274 308
9 6272.39156162162 342
10 4910.35565506802 378
11 3805.40621126491 411
12 3483.67221423438 444
13 3034.59095091321 478
14 2854.04292402714 512
15 2756.96367062864 544
16 2632.87404112591 579
17 2602.43966910958 612
18 2528.59111724851 644
19 2522.47276141492 676
20 2467.69503590017 709
21 2483.68066385353 741
22 2456.59934896976 778
23 2470.43683515272 813
24 2395.90560602028 845
25 2378.90081330855 879
26 2364.88987210839 911
27 2359.27041692914 946
28 2355.45386219553 984
29 2353.72195713416 1019
30 2353.03899373543 1052
31 2352.57462354239 1085
32 2351.73085803496 1117
33 2351.48400812155 1150
34 2351.28950402193 1186
35 2351.14730309254 1219
36 2350.97258126399 1252
37 2350.87471426944 1285
38 2350.79231890502 1318
39 2350.71239366982 1351
40 2350.64913101551 1388
41 2350.60897874054 1421
42 2350.56344479962 1455
43 2350.54742094691 1488
44 2350.54709424258 1521
45 2350.51848956287 1555
46 2350.5124199572 1590
47 2350.49231376801 1623
48 2350.48703755495 1656
49 2350.47116213411 1690
50 2350.46548290447 1723
51 2350.456290374 1757
52 2350.44618701634 1792
53 2350.43703507545 1826
54 2350.4272332876 1859
55 2350.42808216942 1892
56 2350.42436836425 1925
57 2350.41949747945 1959
58 2350.41810597478 1994

0 116580.034229267 34
1 117222.980746767 68
2 74225.599489795 100
3 54465.9816952757 132
4 38935.1283650886 166
5 23371.4693319999 203
6 18278.1870048888 239
7 11821.752210673 273
8 8668.9895348442 305
9 6486.4771869832 338
10 4673.83316373641 372
11 3770.58401135108 408
12 3486.65538507753 441
13 3078.11611685421 475
14 2895.38372084915 508
15 2756.79377052285 541
16 2673.38671953801 575
17 2613.32374803096 610
18 2539.41886712789 643
19 2507.38323756081 676
20 2482.78645275956 708
21 2477.00054495888 740
22 2465.81726548789 772
23 2471.53601225793 808
24 2410.82402268945 841
25 2388.49711169937 875
26 2376.23556513422 908
27 2370.75300296093 941
28 2367.23967977113 976
29 2365.19567975202 1010
30 2364.29568249494 1044
31 2363.75051258376 1078
32 2363.21823168432 1111
33 2362.95138615084 1144
34 2362.65242985782 1177
35 2362.43390785742 1211
36 2362.32601636988 1245
37 2362.20975832321 1278
38 2362.14478761333 1311
39 2362.08143129269 1344
40 2362.03115628101 1378
41 2361.98796969137 1415
42 2361.96821272772 1448
43 2361.94440271857 1482
44 2361.92645181854 1515
45 2361.9118413965 1547
46 2361.88943039512 1581
47 2361.88101777735 1618
48 2361.87395739885 1654
49 2361.86353789028 1688
50 2361.85059638175 1720
51 2361.84418956864 1753
52 2361.83136299931 1786
53 2361.83035968046 1821
54 2361.82310497649 1856
55 2361.81572337268 1890
56 2361.80908602524 1923
57 2361.80802305704 1956
58 2361.79714761451 1990

0 109268.889909313 36
1 87320.6480996705 69
2 72888.612550329 102
3 52567.679009292 135
4 41196.9951433014 168
5 25048.5325276666 201
6 17579.2758875713 235
7 13867.6442079007 269
8 8255.68427103207 302
9 6173.55710916072 335
10 5029.84335787778 368
11 3927.22458548115 401
12 3301.19170589033 436
13 3097.95908565748 470
14 2846.84687190111 502
15 2750.02917362454 535
16 2672.01775988191 568
17 2598.2960023551 601
18 2537.9882076897 634
19 2511.66961055483 669
20 2472.09806820816 703
21 2455.71952544134 735
22 2457.12710680964 768
23 2460.30157180843 801
24 2402.05554321509 835
25 2378.48318384278 870
26 2365.22923047889 906
27 2358.08653427216 940
28 2355.15328812492 973
29 2353.25504211973 1007
30 2352.01682949204 1042
31 2351.33015970943 1084
32 2350.90170203424 1119
33 2350.55158373052 1152
34 2350.29255132794 1185
35 2350.13964801556 1219
36 2350.01694936814 1254
37 2349.90063185021 1288
38 2349.87375697515 1321
39 2349.77147046501 1354
40 2349.74574398591 1387
41 2349.68814553126 1420
42 2349.63980048272 1455
43 2349.62260178987 1489
44 2349.57223051041 1521
45 2349.56172642476 1554
46 2349.54128952964 1588
47 2349.5201621183 1620
48 2349.50930506581 1654
49 2349.49713581592 1689
50 2349.47980785672 1722
51 2349.46662731041 1756
52 2349.45529505652 1789
53 2349.44909080348 1822
54 2349.43664567258 1857
55 2349.42976818539 1892
56 2349.42688613087 1926
57 2349.42359016183 1959

0 98122.9101950538 34
1 80907.1963395333 66
2 75778.6258945531 100
3 55670.4277576495 134
4 43375.9010853829 167
5 26977.4341291263 200
6 17513.826969776 233
7 12136.7143230237 265
8 8422.38883765754 299
9 6025.54761859447 334
10 4660.77938696948 367
11 3764.32689208376 400
12 3390.47339273364 433
13 3074.2710621759 466
14 2877.79996382149 502
15 2772.17695822676 538
16 2611.80249262845 570
17 2582.39655049857 603
18 2539.48797215393 636
19 2478.60574972101 668
20 2479.64879373688 702
21 2469.10434594706 738
22 2466.75528155323 770
23 2461.89076726821 804
24 2401.21643963625 838
25 2380.17014404381 872
26 2367.33623226849 906
27 2359.81240380959 940
28 2356.61782389787 973
29 2354.29484289272 1007
30 2352.83111476276 1040
31 2352.38409739677 1073
32 2352.1070539033 1108
33 2351.56549301576 1142
34 2351.32959770603 1174
35 2351.15335843104 1207
36 2350.97257399101 1241
37 2350.8852248287 1273
38 2350.76006380987 1307
39 2350.70815467234 1342
40 2350.65165863667 1375
41 2350.63167060285 1409
42 2350.59799522217 1442
43 2350.60391419845 1475
44 2350.57231907543 1509
45 2350.5543120827 1544
46 2350.52903801138 1577
47 2350.50557463114 1610
48 2350.49807707226 1643
49 2350.48834212871 1677
50 2350.47793951079 1712
51 2350.4632996106 1747
52 2350.4536356444 1780
53 2350.44465267408 1813
54 2350.44050403803 1845
55 2350.43321763097 1878
56 2350.43163181056 1913
57 2350.42693826901 1950
58 2350.42502383736 1983

0 108965.545264715 34
1 89152.0606875711 67
2 77370.4904570071 99
3 57823.3711961876 135
4 38313.2152935011 170
5 27398.5406031103 204
6 20846.2733603808 238
7 11063.4773980488 271
8 8571.20162383591 303
9 5790.96076474792 338
10 4663.06687599274 372
11 3936.18710181728 405
12 3451.71028920843 438
13 3087.30092187341 472
14 2848.29737203988 504
15 2796.14740921979 539
16 2688.6853614467 573
17 2636.01999996977 605
18 2542.2616177929 640
19 2498.93317709557 674
20 2492.61621536846 705
21 2466.33499172781 739
22 2446.29341069172 773
23 2469.47551592749 807
24 2404.0049326473 840
25 2381.88197209995 872
26 2369.72291782276 905
27 2360.74151507781 939
28 2357.68032183604 974
29 2356.08735559743 1009
30 2354.97885432948 1042
31 2354.10725716666 1076
32 2353.61059216892 1108
33 2353.4466528944 1144
34 2353.29063201902 1178
35 2352.97349636577 1211
36 2352.76710311945 1244
37 2352.69540037443 1276
38 2352.63265932807 1309
39 2352.55934439683 1343
40 2352.52468911193 1381
41 2352.47080590748 1415
42 2352.46468158904 1448
43 2352.45996046094 1482
44 2352.44437993243 1515
45 2352.41143671879 1549
46 2352.38300810516 1584
47 2352.3545325533 1617
48 2352.35793088805 1650
49 2352.34220543491 1684
50 2352.33198810744 1717
51 2352.32388968921 1752
52 2352.31318905273 1787
53 2352.30976003188 1820
54 2352.30102546332 1853
55 2352.29429735006 1887
56 2352.28880429008 1920

0 128683.392714286 34
1 88577.6764393891 70
2 82538.7860654748 103
3 54531.2517305434 137
4 36863.8392522932 169
5 25460.5061102955 203
6 17274.0244203025 242
7 12299.8697744342 276
8 8530.10843212408 309
9 6250.67427902283 341
10 4651.07690925215 373
11 3951.79886106097 407
12 3307.38575773694 441
13 3136.65181408632 475
14 2928.46147703473 508
15 2790.76920549144 540
16 2644.3248661019 574
17 2611.53643530937 607
18 2520.89102344457 641
19 2514.06384651828 677
20 2492.65487763391 710
21 2458.51684622181 743
22 2458.28378930709 776
23 2478.85729843146 810
24 2401.55148115571 845
25 2378.29826525385 882
26 2365.43577549096 918
27 2359.80142713107 952
28 2356.37434145938 985
29 2354.45225727854 1017
30 2353.63552527985 1053
31 2352.77453890483 1087
32 2352.46248981492 1120
33 2352.19210475696 1152
34 2351.92077371357 1186
35 2351.77139252387 1222
36 2351.56017883959 1258
37 2351.48357982327 1292
38 2351.44566907986 1325
39 2351.3688621065 1358
40 2351.3330308931 1390
41 2351.30051878633 1424
42 2351.25444424203 1458
43 2351.23528368521 1493
44 2351.21710968907 1526
45 2351.19566362746 1559
46 2351.18571575245 1593
47 2351.1774738781 1626
48 2351.154867847 1659
49 2351.14724040868 1694
50 2351.13196333282 1731
51 2351.12516438003 1764
52 2351.11636033184 1797
53 2351.1131486939 1830
54 2351.10419035115 1863
55 2351.10346809392 1898
56 2351.09428760785 1930
57 2351.09151266524 1963

0 98670.803663464 33
1 77335.1724810541 66
2 79476.5682562979 100
3 66193.0872617641 135
4 34013.9827709964 168
5 25930.8196797511 201
6 18427.8686809034 233
7 12266.7443068776 266
8 7977.90312216739 302
9 6173.22963167097 338
10 4665.42930944831 371
11 3997.83156909863 403
12 3300.22389466034 436
13 3072.36659927264 468
14 2882.07637480601 501
15 2732.23231461725 535
16 2624.46563145862 567
17 2616.66024947829 600
18 2524.21608282976 632
19 2499.64640410339 664
20 2496.54963291577 697
21 2464.19367302852 732
22 2455.38788978354 765
23 2453.59671938946 797
24 2401.02473250528 831
25 2376.87786596827 864
26 2365.31538724189 897
27 2357.7932824261 931
28 2355.21699278741 965
29 2353.58677596933 997
30 2352.22088509336 1030
31 2351.61834062422 1063
32 2351.19704205311 1095
33 2350.77364701868 1129
34 2350.63169043825 1164
35 2350.51144225314 1196
36 2350.39771714643 1229
37 2350.32474228218 1262
38 2350.26544320426 1294
39 2350.20232297477 1329
40 2350.15815703284 1364
41 2350.16689586189 1397
42 2350.0601470438 1430
43 2350.03879256674 1463
44 2350.0069043264 1496
45 2349.99541569541 1531
46 2349.99099233921 1564
47 2349.95912581815 1597
48 2349.95188741098 1629
49 2349.9336319195 1662
50 2349.91803503154 1694
51 2349.91116150159 1732
52 2349.90414516971 1767
53 2349.89431250868 1799
54 2349.88865238435 1832
55 2349.88041797021 1864
56 2349.87078147624 1898
57 2349.86296471606 1933

0 165972.489171957 33
1 106138.028757812 65
2 75753.7825226041 98
3 52541.5889116934 130
4 40597.3197883168 163
5 26673.2335268548 197
6 18904.7177142996 231
7 12598.7554917444 264
8 8942.94663245137 297
9 6403.66561202365 329
10 4734.59080843269 362
11 3885.35006970774 395
12 3427.2144521575 429
13 3091.30345611353 462
14 2835.15677568543 495
15 2731.85405349965 527
16 2620.05831833469 559
17 2568.34715253748 593
18 2546.01125705658 628
19 2511.16198327507 660
20 2487.00477894133 692
21 2465.52458233742 724
22 2449.87148380512 756
23 2456.86293950467 789
24 2406.24760653709 825
25 2373.20727302486 858
26 2364.6221490585 890
27 2358.16161213191 923
28 2355.67235738271 956
29 2353.66030395619 989
30 2352.96170098187 1025
31 2352.27889835466 1057
32 2351.76633919534 1090
33 2351.34362076093 1122
34 2351.12287694564 1155
35 2350.89250909996 1188
36 2350.75362233892 1225
37 2350.64963002983 1259
38 2350.6036025972 1292
39 2350.54325508878 1325
40 2350.44075035708 1361
41 2350.40828505841 1394
42 2350.38409975919 1431
43 2350.34277794939 1466
44 2350.30147697603 1498
45 2350.30019973668 1532
46 2350.27927986924 1564
47 2350.25137252568 1598
48 2350.23992863595 1632
49 2350.23846080014 1665
50 2350.21955387036 1697
51 2350.20492595493 1730
52 2350.19173940231 1763
53 2350.18253756864 1795
54 2350.17244358588 1830
55 2350.17077283256 1863
56 2350.16584550387 1896
57 2350.16157039612 1928
58 2350.15242597196 1961

0 111097.696409768 34
1 103452.576891644 67
2 86245.7283602967 102
3 52206.9654139031 135
4 37500.958916816 167
5 23862.0411257424 200
6 19206.9719728282 233
7 11667.850747107 267
8 9025.64580450912 301
9 6373.37410311448 333
10 4727.96467793496 366
11 3714.6568709261 398
12 3404.39873492226 431
13 3141.79855532559 465
14 2954.63019698485 498
15 2764.87422355578 530
16 2633.21209639404 562
17 2620.3162113557 594
18 2554.49902567563 628
19 2509.68741910247 663
20 2477.78030201779 701
21 2477.79846849651 734
22 2464.42130093691 766
23 2459.84537498187 799
24 2420.29311683955 831
25 2387.88317447742 864
26 2377.13186629399 901
27 2370.99344530936 934
28 2367.78625021711 966
29 2366.00236335855 999
30 2364.51747460858 1031
31 2363.81765572629 1064
32 2363.14596978061 1099
33 2362.87515831414 1133
34 2362.57888527594 1167
35 2362.43598013614 1199
36 2362.3145977912 1233
37 2362.14318630348 1267
38 2362.01928577618 1300
39 2361.98645973132 1333
40 2361.90016035134 1366
41 2361.86491768119 1399
42 2361.81795601491 1431
43 2361.80577087891 1465
44 2361.78922987814 1501
45 2361.77383908845 1535
46 2361.75249135511 1569
47 2361.74046117344 1601
48 2361.7329310598 1635
49 2361.71047723222 1668
50 2361.70191715357 1703
51 2361.68685568374 1737
52 2361.67809461063 1769
53 2361.67064968908 1802
54 2361.66543706586 1834
55 2361.65505284706 1867
56 2361.65549029234 1903
57 2361.64406258128 1937

0 89843.0609949443 34
1 95903.4580892456 66
2 77986.7541706287 98
3 48761.4254063198 131
4 44741.4328331634 170
5 25961.3126189515 203
6 19698.2144516999 236
7 12987.7409610864 269
8 8584.64866786991 302
9 5889.22021755281 335
10 4671.64683336759 370
11 3906.86754707134 404
12 3341.42905153266 436
13 3062.36234253232 469
14 2902.66195634851 501
15 2805.2461692723 534
16 2646.19998471199 568
17 2565.56803493798 601
18 2507.38500805208 634
19 2499.76702638507 667
20 2441.39588816564 700
21 2448.67374245518 732
22 2447.9469605065 765
23 2437.94401779322 799
24 2383.6223378906 833
25 2361.60939037161 865
26 2349.2059440026 898
27 2343.95772449333 931
28 2340.10577962847 966
29 2338.51459787421 1000
30 2337.89586813284 1032
31 2336.98383351102 1065
32 2336.4714800046 1098
33 2336.17923806956 1130
34 2335.86861267432 1164
35 2335.70729778142 1198
36 2335.59654456389 1232
37 2335.4828301358 1264
38 2335.42643861908 1297
39 2335.37087190887 1330
40 2335.32178542554 1366
41 2335.27181429167 1400
42 2335.25320049224 1433
43 2335.23284993821 1466
44 2335.22187130482 1499
45 2335.20192829352 1532
46 2335.18512800132 1565
47 2335.1508136773 1603
48 2335.14013891299 1636
49 2335.13778932114 1669
50 2335.13597885817 1702
51 2335.12661238929 1735
52 2335.11723866853 1768
53 2335.11037435222 1804
54 2335.10628072915 1837
55 2335.09670667922 1870
56 2335.09593107993 1904
57 2335.09370150249 1936
58 2335.08371290677 1969

0 128862.202149328 34
1 102835.025531275 66
2 81218.8349023138 98
3 67877.4151587952 131
4 32977.9247734003 163
5 28136.4373093041 198
6 18345.9789649537 233
7 13454.516123581 266
8 8014.01808860326 298
9 5899.25661857131 330
10 5059.31706027855 362
11 3962.66963777619 395
12 3600.91260386987 429
13 3103.14662916849 462
14 2987.81978723648 495
15 2732.22698270437 532
16 2646.42213270125 564
17 2609.34618597848 598
18 2543.58620214872 632
19 2521.96177074772 666
20 2489.86970453289 700
21 2484.22857278479 733
22 2479.0913331633 765
23 2466.56135801244 799
24 2408.81950554829 832
25 2388.00734161572 866
26 2380.43159104279 899
27 2371.50677370264 931
28 2368.08092260715 965
29 2366.17079424479 997
30 2364.7429792183 1034
31 2364.0200282473 1068
32 2363.36466929339 1101
33 2363.05321000092 1133
34 2362.74721225899 1166
35 2362.54444137003 1199
36 2362.44099803674 1235
37 2362.30481965738 1271
38 2362.26907954756 1305
39 2362.20270738573 1338
40 2362.15664583868 1372
41 2362.08701525531 1405
42 2362.03084758915 1439
43 2362.00924115091 1472
44 2361.98646127758 1505
45 2361.95460713319 1538
46 2361.93777473956 1571
47 2361.92629633545 1603
48 2361.91274732437 1637
49 2361.90582097893 1670
50 2361.88624609555 1703
51 2361.88105031495 1737
52 2361.86972780249 1771
53 2361.85820707943 1804
54 2361.85028325429 1840
55 2361.8426282874 1874
56 2361.83358987189 1907
57 2361.82843037738 1940

0 81297.1032829455 33
1 90295.4547302431 65
2 71629.65466226 102
3 59129.221665357 135
4 40608.9502692645 168
5 26797.2683798843 200
6 18620.5694745427 233
7 11705.1109152112 265
8 9005.2252641112 300
9 6399.63775905379 334
10 4843.31912079173 368
11 3930.23295758569 402
12 3506.55840883441 434
13 3114.62426211296 467
14 2924.50727355332 502
15 2725.4989576159 537
16 2645.51327423454 570
17 2556.83921823721 603
18 2530.62648494691 636
19 2498.55510841046 668
20 2475.26213524298 702
21 2462.15603189257 739
22 2467.44212860856 776
23 2460.52664405305 809
24 2401.06150671864 843
25 2375.9677404425 876
26 2366.9464967127 911
27 2360.27927599008 947
28 2355.36052622685 982
29 2353.66312483746 1017
30 2353.02616014339 1052
31 2352.22669417842 1088
32 2351.92297232528 1126
33 2351.53807663234 1160
34 2351.35863115676 1193
35 2351.12494306431 1226
36 2350.97995110935 1258
37 2350.94598913944 1291
38 2350.86125251728 1326
39 2350.83319324865 1359
40 2350.76815028735 1392
41 2350.74001937205 1424
42 2350.69644516666 1457
43 2350.68270411155 1490
44 2350.65528144964 1524
45 2350.62813394349 1558
46 2350.62635560402 1591
47 2350.60781818709 1624
48 2350.59517045107 1658
49 2350.58860051735 1692
50 2350.5834145349 1728
51 2350.5697716124 1763
52 2350.56113040036 1796
53 2350.55287687768 1829
54 2350.55122155495 1861
55 2350.54321468626 1894
56 2350.5416634517 1929

0 136045.758993943 36
1 81691.5367434981 69
2 86266.0225037766 102
3 52349.6749019533 134
4 40253.4439231771 168
5 24134.9477262796 205
6 17239.0974628097 239
7 12579.0219946318 272
8 8781.40130207001 306
9 6257.47500436459 339
10 4518.27514561625 371
11 4063.28356701127 404
12 3424.51588301932 439
13 3088.05216762853 471
14 2920.45452820968 504
15 2793.46068378963 536
16 2641.27726293386 569
17 2583.94897336934 602
18 2554.36176428088 636
19 2521.80728835381 669
20 2483.55402167346 701
21 2464.75905446402 734
22 2452.72800045927 767
23 2471.67562144454 801
24 2405.09722358748 837
25 2375.97707627364 871
26 2364.76812083108 904
27 2359.91273275185 936
28 2356.79738935947 969
29 2354.36214209092 1002
30 2353.43585854696 1036
31 2352.78520361209 1070
32 2352.39084514442 1102
33 2352.01664187196 1136
34 2351.70616394826 1169
35 2351.51656515969 1202
36 2351.36771906052 1239
37 2351.28783294348 1272
38 2351.21749064608 1306
39 2351.17310840652 1340
40 2351.08746397863 1375
41 2351.05171294908 1409
42 2351.03592793385 1446
43 2350.97898486786 1480
44 2350.96245021332 1513
45 2350.94307031657 1545
46 2350.91179348922 1578
47 2350.89266196508 1611
48 2350.88350227364 1647
49 2350.87663667183 1684
50 2350.85906192183 1717
51 2350.84934513302 1749
52 2350.84118279673 1782
53 2350.83057646763 1815
54 2350.8236850357 1850
55 2350.82052402189 1884
56 2350.81102437121 1917
57 2350.80565854931 1949
58 2350.80760394883 1981

0 98706.6269734342 34
1 89602.1366164385 67
2 92767.0833623349 100
3 52827.248076162 132
4 41512.278229128 164
5 25517.2071992747 197
6 19354.7376482677 231
7 13327.3349669306 267
8 9117.30886504356 300
9 5984.07429451323 332
10 4548.07973248087 364
11 3901.67458730866 396
12 3478.25611911068 429
13 3115.76355970314 463
14 2892.84802702371 496
15 2763.78953814828 527
16 2660.85666238879 559
17 2622.74121661166 591
18 2533.77129553776 622
19 2518.53047381821 655
20 2483.90381284671 689
21 2483.43110074749 721
22 2471.82892633666 752
23 2469.12992322423 784
24 2417.62659186123 817
25 2388.16965551492 851
26 2375.90492791751 888
27 2370.0779936583 922
28 2366.79819781581 956
29 2364.98308899844 988
30 2364.33196601574 1020
31 2363.39148517456 1054
32 2362.76952722997 1088
33 2362.37354379215 1121
34 2362.17061110302 1154
35 2362.04182243568 1187
36 2361.99844504049 1220
37 2361.80021631687 1254
38 2361.7519149661 1288
39 2361.67218161819 1321
40 2361.63406207569 1354
41 2361.59142159753 1387
42 2361.52353460705 1419
43 2361.52850731949 1453
44 2361.51330099172 1489
45 2361.48239648813 1522
46 2361.47971204097 1555
47 2361.45765892954 1587
48 2361.45299624442 1619
49 2361.44275477202 1651
50 2361.42409225642 1686
51 2361.41996923108 1719
52 2361.40985154815 1752
53 2361.40019161671 1786
54 2361.40105230056 1819
55 2361.39630264407 1853
56 2361.39017903285 1887
57 2361.39161795801 1921
58 2361.38488864607 1955

0 88354.2831230225 34
1 104599.562473515 67
2 88013.7189797194 99
3 57406.894741098 133
4 36446.3342287436 166
5 28171.7154701536 198
6 19019.634354053 231
7 12125.034781461 263
8 8856.47361735228 295
9 5752.71298819743 332
10 4799.6930297032 369
11 3876.38979643698 402
12 3517.55515705927 434
13 3090.73177070803 466
14 2907.47018579191 498
15 2683.87327320716 532
16 2642.54577884569 566
17 2572.23700423793 598
18 2543.11937450308 630
19 2520.701128643 662
20 2482.37533352433 694
21 2448.3463488644 728
22 2459.03266872093 761
23 2458.07167689025 793
24 2404.67683274406 825
25 2378.0027112867 858
26 2364.2067118793 891
27 2358.59314329349 925
28 2355.46505736682 960
29 2353.13525431106 993
30 2352.37471912008 1026
31 2351.53575197033 1058
32 2351.10694540027 1091
33 2350.92126906603 1125
34 2350.71426619036 1159
35 2350.49391277394 1192
36 2350.44024579738 1224
37 2350.3149326541 1256
38 2350.21609588583 1291
39 2350.19892061577 1325
40 2350.10127924963 1359
41 2350.04867281309 1392
42 2350.02196043198 1425
43 2349.98682747168 1458
44 2349.97994475372 1491
45 2349.93996483567 1524
46 2349.89920447869 1558
47 2349.89392958615 1592
48 2349.86966319546 1625
49 2349.85110421043 1658
50 2349.84642390696 1691
51 2349.83705213463 1724
52 2349.82338435322 1762
53 2349.81486410563 1795
54 2349.80869057356 1828
55 2349.80412824955 1860
56 2349.79694375887 1893
57 2349.78669720139 1926
58 2349.78441719755 1962

0 88230.3825832053 34
1 101168.84854971 66
2 89328.3579980902 99
3 59669.39751572 131
4 38143.7815246054 163
5 27291.4172815314 199
6 17671.8996651547 233
7 12827.8423025861 266
8 9233.06398599593 299
9 6264.43548159689 332
10 4510.44674515006 363
11 3945.79255033264 398
12 3548.97004258268 432
13 3109.71709764561 465
14 2850.92645302974 498
15 2755.77391821322 530
16 2654.47817694277 562
17 2598.42272677835 596
18 2529.88202315081 628
19 2502.48391601072 661
20 2482.42552415457 693
21 2458.99736977732 725
22 2462.24896334834 758
23 2466.57656746197 796
24 2401.48509667451 830
25 2379.59393781257 862
26 2364.75487727637 894
27 2359.74266099415 927
28 2356.38509904392 960
29 2354.82820598574 994
30 2353.65881584178 1028
31 2352.84365941355 1062
32 2352.44161459835 1095
33 2352.14871181182 1127
34 2351.837561207 1159
35 2351.75391965127 1193
36 2351.50360492924 1230
37 2351.4421642832 1265
38 2351.37787414906 1297
39 2351.26634918579 1330
40 2351.23009557979 1362
41 2351.19872796001 1397
42 2351.17267764736 1432
43 2351.13913781336 1465
44 2351.13045957036 1498
45 2351.10216344886 1530
46 2351.08303830168 1562
47 2351.06722877608 1596
48 2351.05258147647 1630
49 2351.04588046573 1662
50 2351.0403881125 1695
51 2351.03356483708 1727
52 2351.01405298957 1759
53 2351.00343035795 1793
54 2350.99616937733 1828
55 2350.99359073881 1861
56 2350.98934215022 1894
57 2350.9803482128 1927

0 95271.4075046273 33
1 97554.8598642606 66
2 78339.4367737751 101
3 52001.4942912979 134
4 36277.47333102 166
5 27566.621088607 200
6 18731.2123540189 233
7 12337.6980985564 266
8 7765.36547146839 300
9 6431.71826662808 334
10 4745.96684683683 366
11 3820.91524555829 399
12 3327.84188995837 431
13 3012.41669022121 463
14 2910.73732757844 499
15 2700.04957716227 532
16 2631.47712944363 564
17 2569.49385953742 596
18 2502.3101559962 630
19 2502.4239464475 662
20 2446.49136274705 697
21 2442.86290757961 732
22 2440.5166125487 764
23 2445.29619511753 796
24 2386.2288714202 828
25 2361.50857859643 860
26 2351.67051467684 895
27 2345.55042303674 930
28 2341.72941005194 963
29 2340.18450974239 997
30 2338.8249137637 1030
31 2338.25689347621 1063
32 2337.7342753479 1097
33 2337.31383194508 1131
34 2337.1942021362 1163
35 2336.9668325809 1196
36 2336.82561353801 1229
37 2336.77021676884 1262
38 2336.6549779339 1295
39 2336.61142743327 1330
40 2336.58134515674 1362
41 2336.54753440155 1396
42 2336.48174726312 1429
43 2336.43858075779 1462
44 2336.42164392292 1497
45 2336.42639123023 1532
46 2336.39914866121 1565
47 2336.39469869433 1598
48 2336.37963467428 1631
49 2336.36813369678 1663
50 2336.3551203565 1696
51 2336.33908261988 1731
52 2336.33447508728 1765
53 2336.32741032738 1797
54 2336.32249095926 1830
55 2336.31762328822 1862
56 2336.31432786285 1894
57 2336.30901991335 1929

0 96691.5858451878 33
1 109875.812327849 66
2 95022.7435645683 99
3 49244.7186067882 132
4 38030.2245827344 164
5 24140.73611287 203
6 17834.1401752086 236
7 12226.6355924754 269
8 7523.04829734907 303
9 6828.13996783777 335
10 4834.84398292313 367
11 3846.00983207418 403
12 3405.59362513142 437
13 3046.72649379245 470
14 2953.24323710327 502
15 2792.0937615083 535
16 2640.20770838101 569
17 2563.78839647398 605
18 2528.41498260029 638
19 2513.59417804504 671
20 2471.26992306264 703
21 2459.72733568061 736
22 2458.3181974674 769
23 2459.38339609969 805
24 2403.95719537942 840
25 2378.7220809008 874
26 2364.93158030934 908
27 2359.51195524474 941
28 2355.96835906307 975
29 2354.2772781907 1010
30 2353.14178470547 1044
31 2352.35148987862 1079
32 2351.86704920513 1114
33 2351.45503212149 1148
34 2351.26832015905 1183
35 2351.12064181809 1218
36 2350.9366405646 1253
37 2350.8589180754 1288
38 2350.78896644668 1322
39 2350.72052902794 1356
40 2350.67675235087 1391
41 2350.65650577327 1426
42 2350.62074750644 1460
43 2350.58543041273 1493
44 2350.57490496939 1526
45 2350.55716045745 1558
46 2350.53934093643 1594
47 2350.52133770297 1633
48 2350.50564019062 1669
49 2350.49638286527 1703
50 2350.48603564307 1737
51 2350.47220474666 1772
52 2350.46079192239 1808
53 2350.45197305886 1843
54 2350.44935529285 1877
55 2350.44745582185 1910
56 2350.44599202032 1947

0 80129.1262393176 34
1 89594.9310480623 70
2 63261.769708463 103
3 58398.2106622346 136
4 36095.8437246039 168
5 24786.1794737751 201
6 17078.5317991365 235
7 14025.8003170618 270
8 8423.39359868952 304
9 6308.29157509191 338
10 4859.65699763237 371
11 3760.49539946155 403
12 3553.44330516235 436
13 3065.23403072757 469
14 2898.27074342435 503
15 2800.63687834009 536
16 2623.24232825515 569
17 2567.39118479583 602
18 2525.54598084346 635
19 2526.28178106199 672
20 2491.25433647906 706
21 2459.88293291921 739
22 2448.91362442704 773
23 2466.81609505872 806
24 2397.1334283078 839
25 2380.72522662793 875
26 2367.42661106576 910
27 2359.51083731923 945
28 2356.0294009381 980
29 2353.84807664694 1017
30 2352.91296679483 1053
31 2352.50542529576 1093
32 2351.81198093878 1132
33 2351.43793345761 1169
34 2351.20563278329 1206
35 2351.04930674869 1243
36 2350.91400667117 1288
37 2350.83856522082 1324
38 2350.77672002519 1357
39 2350.68449519394 1390
40 2350.64931222215 1422
41 2350.63566444052 1454
42 2350.57576825202 1489
43 2350.56179804913 1524
44 2350.53701600442 1556
45 2350.53131212726 1589
46 2350.50347198797 1622
47 2350.48594910623 1655
48 2350.48215910582 1690
49 2350.4657997233 1724
50 2350.4529405189 1758
51 2350.45019403617 1791
52 2350.44389696415 1825
53 2350.43305085958 1858
54 2350.43081386373 1893
55 2350.42879686947 1926
56 2350.42526385353 1959
57 2350.41791019056 1992

0 92498.4676808412 33
1 89545.50588555 65
2 78397.1756646597 99
3 60625.9400590222 134
4 35950.4995078573 167
5 25827.7374994147 200
6 16973.1546138811 232
7 12743.1642496664 265
8 7790.82857666951 298
9 6159.793873965 332
10 4602.77219394965 365
11 3822.9676564068 398
12 3385.65422797801 430
13 3121.04417522675 462
14 2907.80498760514 494
15 2751.60194865267 533
16 2658.15339447689 567
17 2591.13162394187 599
18 2537.03797184579 631
19 2515.0067896086 663
20 2467.98534059799 698
21 2467.35618364959 732
22 2451.64070665664 765
23 2459.58083629588 798
24 2403.24495023794 830
25 2375.77547068148 863
26 2365.60759522648 898
27 2358.34794672382 933
28 2355.52432181122 966
29 2353.96176287753 999
30 2352.97681549482 1031
31 2352.00590966838 1064
32 2351.89369835819 1097
33 2351.33447251306 1132
34 2351.04885098248 1166
35 2350.81741505534 1198
36 2350.72202692419 1231
37 2350.61153201896 1264
38 2350.54927709258 1297
39 2350.50087480901 1330
40 2350.4706842456 1363
41 2350.44862157713 1395
42 2350.41063900524 1429
43 2350.37181371489 1462
44 2350.34174434679 1495
45 2350.32309302796 1529
46 2350.30804016092 1563
47 2350.2862021227 1597
48 2350.27809759896 1630
49 2350.26365313282 1664
50 2350.25803536996 1697
51 2350.24639234547 1734
52 2350.24123073545 1767
53 2350.23052290483 1800
54 2350.22735661125 1832
55 2350.22187489812 1865
56 2350.21678364002 1898
57 2350.21465173116 1938

0 97408.7780864837 35
1 96519.2884159968 68
2 91717.8786883212 100
3 62255.4835235788 133
4 41593.6469095648 166
5 28272.5770133542 202
6 17326.3743781624 236
7 12241.6397547617 269
8 7956.78042407854 303
9 6495.87160001511 335
10 4903.78344153977 368
11 3946.82858262234 402
12 3333.28559961327 435
13 3152.73408898264 467
14 2888.67733632566 499
15 2688.04607163959 531
16 2608.91839219986 564
17 2568.17783289997 598
18 2529.01281070866 631
19 2520.30037319758 664
20 2457.06822104241 698
21 2453.52261163002 730
22 2472.49350772417 762
23 2451.05259562575 799
24 2397.57687857253 833
25 2382.31327205056 867
26 2366.00779044801 899
27 2359.55349174196 931
28 2356.95669498572 964
29 2354.50485228217 998
30 2353.70243223522 1031
31 2352.94297599021 1065
32 2352.38150915405 1103
33 2352.05881101247 1137
34 2351.71320968197 1169
35 2351.5188806772 1203
36 2351.36988025076 1237
37 2351.19655311047 1270
38 2351.13486693623 1303
39 2351.06161248377 1336
40 2350.94775577808 1368
41 2350.91529152711 1403
42 2350.90065450009 1440
43 2350.8783544239 1474
44 2350.83017051923 1506
45 2350.8355228304 1540
46 2350.81431764817 1573
47 2350.79036823623 1609
48 2350.77281145575 1644
49 2350.76603462815 1678
50 2350.75712824062 1712
51 2350.73994259813 1745
52 2350.73370758352 1778
53 2350.73295026532 1816
54 2350.71925574876 1850
55 2350.71124181661 1884
56 2350.70799351958 1917
57 2350.69643379758 1950

0 106660.898678853 34
1 93597.7859022291 69
2 75041.2001064651 102
3 52864.45029091 134
4 44590.2514084494 167
5 25617.4951767859 201
6 17864.5909385068 234
7 12304.3093965948 269
8 8552.43025510654 302
9 6654.88073286102 336
10 4765.63018352125 371
11 3858.74812153993 406
12 3412.40856491661 440
13 3091.00702549472 476
14 2868.74590205057 511
15 2664.96447371456 545
16 2610.75542003565 579
17 2584.56399422526 612
18 2515.02732452326 644
19 2487.19571734283 680
20 2476.1757155134 714
21 2448.65558794132 747
22 2438.76077645412 779
23 2441.09168752581 812
24 2391.20140552187 845
25 2361.53852243337 884
26 2351.12390088071 919
27 2344.52523458534 953
28 2341.8896953176 986
29 2340.5153026173 1018
30 2338.96498846999 1052
31 2338.18123902178 1086
32 2337.69671853961 1119
33 2337.48565455348 1151
34 2337.32232006384 1184
35 2337.15803474149 1216
36 2336.98522148669 1251
37 2336.86342465943 1285
38 2336.80358425806 1318
39 2336.769820907 1351
40 2336.7163896491 1384
41 2336.65869721547 1418
42 2336.66167316158 1450
43 2336.6393529559 1484
44 2336.60964353476 1518
45 2336.59604727533 1550
46 2336.57615812421 1584
47 2336.5780592952 1618
48 2336.55868716515 1653
49 2336.54843987053 1690
50 2336.53547628059 1725
51 2336.52761810758 1760
52 2336.51356691116 1795
53 2336.51189067947 1828
54 2336.50390752119 1862
55 2336.49934716571 1897
56 2336.49412196437 1931
57 2336.48362635381 1964
58 2336.48012274781 1996

0 115126.001824037 33
1 101173.781156339 65
2 84497.6782009993 100
3 56915.2514236803 133
4 42501.7446553161 165
5 28198.7662464222 198
6 17818.0076976244 231
7 12474.5999172996 264
8 8505.75180337572 303
9 6301.93773842459 340
10 4875.21353047947 376
11 3843.17745411051 410
12 3471.1830116104 444
13 3116.70847114383 478
14 2864.35351062905 512
15 2759.3499939386 545
16 2658.48025994457 577
17 2635.12307687283 609
18 2566.22194469933 641
19 2515.56344228023 673
20 2481.5112196832 707
21 2471.10509487041 739
22 2446.98285837767 771
23 2476.59458815693 805
24 2419.87613619504 839
25 2387.11067769159 874
26 2377.10720282424 911
27 2370.23858545391 946
28 2367.05433446281 981
29 2364.991387318 1015
30 2363.66346327338 1048
31 2362.96011016522 1081
32 2362.33897030597 1115
33 2362.03633566696 1149
34 2361.7920375449 1181
35 2361.60011082896 1214
36 2361.48780706469 1247
37 2361.39261951847 1280
38 2361.30020872871 1314
39 2361.2440436618 1348
40 2361.19020847975 1382
41 2361.1659902251 1417
42 2361.12985344236 1451
43 2361.10303515294 1486
44 2361.06285697852 1521
45 2361.07611818173 1558
46 2361.05143702811 1592
47 2361.02531151822 1625
48 2361.02232855143 1657
49 2361.00397492924 1690
50 2360.99831295434 1729
51 2360.9918823497 1762
52 2360.97769515645 1795
53 2360.96888789178 1827
54 2360.96604631911 1859
55 2360.95700872778 1894
56 2360.95569300604 1931
57 2360.94898087805 1964
58 2360.94476837031 1996

