0 3067.84149712687 4
1 2688.13300511675 6
2 2139.79152979109 8
3 1608.12440929622 10
4 1239.77767068239 12
5 1002.88955475886 14
6 836.943970641953 15
7 681.531457292778 17
8 534.286382427269 19
9 416.116709045484 21
10 337.610858068528 23
11 290.996240549072 24
12 261.632809440192 26
13 242.555086306565 28
14 230.125325704091 30
15 221.364342165451 32
16 215.335436689299 34
17 210.925653736567 36
18 207.189371348252 38
19 203.533590431995 40
20 199.442764232232 41
21 194.735615219858 43
22 189.742988581129 45
23 183.287364018386 47
24 177.147276853682 49
25 172.713220087582 50
26 169.812620465166 52
27 168.505554523053 54
28 167.833694996322 56
29 167.30309002995 58
30 166.719619540355 59
31 166.202221444884 61
32 165.819770814187 63
33 165.565039275076 65
34 165.40196953934 67
35 165.297116993016 68
36 165.228116475452 70
37 165.181436199185 72
38 165.148960024165 74
39 165.125645852296 75
40 165.108152023007 77
41 165.094034505132 79
42 165.081219734786 81
43 165.06755505987 82
44 165.050294710173 84
45 165.025466493607 86
46 164.987424423443 88
47 164.929963171449 89
48 164.851455473776 91
49 164.762366288037 93
50 164.683121211695 95
51 164.628246602534 96
52 164.597446028877 98
53 164.58253881972 100
54 164.575934696526 101
55 164.573123622375 103
56 164.571928302074 105

0 2994.17407990678 4
1 2290.84126444226 6
2 1527.3898045403 7
3 1120.03862348978 9
4 920.850363190756 11
5 797.946829711319 12
6 708.476309123848 14
7 639.078420367987 16
8 577.386826743477 18
9 520.576961464306 19
10 467.956775657642 21
11 422.389814142418 23
12 383.647535797693 24
13 352.27677760718 26
14 325.690674885704 28
15 304.527091919451 29
16 288.148938857258 31
17 273.619733509524 33
18 259.616497723153 35
19 248.55003622951 36
20 240.233256535174 38
21 234.139179429553 40
22 229.697053642933 41
23 226.234596635761 43
24 223.170687345493 45
25 220.56306328059 47
26 218.382497887318 48
27 216.346278939298 50
28 214.169978912105 52
29 211.691208083482 54
30 208.794818829708 55
31 205.207985414759 57
32 200.868829961686 59
33 196.262488952226 60
34 191.759572245535 62
35 186.579456551842 64
36 182.306424302281 66
37 179.224102938791 67
38 176.61674387946 69
39 174.584514688764 71
40 173.072053060052 73
41 171.83974969065 74
42 170.784417173214 76
43 169.978380895288 78
44 169.382356325796 80
45 168.920301307828 81
46 168.506313110668 83
47 168.063722606301 85
48 167.53761911705 87
49 166.826893314996 88
50 165.942720228402 90
51 165.247061980981 92
52 164.876051785961 93
53 164.696763923858 95
54 164.603530119598 97
55 164.549542152082 99
56 164.515611069478 100
57 164.493206524731 102
58 164.478028317816 104
59 164.467633199708 106
60 164.460497804796 107
61 164.455611863869 109
62 164.452281855657 111
63 164.450024605212 112
64 164.44850267427 114

0 3008.98372921831 4
1 2496.61450091241 5
2 1772.1256685065 7
3 1210.07517825927 9
4 811.544771774811 11
5 571.78246920596 12
6 438.69105507577 14
7 364.503244677723 16
8 316.167336355763 17
9 282.050411932245 19
10 255.993609860833 21
11 236.90435498203 22
12 223.295805358669 24
13 212.919007712539 26
14 204.550115542088 28
15 197.37708853638 29
16 190.814413556983 31
17 185.417942201424 33
18 181.754357292563 34
19 179.491268183226 36
20 177.939247654988 38
21 176.718092841403 40
22 175.546288424269 41
23 174.446389248345 43
24 173.36999434048 45
25 172.280696559741 47
26 171.26160061458 48
27 170.282686353813 50
28 169.218400028409 52
29 167.914964475444 54
30 166.570581516414 55
31 165.656052670716 57
32 165.123265297561 59
33 164.826891144676 61
34 164.663391911255 62
35 164.572533936766 64
36 164.521351398762 66
37 164.492065951788 68
38 164.475040000993 69
39 164.464982357012 71
40 164.458945541721 73
41 164.455263691235 74
42 164.452981861719 76
43 164.451544910918 78

0 2941.81429547499 4
1 2323.95559084027 5
2 1553.32347304169 7
3 986.980852592804 9
4 697.352328466571 11
5 532.666436710052 12
6 424.861363453464 14
7 350.04407178118 16
8 300.8218785017 17
9 266.750607925037 19
10 240.869551414794 21
11 221.916812927011 22
12 205.774813347316 24
13 191.626883942752 26
14 181.446431130583 28
15 174.649147619895 29
16 170.479756009012 31
17 168.170255678472 33
18 166.293408077168 34
19 165.399771222825 36
20 165.043783659477 38
21 164.867575198193 40
22 164.762079755568 41
23 164.685644707187 43
24 164.616823479893 45
25 164.543079847808 46
26 164.458715706056 48
27 164.365875527781 50
28 164.273947836257 52
29 164.194487220067 54
30 164.134576928321 56
31 164.094318286526 58
32 164.069346071141 59
33 164.05449591689 61
34 164.045761123099 63
35 164.040576604474 65
36 164.037442472382 66
37 164.035509129782 68
38 164.034294357164 70

0 2954.56181345523 4
1 2428.43483010972 6
2 1681.00017867664 7
3 997.813625127513 9
4 634.82899036197 11
5 447.501974037497 13
6 348.93481906928 15
7 293.079380112246 16
8 258.756220573783 18
9 234.581407856725 20
10 217.822258984613 22
11 207.544291100171 23
12 200.551787419475 25
13 194.609350911555 27
14 189.721847404595 29
15 186.382838121242 30
16 184.512037106001 32
17 183.440903220431 34
18 182.726396568032 36
19 182.229402422474 37
20 181.887553223674 39
21 181.650804260527 41
22 181.487697849163 42
23 181.375233139897 44
24 181.294248609177 46
25 181.23141395891 48
26 181.179233233395 49
27 181.134187516999 51
28 181.094944670046 53
29 181.061141648795 55
30 181.03263706078 56
31 181.009130123385 58
32 180.990066792109 60
33 180.974720036842 62
34 180.962323538019 63
35 180.952179440318 65
36 180.94371402991 67
37 180.936489022343 68
38 180.930186833369 70
39 180.924585724824 72
40 180.919534502227 74
41 180.914931146363 75
42 180.910706521664 77
43 180.906812750481 79
44 180.90321530793 81
45 180.899887856331 82
46 180.896808994389 84
47 180.89396029266 86
48 180.891325163169 88
49 180.888888250133 89
50 180.886635131665 91
51 180.884552195764 93
52 180.882626604788 94
53 180.880846297079 96

0 2986.09920615103 4
1 2391.11351120185 5
2 1575.60350539312 7
3 954.054171492095 9
4 647.211674503852 11
5 484.786862782669 12
6 387.726712819397 14
7 324.888588536981 16
8 283.166424533675 18
9 257.120910019546 19
10 239.369186732199 21
11 226.941448400251 23
12 217.675484186231 25
13 210.649743808689 26
14 205.130473612425 28
15 200.878858270031 30
16 197.246162611935 32
17 193.68624549209 33
18 190.450440368585 35
19 188.218846273858 37
20 186.637895440199 39
21 185.612110899903 40
22 185.000250734112 42
23 184.628118765615 44
24 184.379417084981 46
25 184.182066430801 47
26 184.005088310313 49
27 183.850613693691 51
28 183.731797440962 53
29 183.650202541542 54
30 183.594044890659 56
31 183.548211495205 58
32 183.499633038284 59
33 183.437704473637 61
34 183.356094135017 63
35 183.258902371307 65
36 183.163563530592 66
37 183.089284543696 68
38 183.042238968916 70
39 183.016364673904 71
40 183.002889067205 73
41 182.995601852939 75
42 182.991177983174 77
43 182.988057116706 78
44 182.985538851064 80
45 182.983297193315 82
46 182.981156392687 84
47 182.978990982482 86
48 182.97667652474 87
49 182.974055833114 89
50 182.970901475338 91
51 182.96685817699 93
52 182.961342349009 95
53 182.953360505139 97
54 182.94118669162 98
55 182.921843137321 100
56 182.890509444448 102
57 182.840763805521 103
58 182.768084392607 105
59 182.677868972206 107
60 182.589117034877 109
61 182.521669089338 111
62 182.480917168536 112
63 182.460026092823 114
64 182.450181250618 116
65 182.44548570071 118
66 182.442903574319 119
67 182.441035363717 121
68 182.439226630534 123

0 2973.88625968518 4
1 2477.7017820346 5
2 1933.88897725673 7
3 1413.57650217739 9
4 1024.51467182147 11
5 762.172450813142 12
6 597.765361484996 14
7 499.17944858537 16
8 432.927572921944 17
9 383.215566130144 19
10 341.141261706801 21
11 305.004857370541 23
12 274.446777399857 24
13 247.223340543636 26
14 226.765572726085 28
15 213.136637179461 30
16 204.185556131769 31
17 198.315803932743 33
18 194.378371968134 35
19 190.737064269344 36
20 188.200796751227 38
21 186.573863733874 40
22 185.525328007499 42
23 184.788367312426 43
24 184.213548119876 45
25 183.747524589365 47
26 183.380537579046 48
27 183.107534180817 50
28 182.91325205967 52
29 182.774807577572 54
30 182.670816193672 55
31 182.58583561046 57
32 182.509183166964 59
33 182.432081129627 60
34 182.346112810784 62
35 182.245482897661 64
36 182.133804882679 65
37 182.027440666121 67
38 181.944470797917 69
39 181.890304428629 71
40 181.85842331241 72
41 181.839713922912 74
42 181.827685281734 76
43 181.818803069132 78
44 181.811370717919 80
45 181.804613066861 81
46 181.798177567235 83
47 181.791901068867 85
48 181.785706802005 86
49 181.77955908855 88
50 181.773442846938 90
51 181.767353841847 92
52 181.761293777911 93
53 181.75526772069 95
54 181.749282726064 97
55 181.743347144318 99
56 181.737470316327 100
57 181.731662491086 102
58 181.72593484681 104
59 181.720299526542 105
60 181.714769618803 107
61 181.709359031662 109
62 181.70408222808 111
63 181.698953812356 112
64 181.693987981515 114
65 181.689197879104 116
66 181.684594908836 117
67 181.680188077984 119
68 181.675983442428 121
69 181.671983715352 123
70 181.668188081172 124
71 181.664592228784 126
72 181.661188589149 128
73 181.657966736844 129
74 181.654913897732 131
75 181.652015497355 133
76 181.649255686226 135
77 181.646617786602 136
78 181.644084616561 138
79 181.641638657699 140
80 181.639262038672 141
81 181.636936305571 143
82 181.63464193852 145
83 181.632357548803 147
84 181.630058646627 148
85 181.627715797231 150
86 181.62529186684 152
87 181.622737873879 153
88 181.619986664332 155
89 181.616943164524 157
90 181.613469265014 158
91 181.609360447252 160
92 181.604310359472 162
93 181.597859939977 164
94 181.589333345347 165
95 181.577783616651 167
96 181.562022571096 169
97 181.540890423234 171
98 181.513927376694 172
99 181.482276713372 174
100 181.448981147142 176
101 181.417877993893 177
102 181.391794011265 179
103 181.371660109233 181
104 181.356938153353 183
105 181.346484120461 185
106 181.339142693849 186
107 181.333981161859 188
108 181.330318213547 191
109 181.327679599395 193
110 181.325742778281 194
111 181.324290668102 196

0 2970.02510711524 4
1 2392.18597398778 6
2 1624.71666538565 7
3 1070.33042302345 9
4 730.612597811221 11
5 542.458027279912 13
6 441.460714645489 15
7 385.652747031665 17
8 349.178561820695 19
9 322.547680221245 21
10 299.592337501497 22
11 277.938108904165 24
12 258.14292687083 26
13 239.660609367047 28
14 224.799876672078 29
15 211.933509582894 31
16 200.994213160386 33
17 192.988200788186 34
18 186.538681623695 36
19 182.061893154134 38
20 178.511550515249 40
21 175.280916444602 41
22 172.205669904375 43
23 169.680153142621 45
24 168.029881216103 47
25 167.151665061921 48
26 166.710204088519 50
27 166.467577228274 52
28 166.303316890568 54
29 166.164202695907 55
30 166.036412161813 57
31 165.928321612621 59
32 165.850522580054 61
33 165.8026840133 63
34 165.776071491553 64
35 165.761354257759 66
36 165.752164264154 68
37 165.744858578463 69
38 165.737289658271 71
39 165.727766622605 73
40 165.714262633957 75
41 165.693648018374 76
42 165.660913028301 78
43 165.609210582173 80
44 165.533401729555 81
45 165.438987183575 83
46 165.346700747423 85
47 165.278027614237 87
48 165.237875059959 88
49 165.218030774537 90
50 165.208993294758 92
51 165.204855303095 94
52 165.202782887951 95
53 165.20157402712 97

0 2864.56626048699 4
1 2122.13313370081 6
2 1319.0920795784 7
3 813.463598257092 9
4 519.956320718148 11
5 377.188965634698 12
6 310.750202718223 14
7 277.538214581329 16
8 257.377554518964 18
9 243.932631270633 19
10 234.496492497586 21
11 226.840196285408 23
12 221.997102326752 24
13 218.558730469637 26
14 215.788932173938 28
15 213.179729626152 30
16 210.451741505239 31
17 207.765060998401 33
18 205.179094965433 35
19 202.621116947373 37
20 200.140226782648 38
21 197.763771472301 40
22 195.502849154523 42
23 193.369479632536 44
24 191.328794485729 45
25 189.199876548594 47
26 186.970112315362 49
27 184.892035939081 51
28 182.916886228207 52
29 180.967254754211 54
30 179.0041998912 56
31 176.90174639838 57
32 174.56710190603 59
33 172.24056251707 61
34 170.20011115353 62
35 168.526224512021 64
36 167.452644509126 66
37 166.898944494612 68
38 166.609181441284 69
39 166.419764601068 71
40 166.26887859836 73
41 166.1442061649 75
42 166.042176323518 76
43 165.950638961612 78
44 165.858416653965 80
45 165.772566696528 82
46 165.709364728395 83
47 165.671194367806 85
48 165.648271899485 87
49 165.630512224398 89
50 165.610800706667 91
51 165.583085006032 93
52 165.540221992924 95
53 165.474157496934 97
54 165.381941705635 98
55 165.276353502755 100
56 165.183682074131 102
57 165.121375922595 104
58 165.086913333008 105
59 165.069032785559 107
60 165.058545140843 109
61 165.050279753468 111
62 165.041472955867 113
63 165.030180332602 115
64 165.014241118283 117
65 164.990512327937 119
66 164.954303127641 121
67 164.89970603363 123
68 164.822538377685 124
69 164.725941943158 126
70 164.621176777918 128
71 164.516854241868 130
72 164.411196499822 132
73 164.303005003978 133
74 164.204616760833 135
75 164.132658748226 137
76 164.09068097833 138
77 164.0701583469 140
78 164.06119608283 142
79 164.057503509326 144
80 164.056009100696 146

0 2860.69247237343 4
1 2098.5142557114 6
2 1293.20611840924 7
3 807.635091363981 9
4 559.168307169015 11
5 426.582342947121 13
6 353.69867427638 14
7 311.137684161115 16
8 280.47339787849 18
9 255.59081537313 20
10 235.446308959394 21
11 219.042959036994 23
12 205.41863778078 25
13 194.139405472868 27
14 185.980645601397 28
15 180.574287435383 30
16 176.511434458357 32
17 173.779360804766 33
18 172.029548588583 35
19 170.662892297188 37
20 169.398264981621 38
21 168.414991279316 40
22 167.785665084963 42
23 167.353587719132 44
24 166.967336826772 45
25 166.681115997887 47
26 166.505460101478 49
27 166.38907524507 51
28 166.302181640284 52
29 166.232105338548 54
30 166.173198255848 56
31 166.12250125455 57
32 166.078271065706 59
33 166.039612412675 61
34 166.00628932763 63
35 165.978360738804 64
36 165.955756154526 66
37 165.938024372632 68
38 165.924325611891 70
39 165.913563105497 72
40 165.904507345455 74
41 165.895815086108 76
42 165.885895563766 77
43 165.872589737224 79
44 165.852643196201 81
45 165.821139686222 83
46 165.771828154038 84
47 165.700662011399 86
48 165.61340759775 88
49 165.528515975398 89
50 165.464568656491 91
51 165.426258041548 93
52 165.406916667254 95
53 165.398161234917 96
54 165.394418211459 98
55 165.392844595866 100

0 2880.20460809009 4
1 2279.31656289732 6
2 1675.59703602455 8
3 1332.16204155765 9
4 1146.84469026265 11
5 1039.0385397849 13
6 963.267563075847 15
7 900.233849629543 17
8 847.368043144835 18
9 796.012431047017 20
10 744.396464092824 22
11 686.610854394376 24
12 626.516520106203 25
13 569.060059408763 27
14 519.06158993664 29
15 476.367888824611 30
16 437.97847301964 32
17 403.418578546656 34
18 372.29243007034 35
19 347.340554016972 37
20 327.599054960995 39
21 312.443656600362 41
22 300.54052784562 43
23 291.189772683853 45
24 283.218715521357 47
25 276.929119064764 49
26 271.441936730282 50
27 266.106079087726 52
28 260.224882114587 54
29 254.295322388809 56
30 247.154588081698 57
31 241.893633109952 59
32 236.904213652303 61
33 231.742034132338 63
34 226.749319781481 64
35 221.52920067983 66
36 216.363916440824 68
37 211.941671295992 70
38 208.88739568357 71
39 206.783806845727 73
40 205.058860950586 75
41 203.537994195194 77
42 202.382460577216 78
43 201.543889745725 80
44 200.837824998158 82
45 200.152294229042 84
46 199.427876374175 85
47 198.609124477084 87
48 197.645832134405 89
49 196.525079754156 90
50 195.28339747144 92
51 193.962901069535 94
52 192.551240826001 95
53 190.988663612374 97
54 189.217615951087 99
55 187.263470599219 101
56 185.379594756686 102
57 183.89566658026 104
58 182.93621960871 106
59 182.435258139769 108
60 182.210031833453 109
61 182.113070822295 111
62 182.069693438113 113
63 182.048511288219 114
64 182.037022641089 116
65 182.030160663291 118
66 182.025741998353 120
67 182.022739471019 121
68 182.020620656259 123
69 182.019083695457 125

0 2902.21397675915 4
1 2243.91948669138 5
2 1478.12916325547 7
3 1036.45624766324 9
4 777.690982491157 11
5 595.377537908873 12
6 455.134798866119 14
7 366.041058410379 16
8 315.129330424713 18
9 283.227063204072 19
10 261.827402673923 21
11 246.2901857457 23
12 234.178583995081 24
13 224.764678601766 26
14 217.353620214453 28
15 211.071587501337 30
16 205.430135894198 31
17 200.03079864344 33
18 195.182461682181 35
19 191.43333526679 37
20 188.583784781296 39
21 186.555351196303 40
22 184.905751951989 42
23 183.448554423562 44
24 182.548550169069 46
25 182.035467238733 47
26 181.691695707532 49
27 181.42436463309 51
28 181.196241345092 52
29 180.989258046675 54
30 180.790774985028 56
31 180.586922001151 58
32 180.35828724898 59
33 180.09076069541 61
34 179.794565550972 63
35 179.486952049723 64
36 179.175354051836 66
37 178.857262539098 68
38 178.519102409441 70
39 178.132291300138 71
40 177.672318839456 73
41 177.141757604901 75
42 176.539510248278 77
43 175.918505922248 78
44 175.350510160333 80
45 174.821154382858 82
46 174.182846186558 83
47 173.513216603253 85
48 172.644961039252 87
49 171.851694172358 89
50 171.228409910223 90
51 170.696665359233 92
52 170.167232689552 94
53 169.603586074207 95
54 168.915537474176 97
55 168.005466911674 99
56 167.129968668107 101
57 166.562685167717 102
58 166.223204973892 104
59 165.991628734826 106
60 165.811033933183 108
61 165.660817535748 109
62 165.541844480935 111
63 165.460172985589 113
64 165.412348124 115
65 165.387405933812 117
66 165.37508277186 118
67 165.36898857474 120
68 165.365856822239 122
69 165.364155882107 124
70 165.363179765534 125

0 3027.73173177177 4
1 2433.32303483052 6
2 1678.04154616086 8
3 1184.15783050794 9
4 873.20796810147 11
5 645.990870539211 13
6 484.280353391053 14
7 376.631483156154 16
8 312.261025846674 18
9 274.493927432273 20
10 250.66579388584 21
11 236.056386273026 23
12 225.768521602111 25
13 218.249766284476 27
14 212.33312358853 29
15 207.374482166265 30
16 203.586512259854 32
17 200.815773714468 34
18 198.355879804045 35
19 195.728114315553 37
20 193.323187763117 39
21 191.084169442186 41
22 188.838562951704 42
23 187.02991365873 44
24 185.243647839051 46
25 183.18410347992 48
26 181.019277861969 49
27 178.757859122286 51
28 176.17344851669 53
29 173.496665447354 55
30 170.958247576324 56
31 168.618226124076 58
32 166.681126204125 60
33 165.255401737598 61
34 164.390868783158 63
35 163.963479026271 65
36 163.771338734778 67
37 163.684738454999 68
38 163.643527112369 70
39 163.622493920797 72
40 163.611043491477 73
41 163.604481376552 75
42 163.600573264687 77
43 163.598178204991 79
44 163.596678018192 80

0 3136.6686445997 4
1 2735.78799776536 5
2 2102.24635682393 7
3 1492.71349973293 9
4 1178.80100495752 11
5 1019.26650997763 12
6 931.356760318953 14
7 872.923291019939 16
8 823.468861461496 17
9 777.839936312065 19
10 732.194731004209 21
11 686.226724652169 23
12 639.316752606743 24
13 590.526269097991 26
14 541.306750792306 28
15 492.155900835661 30
16 445.291665827579 31
17 401.554691359717 33
18 361.258144040112 35
19 324.14399202631 37
20 293.094776442306 39
21 266.601657092179 40
22 244.535705053636 42
23 226.497781861363 44
24 214.157272403338 46
25 205.235876193704 47
26 198.201829595294 49
27 192.432361482544 51
28 186.905144174874 53
29 181.592858591129 54
30 176.663562892398 56
31 172.77649736473 58
32 170.424970627506 60
33 168.950579080475 61
34 167.916983964533 63
35 167.181508385695 65
36 166.650788775818 67
37 166.256217717919 68
38 165.96543889844 70
39 165.742781945006 72
40 165.555635620636 74
41 165.379968283149 75
42 165.202742002567 77
43 165.026617061602 79
44 164.868222294485 81
45 164.743139817508 83
46 164.652806081055 84
47 164.58807926971 86
48 164.538908964901 88
49 164.498473388596 90
50 164.462471058198 91
51 164.427289314857 93
52 164.388751626261 95
53 164.341999365069 97
54 164.283302272045 98
55 164.214204448873 100
56 164.14441657734 102
57 164.086860961709 103
58 164.048073581416 105
59 164.025818578255 107
60 164.014248474785 109
61 164.008390189244 111
62 164.005245549107 113
63 164.003274437769 115
64 164.001728907026 116

0 2735.40596505524 4
1 1941.92004793304 6
2 1303.03485952541 7
3 952.713876200497 9
4 739.037853532791 11
5 594.490737239589 13
6 492.905029268568 14
7 420.449173946532 16
8 368.469343463652 18
9 330.972363569776 20
10 303.431283750623 21
11 282.479501919746 23
12 263.44969083033 25
13 248.738147697912 27
14 237.781023446779 28
15 229.129570848567 30
16 222.344641220081 32
17 217.19602208092 34
18 212.87745167758 35
19 208.731962967184 37
20 204.711713764145 39
21 201.087922171635 41
22 198.127867221735 42
23 195.879148399155 44
24 194.384505407862 46
25 193.126817183646 48
26 191.31214264815 49
27 188.802882785878 51
28 186.577573948539 53
29 185.032545985192 55
30 184.103961764409 56
31 183.646127433702 58
32 183.384218142905 60
33 183.187081187908 62
34 183.013875109236 63
35 182.848512336311 65
36 182.681696110045 67
37 182.516877228313 69
38 182.364512301976 70
39 182.233273533199 72
40 182.131906792323 74
41 182.065141510996 76
42 182.027783530944 77
43 182.009329196343 79
44 182.000855704901 81
45 181.997064470307 83
46 181.995346824482 84

0 2966.60874491637 4
1 2459.82922486375 5
2 1767.31787546622 7
3 1340.7220486635 9
4 1141.70913159451 11
5 1024.95545966669 13
6 945.036816474302 14
7 887.322942915358 16
8 844.776667600886 18
9 812.486192585146 20
10 786.758443673713 21
11 765.809208019209 23
12 747.951740480007 25
13 732.120713330327 26
14 716.927685480901 28
15 701.763519094424 30
16 686.263703941952 32
17 669.99404028084 33
18 652.861055430897 35
19 635.645423050673 37
20 617.776272602676 38
21 597.212454555812 40
22 571.317222568237 42
23 538.834727789941 44
24 499.092409632275 45
25 448.052286425949 47
26 394.23611267004 49
27 342.363536997848 51
28 300.653859145692 52
29 273.770753895671 54
30 259.231217781062 56
31 250.334421555675 57
32 244.058797478356 59
33 239.469081999057 61
34 235.871596846359 63
35 232.829384438561 64
36 230.271472177983 66
37 227.988185906205 68
38 225.849204259889 70
39 223.789510735275 71
40 221.789097729806 73
41 219.806857907582 75
42 217.730796017687 76
43 215.334066463857 78
44 212.375045029629 80
45 209.518657555416 82
46 206.78540002748 83
47 203.486580931664 85
48 200.310977893297 87
49 197.73642537581 88
50 195.664212833458 90
51 193.788536959592 92
52 191.965083827104 93
53 190.141672683377 95
54 188.169176714337 97
55 186.107267149914 99
56 184.258016729783 101
57 182.317204264386 102
58 180.741045869551 104
59 179.567385145877 106
60 178.650598950839 107
61 177.732046631065 109
62 176.414000887494 111
63 175.157376143364 113
64 174.143616597559 115
65 173.379279383669 117
66 172.778169794417 118
67 172.279298363642 120
68 171.739146101919 122
69 171.084660639667 124
70 170.376387980574 126
71 169.499216496096 128
72 168.833205368475 129
73 168.314288044651 131
74 167.848542095952 133
75 167.360632379025 135
76 166.811232859283 136
77 166.090929534191 138
78 165.202899731089 140
79 164.506852986704 141
80 164.138199707179 143
81 163.962556895665 145
82 163.873412903455 147
83 163.823434894872 148
84 163.793114864542 150
85 163.773775547369 152
86 163.761085375317 154
87 163.752637590497 155
88 163.746980088411 157
89 163.743186527448 159
90 163.740645915021 161
91 163.738948299153 162
92 163.737816802048 164

0 3084.83821078412 4
1 2594.0523478571 5
2 1899.08512154991 7
3 1308.21227665613 9
4 983.403585047406 11
5 828.278170505 12
6 748.189207423831 14
7 697.052697944724 16
8 663.465785472469 18
9 635.598831610312 19
10 612.056249248625 21
11 592.02538711146 23
12 573.502916998753 25
13 555.698809613901 26
14 537.327629028647 28
15 516.939346648582 30
16 494.487683475706 31
17 469.520436855654 33
18 439.265451223908 35
19 405.309959558145 37
20 370.68253157514 38
21 340.772175915154 40
22 315.30763734043 42
23 291.36397570069 44
24 268.018160543594 45
25 248.888252903907 47
26 234.535308951632 49
27 222.673292492599 51
28 212.942537586221 52
29 204.804571324674 54
30 198.866853310632 56
31 194.589178933089 57
32 190.886027047355 59
33 188.038643762304 61
34 186.054744163669 63
35 184.629639686422 64
36 183.689507985482 66
37 183.139800043828 68
38 182.814488837977 70
39 182.599048474691 71
40 182.444320364571 73
41 182.334933710762 75
42 182.262910192502 76
43 182.218274238051 78
44 182.191038612135 80
45 182.173891845905 82
46 182.162360829256 84
47 182.153868820749 85
48 182.146860371132 87
49 182.140231767286 89
50 182.132959201543 90
51 182.123779022844 92
52 182.110794099124 94
53 182.090916188674 96
54 182.059250709009 97
55 182.009312658257 99
56 181.936495843408 101
57 181.846095027428 103
58 181.757087392091 104
59 181.689434933478 106
60 181.648664272424 108
61 181.627977727216 109
62 181.618541765468 111
63 181.614447251774 113
64 181.612675646646 115

0 3065.13478966825 4
1 2558.22827354084 5
2 1793.31588915455 7
3 1063.0072534643 9
4 647.449817754861 11
5 459.854805704747 12
6 372.508913032411 14
7 324.775673385937 16
8 294.157694493692 18
9 271.86440665098 19
10 254.607022978591 21
11 241.414457521875 23
12 231.34732295202 24
13 223.449114092883 26
14 217.46506269475 28
15 212.655409170024 30
16 208.436956526209 32
17 204.349698168435 34
18 199.616609358952 35
19 194.93115461198 37
20 190.747378193866 39
21 187.712638679923 40
22 185.741592975069 42
23 184.593082992957 44
24 184.064451168115 46
25 183.840202391401 47
26 183.741023398576 49
27 183.692290722531 51
28 183.664990455367 53
29 183.647502148601 55
30 183.63473093165 56
31 183.62406896629 58
32 183.613816445082 60
33 183.602445279999 62
34 183.588095002008 63
35 183.568053538175 65
36 183.53822442089 67
37 183.493155788844 69
38 183.428354619627 70
39 183.346327623485 72
40 183.2609832501 74
41 183.189514394978 76
42 183.138120520475 77
43 183.100168567313 79
44 183.063868796592 81
45 183.01712743785 83
46 182.949576195214 84
47 182.858525853018 86
48 182.757919787631 88
49 182.673025965863 90
50 182.61846058827 91
51 182.590318877477 93
52 182.577796987276 95
53 182.572658550304 97
54 182.570606031287 98
55 182.569768785928 100

0 2878.06788032414 4
1 2294.38624690495 5
2 1713.69801420322 7
3 1353.40947386249 9
4 1135.18208028693 11
5 949.601558683651 13
6 773.1078341674 14
7 619.62275025258 16
8 499.130385455524 18
9 412.238960125654 20
10 349.515477901597 21
11 302.514359815711 23
12 269.900159616759 25
13 246.978121475488 27
14 229.803832487514 28
15 216.648065159459 30
16 206.340889007386 32
17 197.88703484842 34
18 189.753096302415 35
19 181.872978378515 37
20 174.426695512816 39
21 168.573194923058 41
22 165.861207416503 43
23 164.670912923482 44
24 164.044818829675 46
25 163.683387473707 48
26 163.465278407459 50
27 163.329825300149 51
28 163.244040725714 53
29 163.18907848757 55
30 163.153666726048 57
31 163.130803128632 58
32 163.116031160685 60
33 163.106481834319 62
34 163.100302178844 64
35 163.096296163448 65
36 163.093693023723 67
37 163.091996600816 69
38 163.090887520665 71

0 2901.883805559 4
1 2185.47122446722 5
2 1465.48350890386 7
3 1083.10547304178 9
4 918.481015570368 11
5 810.992449434202 12
6 710.131597980541 14
7 610.304349473538 16
8 516.832887384857 18
9 434.206390891956 19
10 363.554959635604 21
11 311.811172650521 23
12 275.707082461243 24
13 251.152015541608 26
14 235.810337786858 28
15 225.573136174028 29
16 218.450122146978 31
17 213.176293877604 33
18 208.625486222803 35
19 205.280245471944 36
20 202.870430175673 38
21 201.093966388395 40
22 199.818092441223 41
23 198.896203335424 43
24 198.151170403362 45
25 197.440363983448 47
26 196.749758292923 48
27 196.074365555713 50
28 195.318657121596 52
29 194.394353779696 54
30 193.248440642307 55
31 191.847709806915 57
32 190.179938234535 59
33 188.349701722441 61
34 186.668213733512 63
35 185.241126439045 64
36 183.970047569155 66
37 183.027453131591 68
38 182.488547473013 70
39 182.21012364572 72
40 182.048609708949 73
41 181.935480686683 75
42 181.852421715469 77
43 181.796788715641 79
44 181.76383495085 81
45 181.745921691383 83
46 181.73643400482 85
47 181.731242607266 86
48 181.72817760772 88
49 181.726185891923 90
50 181.724766381716 92

0 2914.81376618535 4
1 2242.07599122377 6
2 1607.6017707922 7
3 1265.68605369176 10
4 1082.0147781665 12
5 942.637982639737 14
6 790.976196664069 15
7 632.139203482728 17
8 493.104389095469 19
9 389.594766222868 20
10 320.885641162066 22
11 280.699782440798 24
12 257.134305637023 26
13 241.302787838868 27
14 229.56862332789 29
15 220.113826606139 31
16 212.462259336241 33
17 206.725957082481 34
18 202.811873344575 36
19 200.063553125622 38
20 197.755529714314 39
21 195.438566268718 41
22 192.955288057003 43
23 190.528085116845 44
24 188.471350942346 46
25 186.842363457832 48
26 185.579135978762 49
27 184.697111237541 51
28 184.156081390337 53
29 183.804663626316 55
30 183.518701951563 56
31 183.253579245614 58
32 183.022018636003 60
33 182.845844839215 61
34 182.71777011423 63
35 182.610161883972 65
36 182.50463416737 67
37 182.405074493409 68
38 182.326601305506 70
39 182.276321350405 72
40 182.249102625332 73
41 182.235869156376 75
42 182.229726552278 77
43 182.226849784963 79
44 182.225421868748 80

0 2961.91054697126 4
1 2332.82298107129 5
2 1503.3378937395 7
3 952.689356830286 9
4 675.890509990682 10
5 520.782537430243 12
6 417.869523594953 14
7 345.049342888033 16
8 292.315672201369 18
9 252.491189354875 19
10 224.228518456031 21
11 203.342447313608 23
12 189.593911868333 25
13 181.843158520137 26
14 177.231254751799 28
15 174.142507868481 30
16 171.924905295053 31
17 170.436510165017 33
18 169.374913736597 35
19 168.519428223088 36
20 167.809775508444 38
21 167.223019327731 40
22 166.74874712662 42
23 166.376836550577 43
24 166.083251053658 45
25 165.85061527614 47
26 165.676456778415 48
27 165.556854363137 50
28 165.48023822438 52
29 165.433187933066 53
30 165.404710280338 55
31 165.387146520151 57
32 165.37566980661 59
33 165.367394359751 60
34 165.360562563471 62
35 165.353960344135 64
36 165.346512852392 65
37 165.336946376325 67
38 165.323399299256 69
39 165.302896704981 71
40 165.270785744851 72
41 165.220929145404 74
42 165.148832937545 76
43 165.059055611365 78
44 164.969362225474 79
45 164.89968128548 81
46 164.856728149839 83
47 164.834547983011 84
48 164.82434706342 86
49 164.819944809478 88
50 164.818088728084 90
51 164.817299032667 91

0 2910.65542834457 4
1 2146.87043924793 6
2 1474.56269439165 8
3 1134.00438377069 10
4 893.200466621893 11
5 673.786628610489 13
6 499.469895548309 15
7 375.791422742589 17
8 291.996735821019 19
9 243.642404858653 20
10 215.170883339288 22
11 197.427522880857 24
12 186.427038231217 26
13 179.880562760998 27
14 175.96102771994 29
15 173.418478930095 31
16 171.483451215654 33
17 169.884825586911 35
18 168.715186453587 37
19 167.987533375595 38
20 167.586514271557 40
21 167.370579644019 42
22 167.241496877049 44
23 167.151819080234 45
24 167.081592370893 47
25 167.022122767072 49
26 166.968322604987 51
27 166.914934214719 52
28 166.854684404865 54
29 166.778147267905 56
30 166.676772182012 58
31 166.549951696301 59
32 166.408678693414 61
33 166.266586975268 63
34 166.1328765195 64
35 166.019334500663 66
36 165.938658662362 68
37 165.891766847459 70
38 165.868583127912 71
39 165.858199606583 73
40 165.853727776666 75
41 165.851785058944 77
42 165.85090230853 78

0 2985.54619792774 4
1 2434.28093639948 6
2 1787.48168174291 7
3 1284.84974158148 9
4 1022.92215449304 11
5 881.799713321461 12
6 774.21232806962 14
7 682.894265458622 16
8 602.290820087433 17
9 519.150446564255 19
10 438.293020848397 21
11 373.023989842131 23
12 332.093848278313 24
13 304.206501203695 26
14 281.635897552395 28
15 261.312822024862 29
16 243.530256749184 31
17 226.879381828121 33
18 214.550665676217 35
19 205.664845589348 36
20 199.152727574576 38
21 194.009519160541 40
22 189.994177441055 41
23 186.865523330721 43
24 184.573470209308 45
25 183.017633419515 46
26 181.962987586734 48
27 181.180607934222 50
28 180.549495476075 52
29 180.000055481689 53
30 179.503319415652 55
31 179.073708119646 57
32 178.689141332692 59
33 178.314458026657 60
34 177.915955052772 62
35 177.464342291211 64
36 176.947283407137 66
37 176.382507470774 67
38 175.764970262554 69
39 175.108937849305 71
40 174.502109444833 72
41 173.974435877157 75
42 173.469984539532 76
43 172.823320317636 78
44 172.103011967421 80
45 171.180413514144 81
46 170.46932536222 83
47 169.927489750746 85
48 169.468448067983 87
49 168.989666973055 88
50 168.438260491533 90
51 167.731701011701 92
52 166.838990583668 93
53 166.077099387506 95
54 165.654193834555 97
55 165.453228022691 99
56 165.353453948208 100
57 165.298839901602 102
58 165.266419493845 104
59 165.246151959777 105
60 165.23310757491 107
61 165.224586668666 109
62 165.218984188936 111
63 165.215293182385 112
64 165.212861974272 114
65 165.211262223674 116

0 2898.85217730797 4
1 2208.22431638227 5
2 1496.72536613477 7
3 1078.65387399324 9
4 833.036666077621 11
5 650.404813770828 13
6 515.544860371853 15
7 425.301107895876 16
8 368.131434402748 18
9 330.563932603088 20
10 306.237652967104 21
11 288.51001992877 23
12 272.194835506113 25
13 258.302080450301 27
14 246.422739739975 29
15 236.489629433453 30
16 228.797122194188 32
17 222.613899317775 34
18 217.06015798313 36
19 213.000169380032 37
20 210.020255556833 39
21 207.746426448554 41
22 205.987101726286 43
23 204.57444777169 45
24 203.368165746062 47
25 202.283111018217 48
26 201.308434672109 50
27 200.458963856224 52
28 199.706761300898 54
29 198.985979275236 55
30 198.244772816952 57
31 197.471644391794 59
32 196.671892989407 60
33 195.836761622924 62
34 194.957387253065 64
35 194.043527774626 66
36 193.075506527368 67
37 191.936310710237 69
38 190.431346175279 71
39 188.49205013032 73
40 186.415996944867 74
41 184.641970513605 76
42 183.337645925628 78
43 182.551105514193 79
44 182.174986841374 81
45 182.014495266751 83
46 181.945921923324 84
47 181.914121220213 86
48 181.897184094785 88
49 181.886431171207 90
50 181.878141552779 91
51 181.87038935264 93
52 181.861771205392 95
53 181.850746422691 96
54 181.835069589201 98
55 181.811093436721 100
56 181.773094427274 102
57 181.71392413957 103
58 181.630139292609 105
59 181.531643441034 107
60 181.442039408814 108
61 181.379870204033 110
62 181.345420093185 112
63 181.328777138763 114
64 181.320834078674 115
65 181.31633092392 117
66 181.31272130942 119
67 181.308732843201 120
68 181.303519514295 122
69 181.296243361514 124
70 181.285880688164 126
71 181.271207350941 127
72 181.251070146851 129
73 181.225078116299 131
74 181.194497417301 133
75 181.162471333712 134
76 181.13282632387 136
77 181.108276837439 138
78 181.08963193373 139
79 181.076283543303 141
80 181.06706820068 143
81 181.060837094028 144
82 181.056671663328 146
83 181.053904391436 148
84 181.052072330893 150
85 181.050861846006 151

