0 36214.5353442421 113
1 34027.9946913772 136
2 29873.1264206086 159
3 22717.5782457543 182
4 15625.0847605245 205
5 11400.815404292 228
6 9095.02727588463 251
7 7719.58206234933 275
8 6802.89641261512 298
9 6133.66196219696 323
10 5632.32267743166 346
11 5240.79874294007 369
12 4916.7989788163 392
13 4631.2766553248 416
14 4369.60336696814 439
15 4131.10972665277 463
16 3908.16731589103 486
17 3696.95233456489 510
18 3498.0724010684 533
19 3306.83674729295 559
20 3120.5929205467 582
21 2938.70230836393 604
22 2762.20275668816 627
23 2590.64704609447 649
24 2430.97514659639 672
25 2286.29653754188 695
26 2161.96144633575 718
27 2053.95831236657 742
28 1962.62281070022 765
29 1885.31028833958 788
30 1827.8256582867 811
31 1786.93476675457 834
32 1757.61552153845 857
33 1736.47810422515 879
34 1721.51249387602 902
35 1710.71682663153 926
36 1703.0313086792 949
37 1697.64668742157 972
38 1693.76824563765 995
39 1690.9172646456 1017
40 1688.76302890317 1040
41 1687.11028809902 1062
42 1685.81978155988 1085
43 1684.78186958314 1108
44 1683.92594821818 1132
45 1683.21167668575 1155
46 1682.61697311711 1178
47 1682.1270783678 1200
48 1681.72620219508 1223
49 1681.39600029727 1246
50 1681.11786077079 1269
51 1680.87507027392 1292
52 1680.65481037151 1315
53 1680.45035359271 1339
54 1680.26190195479 1362
55 1680.09384545592 1385
56 1679.94925665706 1408
57 1679.82605133621 1430
58 1679.71772731177 1453
59 1679.61706471124 1476
60 1679.51956618168 1499
61 1679.42485808323 1522
62 1679.33596152532 1546
63 1679.25709741356 1568
64 1679.19126424888 1591
65 1679.13904474416 1614
66 1679.09897870238 1637
67 1679.06863825943 1660
68 1679.04553564797 1682
69 1679.02758486225 1705
70 1679.01321832262 1728

0 36420.8221814341 114
1 34832.3639162306 137
2 32717.8663479539 160
3 28888.8097890324 183
4 22493.9442792744 208
5 15450.4742226092 231
6 10077.6851705403 254
7 6836.59644588528 277
8 5048.54217235122 300
9 4004.44725162273 323
10 3338.04863741515 346
11 2869.74750536142 368
12 2533.24694244264 391
13 2286.99301123382 415
14 2105.45786785975 439
15 1980.63374717107 462
16 1895.17033817822 484
17 1835.65521536408 507
18 1793.84272099357 531
19 1765.20493793665 554
20 1744.96514509438 576
21 1730.0367250852 600
22 1718.91720379316 624
23 1710.49456855004 648
24 1703.78611973316 670
25 1698.5804819697 693
26 1694.57621026559 716
27 1691.48439382108 739
28 1689.02468731979 761
29 1687.01786328235 784
30 1685.43033623228 807
31 1684.25186000616 831
32 1683.41628123378 854
33 1682.82816553724 877
34 1682.40264444111 899
35 1682.07952958484 922
36 1681.82005394279 945
37 1681.599760561 968
38 1681.40355445408 991
39 1681.22328132941 1014
40 1681.05591243142 1038
41 1680.90097757575 1061
42 1680.7579934908 1083
43 1680.62534373918 1106
44 1680.5005399609 1129
45 1680.38092619616 1151
46 1680.26511733838 1174
47 1680.15517809139 1196
48 1680.0560660291 1219
49 1679.97118706913 1243
50 1679.89985045992 1266
51 1679.8390411387 1289
52 1679.78594547213 1312
53 1679.73898034997 1334
54 1679.69764318674 1357
55 1679.66194719119 1380
56 1679.63189880784 1402
57 1679.60721854684 1426
58 1679.58731747196 1451
59 1679.57142221907 1474

0 36195.649229509 112
1 34056.3454415647 134
2 30965.3183990752 158
3 25797.6458905107 181
4 18712.3381981444 204
5 12852.1101205911 227
6 9153.07187007168 250
7 6906.97547804218 272
8 5564.26934217359 295
9 4682.72871123244 317
10 4050.31317585312 340
11 3581.49366310106 364
12 3226.62056949787 387
13 2952.78398149557 411
14 2736.24562826039 433
15 2563.74633729834 456
16 2424.54677409338 478
17 2312.21605171457 501
18 2218.74165156879 523
19 2138.85031078367 546
20 2070.01371965799 569
21 2009.63658180791 592
22 1957.86949038526 615
23 1913.87756577382 637
24 1875.86844047555 660
25 1843.15138717497 683
26 1816.5263851839 705
27 1795.17277444941 728
28 1777.82064807257 752
29 1763.46652296401 775
30 1751.43553541397 798
31 1741.30168353524 821
32 1732.69044397191 844
33 1725.19880496535 867
34 1718.70895859484 890
35 1713.16084140862 913
36 1708.47475133643 935
37 1704.53807531517 958
38 1701.22930177413 982
39 1698.43978647202 1005
40 1696.07598430533 1028
41 1694.05864353241 1051
42 1692.32319326875 1074
43 1690.81891801848 1097
44 1689.50690673409 1120
45 1688.35725285652 1143
46 1687.34581168606 1167
47 1686.45111077742 1190
48 1685.65200459354 1214
49 1684.92670609118 1237
50 1684.25561667552 1260
51 1683.62952172487 1282
52 1683.05298471116 1305
53 1682.53425391264 1328
54 1682.08171335286 1351
55 1681.70592375064 1376
56 1681.40652537905 1401
57 1681.16981198579 1425
58 1680.97954106297 1448
59 1680.82302449589 1470
60 1680.69157042261 1493
61 1680.57930553593 1515
62 1680.48209846617 1538
63 1680.39686389818 1561
64 1680.321157628 1585
65 1680.25295264437 1608
66 1680.19052603777 1631
67 1680.13241515384 1654
68 1680.07740728309 1677
69 1680.02451470499 1699
70 1679.97288122986 1722
71 1679.92162799471 1744
72 1679.86984348524 1768
73 1679.81713531099 1792
74 1679.76473675339 1815
75 1679.71580340546 1837
76 1679.67370778412 1860
77 1679.64001209042 1883
78 1679.61422031028 1906
79 1679.59478760338 1928
80 1679.58004929718 1951

0 36278.7184510555 113
1 34600.0584843139 136
2 32671.7137446034 158
3 29816.6754219425 181
4 25014.9433067012 203
5 18070.6864312689 227
6 11375.1819072026 250
7 7163.01547371257 273
8 5016.11323205563 296
9 3899.16835711982 318
10 3259.67076556857 341
11 2851.02496365869 364
12 2565.71803106164 387
13 2353.74094499414 410
14 2194.17677473681 435
15 2076.51664461397 459
16 1986.45375081575 481
17 1918.37063691253 504
18 1864.72998631313 527
19 1821.84680975062 549
20 1787.82467015196 572
21 1760.9586904722 594
22 1740.29634027612 617
23 1725.36668663867 641
24 1714.58947055056 664
25 1706.59763606851 687
26 1700.51808238368 710
27 1695.93967685971 732
28 1692.62917104571 755
29 1690.2264489407 778
30 1688.43729052816 801
31 1687.06549591526 824
32 1685.98302777233 849
33 1685.10716201437 873
34 1684.38598191362 896
35 1683.78668073647 919
36 1683.2853782083 942
37 1682.86040297142 965
38 1682.49049998585 987
39 1682.1594661124 1010
40 1681.86337316701 1033
41 1681.60668859254 1057
42 1681.39068826375 1081
43 1681.21032665845 1104
44 1681.05827091546 1127
45 1680.92832940192 1150
46 1680.81629416259 1173
47 1680.7193718127 1195
48 1680.63537677852 1218
49 1680.56219952702 1242
50 1680.49759033184 1266
51 1680.43912180359 1288
52 1680.38421386314 1311
53 1680.33019842294 1334
54 1680.27450507378 1356
55 1680.21512341102 1379
56 1680.15142233414 1402
57 1680.08500281219 1424
58 1680.01971261194 1448
59 1679.96018959739 1471
60 1679.90973127254 1494
61 1679.86916766266 1517
62 1679.83731440621 1540
63 1679.81213135066 1563
64 1679.79162712369 1586
65 1679.77424323812 1608
66 1679.75889086975 1631

0 36175.0132661946 111
1 34486.5388226912 134
2 32478.5594810979 156
3 29710.7102923612 178
4 25823.5140454596 202
5 21336.6993389082 225
6 17386.7641252084 249
7 14452.7535391525 271
8 12275.3430709463 294
9 10520.049501292 317
10 9117.79346010149 339
11 7989.07881575178 362
12 7087.27758904377 385
13 6379.63822569147 408
14 5795.51041010252 432
15 5287.90682312066 455
16 4892.83628765353 478
17 4611.59004058312 500
18 4408.98065620782 523
19 4248.45771685525 546
20 4113.43808624129 568
21 4000.19600094393 591
22 3905.09260145022 613
23 3824.9843894992 638
24 3758.11386035269 663
25 3702.45988364762 686
26 3656.39210935865 708
27 3617.95904661654 731
28 3586.61485724861 753
29 3560.15152509165 776
30 3537.87045274558 799
31 3519.34002942907 822
32 3503.69733075712 846
33 3490.07493161868 869
34 3478.04259467739 892
35 3467.27665995149 914
36 3457.69156818043 937
37 3449.21177903547 959
38 3441.53331486075 982
39 3434.74670605725 1004
40 3429.0062196363 1028
41 3424.06830859751 1051
42 3419.72699269655 1074
43 3416.01813188624 1097
44 3412.85242560268 1120
45 3410.06220142748 1142
46 3407.52191230538 1165
47 3405.166558349 1188
48 3403.14174165586 1211
49 3401.42135141598 1234
50 3399.92050417046 1257
51 3398.55956315023 1280
52 3397.28095673614 1302
53 3396.06021625302 1325
54 3394.90074474751 1348
55 3393.80952506866 1370
56 3392.78545472692 1393
57 3391.81844469507 1415
58 3390.89490439138 1439
59 3390.00301727073 1462
60 3389.13342993795 1485
61 3388.27631288878 1508
62 3387.41994737361 1530
63 3386.5547992086 1554
64 3385.67947837482 1576
65 3384.80108332023 1599
66 3383.92780489175 1622
67 3383.05829891274 1645
68 3382.18038206123 1668
69 3381.29378132333 1691
70 3380.41571424205 1713
71 3379.55283497423 1736
72 3378.68723976547 1759
73 3377.79692436089 1782
74 3376.90406117913 1805
75 3376.04163583128 1828
76 3375.21456083629 1852
77 3374.40573634387 1876
78 3373.57255416437 1899
79 3372.67489281965 1922
80 3371.67504219693 1945
81 3370.5917217804 1968
82 3369.49614507637 1990
83 3368.40316053799 2013
84 3367.27826229469 2036
85 3366.06927659878 2060
86 3364.79490401885 2084
87 3363.49045445556 2107
88 3362.12877590062 2130
89 3360.67651700625 2153
90 3358.93612913746 2176
91 3356.58453621275 2199
92 3353.7385858109 2221
93 3350.7637471157 2244
94 3347.93024075965 2268
95 3345.36747787727 2291
96 3343.23716674771 2315
97 3341.53942831755 2337
98 3340.15769824558 2360
99 3338.92478792439 2383
100 3337.73326304631 2406
101 3336.57201077226 2428
102 3335.41821252318 2452
103 3334.25382113671 2477
104 3333.06653382136 2499
105 3331.86631892225 2522
106 3330.66604474328 2545
107 3329.48155362659 2568
108 3328.26327081657 2591
109 3327.02127567247 2613
110 3325.80866814286 2636
111 3324.63099806177 2661
112 3323.47957367101 2684
113 3322.2459302361 2706
114 3320.84538302352 2729
115 3319.29307049097 2752
116 3317.77537675962 2775
117 3316.27881831239 2798
118 3314.71841646354 2821
119 3313.05217568024 2844
120 3311.41449163305 2867
121 3309.79969533556 2891
122 3308.18723229931 2914
123 3306.63382197233 2936
124 3305.16912186806 2959
125 3303.78324446557 2982
126 3302.46206849024 3004
127 3301.19164115032 3027
128 3299.94169374358 3050
129 3298.69699377746 3074
130 3297.35980642707 3097
131 3295.79158344177 3120
132 3294.10702534737 3142
133 3292.45167287778 3165
134 3290.87174097851 3188
135 3289.32514478482 3210
136 3287.69723366752 3233
137 3285.77017719092 3256
138 3283.50414205833 3280
139 3281.39505955128 3304
140 3279.48154169059 3327
141 3277.81652823648 3351
142 3276.30699394983 3374
143 3274.83396209621 3396
144 3273.34293507142 3419
145 3271.80809741809 3442
146 3270.22480936084 3465
147 3268.54541740599 3489
148 3266.68557241076 3512
149 3264.77257974598 3534
150 3262.8746951285 3557
151 3261.02875307229 3580
152 3259.2239364259 3602
153 3257.40775025095 3625
154 3255.5065902866 3648
155 3253.42095647937 3672
156 3251.11728029736 3696
157 3248.54735461395 3719
158 3245.70655817927 3742
159 3242.66360613084 3764
160 3239.4946819165 3787
161 3236.05337361965 3809
162 3232.20320406025 3832
163 3228.06244984678 3854
164 3223.62611509306 3878
165 3218.31006720884 3901
166 3212.57716049117 3924
167 3206.62701860666 3947
168 3201.18850203713 3969
169 3196.25570497294 3992
170 3191.5585731131 4015
171 3186.95019218322 4037
172 3182.30339784837 4061
173 3177.38462827982 4084
174 3172.28565341501 4108
175 3166.6833164492 4131
176 3160.60371143087 4153
177 3153.53769207371 4176
178 3145.16880947941 4199
179 3136.62569615536 4222
180 3127.70642211633 4244
181 3118.7958984407 4268
182 3110.89571781961 4291
183 3103.56376363891 4315
184 3096.35355385456 4338
185 3089.16164913976 4361
186 3081.79379689704 4383
187 3074.21638714706 4406
188 3065.80400054752 4429
189 3056.85362623568 4452
190 3047.74396725392 4475
191 3038.0634291794 4499
192 3027.45120513386 4522
193 3016.12932280979 4545
194 3004.64143254149 4568
195 2993.09011216936 4591
196 2980.88840598494 4614
197 2967.31270386736 4637
198 2952.46997706226 4660
199 2936.48665784565 4684
200 2918.11913488415 4707
201 2898.15063941938 4730
202 2876.24959805409 4753
203 2852.12437525066 4776
204 2825.77519511977 4798
205 2796.26826646892 4821
206 2763.49962454789 4844
207 2728.66504853274 4867
208 2691.74618671024 4891
209 2653.66848575459 4915
210 2614.35432991029 4940
211 2574.57974355456 4962
212 2534.60101412082 4985
213 2491.66092315805 5007
214 2444.94806465208 5030
215 2393.19711551017 5053
216 2337.92723906036 5075
217 2282.33397122317 5100
218 2229.5464249077 5123
219 2180.76384587424 5145
220 2136.33982254021 5168
221 2094.1312177753 5190
222 2054.88421107875 5214
223 2018.43846748546 5236
224 1984.7856358301 5259
225 1954.91257653035 5283
226 1929.39114751692 5307
227 1907.49512703465 5330
228 1887.06692581374 5352
229 1867.60113829193 5375
230 1848.73188133374 5398
231 1830.57546152945 5420
232 1815.1995991007 5443
233 1802.49422476157 5465
234 1791.86249789252 5488
235 1782.2817582019 5512
236 1772.55639285014 5535
237 1763.0029574248 5559
238 1753.8303605874 5582
239 1745.27450492249 5605
240 1737.56784832602 5629
241 1730.81719393845 5651
242 1724.97134137379 5674
243 1719.58664892997 5699
244 1714.99846527043 5722
245 1711.39365286338 5745
246 1708.53810406069 5768
247 1706.17513685207 5790
248 1704.1640678565 5813
249 1702.38955561198 5836
250 1700.70056941957 5858
251 1698.94252211997 5881
252 1697.00879559652 5905
253 1694.82398554824 5928
254 1692.35070008041 5951
255 1690.1681603349 5973
256 1688.3450789402 5996
257 1686.86845144393 6019
258 1685.63284113252 6041
259 1684.51461277502 6064
260 1683.57157818833 6087
261 1682.86883424231 6111
262 1682.33827140832 6134
263 1681.92142294029 6157
264 1681.59899784294 6180
265 1681.35420350991 6203
266 1681.16630808999 6225
267 1681.01660242757 6248
268 1680.89118380141 6271
269 1680.7802451853 6295
270 1680.67658923898 6319
271 1680.57540715347 6342
272 1680.47567126585 6365
273 1680.38107231638 6388
274 1680.29755223809 6410
275 1680.22885095401 6433
276 1680.17471943296 6456
277 1680.13236310221 6478
278 1680.09842130331 6502
279 1680.07000278806 6525
280 1680.0448734141 6549
281 1680.02125200886 6572
282 1679.99749407467 6594
283 1679.97174453057 6618
284 1679.94154462888 6640
285 1679.90344620992 6663
286 1679.85311601753 6686
287 1679.78717044121 6710
288 1679.70705962231 6733
289 1679.62067643248 6756
290 1679.5376090607 6779
291 1679.46341361175 6802
292 1679.3985395308 6825
293 1679.34028874996 6847
294 1679.28518899035 6870
295 1679.23091752777 6892
296 1679.17747888755 6916
297 1679.12718974912 6939
298 1679.08329633736 6962
299 1679.04809808842 6984
300 1679.02196175522 7007
301 1679.00365146353 7030
302 1678.99126189782 7052

0 36278.2096433131 112
1 33828.2092479808 135
2 29217.4710368699 158
3 21260.1470658911 180
4 13754.5689638855 203
5 9696.89953652111 226
6 7913.55360641824 249
7 7094.11406868127 272
8 6620.96036537228 296
9 6278.39427133246 318
10 5993.03816032203 341
11 5731.89735575067 364
12 5481.56634142023 387
13 5234.48758758766 410
14 4995.90536966871 432
15 4772.37737232348 456
16 4562.720704925 479
17 4367.82914406392 502
18 4194.39959147867 525
19 4040.52209553668 548
20 3902.40978653233 571
21 3780.39789267112 594
22 3672.42512495642 616
23 3574.87671967522 639
24 3488.30791423401 663
25 3409.71671804337 688
26 3338.41968975455 711
27 3272.16418601913 734
28 3211.51588689502 757
29 3155.27750996894 780
30 3102.2460046766 802
31 3050.473866407 824
32 3002.75042032727 847
33 2956.42655197278 870
34 2911.4810958844 894
35 2868.97225234914 917
36 2826.02718996558 939
37 2782.53354002994 962
38 2738.99696556045 984
39 2694.45132169396 1007
40 2648.26022944245 1029
41 2600.73547372875 1052
42 2552.71368787681 1075
43 2503.81753225823 1099
44 2456.14244942018 1122
45 2407.84551284182 1145
46 2360.49586285778 1167
47 2317.85885790515 1190
48 2279.02608247745 1213
49 2242.45150408762 1235
50 2205.10515965662 1258
51 2167.21720740294 1282
52 2129.57189939502 1305
53 2092.71270652481 1328
54 2058.2708728888 1350
55 2026.04751324533 1373
56 1996.45502160426 1396
57 1969.64020251368 1418
58 1944.46433351727 1441
59 1920.32010266617 1463
60 1897.31711440949 1487
61 1875.40591876848 1511
62 1856.21085956043 1534
63 1839.11994810234 1557
64 1823.49115400896 1579
65 1810.40145302391 1603
66 1799.24384585821 1626
67 1788.89952248806 1649
68 1778.43006778674 1672
69 1767.65067611216 1695
70 1757.22865474183 1719
71 1747.68505496476 1741
72 1738.71892963934 1764
73 1730.6552631081 1787
74 1724.03642229133 1809
75 1718.37258064448 1832
76 1713.66553299865 1855
77 1709.85612764188 1878
78 1706.78182626757 1903
79 1704.23250684953 1927
80 1701.99672394684 1950
81 1699.95254862903 1973
82 1697.93187193422 1995
83 1695.55678121352 2018
84 1693.08511126961 2041
85 1690.84770621589 2064
86 1688.90568347304 2088
87 1687.22910901907 2112
88 1685.94068687526 2134
89 1684.98719522053 2158
90 1684.1561314302 2181
91 1683.3503517517 2204
92 1682.67078350827 2226
93 1682.16192256169 2250
94 1681.78352409968 2273
95 1681.49614514892 2297
96 1681.27538643888 2320
97 1681.10217372936 2343
98 1680.9600483229 2365
99 1680.835196219 2388
100 1680.71693002278 2410
101 1680.59865800161 2433
102 1680.47900477007 2456
103 1680.36173644845 2479
104 1680.25291031253 2503
105 1680.15661684809 2526
106 1680.07302892699 2549
107 1679.99936129547 2571
108 1679.93166118252 2594
109 1679.86667421268 2617
110 1679.80411257139 2640
111 1679.74734287114 2662
112 1679.7003318672 2685
113 1679.66434218542 2709
114 1679.63793476095 2732
115 1679.61865883518 2755
116 1679.60425268392 2777

0 35773.7614692501 109
1 34094.4631672553 133
2 32091.397998631 156
3 28994.7048002161 178
4 23998.2230487107 201
5 17733.8067491899 224
6 12564.9902706713 247
7 9150.14256851457 269
8 7135.85317488284 292
9 6023.13640970469 315
10 5363.73884487892 338
11 4911.41703457395 361
12 4552.42798312325 384
13 4242.11341992615 407
14 3954.93544198731 429
15 3681.24934708634 452
16 3420.04219837376 475
17 3176.89684892141 497
18 2954.54120522407 521
19 2757.73576933071 546
20 2584.66088370838 569
21 2436.34638910787 591
22 2310.64480212285 614
23 2205.32243172983 636
24 2117.90625949119 659
25 2047.60812428341 682
26 1989.78023323055 704
27 1941.03311841278 728
28 1900.29986668546 752
29 1866.80538326211 775
30 1839.15192548014 798
31 1816.06673207964 820
32 1796.60546249177 844
33 1780.06029890119 866
34 1765.94707449411 889
35 1753.92144769036 912
36 1743.65078184824 936
37 1734.85524607739 959
38 1727.3298935259 982
39 1720.87626893773 1005
40 1715.31308765603 1028
41 1710.49360328035 1051
42 1706.30965791575 1073
43 1702.68348496897 1096
44 1699.55277305361 1119
45 1696.86117113645 1143
46 1694.55553728654 1166
47 1692.58549910071 1189
48 1690.9038487261 1212
49 1689.4672028703 1234
50 1688.23668981573 1257
51 1687.17856378856 1280
52 1686.26456945632 1302
53 1685.47189999996 1325
54 1684.78265989048 1350
55 1684.18285383813 1373
56 1683.66113644542 1395
57 1683.20773005621 1418
58 1682.81380473694 1441
59 1682.47128436077 1464
60 1682.17283199794 1487
61 1681.9118097898 1509
62 1681.68215288775 1533
63 1681.47820255204 1556
64 1681.29462323308 1579
65 1681.12664202866 1602
66 1680.97085161044 1624
67 1680.8262574499 1647
68 1680.69433452173 1670
69 1680.57736624746 1692
70 1680.47641357256 1715
71 1680.39066424891 1738
72 1680.31811163009 1762
73 1680.25647272951 1785
74 1680.203718267 1807
75 1680.15822067601 1831
76 1680.11871709111 1854
77 1680.08422639298 1877
78 1680.05397603537 1900
79 1680.02734945641 1922
80 1680.00384981178 1947
81 1679.98307383218 1971
82 1679.96469145153 1994
83 1679.94842896298 2016

0 36142.5591068846 111
1 33941.4100460046 134
2 29909.7132954012 158
3 22507.8692604757 181
4 14603.4179592474 203
5 9917.70320426082 226
6 7682.05041296989 249
7 6576.86621139852 272
8 5942.20548618238 295
9 5513.60896447555 319
10 5177.52570474386 342
11 4888.34261187674 366
12 4618.62295944331 388
13 4344.96898586621 411
14 4058.0734690978 434
15 3748.94176829914 456
16 3426.30089503987 479
17 3111.06422790292 501
18 2826.86086787825 524
19 2579.76067920371 548
20 2374.09265608118 571
21 2212.39894266417 594
22 2088.15864099154 617
23 1990.76680852109 640
24 1918.03706716289 663
25 1865.54434553992 685
26 1827.05202023021 708
27 1797.75408141884 731
28 1775.00503017666 755
29 1757.4061926221 778
30 1743.66256775212 801
31 1732.7568483044 824
32 1723.98728307389 847
33 1716.86268570229 870
34 1711.03051287094 893
35 1706.23131194318 916
36 1702.26377142505 939
37 1698.96484078841 962
38 1696.20373612391 985
39 1693.87548672704 1008
40 1691.89160973799 1030
41 1690.1788347863 1053
42 1688.68786841389 1076
43 1687.39368265386 1098
44 1686.28087789938 1121
45 1685.33413139455 1144
46 1684.53674272565 1168
47 1683.8701622535 1191
48 1683.31450274099 1214
49 1682.85030403799 1237
50 1682.46028463846 1260
51 1682.13021529454 1283
52 1681.84888816343 1306
53 1681.60759898359 1329
54 1681.39953227975 1354
55 1681.21923287973 1378
56 1681.06219667359 1401
57 1680.92456240672 1424
58 1680.80288761728 1447
59 1680.69400308019 1489
60 1680.5949504258 1512
61 1680.50302298388 1535
62 1680.41594438492 1559
63 1680.33219550112 1582
64 1680.25138674164 1605
65 1680.17439972694 1628
66 1680.10300460178 1651
67 1680.0390066677 1674
68 1679.98343046668 1696
69 1679.93623758025 1719
70 1679.89658951037 1743
71 1679.86330568386 1766
72 1679.83521578395 1789
73 1679.81132473905 1812
74 1679.79084390497 1835
75 1679.77316229997 1857
76 1679.75780439399 1881

0 35851.3084745996 111
1 33642.0202828506 134
2 30439.778326496 157
3 25114.1786144843 179
4 18569.1693618634 202
5 13690.3358449898 224
6 10751.5528403496 247
7 8964.46418017896 270
8 7836.20855543597 294
9 7057.45078235033 316
10 6467.27418131707 339
11 5996.406136223 362
12 5610.75571439094 385
13 5287.05320913968 407
14 4998.00417584238 430
15 4728.15925250905 452
16 4461.9321000688 476
17 4195.14370692634 499
18 3927.59062873724 522
19 3661.93575045468 544
20 3400.80437848202 568
21 3145.61451463924 590
22 2908.23549155048 612
23 2687.79025350554 635
24 2495.48144313321 657
25 2335.61967311645 681
26 2206.61954862514 704
27 2104.2118357207 727
28 2019.19765144384 750
29 1951.20476557555 772
30 1897.15917468703 795
31 1855.7362612866 820
32 1824.14802389326 845
33 1800.58129814125 869
34 1783.13580096652 893
35 1769.63397089729 919
36 1759.44201195275 942
37 1751.32659050224 965
38 1744.51620208169 987
39 1738.50270206741 1011
40 1732.93251476003 1034
41 1727.18424957164 1057
42 1721.87095622931 1080
43 1717.16309875288 1104
44 1713.03906233914 1127
45 1708.86434489944 1150
46 1704.51407324062 1173
47 1700.74295441405 1196
48 1697.69564455953 1219
49 1695.25554544848 1241
50 1693.14728353468 1264
51 1691.59240810164 1287
52 1690.38479547632 1311
53 1689.09192185875 1334
54 1688.0611012469 1357
55 1687.27674951197 1380
56 1686.62501422929 1402
57 1685.97842818573 1425
58 1685.34975124104 1447
59 1684.66854593822 1470
60 1684.05702747407 1494
61 1683.54759973571 1517
62 1683.11257808067 1540
63 1682.71903574183 1563
64 1682.31668700897 1585
65 1681.85542058254 1608
66 1681.37759445559 1631
67 1680.99458892019 1653
68 1680.73830253416 1676
69 1680.56939927318 1700
70 1680.44797058973 1723
71 1680.35095959064 1745
72 1680.26618611753 1768
73 1680.18643577498 1790
74 1680.10666033262 1814
75 1680.0234243338 1836
76 1679.93579575521 1859
77 1679.84637330194 1882
78 1679.76049875739 1906
79 1679.68333877996 1929
80 1679.61735624111 1952
81 1679.56215545498 1974
82 1679.51588219968 1997
83 1679.47654534167 2021
84 1679.4426277571 2044
85 1679.41315327419 2067
86 1679.3875233452 2090
87 1679.3653255206 2114
88 1679.34619955719 2138
89 1679.32977639703 2160

0 35616.8620916555 111
1 32388.9495450023 135
2 25745.7069236096 158
3 16778.5440144878 181
4 10980.3416107444 204
5 8401.02814165822 227
6 7280.79354409921 250
7 6770.30382309599 273
8 6485.80476417482 295
9 6286.86056908023 318
10 6117.33481945907 341
11 5956.96193914284 364
12 5795.88018169731 387
13 5631.15588535706 410
14 5461.28562281743 432
15 5286.31454439193 455
16 5107.3948291939 477
17 4927.74670527224 500
18 4745.8385061891 522
19 4566.58163573317 545
20 4396.90554756685 569
21 4242.81964949351 591
22 4104.97329779914 614
23 3988.70328967807 636
24 3890.96625304966 659
25 3810.56070335686 682
26 3745.57418865116 704
27 3692.86070093429 727
28 3648.70618183994 750
29 3612.56496823764 774
30 3584.00564075836 797
31 3561.7297070253 819
32 3543.89212478696 842
33 3528.94393607895 866
34 3516.47895389916 889
35 3506.27096484634 912
36 3498.11950752322 934
37 3491.48512775725 958
38 3486.17687241881 981
39 3481.8165722655 1004
40 3478.16579292683 1026
41 3475.01470023017 1049
42 3472.10369944482 1072
43 3469.42623558408 1094
44 3466.99515929969 1117
45 3464.77483030075 1139
46 3462.78980496263 1163
47 3461.03853302916 1186
48 3459.49285246573 1209
49 3458.06375980392 1231
50 3456.72520972667 1254
51 3455.49607519415 1276
52 3454.36332275151 1299
53 3453.30180342194 1321
54 3452.28315868564 1344
55 3451.27673468694 1369
56 3450.25647704734 1394
57 3449.20968839526 1416
58 3448.14409089924 1439
59 3447.0708776247 1461
60 3445.99607475203 1484
61 3444.91863850509 1507
62 3443.82382136557 1530
63 3442.68929058877 1553
64 3441.46985483503 1576
65 3440.13711223869 1599
66 3438.75940047136 1622
67 3437.33360763442 1644
68 3435.85485045439 1667
69 3434.25285883105 1689
70 3432.39680816154 1712
71 3430.42754784118 1734
72 3428.16871671843 1758
73 3425.49230204221 1781
74 3423.02860318622 1804
75 3420.61804772272 1827
76 3418.21925731464 1850
77 3416.29672486642 1874
78 3414.86995898046 1896
79 3413.77592150499 1919
80 3412.85448384546 1942
81 3412.01270732737 1965
82 3411.22499684509 1989
83 3410.48333842664 2012
84 3409.76899374579 2034
85 3409.06564121202 2057
86 3408.36722302744 2080
87 3407.68252344442 2102
88 3407.01692050745 2125
89 3406.3658873676 2147
90 3405.71616617261 2171
91 3405.01704925333 2194
92 3404.2266975016 2217
93 3403.24929975206 2239
94 3402.18636138065 2262
95 3401.03992842652 2285
96 3399.79078209648 2308
97 3398.58009627222 2330
98 3397.43897537014 2353
99 3396.35642119947 2377
100 3395.30072708287 2400
101 3394.315224492 2422
102 3393.42788308166 2445
103 3392.64163134339 2467
104 3391.94511454701 2490
105 3391.31953586344 2513
106 3390.74244329305 2535
107 3390.17034985694 2557
108 3389.57332875124 2581
109 3388.98977521351 2604
110 3388.3864737443 2627
111 3387.78151542465 2649
112 3387.18387264831 2672
113 3386.61367513854 2695
114 3386.06468644795 2717
115 3385.52250288707 2740
116 3384.9826773557 2762
117 3384.45291185769 2787
118 3383.93761535482 2811
119 3383.43400962172 2834
120 3382.93300897838 2857
121 3382.41504474526 2879
122 3381.851860873 2903
123 3381.24329010598 2926
124 3380.60733317596 2948
125 3379.95196707095 2971
126 3379.27005990864 2995
127 3378.56040219819 3019
128 3377.8443873812 3041
129 3377.12916497775 3064
130 3376.41318058817 3087
131 3375.68776637621 3110
132 3374.95050125059 3132
133 3374.15203711391 3155
134 3373.25987401999 3178
135 3372.40649929101 3201
136 3371.60008512863 3224
137 3370.82499719422 3247
138 3370.04968329602 3269
139 3369.14081166202 3292
140 3368.18525724772 3315
141 3367.23993584995 3337
142 3366.29009019918 3360
143 3365.28009202797 3383
144 3364.16222737854 3407
145 3362.95711362074 3429
146 3361.69957522379 3452
147 3360.34889420012 3474
148 3358.87365373479 3497
149 3357.32478407575 3520
150 3355.44688023917 3542
151 3352.7840083097 3565
152 3349.88016097498 3588
153 3347.13854339018 3612
154 3344.6330512964 3634
155 3342.47346183017 3657
156 3340.66757967304 3679
157 3339.14816817969 3703
158 3337.77787582318 3725
159 3336.49836811873 3747
160 3335.29429610009 3770
161 3334.15095010564 3793
162 3333.05454748943 3816
163 3331.96376690888 3839
164 3330.92786252895 3862
165 3329.94648058177 3885
166 3328.99644517058 3908
167 3328.01889469932 3931
168 3326.95219934684 3953
169 3325.74556490437 3976
170 3324.55013085392 4000
171 3323.33919213927 4023
172 3322.09421819788 4046
173 3320.80609304646 4068
174 3319.49026371267 4091
175 3318.16240588636 4114
176 3316.80867938572 4136
177 3315.42290899726 4159
178 3314.01802645595 4181
179 3312.62732373358 4206
180 3311.26432439028 4230
181 3309.91894945915 4253
182 3308.58382370969 4276
183 3307.23146050587 4298
184 3305.85374158322 4321
185 3304.51006693684 4343
186 3303.1852430762 4366
187 3301.78796089372 4389
188 3300.43409813769 4413
189 3299.01308348949 4436
190 3297.61061595391 4459
191 3296.24020061085 4482
192 3294.82559195593 4504
193 3293.27105060669 4527
194 3291.60376958018 4550
195 3289.91951388218 4572
196 3288.26025272084 4595
197 3286.4835735333 4619
198 3284.6202065233 4642
199 3282.634880322 4665
200 3280.42543212764 4687
201 3278.38973527791 4710
202 3276.59940017159 4733
203 3274.9600298316 4755
204 3273.36506946031 4778
205 3271.79007488995 4802
206 3270.1287415883 4825
207 3268.34713032931 4848
208 3266.50775434451 4871
209 3264.59279729222 4894
210 3262.67531919511 4918
211 3260.81632062171 4940
212 3258.99160466297 4963
213 3257.12369831097 4986
214 3255.11871333462 5010
215 3252.92716434792 5033
216 3250.53466985002 5056
217 3247.89276065132 5079
218 3245.00476642951 5102
219 3241.99850440208 5125
220 3238.83169035983 5147
221 3235.31800064031 5170
222 3231.37621082944 5193
223 3227.21135650418 5216
224 3222.6478510704 5239
225 3217.3402495273 5262
226 3211.67989997243 5285
227 3205.95664950549 5308
228 3200.68551071045 5330
229 3195.8607646177 5353
230 3191.20915323232 5375
231 3186.55974475336 5398
232 3181.7279292593 5421
233 3176.79516837893 5444
234 3171.6997030336 5467
235 3166.14229799568 5489
236 3160.13038324644 5512
237 3153.12733310504 5535
238 3144.77584279731 5557
239 3136.16357305068 5580
240 3127.20342703439 5603
241 3118.21975776993 5628
242 3110.28903903534 5651
243 3102.95563632199 5675
244 3095.81133780379 5697
245 3088.61348772897 5720
246 3081.2637860612 5743
247 3073.67610235667 5765
248 3065.04471924819 5788
249 3056.01533440301 5811
250 3046.74271064596 5835
251 3036.90705538782 5858
252 3026.15024731487 5880
253 3014.69761614384 5903
254 3003.06168924421 5926
255 2991.41257431489 5949
256 2978.94562846926 5972
257 2965.08282406233 5994
258 2950.05736137212 6018
259 2933.74863055908 6041
260 2915.11903666638 6063
261 2894.93695685521 6086
262 2872.76286914833 6109
263 2848.19785026499 6131
264 2821.39402181446 6153
265 2791.18446767819 6176
266 2758.00621867566 6199
267 2722.87156580285 6223
268 2685.70058330218 6246
269 2647.26004851114 6269
270 2607.82632909063 6291
271 2567.82158802899 6314
272 2527.518683224 6337
273 2483.53998142924 6359
274 2436.17820297546 6381
275 2383.11514784016 6404
276 2327.48607467755 6427
277 2271.870429492 6451
278 2219.42539672634 6474
279 2171.28940636813 6496
280 2127.15897021177 6519
281 2085.37161970918 6542
282 2046.71435407791 6564
283 2010.91044403528 6587
284 1978.06516913426 6610
285 1949.13188389353 6633
286 1924.55824418128 6657
287 1903.22027634806 6680
288 1882.91204866928 6702
289 1863.58130159385 6725
290 1844.94641706596 6748
291 1827.18670256214 6771
292 1812.26571616494 6793
293 1800.05884772935 6816
294 1789.72278756593 6840
295 1780.39775927496 6864
296 1770.97676254278 6887
297 1761.73241628952 6910
298 1752.96498705286 6932
299 1744.87602885672 6956
300 1737.43477029177 6979
301 1731.1184453901 7001
302 1725.60423949064 7024
303 1720.41467676616 7049
304 1715.92080148955 7073
305 1712.03948952371 7096
306 1708.80265085065 7118
307 1705.9413240557 7141
308 1703.31140274811 7164
309 1700.88062035677 7187
310 1698.54080586135 7209
311 1696.18976459925 7232
312 1693.75398418908 7256
313 1691.59611106617 7280
314 1689.81915908644 7303
315 1688.33924633466 7326
316 1687.11539404751 7348
317 1686.12183321161 7371
318 1685.23659243539 7394
319 1684.44761813071 7416
320 1683.83905000941 7439
321 1683.39334621016 7463
322 1683.05450601435 7485
323 1682.77121720666 7508
324 1682.5178329838 7530
325 1682.29434146837 7553
326 1682.10338573334 7576
327 1681.93809339108 7598
328 1681.78630098905 7621
329 1681.63779027532 7644
330 1681.48552872915 7667
331 1681.31975883675 7690
332 1681.12140790391 7713
333 1680.86833643953 7735
334 1680.56434039964 7759
335 1680.25668755692 7782
336 1679.99786860272 7804
337 1679.80439767078 7827
338 1679.66332739011 7851
339 1679.55798881416 7874
340 1679.4781339036 7897
341 1679.41801404458 7920
342 1679.37345408595 7943
343 1679.34077516813 7966
344 1679.31679018245 7989
345 1679.29896112184 8012
346 1679.28541027383 8035

0 36093.5569315902 112
1 33861.0335368172 134
2 29978.4557848308 157
3 22839.7870805999 180
4 15112.1479204196 203
5 10431.8555598212 227
6 7841.28608631158 250
7 6389.09597420964 273
8 5483.22161309072 295
9 4839.18869433767 318
10 4338.34556846152 341
11 3931.91462661651 364
12 3596.46592178284 386
13 3314.44126533177 409
14 3073.70299803346 434
15 2868.02696784334 458
16 2693.00471003746 482
17 2546.01655435506 504
18 2427.05304669061 527
19 2329.81294957269 549
20 2248.46942596608 572
21 2178.65832248075 595
22 2118.20476406437 618
23 2063.44306710699 642
24 2014.20655545668 665
25 1971.63868700964 687
26 1934.38220618797 710
27 1899.5933059585 732
28 1868.73911989204 755
29 1842.72957055848 778
30 1820.23745553943 800
31 1800.93526547434 824
32 1783.95275537251 848
33 1768.47071670965 871
34 1754.29106923437 894
35 1742.85967904273 916
36 1733.18374547203 939
37 1724.92520074354 962
38 1717.58876293425 985
39 1711.14697103995 1008
40 1706.01329601782 1031
41 1701.90899229981 1054
42 1698.61632856977 1077
43 1696.01629275043 1100
44 1693.97077171698 1123
45 1692.30154762706 1146
46 1690.8498435571 1169
47 1689.52308807286 1191
48 1688.25272777676 1214
49 1686.98475038483 1238
50 1685.85570851811 1261
51 1684.8138223656 1285
52 1683.75930136235 1308
53 1682.86037716215 1330
54 1682.10656991798 1353
55 1681.53472047959 1375
56 1681.11712931181 1398
57 1680.80857832895 1421
58 1680.57599025153 1445
59 1680.3970999292 1468
60 1680.25655548778 1490
61 1680.14328767407 1513
62 1680.04914242973 1536
63 1679.9680815913 1560
64 1679.89556075214 1583
65 1679.82803251234 1606
66 1679.76269075628 1630
67 1679.69761535 1654
68 1679.63228557536 1677
69 1679.56790946063 1700
70 1679.50678828742 1723
71 1679.45086138171 1746
72 1679.40064457019 1769
73 1679.35528242472 1791
74 1679.31325783624 1814
75 1679.27304665646 1838
76 1679.23342736319 1863
77 1679.19347052645 1887
78 1679.15235075961 1910
79 1679.10930043815 1933
80 1679.06420994386 1957
81 1679.0187850613 1980
82 1678.97662648133 2003
83 1678.94118281524 2026
84 1678.91376506066 2050
85 1678.89360340612 2073
86 1678.87901841677 2096

0 36302.9202876317 111
1 34147.1375096023 134
2 30208.8549011393 158
3 22908.6628306625 182
4 14728.9068229963 205
5 9901.41372828635 228
6 7846.74567819897 251
7 6938.3883942236 275
8 6413.26459850884 298
9 6027.72531397898 321
10 5696.01769090218 344
11 5383.17824079893 368
12 5078.68327622028 391
13 4792.46370149256 413
14 4524.76358395434 436
15 4275.29085881534 459
16 4044.60816517551 482
17 3825.70392853221 505
18 3619.33632515198 528
19 3424.48548802293 552
20 3234.51532808348 575
21 3050.2347012558 599
22 2874.63029995851 623
23 2704.91411394912 646
24 2545.6864365532 669
25 2400.2120382331 692
26 2271.76662722237 715
27 2161.41282350664 739
28 2069.02627601179 763
29 1992.71182858986 787
30 1930.00102436474 811
31 1881.28323949344 835
32 1843.60955665665 859
33 1815.45502383159 882
34 1793.94982068247 905
35 1777.31239024254 928
36 1763.51004428006 951
37 1751.58210927073 975
38 1741.42742459457 999
39 1732.71414251491 1022
40 1725.23260890995 1045
41 1718.67065657447 1068
42 1712.43603009888 1091
43 1706.86090599357 1114
44 1702.32895911608 1136
45 1698.75262785842 1160
46 1695.85873157391 1185
47 1693.45655468046 1209
48 1691.45013824718 1234
49 1689.75169616854 1257
50 1688.16825194925 1280
51 1686.59291449243 1304
52 1685.32688969162 1327
53 1684.43498230821 1350
54 1683.81828273132 1374
55 1683.38097626131 1398
56 1683.06150873467 1420
57 1682.82228785485 1443
58 1682.63850146783 1466
59 1682.49217526957 1488
60 1682.36940701558 1511
61 1682.25875742865 1534
62 1682.149764162 1557
63 1682.03121768066 1580
64 1681.89012694777 1603
65 1681.71541889329 1626
66 1681.5092977424 1648
67 1681.29374369348 1671
68 1681.0970676621 1695
69 1680.93548309371 1718
70 1680.81001227926 1742
71 1680.71400685569 1765
72 1680.63987373419 1789
73 1680.58179507005 1813
74 1680.53589010766 1836
75 1680.49954302109 1859
76 1680.47079596502 1882
77 1680.44803887762 1905
78 1680.42991459094 1928
79 1680.41530647885 1951

0 35893.8682278339 114
1 34008.8543609747 137
2 31163.7916882311 160
3 25774.0762421072 182
4 18187.2180030621 205
5 12222.6991069995 229
6 9075.25988881167 252
7 7457.71376786294 274
8 6556.25038196338 298
9 6026.24904321754 321
10 5686.67325063459 344
11 5434.93409976016 368
12 5218.56237115106 392
13 5008.35862382236 415
14 4799.95885517971 440
15 4598.61680399885 463
16 4413.13076871293 486
17 4244.0912409022 509
18 4095.65242705441 531
19 3968.23258232933 554
20 3854.74050005155 577
21 3754.80965396444 600
22 3665.30308310522 624
23 3587.55160502187 648
24 3520.58328156755 671
25 3464.04455718265 694
26 3416.89969803575 717
27 3377.78426612881 739
28 3343.88190539203 762
29 3316.35035045088 785
30 3294.41261054383 808
31 3276.75740784142 833
32 3262.22971300531 857
33 3250.03506206114 881
34 3239.65076987368 904
35 3230.55123563066 927
36 3222.58229498742 951
37 3215.67057267829 974
38 3209.4282460807 997
39 3202.92557084952 1020
40 3196.28281880227 1044
41 3189.84251296854 1068
42 3183.69691020727 1091
43 3177.74666366631 1115
44 3171.94279973392 1138
45 3166.14284207576 1161
46 3159.95814637809 1184
47 3153.60493921893 1208
48 3147.3604164165 1231
49 3141.07452402761 1255
50 3134.61864259996 1277
51 3127.88212725933 1300
52 3120.85083584306 1323
53 3113.74747841508 1345
54 3106.40022916264 1368
55 3098.48592571266 1391
56 3090.06544663522 1415
57 3081.19798775694 1439
58 3072.03639907703 1462
59 3062.62015634585 1485
60 3052.81742272367 1508
61 3042.4263254729 1531
62 3031.8414920632 1554
63 3021.05947107279 1577
64 3010.11249335776 1600
65 2998.60284399825 1623
66 2986.03206038702 1646
67 2972.9646996348 1670
68 2958.76221764109 1693
69 2943.15281209452 1716
70 2925.49169561971 1739
71 2905.39240875592 1761
72 2883.52734675921 1785
73 2859.74312786199 1808
74 2833.17651346407 1832
75 2803.5206806122 1856
76 2770.70039760797 1880
77 2734.70257203858 1903
78 2697.0506444194 1927
79 2658.37074377701 1950
80 2618.06399236209 1974
81 2577.60518788338 1997
82 2536.98422857892 2020
83 2494.12507489869 2044
84 2447.26886190053 2068
85 2395.69009862969 2092
86 2339.86797663939 2115
87 2283.84008114363 2138
88 2231.4697101689 2160
89 2183.44057078982 2183
90 2139.93895346608 2206
91 2098.98831432187 2229
92 2060.02092425702 2253
93 2023.49224738144 2277
94 1989.59503066215 2301
95 1959.22550203853 2324
96 1933.18744907962 2347
97 1911.00449280615 2370
98 1890.51442836885 2394
99 1870.6157834064 2417
100 1851.40477597168 2440
101 1833.27546647879 2464
102 1817.57799231803 2487
103 1804.61767888316 2510
104 1793.93404373227 2533
105 1784.61023567853 2556
106 1775.5915125746 2578
107 1766.11669885476 2601
108 1757.0770418719 2624
109 1748.68699376756 2647
110 1741.00129905711 2671
111 1734.12592267638 2694
112 1728.46023875729 2717
113 1723.2525374013 2740
114 1718.51019059784 2762
115 1714.32775273364 2786
116 1710.89440195611 2809
117 1708.01843759715 2831
118 1705.42986366195 2855
119 1702.96506346128 2878
120 1700.5720994687 2901
121 1698.19767284588 2924
122 1695.8037772987 2947
123 1693.370259749 2970
124 1691.29989565845 2993
125 1689.60680417883 3016
126 1688.19928829569 3038
127 1687.05582314717 3062
128 1686.13178513712 3085
129 1685.29693383128 3108
130 1684.57953992639 3131
131 1684.04177004278 3153
132 1683.64923812547 3177
133 1683.34292182943 3199
134 1683.07989870326 3222
135 1682.8486772771 3244
136 1682.65281116135 3268
137 1682.48997982243 3291
138 1682.34918944617 3314
139 1682.21793015011 3337
140 1682.0882537185 3359
141 1681.95693896025 3382
142 1681.81977870749 3404
143 1681.66425779896 3427
144 1681.46681826153 3449
145 1681.20551488068 3474
146 1680.89326658331 3498
147 1680.58648007808 3521
148 1680.33676176993 3544
149 1680.15394281456 3566
150 1680.02249480082 3589
151 1679.92686646928 3612
152 1679.85712651505 3635
153 1679.80661061637 3658
154 1679.77018202321 3682
155 1679.74377456997 3705
156 1679.72431742932 3728
157 1679.70961533286 3751

0 35245.9173202231 112
1 32011.9914535279 136
2 26453.7873759114 159
3 18638.8094511984 182
4 12320.0039226476 205
5 8747.1089890828 227
6 6846.43186016605 250
7 5811.33665509593 273
8 5207.97229952915 296
9 4810.14323772256 319
10 4525.99338793543 343
11 4310.85801615033 366
12 4142.21248203968 388
13 4005.77009437017 411
14 3894.55081818362 433
15 3801.67778576306 456
16 3722.99875650783 479
17 3656.66151835811 501
18 3601.12761534219 525
19 3553.28484019335 548
20 3511.27190665928 572
21 3474.68876128653 594
22 3442.59795210507 618
23 3413.91089405139 641
24 3387.22795997711 663
25 3361.86376572609 686
26 3338.2439760335 708
27 3315.99784204447 732
28 3294.7090068483 756
29 3273.94607886028 779
30 3253.555958038 802
31 3233.1315352438 824
32 3213.13733714646 847
33 3193.22994742139 870
34 3173.0851929033 892
35 3152.8884421508 915
36 3131.53905847805 939
37 3108.79462489944 962
38 3085.97121843179 986
39 3063.96764814209 1009
40 3042.18655573471 1032
41 3019.64205531878 1055
42 2996.57689798332 1078
43 2973.29942302861 1100
44 2949.11931845801 1124
45 2924.30872355302 1148
46 2898.93578431711 1172
47 2871.04284810203 1195
48 2840.74070871041 1218
49 2810.00978695639 1240
50 2778.8468784035 1264
51 2747.62452609696 1287
52 2715.04411547417 1310
53 2681.20808380538 1334
54 2646.51071434129 1359
55 2608.80730585724 1382
56 2567.49436171707 1405
57 2523.33566848879 1428
58 2474.19440508478 1450
59 2420.50753277583 1473
60 2363.7272087453 1496
61 2308.13227856294 1519
62 2255.8200096283 1543
63 2207.06345087963 1566
64 2163.16894489552 1590
65 2122.44586114909 1612
66 2083.25985637183 1635
67 2045.41912786411 1658
68 2010.31811320235 1680
69 1979.28417915314 1703
70 1952.77344093603 1725
71 1929.17464647099 1749
72 1907.77822302301 1772
73 1887.65217996991 1795
74 1868.55572614431 1818
75 1849.83921992876 1841
76 1831.38987886049 1863
77 1815.50838060309 1886
78 1802.17833614162 1909
79 1790.45486638749 1932
80 1779.95332308482 1956
81 1769.85552014895 1980
82 1760.09432177651 2002
83 1751.18551425269 2025
84 1742.93768675766 2048
85 1735.7286668056 2071
86 1729.25705217819 2093
87 1723.63477500154 2116
88 1718.90331237694 2139
89 1715.02454530676 2163
90 1711.72361539714 2186
91 1708.77281430021 2208
92 1706.0752431497 2231
93 1703.60406624582 2254
94 1701.36273372645 2278
95 1699.33565734004 2300
96 1697.34848511657 2323
97 1695.26253967439 2347
98 1693.12205738707 2370
99 1690.91922801385 2394
100 1688.85490310545 2417
101 1687.22206257406 2440
102 1685.94428749573 2462
103 1684.88438396781 2485
104 1684.06748715556 2508
105 1683.44959634083 2531
106 1682.94859178413 2555
107 1682.55791857173 2579
108 1682.27218633197 2602
109 1682.06403335214 2624
110 1681.90190070587 2647
111 1681.76056378626 2670
112 1681.62654540263 2692
113 1681.49935095286 2715
114 1681.38647420439 2737
115 1681.29448033116 2761
116 1681.22410116934 2784
117 1681.17160996203 2807
118 1681.1320115412 2830
119 1681.10094228463 2853
120 1681.0751711085 2876
121 1681.05245323123 2899
122 1681.03124300257 2922
123 1681.01046270944 2944
124 1680.98936989291 2968
125 1680.9675083945 2991
126 1680.94470396413 3014
127 1680.92105106666 3038
128 1680.89684382578 3061
129 1680.87244495207 3084
130 1680.84814227365 3106
131 1680.82406327779 3129
132 1680.80018263739 3152
133 1680.77640257142 3175
134 1680.75265624314 3199
135 1680.7289860847 3221
136 1680.70556357001 3244
137 1680.68263593449 3267
138 1680.66041129728 3290
139 1680.63892015885 3312
140 1680.61789904608 3335
141 1680.59672215796 3358
142 1680.5743779061 3382
143 1680.54948153074 3405
144 1680.52035329023 3427
145 1680.48526967507 3450
146 1680.44305380156 3473
147 1680.39403810664 3496
148 1680.34092059621 3519
149 1680.28850170123 3541
150 1680.24184902274 3565
151 1680.20411413906 3588
152 1680.17574440952 3611
153 1680.15528486739 3635
154 1680.14064118512 3658

0 36221.5364532042 111
1 34457.4587450233 136
2 32035.6081649685 159
3 27405.4322272877 182
4 20081.7775632269 205
5 13703.6457414141 227
6 10005.5852015682 250
7 7787.77055854153 273
8 6365.09141114409 295
9 5483.68668620157 319
10 4942.21751730696 342
11 4582.4732556094 366
12 4320.73549112589 388
13 4125.58424545765 411
14 3975.4523842238 434
15 3857.86284403879 457
16 3766.08640563816 480
17 3693.15406049635 503
18 3633.50824394441 526
19 3584.38027406916 549
20 3543.56111657345 572
21 3507.3662555378 594
22 3474.94000489537 617
23 3446.69997301753 640
24 3422.19673227308 663
25 3400.68482152716 686
26 3380.87417627221 708
27 3362.21409901521 732
28 3344.33376030599 756
29 3326.73095050874 779
30 3308.46101445861 802
31 3290.48313796118 824
32 3273.02608294564 847
33 3255.41091685085 870
34 3238.1571192265 893
35 3221.52016714016 915
36 3205.19511569553 941
37 3188.92703864471 964
38 3172.67975373079 987
39 3156.5580991977 1010
40 3140.41216595601 1032
41 3124.1456769646 1055
42 3107.27289038044 1078
43 3089.6847343085 1101
44 3071.0023621646 1124
45 3051.36968399672 1148
46 3030.93647178396 1171
47 3009.76609234112 1194
48 2987.35628258595 1217
49 2964.07733561462 1239
50 2939.40918768584 1262
51 2912.01755688463 1285
52 2881.47240485891 1308
53 2847.23054357058 1332
54 2812.50953565486 1355
55 2778.3724355396 1378
56 2742.6804283615 1401
57 2705.22527517494 1424
58 2664.69062994825 1447
59 2620.37174564067 1469
60 2571.69857750766 1492
61 2520.72314141088 1514
62 2468.92116852179 1539
63 2417.44918945421 1563
64 2366.82224084565 1586
65 2317.5351249489 1609
66 2272.04778634791 1631
67 2231.61958649187 1654
68 2195.03734792888 1677
69 2157.62282356893 1700
70 2120.50876028751 1724
71 2084.33364625336 1747
72 2049.56292014084 1770
73 2018.45879260494 1793
74 1991.16426324872 1816
75 1967.40606553149 1838
76 1944.65841455772 1861
77 1922.12459628253 1884
78 1899.60994025516 1907
79 1878.1230116087 1930
80 1857.79241631146 1954
81 1840.39517646346 1977
82 1824.8889685757 2000
83 1811.74790641984 2023
84 1800.79232483899 2046
85 1791.59918056449 2068
86 1783.33825793966 2091
87 1775.35090510355 2114
88 1766.35809371567 2137
89 1756.85974765447 2160
90 1748.32662930479 2184
91 1740.16882201302 2207
92 1733.42572157858 2229
93 1727.68108757629 2252
94 1722.39121329054 2275
95 1717.61389984735 2298
96 1713.57122002197 2320
97 1710.38600191329 2344
98 1707.86514374612 2367
99 1705.82431075569 2392
100 1704.12687335738 2415
101 1702.64213172721 2438
102 1701.25224176833 2460
103 1699.79026253978 2483
104 1697.90847586403 2506
105 1695.91838001395 2529
106 1693.85455221 2552
107 1692.26320764862 2575
108 1690.97753397057 2598
109 1689.85635036103 2621
110 1688.88944194686 2645
111 1688.06356093262 2668
112 1687.27385886046 2691
113 1686.45765766908 2713
114 1685.66463154049 2736
115 1684.90929504347 2761
116 1684.21963257905 2784
117 1683.60960622376 2808
118 1683.07200705466 2830
119 1682.62406709504 2853
120 1682.29063125693 2876
121 1682.0636077318 2898
122 1681.91067487163 2921
123 1681.80037113637 2945
124 1681.71149331772 2968
125 1681.63198715774 2993
126 1681.55604973586 3016
127 1681.48166641326 3038
128 1681.40816400005 3061
129 1681.3339436812 3084
130 1681.25529369548 3107
131 1681.16670720261 3129
132 1681.06271276424 3153
133 1680.94122748581 3177
134 1680.80692334405 3199
135 1680.67054645581 3222
136 1680.54283173138 3245
137 1680.42898145206 3267
138 1680.32877676679 3290
139 1680.23969929884 3313
140 1680.15890164869 3335
141 1680.08357087943 3359
142 1680.011663776 3383
143 1679.94403557546 3407
144 1679.88493591948 3429
145 1679.83834854136 3451
146 1679.80478269241 3474
147 1679.78194348597 3496
148 1679.76678933898 3519

0 36225.5685073677 112
1 34139.5754670572 136
2 30817.6535980093 159
3 24656.2980674246 182
4 16304.4407217293 205
5 10204.1553574878 227
6 6963.46048083867 251
7 5162.24357609343 275
8 4078.59354460023 297
9 3383.51027458931 320
10 2911.30402418969 343
11 2578.58514378058 366
12 2342.22907846178 389
13 2173.46285866219 411
14 2053.47812287416 434
15 1965.22005791964 458
16 1899.01457606849 481
17 1851.67760323724 504
18 1816.64101782546 526
19 1789.59819655241 549
20 1768.73452255514 572
21 1752.70554686334 594
22 1740.15609609014 617
23 1730.00265896825 640
24 1721.4720631063 664
25 1714.41289507639 687
26 1708.68870015372 709
27 1704.06343905631 732
28 1700.30558399965 755
29 1697.2267111119 777
30 1694.68033636844 800
31 1692.55037952685 823
32 1690.74008137266 846
33 1689.16556574768 870
34 1687.78015972917 894
35 1686.58011786573 916
36 1685.56116043144 939
37 1684.70517295387 962
38 1683.98674761582 984
39 1683.37985911048 1007
40 1682.86156343741 1030
41 1682.41367765577 1053
42 1682.02265422381 1077
43 1681.6783155191 1100
44 1681.37279961192 1122
45 1681.100518182 1145
46 1680.85857831112 1168
47 1680.64641011272 1191
48 1680.46410724697 1215
49 1680.31052524818 1237
50 1680.18257846985 1261
51 1680.075909259 1285
52 1679.98598075491 1308
53 1679.90880019474 1331
54 1679.84114946391 1354
55 1679.78054920856 1376
56 1679.72517684158 1399
57 1679.67383782408 1421
58 1679.62597860611 1445
59 1679.58165635199 1468
60 1679.5413720696 1491
61 1679.50575722852 1514
62 1679.47523150066 1536
63 1679.44979656965 1559
64 1679.4290400129 1582
65 1679.41228811857 1605

0 36008.7850431841 112
1 34037.7594161653 135
2 31636.37723752 157
3 28555.8078139764 180
4 25157.1630799294 202
5 21877.9314821614 225
6 18752.8734100631 248
7 15682.4565481012 272
8 12762.7358284645 295
9 10252.4155223882 318
10 8357.35669594062 341
11 6993.55106763039 364
12 5985.34317382812 386
13 5247.26794131639 409
14 4719.18765822749 431
15 4357.85492483202 454
16 4119.26422199493 478
17 3965.03534349408 501
18 3862.78943489115 524
19 3792.95044931673 546
20 3742.53598937867 570
21 3703.73136453391 592
22 3674.596636754 616
23 3651.82808247646 639
24 3632.8036215288 663
25 3616.82883639214 687
26 3602.9030493686 710
27 3590.46138316306 733
28 3579.8211752572 755
29 3570.34795797954 779
30 3561.82788277662 801
31 3554.12997445574 824
32 3547.12607879481 846
33 3540.68535747407 870
34 3534.70986600337 894
35 3529.8733819828 917
36 3525.8740792972 939
37 3522.36821974759 962
38 3519.1313705135 984
39 3516.05540970058 1007
40 3513.0972446271 1029
41 3510.20539874701 1051
42 3507.34348530487 1075
43 3504.50350375772 1098
44 3501.68109606203 1121
45 3498.87902384984 1144
46 3496.08847256027 1167
47 3493.24878113772 1190
48 3490.22015880631 1213
49 3486.9810119792 1236
50 3483.56942351543 1259
51 3480.11616660328 1282
52 3476.78296095532 1306
53 3473.62115092561 1329
54 3470.38844398136 1352
55 3467.00552817867 1374
56 3464.36157791793 1397
57 3462.44770697476 1420
58 3460.88460311026 1443
59 3459.56006971137 1466
60 3458.38988147822 1489
61 3457.31900542474 1513
62 3456.31620941524 1536
63 3455.36109873196 1559
64 3454.43662940913 1581
65 3453.52648801173 1605
66 3452.62140637931 1628
67 3451.72336329154 1650
68 3450.83837405756 1674
69 3449.96959490739 1697
70 3449.11623810291 1720
71 3448.27392470658 1742
72 3447.43172245282 1765
73 3446.56694857202 1788
74 3445.64220612683 1810
75 3444.60377186736 1832
76 3443.41444498912 1855
77 3442.15247293763 1879
78 3440.98240409147 1902
79 3439.95944562839 1925
80 3439.04965954384 1948
81 3438.2207604906 1970
82 3437.47150051062 1993
83 3436.78450159807 2016
84 3436.12486108294 2038
85 3435.47064882607 2061
86 3434.82847619454 2084
87 3434.21784948081 2108
88 3433.65021096911 2132
89 3433.12438660563 2154
90 3432.63173580306 2177
91 3432.16045497845 2200
92 3431.69757131692 2222
93 3431.23394039238 2245
94 3430.77101725179 2268
95 3430.31746055991 2292
96 3429.87933710687 2316
97 3429.45323651826 2339
98 3429.03665279707 2361
99 3428.63887382661 2384
100 3428.26300037381 2407
101 3427.9082416405 2429
102 3427.57275519216 2452
103 3427.25452274592 2475
104 3426.95159475533 2499
105 3426.66211597869 2522
106 3426.38424191453 2544
107 3426.11597217317 2567
108 3425.85492786309 2590
109 3425.59819994756 2613
110 3425.34263738315 2636
111 3425.08604741083 2658
112 3424.82884963088 2681
113 3424.57421157377 2705
114 3424.32590881321 2728
115 3424.08614074608 2751
116 3423.85501514753 2773
117 3423.63112115526 2796
118 3423.41225857516 2819
119 3423.19605879061 2841
120 3422.98046269277 2864
121 3422.7639117952 2887
122 3422.54524771206 2911
123 3422.32358849773 2934
124 3422.09839036182 2957
125 3421.86964795413 2980
126 3421.63803024487 3002
127 3421.40474168175 3024
128 3421.17101040018 3047
129 3420.93712908649 3070
130 3420.70007107318 3093
131 3420.44351741263 3117
132 3420.1390138894 3140
133 3419.80712665974 3163
134 3419.4707914865 3186
135 3419.14028008809 3209
136 3418.82010981917 3231
137 3418.51090093586 3254
138 3418.21028671459 3277
139 3417.91310029221 3301
140 3417.61177053585 3325
141 3417.30079962805 3348
142 3416.97674722563 3371
143 3416.62642994415 3394
144 3416.21688493328 3417
145 3415.71020481479 3439
146 3415.08977699285 3462
147 3414.33509503854 3485
148 3413.40418951743 3509
149 3412.25980036871 3533
150 3410.81904116193 3558
151 3409.24450460391 3581
152 3407.67566513194 3604
153 3405.99091838151 3628
154 3404.05596546672 3651
155 3402.02588310989 3673
156 3400.5628779735 3696
157 3399.59315958506 3720
158 3398.90900826502 3744
159 3398.36648866186 3766
160 3397.88526895168 3789
161 3397.42889748862 3812
162 3396.98017738335 3834
163 3396.52696856819 3857
164 3396.07375068089 3879
165 3395.626109048 3903
166 3395.17723986381 3926
167 3394.71191203064 3949
168 3394.22196807065 3972
169 3393.71995075296 3995
170 3393.22910910105 4017
171 3392.76669053697 4041
172 3392.34037401054 4063
173 3391.94926490243 4086
174 3391.58678092197 4109
175 3391.24428152416 4133
176 3390.91110673631 4156
177 3390.57168856038 4179
178 3390.21064519239 4201
179 3389.82593139548 4224
180 3389.42260880554 4248
181 3389.00678814355 4270
182 3388.58880199332 4293
183 3388.17547939096 4317
184 3387.76610547126 4341
185 3387.3431644117 4364
186 3386.90856911455 4386
187 3386.46335904551 4409
188 3385.99303851763 4432
189 3385.50565471612 4454
190 3385.01416217271 4477
191 3384.52444740746 4500
192 3384.03132414668 4526
193 3383.49446509355 4549
194 3382.86854401806 4572
195 3382.17810436142 4594
196 3381.43424508319 4617
197 3380.63785350617 4640
198 3379.76221102953 4663
199 3378.7728016563 4685
200 3377.68160850484 4708
201 3376.55545066855 4732
202 3375.44522621592 4755
203 3374.4175230854 4778
204 3373.51464916025 4800
205 3372.74378076959 4823
206 3372.10662795306 4845
207 3371.57629566093 4868
208 3371.1165110825 4890
209 3370.69477801631 4913
210 3370.28346942954 4938
211 3369.87240033629 4962
212 3369.46717622356 4985
213 3369.06796287883 5008
214 3368.6681579362 5031
215 3368.26028236099 5053
216 3367.84179274957 5076
217 3367.41283128371 5098
218 3366.97103382359 5122
219 3366.51272904013 5146
220 3366.03842404365 5169
221 3365.55423123655 5191
222 3365.0628339823 5214
223 3364.55674559433 5237
224 3364.04253251969 5260
225 3363.52876294251 5283
226 3363.0098309669 5305
227 3362.47595069646 5328
228 3361.92344161751 5353
229 3361.35923372299 5376
230 3360.80313342558 5399
231 3360.27451044525 5422
232 3359.7799483771 5445
233 3359.31485891029 5468
234 3358.85514580784 5491
235 3358.34993101883 5513
236 3357.83226595822 5537
237 3357.33237032155 5561
238 3356.85322210116 5584
239 3356.38704536374 5606
240 3355.90662877373 5629
241 3355.4006049276 5653
242 3354.90289297014 5676
243 3354.41450407859 5698
244 3353.93170598121 5720
245 3353.44997299228 5745
246 3352.95982004819 5768
247 3352.43520069053 5790
248 3351.83807706742 5813
249 3351.17678128871 5836
250 3350.42632562408 5859
251 3349.54140561594 5882
252 3348.689406158 5905
253 3347.87083666708 5929
254 3347.07262169187 5952
255 3346.27463141912 5975
256 3345.46801457321 5998
257 3344.65715500859 6020
258 3343.80467452491 6043
259 3342.91455551685 6066
260 3342.01941753512 6089
261 3341.11669145564 6111
262 3340.19856216449 6134
263 3339.25978120918 6158
264 3338.30044124566 6181
265 3337.32406387948 6204
266 3336.29926943645 6226
267 3334.92143152198 6249
268 3333.35054883114 6272
269 3331.45851816941 6295
270 3329.20214367352 6318
271 3326.51473897208 6341
272 3323.88249387316 6366
273 3321.28210177757 6389
274 3318.45101105365 6412
275 3315.86231384637 6434
276 3313.97057485873 6457
277 3312.54992871314 6480
278 3311.30891047979 6502
279 3310.15106486164 6525
280 3309.0221843324 6549
281 3307.89671110523 6573
282 3306.77161942422 6596
283 3305.65787746796 6619
284 3304.5708204269 6642
285 3303.49662179799 6666
286 3302.40545299086 6689
287 3301.27192298214 6711
288 3300.01982180613 6734
289 3298.65889656209 6758
290 3297.22218216964 6781
291 3295.80960672924 6804
292 3294.47922587967 6826
293 3293.24849300887 6849
294 3292.08752585291 6872
295 3290.89165514942 6895
296 3289.71615355648 6917
297 3288.5225310166 6940
298 3287.1900849777 6964
299 3285.49747029016 6987
300 3283.52102505172 7010
301 3281.45584318034 7033
302 3279.20333808772 7056
303 3276.80612805184 7078
304 3274.35796182579 7101
305 3271.60776867781 7124
306 3269.04254227566 7147
307 3266.76011757801 7171
308 3264.66120396378 7194
309 3262.60778274283 7216
310 3260.62266979051 7239
311 3258.62898243366 7262
312 3256.53866397582 7284
313 3254.25502849613 7307
314 3251.70833032008 7329
315 3248.91171011721 7353
316 3245.99279920054 7377
317 3243.03567480086 7399
318 3239.95006719955 7422
319 3236.53275504195 7445
320 3232.62190179339 7468
321 3227.61267414701 7490
322 3222.20235647774 7513
323 3216.90158126498 7535
324 3211.7006142564 7558
325 3207.0994436642 7582
326 3202.92974854113 7605
327 3198.87652757321 7628
328 3194.91302246389 7651
329 3191.00378124215 7675
330 3186.75788926958 7697
331 3182.2112442616 7720
332 3177.49815532027 7743
333 3172.56290608047 7767
334 3167.45336386146 7792
335 3162.12829209387 7815
336 3156.14192149217 7837
337 3149.42011031376 7860
338 3141.16315397615 7882
339 3132.14584916554 7905
340 3123.16616356609 7928
341 3113.97596920187 7950
342 3105.37627810183 7974
343 3097.81923183496 7998
344 3090.37529757886 8021
345 3083.05969969063 8044
346 3075.74401328285 8067
347 3067.93990408553 8090
348 3059.09346444847 8113
349 3049.71335117308 8135
350 3039.93957112263 8158
351 3029.6070882478 8181
352 3018.37893596532 8205
353 3006.55568810755 8228
354 2994.65028383739 8251
355 2982.3867830642 8273
356 2968.80098209232 8296
357 2954.23540308054 8319
358 2938.39415943005 8341
359 2920.16167630547 8365
360 2900.37170021511 8388
361 2879.09475630212 8412
362 2855.42973231933 8434
363 2829.53956994832 8457
364 2800.55342297101 8480
365 2768.71259813884 8502
366 2734.79528581676 8525
367 2699.01359410262 8548
368 2661.46170131727 8571
369 2622.04410237304 8595
370 2582.02405465614 8619
371 2542.26178058093 8642
372 2499.65295149658 8665
373 2453.49430480913 8689
374 2402.7199579433 8712
375 2347.80074543775 8735
376 2291.89928096889 8758
377 2237.83388426721 8782
378 2187.60236344613 8805
379 2141.70383711078 8828
380 2098.39321842234 8851
381 2058.54773017513 8873
382 2021.78394750845 8896
383 1987.78721869433 8918
384 1957.47350542549 8941
385 1931.42832759802 8964
386 1909.1607527533 8988
387 1888.65036070999 9011
388 1869.16795871583 9034
389 1850.2872068289 9057
390 1832.02294122408 9080
391 1816.371558119 9103
392 1803.42688393119 9126
393 1792.66066929981 9149
394 1783.01670604198 9172
395 1773.30129403111 9197
396 1763.77934321465 9221
397 1754.61540534823 9245
398 1746.04814366058 9268
399 1738.31886173859 9291
400 1731.51250348725 9315
401 1725.64915095 9338
402 1720.2307059104 9360
403 1715.62193634833 9384
404 1711.96498874054 9407
405 1709.08463217848 9431
406 1706.7225679214 9453
407 1704.72945457428 9476
408 1702.99136376859 9499
409 1701.36431566731 9521
410 1699.69376927111 9544
411 1697.85150803176 9567
412 1695.71175900922 9591
413 1693.19461972284 9614
414 1690.94706256464 9637
415 1689.07051201086 9660
416 1687.56873194866 9684
417 1686.30794796649 9707
418 1685.12641744013 9731
419 1684.08647090787 9754
420 1683.30125664551 9777
421 1682.71949549214 9800
422 1682.26641164652 9824
423 1681.91214522574 9847
424 1681.64204229223 9870
425 1681.43690733139 9893
426 1681.27700505812 9915
427 1681.14634896631 9938
428 1681.03319796751 9960
429 1680.9290134066 9983
430 1680.82809075884 10006
431 1680.72851464619 10029
432 1680.63304730735 10052
433 1680.54726206049 10075
434 1680.47525614233 10098
435 1680.41722161329 10121
436 1680.37038461148 10144
437 1680.33089668553 10167
438 1680.29484355334 10190
439 1680.25825507122 10214
440 1680.21660729156 10237
441 1680.16441509763 10260
442 1680.09579966139 10284
443 1680.00705298364 10306
444 1679.90064205803 10329
445 1679.78666213446 10352
446 1679.67823589117 10374
447 1679.58477309054 10398
448 1679.50964316048 10421
449 1679.45205545129 10444
450 1679.40937866814 10467
451 1679.37846231921 10489
452 1679.35630012751 10512
453 1679.34036914484 10535

0 36373.2132339201 114
1 34628.8565687552 136
2 31456.6374337823 159
3 24625.7464722612 182
4 15774.7533230894 205
5 10150.432330534 227
6 7492.17485492844 250
7 6114.4132185526 274
8 5174.30717722296 297
9 4406.00066701591 320
10 3751.25204921721 342
11 3223.27147146124 365
12 2820.71133093542 388
13 2517.114023789 410
14 2297.42499820075 433
15 2139.35355438659 455
16 2022.09136808007 479
17 1935.18545768824 502
18 1871.63142752994 525
19 1826.059811199 548
20 1792.74187685087 571
21 1768.49093346314 593
22 1750.33789888766 616
23 1736.58885724135 638
24 1725.98352360421 661
25 1717.5952269912 686
26 1710.83695949927 709
27 1705.3934675448 731
28 1700.98783331985 755
29 1697.40205717204 777
30 1694.49027602924 800
31 1692.13376843631 823
32 1690.22079686282 845
33 1688.65442891786 869
34 1687.35862952032 893
35 1686.27667448716 916
36 1685.36645135021 939
37 1684.59616484397 962
38 1683.94128294255 984
39 1683.38244983234 1007
40 1682.90401001336 1029
41 1682.49293319008 1052
42 1682.1380279023 1076
43 1681.82934580688 1099
44 1681.55768443837 1122
45 1681.3143619153 1145
46 1681.09230367955 1168
47 1680.8893589629 1191
48 1680.70972709432 1214
49 1680.55829817822 1237
50 1680.43493681692 1260
51 1680.33536704873 1283
52 1680.25439510404 1307
53 1680.18764217656 1330
54 1680.13186128592 1353
55 1680.08472553986 1375
56 1680.04455013357 1398
57 1680.01007930166 1421
58 1679.98034568179 1443
59 1679.95458161904 1466
60 1679.93216307629 1491
61 1679.91257306431 1515
62 1679.89537665256 1538
63 1679.88020292239 1561

0 35831.0464130735 110
1 34182.2214649692 134
2 32111.1618469862 157
3 28606.8436587942 180
4 22601.9222282449 203
5 15296.9810347749 226
6 10212.7795520533 248
7 7678.32712998941 271
8 6355.66587547503 294
9 5550.62749873568 316
10 4981.17151388929 340
11 4541.19713706033 363
12 4180.23118299607 386
13 3873.93004046414 409
14 3602.18999115614 431
15 3359.78389676513 454
16 3142.65436752647 477
17 2947.58641370668 500
18 2772.4300386355 522
19 2616.41606428378 546
20 2477.31504372569 569
21 2356.32941268665 592
22 2252.68418861498 614
23 2162.42666983204 637
24 2084.429970274 660
25 2019.26900773608 683
26 1965.91868967091 706
27 1921.05037095704 729
28 1882.89377689073 753
29 1851.34511734536 775
30 1825.66146007787 798
31 1804.32513541229 820
32 1786.15936736549 843
33 1770.59664117781 866
34 1757.19873445839 888
35 1745.66715102729 911
36 1735.82727527031 934
37 1727.51383117775 958
38 1720.52192836855 981
39 1714.6284739121 1004
40 1709.62211637595 1027
41 1705.33140680827 1049
42 1701.63786040909 1072
43 1698.4626275225 1094
44 1695.74432750962 1117
45 1693.42648915836 1140
46 1691.45684219895 1164
47 1689.78840068681 1187
48 1688.37761604538 1210
49 1687.18369859093 1233
50 1686.17026032319 1256
51 1685.30665917147 1279
52 1684.56787153948 1302
53 1683.93354585948 1324
54 1683.38700173323 1349
55 1682.91446158428 1372
56 1682.50451189241 1395
57 1682.14771434065 1417
58 1681.83628490766 1440
59 1681.56376505694 1463
60 1681.3246230822 1485
61 1681.11376359195 1508
62 1680.92601340303 1530
63 1680.75586689538 1554
64 1680.59814829315 1577
65 1680.45005778586 1600
66 1680.31298413618 1623
67 1680.19108888872 1646
68 1680.08750291309 1670
69 1680.00220459605 1692
70 1679.93274353081 1716
71 1679.8759011019 1738
72 1679.82877398681 1762
73 1679.78911463549 1786
74 1679.75528189395 1809
75 1679.72608474923 1832
76 1679.70063997848 1854
77 1679.67827152545 1877
78 1679.65844621783 1900
79 1679.64073430225 1923
80 1679.62478541494 1946

0 36454.1514581926 112
1 35150.8660714353 135
2 33985.6492247288 157
3 32761.7995269235 180
4 31248.3335387023 203
5 29137.8790450214 226
6 26010.0435285209 251
7 21522.3929025818 274
8 16139.8416355768 296
9 11476.7272849133 319
10 8425.1005446635 342
11 6624.58207876331 364
12 5471.7679207913 388
13 4651.9479523414 412
14 4016.30742835652 435
15 3510.58264554602 457
16 3115.67138043224 480
17 2806.17604766771 503
18 2561.80151401867 526
19 2371.54958460176 548
20 2226.9884788059 571
21 2116.23307804725 593
22 2030.35832766889 618
23 1964.08124695831 642
24 1912.26357072496 665
25 1870.35030559931 687
26 1836.03457799207 710
27 1808.21404632031 734
28 1785.70655433568 756
29 1767.34790111513 779
30 1752.3815265987 802
31 1740.16212618611 825
32 1730.1517686728 849
33 1721.9576042614 871
34 1715.254135074 894
35 1709.75572601077 917
36 1705.2214612632 939
37 1701.45401736977 962
38 1698.29516739551 985
39 1695.62018066685 1007
40 1693.33135074074 1031
41 1691.35594382436 1055
42 1689.65117239661 1078
43 1688.19458218364 1101
44 1686.96201859266 1124
45 1685.92368102026 1147
46 1685.04975855891 1170
47 1684.31378273233 1193
48 1683.69318296059 1217
49 1683.16876117222 1241
50 1682.72433060494 1264
51 1682.34649333024 1287
52 1682.02428760018 1310
53 1681.74873361686 1333
54 1681.51242230874 1355
55 1681.30921131718 1379
56 1681.13400572928 1401
57 1680.9825826606 1425
58 1680.85143829011 1449
59 1680.73765397324 1472
60 1680.63878360303 1494
61 1680.55276274501 1517
62 1680.47783732006 1540
63 1680.41250816966 1562
64 1680.35548775972 1585
65 1680.30566591009 1608
66 1680.26208224108 1632
67 1680.22390371706 1655
68 1680.19040615482 1678
69 1680.16095887841 1701
70 1680.13501189208 1724
71 1680.11208506989 1747
72 1680.09175895928 1770
73 1680.07366688007 1792
74 1680.05748807876 1815

0 36248.4004669741 112
1 34484.377455101 135
2 32207.7291628966 158
3 27714.7659703132 180
4 19866.1925940519 203
5 12145.9468089319 228
6 7761.61884893936 251
7 5585.13964387504 274
8 4426.681658516 296
9 3701.57014329788 319
10 3189.37566245944 342
11 2820.80735868794 365
12 2547.22440064629 388
13 2335.65428310903 411
14 2173.86085665497 436
15 2052.17024518988 459
16 1959.070937569 482
17 1889.45384472654 505
18 1835.87975171392 528
19 1797.65214759604 551
20 1770.98450388582 574
21 1751.71780327388 597
22 1737.16033271901 620
23 1725.91099778167 644
24 1717.16163334115 667
25 1710.34012434077 689
26 1704.9761597082 712
27 1700.708052762 735
28 1697.25576941591 758
29 1694.45330235759 780
30 1692.21198782592 803
31 1690.42163956966 827
32 1688.95040683545 850
33 1687.6932106464 874
34 1686.61198685616 896
35 1685.69638441816 919
36 1684.9276216501 943
37 1684.28755391216 965
38 1683.75979566725 988
39 1683.32699778059 1011
40 1682.97135799131 1034
41 1682.67646906583 1057
42 1682.42823576008 1080
43 1682.21509622973 1103
44 1682.02783144671 1126
45 1681.85910604028 1149
46 1681.70280032077 1171
47 1681.55288921567 1194
48 1681.40088226138 1217
49 1681.22980372378 1241
50 1681.00644492354 1264
51 1680.69874441601 1287
52 1680.34370400158 1310
53 1680.04038286413 1333
54 1679.83265760573 1356
55 1679.69815972542 1378
56 1679.606026898 1401
57 1679.53748426745 1424
58 1679.48305368343 1449
59 1679.43803235794 1472
60 1679.40000066376 1494
61 1679.36761277306 1517
62 1679.34000398792 1540
63 1679.31650815269 1562
64 1679.29654053347 1585
65 1679.27956469417 1608
66 1679.26509395663 1632

0 35830.4877406195 113
1 33766.5447075503 135
2 30587.8678131189 158
3 24760.0375379389 181
4 16844.4490787394 204
5 10788.683618867 228
6 7407.32486062402 251
7 5448.87052197653 273
8 4274.08808323435 296
9 3539.59648503072 319
10 3066.71663982832 342
11 2744.84714458733 365
12 2509.48819944519 387
13 2332.46616024993 411
14 2197.1919127059 434
15 2090.89499106427 457
16 2007.71540220715 480
17 1942.82597647932 503
18 1891.18238426343 525
19 1850.08917216798 548
20 1817.28900085429 571
21 1791.10364705569 594
22 1770.69461223456 617
23 1755.09490015045 641
24 1742.97578866227 664
25 1733.05221571847 686
26 1724.76275713518 709
27 1718.0183399252 731
28 1712.48823949806 754
29 1707.85993635297 777
30 1703.9095932719 801
31 1700.48739374872 824
32 1697.49112642404 848
33 1694.86184705003 871
34 1692.59179001934 894
35 1690.67175308365 917
36 1689.06620280397 940
37 1687.72401941143 962
38 1686.59231978514 985
39 1685.62387320285 1008
40 1684.78152510203 1032
41 1684.04260904127 1055
42 1683.39886768363 1077
43 1682.8469261061 1101
44 1682.37826713652 1123
45 1681.97916500145 1146
46 1681.63606648489 1168
47 1681.33892659193 1191
48 1681.08134438081 1215
49 1680.85913691123 1239
50 1680.66877840496 1262
51 1680.50650995247 1285
52 1680.36826049719 1308
53 1680.25001195713 1331
54 1680.14817618331 1354
55 1680.05978465855 1376
56 1679.98250264464 1399
57 1679.91454851097 1423
58 1679.85458134522 1448
59 1679.80158753642 1471
60 1679.75477874797 1493
61 1679.71350820618 1516
62 1679.67721020877 1539
63 1679.64536392902 1562
64 1679.61747764812 1585
65 1679.59308635127 1607
66 1679.57175548563 1632
67 1679.55308568633 1656
68 1679.53671580109 1679

0 35657.1871485029 110
1 33996.1604509618 133
2 31667.1250475217 157
3 27089.1695323507 180
4 19471.2428789737 203
5 12343.2052347853 225
6 8293.08861627293 248
7 6250.41292558386 271
8 5105.9651213055 293
9 4371.03616718397 316
10 3845.60752841148 339
11 3441.02690790798 362
12 3126.75770596368 386
13 2870.82287972457 409
14 2659.2772519374 431
15 2485.36747672421 454
16 2343.07272858175 477
17 2228.22770782968 500
18 2135.87127349271 523
19 2061.90833579754 547
20 2002.13651599602 570
21 1952.20865034069 593
22 1910.23113303393 616
23 1875.69824712845 639
24 1847.0297583423 662
25 1822.85979909324 686
26 1802.2170123522 708
27 1784.56204024276 731
28 1769.52741500274 755
29 1756.72749167104 778
30 1745.80080340024 801
31 1736.4595560659 824
32 1728.47470265259 846
33 1721.64828805646 869
34 1715.80333594384 891
35 1710.7862793436 914
36 1706.46855525285 937
37 1702.74363111094 960
38 1699.52205371334 983
39 1696.72736002203 1006
40 1694.29485554308 1029
41 1692.17432046375 1051
42 1690.33269372667 1074
43 1688.747875221 1097
44 1687.39599359557 1120
45 1686.24656634443 1143
46 1685.26747531389 1167
47 1684.43032351419 1193
48 1683.71200690007 1216
49 1683.09402361831 1238
50 1682.56134879472 1261
51 1682.10154711743 1284
52 1681.70417588437 1306
53 1681.36038520557 1329
54 1681.06263466467 1351
55 1680.80447907237 1376
56 1680.58039844101 1399
57 1680.38565905831 1422
58 1680.21619814394 1444
59 1680.06852723011 1467
60 1679.93965075286 1490
61 1679.82699711653 1513
62 1679.72835999816 1536
63 1679.64184804244 1559
64 1679.56584141592 1583
65 1679.4989539829 1606
66 1679.44000014144 1630
67 1679.38796560983 1653
68 1679.34198166662 1676
69 1679.30130250345 1699
70 1679.26528545079 1722
71 1679.23337389164 1745
72 1679.20508270091 1768
73 1679.17998605478 1792
74 1679.15770743754 1815
75 1679.13791164448 1839
76 1679.12029853431 1862
77 1679.10459823849 1885

0 36430.0976702682 113
1 35067.0564235257 137
2 33189.102127935 159
3 29108.9327056355 182
4 21444.0568917194 205
5 13891.9273999327 228
6 9636.12538162362 250
7 7488.69877220083 273
8 6350.85398748174 297
9 5668.89520739035 321
10 5203.97568960169 344
11 4850.78601834407 366
12 4575.43881456025 389
13 4355.99988840393 412
14 4182.88353897503 435
15 4045.49449382786 458
16 3936.95307241355 480
17 3849.96084469731 504
18 3780.57570786796 527
19 3724.1887778112 549
20 3676.76595978999 572
21 3636.0161772146 595
22 3600.47468793672 618
23 3568.97557105932 641
24 3540.37680322163 663
25 3515.44104882305 686
26 3493.31715092447 710
27 3473.29244037162 735
28 3454.6391287126 758
29 3437.69627537857 781
30 3422.07961526129 804
31 3407.80271976026 827
32 3395.01562082194 849
33 3383.81027567786 872
34 3373.74404600695 896
35 3364.44524477239 919
36 3355.6460237331 942
37 3347.1161429507 966
38 3338.72229388369 989
39 3330.63418217923 1011
40 3322.71659122091 1034
41 3314.70871684179 1056
42 3306.49171770374 1078
43 3297.8783378925 1102
44 3289.25982396239 1125
45 3280.69250529203 1148
46 3272.00729270147 1170
47 3263.29852265927 1193
48 3255.68555399049 1216
49 3248.84076769034 1239
50 3242.32057200148 1261
51 3235.79083036507 1284
52 3228.87031158036 1307
53 3222.36445505181 1331
54 3216.21220466394 1354
55 3210.24063781067 1376
56 3204.28093282193 1399
57 3198.37644870583 1422
58 3192.65097975497 1445
59 3186.99444493923 1467
60 3181.41306415408 1491
61 3175.81117339781 1514
62 3170.14280813136 1538
63 3164.3753728231 1561
64 3158.4138335913 1583
65 3152.18507355285 1606
66 3145.53731841917 1628
67 3138.14193973331 1651
68 3129.63482571924 1674
69 3119.91970046616 1697
70 3109.29218507859 1720
71 3097.42497066225 1744
72 3084.52256352981 1766
73 3070.01862619314 1789
74 3054.67253392917 1812
75 3039.0897735706 1835
76 3023.42998449485 1857
77 3009.07517624121 1880
78 2995.24540700947 1902
79 2981.31351110116 1927
80 2967.76293830122 1949
81 2953.39510158811 1972
82 2937.91818870583 1995
83 2921.80098805654 2018
84 2904.49533755648 2041
85 2885.75405767314 2063
86 2866.4249055742 2086
87 2845.95486161346 2110
88 2823.42474049871 2134
89 2798.0298054542 2158
90 2770.57259257746 2180
91 2741.06300527611 2203
92 2708.67971449764 2226
93 2672.93773560986 2249
94 2633.64046346428 2271
95 2591.61085177346 2294
96 2548.57542320563 2317
97 2502.89719288748 2342
98 2454.00862265765 2364
99 2402.31849865602 2387
100 2347.58964216214 2410
101 2289.92489561546 2433
102 2231.5301487713 2456
103 2174.36631623727 2479
104 2120.12612433165 2501
105 2073.88499841954 2525
106 2033.78088781642 2548
107 1998.83874138631 2571
108 1966.95405999496 2594
109 1938.60225888967 2616
110 1913.89549177748 2639
111 1891.97382367633 2662
112 1872.68266943592 2685
113 1853.9770345144 2707
114 1834.90494796163 2731
115 1817.3893555695 2755
116 1802.91007437967 2777
117 1790.68943515039 2800
118 1780.04805747194 2823
119 1770.22020433824 2846
120 1760.78981931647 2869
121 1751.82578484258 2892
122 1743.83698771577 2916
123 1736.7710542958 2940
124 1730.51196248966 2963
125 1724.60012137364 2986
126 1719.42774616077 3009
127 1715.14962722991 3031
128 1711.69423670919 3054
129 1708.74841257021 3076
130 1706.08683826554 3099
131 1703.61332473175 3122
132 1701.27641134567 3146
133 1698.9702505392 3169
134 1696.61565889585 3191
135 1693.92534315332 3214
136 1691.34993572098 3237
137 1689.14960482306 3260
138 1687.44071860023 3282
139 1686.1668966113 3305
140 1685.18675691283 3328
141 1684.33544388871 3352
142 1683.5996550726 3375
143 1682.98242629608 3398
144 1682.50287617129 3421
145 1682.15867000992 3443
146 1681.91678619811 3466
147 1681.74168636709 3488
148 1681.60421228069 3511
149 1681.48219981462 3535
150 1681.36154634422 3559
151 1681.23898172597 3583
152 1681.12115211401 3605
153 1681.01775400382 3628
154 1680.93410326364 3651
155 1680.86920489199 3674
156 1680.81852441403 3696
157 1680.77708255375 3719
158 1680.74091321344 3744
159 1680.70729352808 3768
160 1680.67452843118 3791
161 1680.64170169869 3813
162 1680.60849818659 3836
163 1680.57506474397 3859
164 1680.54184801233 3882
165 1680.50938456154 3905
166 1680.47808498529 3928
167 1680.44809063953 3952
168 1680.41925329818 3975
169 1680.39122313894 3998
170 1680.36358591868 4021
171 1680.3359852552 4044
172 1680.30818104838 4067
173 1680.28001411143 4090
174 1680.25127450729 4112
175 1680.22151131839 4136
176 1680.18986084321 4159
177 1680.15499464472 4183
178 1680.11530977703 4206
179 1680.06949799609 4229
180 1680.01751750854 4252
181 1679.96154870489 4274
182 1679.90596798427 4297
183 1679.85574418677 4319
184 1679.8142446539 4343
185 1679.78221831544 4367
186 1679.75840477386 4390
187 1679.74076380349 4413
188 1679.72736840008 4435

0 35695.2239952254 111
1 32720.7115081579 134
2 27343.0036358018 157
3 19302.0658048341 180
4 12672.7108396904 203
5 9247.21022216046 225
6 7496.35407154124 247
7 6385.83196035999 269
8 5533.53188174781 292
9 4833.29936640758 316
10 4241.51221436287 339
11 3745.20514270878 362
12 3347.73041842811 384
13 3026.4436933419 407
14 2763.48672280537 430
15 2547.39863560859 453
16 2371.34652424659 475
17 2232.32707627596 498
18 2119.72097819036 523
19 2029.69201908372 547
20 1960.03872840059 570
21 1907.58484358458 593
22 1864.79765816836 615
23 1829.69322711499 638
24 1803.13151395843 660
25 1783.02816447752 683
26 1766.86323136088 706
27 1753.82010202325 730
28 1743.1583421196 754
29 1734.49508498118 777
30 1727.3047682109 800
31 1720.56127323763 822
32 1714.71903849876 845
33 1709.83964757479 867
34 1705.872197102 890
35 1702.66127794462 913
36 1699.71095997489 936
37 1697.39597176616 959
38 1695.46865619255 982
39 1693.64838572906 1005
40 1691.85098834199 1027
41 1690.20338490565 1050
42 1688.76517526587 1073
43 1687.60049445612 1095
44 1686.74225452283 1119
45 1686.09679675195 1142
46 1685.55833472821 1166
47 1685.03960803167 1189
48 1684.47637563324 1212
49 1683.87752022852 1235
50 1683.33196804104 1258
51 1682.89483946228 1281
52 1682.55025208728 1304
53 1682.26443077414 1328
54 1682.01516872474 1352
55 1681.79485162915 1375
56 1681.60518414454 1398
57 1681.44893269114 1421
58 1681.32445575699 1443
59 1681.22567651745 1466
60 1681.14405921695 1489
61 1681.06859120991 1512
62 1680.98114275964 1535
63 1680.84662154862 1559
64 1680.619169228 1582
65 1680.3130854426 1605
66 1680.03176594623 1628
67 1679.83870552109 1651
68 1679.71891982295 1673
69 1679.64044592613 1696
70 1679.5828733526 1719
71 1679.53634484486 1742
72 1679.49642237534 1766
73 1679.46113170014 1789
74 1679.42961935836 1812
75 1679.40152501035 1835
76 1679.37666093954 1858
77 1679.35485004161 1880
78 1679.33586248337 1903
79 1679.31941303073 1925

