0 250.498757884544 0
1 133.821506684304 1
2 132.974652265136 1
3 150.177623974243 2
4 129.533239597559 3
5 117.48712704353 3
6 121.586060971304 4
7 107.234105452889 5
8 96.9434519401134 5
9 93.6609164800728 6
10 83.7169765681329 7
11 79.6819087152425 7
12 78.52544453898 8
13 78.0786081346738 9
14 77.9120872431192 9
15 77.8249546458037 10
16 77.7699025283873 11
17 77.7426371018678 11
18 77.72607799646 12
19 77.7156942181975 13

0 337.493900952038 0
1 187.183798351842 1
2 171.420596526621 2
3 136.406898790183 2
4 120.933105139605 3
5 115.193383772705 3
6 118.419690082673 4
7 104.912767343745 5
8 98.8869572816832 5
9 91.3596460584993 6
10 86.4338579180388 7
11 80.9781162723714 8
12 79.2241062181714 8
13 78.7351465469077 9
14 78.5131084759668 10
15 78.3794100629201 10
16 78.3095949924506 11
17 78.2678319507562 11
18 78.2428780709989 12
19 78.2262899115865 13

0 205.097177727676 0
1 144.932264633127 1
2 176.221649115237 1
3 131.183625768618 2
4 148.563068605578 2
5 132.079165479453 3
6 105.521127792958 4
7 102.279537755806 4
8 107.553937946303 5
9 95.3364794691626 5
10 82.8768112847294 6
11 79.2025607680473 7
12 77.6234016981589 7
13 77.0666568798886 8
14 76.8408545536512 8
15 76.7305662148837 9
16 76.6715335056687 10
17 76.6379260532234 10
18 76.6183859046682 11
19 76.6064553646965 11

0 189.278234387397 0
1 175.847333876931 1
2 145.35116666799 1
3 131.263991312077 2
4 149.81174888103 3
5 129.788221581282 3
6 115.404696617812 4
7 97.631455293058 4
8 98.7476435437528 5
9 94.0631194149436 6
10 84.8766364889269 6
11 79.2068411744769 7
12 77.7644251037128 8
13 77.4352620608981 8
14 77.2236867362803 9
15 77.1248708843344 9
16 77.0779114615162 10
17 77.0530040096805 11
18 77.0384111703893 11
19 77.0294985109585 12

0 298.795118683761 0
1 141.805436405948 1
2 139.159796269215 1
3 150.260249376825 2
4 152.022584529926 2
5 145.728765176894 3
6 118.614714652007 4
7 102.586882294889 4
8 102.893997415783 5
9 93.0748602250776 5
10 82.8662382040679 6
11 79.8810249489639 7
12 78.5697391391838 7
13 77.95931943153 8
14 77.7784623700874 8
15 77.6926607692633 9
16 77.6377221509028 9
17 77.6102927934806 10
18 77.5938303831177 11
19 77.5834625470654 11

0 258.121939334632 0
1 215.441718892737 1
2 243.078569649143 1
3 206.757113947372 2
4 192.099098650382 3
5 177.243747052283 3
6 158.516920442053 4
7 136.739513196633 4
8 123.794801985942 5
9 111.593781040162 5
10 101.644768437671 6
11 97.5766767204311 7
12 96.1161655884492 7
13 95.3341579253176 8
14 95.1109141580069 8
15 95.0047505104432 9
16 94.9422220597727 10
17 94.9085327648981 10
18 94.8888231413868 11
19 94.8762308009065 11

0 230.710758287431 0
1 151.787499536982 1
2 140.39616621528 1
3 134.69133499617 2
4 121.990441721201 2
5 137.71977631851 3
6 108.331211228099 4
7 106.337510156477 4
8 97.7380749045921 5
9 90.5600296464456 5
10 82.3205710787237 6
11 79.5057767104758 7
12 77.7818490719363 7
13 77.2868418233523 8
14 77.0515820307077 8
15 76.9565448883368 9
16 76.8966094411123 10
17 76.868134556715 10
18 76.8504308977215 11
19 76.8389269408031 11

0 254.133949142741 0
1 133.87682302004 1
2 146.375242126606 1
3 126.403685862005 2
4 127.529976813972 2
5 143.130745007116 3
6 123.579903382932 4
7 98.4595841186663 4
8 97.7958591517901 5
9 97.0030144292103 5
10 82.7175851645334 6
11 79.2728226798455 7
12 77.77728472659 7
13 77.1858815860907 8
14 76.9486303769369 8
15 76.8501152563106 9
16 76.8063168594412 9
17 76.7797183536089 10
18 76.7639040654664 11
19 76.7539371230759 11

0 192.250031221841 0
1 160.405848338113 1
2 156.516828143601 2
3 149.849019765167 2
4 134.348414041424 3
5 137.301283160213 3
6 103.761880162382 4
7 108.557988149681 5
8 110.202942459272 5
9 89.4345448660717 6
10 84.748736612772 7
11 79.2726012433513 7
12 78.1501253403481 8
13 77.6295142884924 8
14 77.3521557464469 9
15 77.2477697949354 10
16 77.1889405017255 11
17 77.1512050101924 11
18 77.1289791024019 14
19 77.1154246398736 15

0 260.813115283325 0
1 164.102806938004 1
2 126.120507183235 2
3 129.319741974941 3
4 144.549908432553 3
5 132.73651085883 4
6 102.668188585241 6
7 106.404089394561 6
8 98.5423756348805 7
9 93.776141464446 8
10 85.7346268016689 9
11 80.0008201344734 9
12 78.3177649772884 10
13 77.5911020561667 11
14 77.3323264460197 11
15 77.205346913104 12
16 77.1441555523482 13
17 77.1111754207175 14
18 77.0913351168859 14
19 77.0787686782144 15

0 253.3542898079 0
1 265.217731567894 1
2 254.272076864866 2
3 222.769716128438 2
4 226.596265594339 3
5 224.9798059461 4
6 172.770277711559 4
7 147.688517337371 5
8 124.639500895285 5
9 116.674559915898 6
10 99.0636397738973 7
11 94.0840164216683 8
12 91.7259681511202 8
13 90.8223352603415 9
14 90.3047122366098 10
15 90.0235433083036 10
16 89.8585385712867 11
17 89.7539198435594 12
18 89.6875645287819 12
19 89.6442066652261 13

0 253.693064860582 0
1 145.096242180658 1
2 137.201213190698 1
3 134.743490879288 2
4 117.419122945779 3
5 145.605062807924 4
6 108.643825315301 4
7 111.672429753136 5
8 97.0261611611027 6
9 90.8169909856712 6
10 82.2256929813344 7
11 78.6082432090442 8
12 77.7083283494476 8
13 77.1881778102224 9
14 76.9860814073024 9
15 76.9140272588305 10
16 76.8718464882595 11
17 76.8499504977072 11
18 76.8366501128043 12
19 76.8281898076218 13

0 222.008794648179 0
1 151.439622164586 1
2 171.524085367215 1
3 136.831279924714 2
4 130.66837423014 3
5 151.030452870248 3
6 123.622839035045 4
7 104.457946983253 4
8 98.5688625177732 5
9 92.9798392086475 6
10 83.5338903064146 6
11 80.0978261114596 7
12 78.4624644771045 8
13 77.984172153105 8
14 77.7581326246369 9
15 77.656590003678 9
16 77.5943389835625 10
17 77.558178486528 11
18 77.5371803342784 11
19 77.5239871490265 12

0 269.946838618965 0
1 180.270469327082 1
2 183.1814136216 1
3 130.14809793031 2
4 121.507307050695 3
5 154.973116181585 3
6 113.788958102609 4
7 102.676066546069 5
8 98.1248055237338 5
9 92.8813671304977 6
10 83.8115592152003 7
11 79.8125449530271 7
12 78.4310064762656 8
13 77.9864801452135 8
14 77.7689052405225 9
15 77.6769055150809 10
16 77.6177703184983 10
17 77.5838177652192 11
18 77.5636201151756 11
19 77.5511086022355 12

0 220.665155419278 0
1 184.847225788981 1
2 177.167042167282 1
3 142.990632512516 2
4 133.921485165357 3
5 131.388868475894 3
6 111.089049125257 4
7 102.483516185786 5
8 100.422005772199 5
9 92.4092771939458 6
10 83.4020403609242 7
11 79.8163462560915 7
12 78.6168417608835 8
13 77.9755093533844 8
14 77.7312047389928 9
15 77.6192591382273 9
16 77.5539093401401 10
17 77.514779389334 11
18 77.4916966775194 11
19 77.4770461883893 12

0 172.658419694627 0
1 146.144277414458 1
2 131.275813576061 1
3 134.882576683374 2
4 130.234912334431 3
5 171.745176451943 3
6 116.696155362639 4
7 101.579493928915 4
8 99.6167538231468 5
9 91.0260173129815 6
10 82.4384412190817 6
11 79.024478405411 7
12 77.7043934858256 7
13 77.3733121849976 8
14 77.1913063562594 9
15 77.1036711733973 9
16 77.0632535090869 10
17 77.039534160011 10
18 77.0248217248921 11
19 77.0159187968247 12

0 193.074838698976 0
1 152.877623358424 1
2 130.59953044105 1
3 124.134667792095 2
4 123.290561274154 3
5 131.916254565491 3
6 113.938431476121 4
7 103.582365795519 4
8 100.729878427542 5
9 104.596709731779 6
10 83.9491879880752 6
11 79.1399068091871 7
12 77.9679532469535 7
13 77.4135230165602 8
14 77.187613045393 8
15 77.0796871609373 9
16 77.0138714550489 10
17 76.9737801646148 10
18 76.949927105748 11
19 76.9348186764326 11

0 166.50399667568 0
1 149.535454831534 1
2 129.86744949649 1
3 150.631555773527 2
4 126.432129084641 3
5 133.552718646231 3
6 113.258748200182 4
7 103.093770484971 4
8 99.1159111417902 5
9 95.69015589855 5
10 83.543979134833 6
11 79.6202424437019 7
12 77.7718510407207 7
13 77.2321923689038 8
14 77.0344694343956 8
15 76.920755021818 9
16 76.8648518629718 10
17 76.8321727233617 10
18 76.8134982415102 11
19 76.8022473013375 11

0 280.568793435547 0
1 155.962801160756 1
2 129.822259584955 1
3 135.802316626967 2
4 112.434812126331 3
5 130.526373594271 3
6 121.51469428628 4
7 103.159955870824 4
8 103.769790678798 5
9 100.443856462055 5
10 85.1424737643978 6
11 79.3393947433668 7
12 78.0699952797947 7
13 77.455095669709 8
14 77.1909607433938 8
15 77.0901246366079 9
16 77.0426576809012 10
17 77.0177902480563 10
18 77.0029720236533 11
19 76.9936963859245 11

0 239.889328933706 0
1 176.902362428234 1
2 133.593767782449 1
3 143.608500084627 2
4 116.315600234907 3
5 129.004249391403 3
6 124.748956664293 4
7 103.467146535131 4
8 104.286553380592 5
9 98.764121409996 5
10 85.4228211283909 6
11 80.0958010145884 7
12 78.6513099884847 7
13 77.9070277298381 8
14 77.6481780020552 8
15 77.5413581043078 9
16 77.4867512678288 9
17 77.4585720772284 10
18 77.4415262714479 11
19 77.4308627799177 11

0 237.759881588455 0
1 201.11667836239 1
2 205.132492515562 1
3 207.837082629704 2
4 187.215689683549 3
5 153.97152674222 3
6 111.493783399096 4
7 110.087642473625 4
8 101.988555006198 5
9 92.7612794168658 6
10 83.5736062287941 6
11 80.674108042494 7
12 78.2281828392823 7
13 77.7625876935259 8
14 77.5657191101408 9
15 77.4659757987109 9
16 77.4052522938479 10
17 77.3710727853026 10
18 77.349245763434 11
19 77.3354304895132 12

0 188.166227725528 0
1 189.431371579941 1
2 186.187288774571 1
3 151.873570642658 2
4 118.841660590071 3
5 120.639603864714 3
6 111.710193014312 4
7 106.302392759527 5
8 99.9669031905862 5
9 100.920930721724 6
10 83.0814355380876 6
11 79.0370502271997 7
12 77.8663871113785 8
13 77.4160756065812 8
14 77.2647244995608 9
15 77.1822315421232 9
16 77.1423562804957 10
17 77.1217388716396 11
18 77.1101037081141 11
19 77.1024456020153 12

0 208.847072477872 0
1 211.653504705658 1
2 209.679930693649 1
3 157.779317897595 2
4 165.496360966041 3
5 134.812478757963 3
6 106.077845363941 4
7 98.6285342814564 4
8 112.004105315739 5
9 91.2730687336576 6
10 82.3765501858854 6
11 79.3604569286223 7
12 77.7258721065533 7
13 77.2363073360094 8
14 77.064078274626 9
15 76.9894179269579 9
16 76.9486027547136 10
17 76.9267899060795 11
18 76.9146547027476 11
19 76.9070162523457 12

0 236.643627057327 0
1 161.120280078872 1
2 134.864490817978 2
3 145.638554913445 2
4 138.133071071145 3
5 135.454491028399 4
6 109.922089527317 4
7 105.132931126927 5
8 101.699637738485 6
9 94.4260367708733 6
10 82.1234417072188 7
11 79.0151057435379 7
12 77.7709698237663 8
13 77.2567463568037 9
14 77.0021209726886 9
15 76.9010725090095 10
16 76.8503904760604 11
17 76.8189124928895 12
18 76.8002046244746 13
19 76.7889354458512 14

0 238.995021072191 0
1 199.154833978341 1
2 142.387450547425 2
3 171.646439941529 2
4 136.315912664607 3
5 128.421231061214 3
6 107.376347744754 4
7 104.369751855378 5
8 102.969259113741 6
9 95.0877532370979 6
10 82.0755624187129 7
11 78.7440099850555 8
12 77.6725594727246 9
13 77.2163595545329 9
14 76.9753950580892 10
15 76.8772574252393 11
16 76.8278662209256 11
17 76.7963637313061 12
18 76.7772292369862 12
19 76.7658044565041 13

0 334.431746238467 0
1 219.176281690014 1
2 244.172153636313 1
3 214.998957501802 2
4 170.317490153949 3
5 150.573448603699 3
6 126.763596486974 4
7 128.508364543322 4
8 124.860832914684 5
9 108.574654405637 6
10 102.140732709628 6
11 95.4243468073857 7
12 93.978497634126 7
13 93.2372853369751 8
14 92.9869394441548 9
15 92.8213632543306 9
16 92.7480360270648 10
17 92.7035277682893 10
18 92.6768865209819 11
19 92.6610865400202 12

0 196.691179235786 0
1 157.801995425815 1
2 157.138863179716 1
3 133.837015315324 2
4 131.739855727989 3
5 120.960787648153 3
6 112.455246855787 5
7 100.131728200566 6
8 99.282094577278 6
9 96.8739644593289 7
10 82.362287379719 8
11 79.5355142259469 8
12 77.619884626408 9
13 77.2006875883591 10
14 76.9999445782387 10
15 76.9295024841938 11
16 76.8890012089726 12
17 76.8673143632773 12
18 76.8539330051556 13
19 76.8457118674964 14

0 211.973702831582 0
1 160.832846394625 1
2 121.575752478982 1
3 149.517970603879 2
4 156.458844508688 3
5 133.703564219171 3
6 124.60559657479 4
7 99.6517284044475 4
8 101.102234588998 5
9 90.5190251419034 6
10 83.0357888857566 6
11 78.6092028744546 7
12 77.5249746748399 7
13 77.1665717205866 8
14 77.0222016077066 9
15 76.9391401890808 9
16 76.90089772255 10
17 76.8785653856295 11
18 76.8657978248692 11
19 76.8583440227441 12

0 264.296574079232 0
1 162.856620891387 1
2 143.276735671275 1
3 152.174075190801 2
4 162.042608786723 3
5 124.641402287688 3
6 110.936007362594 4
7 99.4196194130174 4
8 103.172138243622 5
9 94.3068599461948 6
10 83.4479899260379 6
11 79.0516127377347 7
12 77.8845188840477 7
13 77.4664620657422 8
14 77.2528166172692 9
15 77.1507507236648 9
16 77.1045010659398 10
17 77.0788547757237 12
18 77.063555506328 12
19 77.0540192674217 13

0 321.553266462884 0
1 209.639512919167 1
2 215.298366820083 2
3 214.334617058124 2
4 155.136559572027 3
5 160.355446734707 4
6 137.012541726332 4
7 122.287017938705 5
8 122.622278456683 6
9 111.349134485357 7
10 101.447099196362 7
11 97.5586755428764 8
12 95.9614926483802 8
13 95.441041695849 9
14 95.2641521379686 10
15 95.1905504508801 10
16 95.1470062542879 11
17 95.1207590618443 12
18 95.1047981500095 12
19 95.0948874701067 13

0 228.189923967934 0
1 159.070359325613 1
2 164.371730312405 2
3 142.368792396782 2
4 119.566793876865 3
5 120.42732998479 3
6 116.247095314992 4
7 104.612454663779 5
8 112.404082117638 5
9 93.0256452422455 6
10 84.7522802762004 7
11 79.9908243765681 7
12 78.5088411527698 8
13 78.089767333791 9
14 77.9097914344626 9
15 77.8249111431955 10
16 77.7720842833943 10
17 77.7415887047196 11
18 77.722717218282 12
19 77.7110707926798 12

0 253.405368932137 0
1 152.261478985209 1
2 144.99876964982 1
3 142.516599078705 2
4 113.234111270955 3
5 119.363840245619 3
6 118.71482303302 4
7 107.187312394241 5
8 104.978561640084 5
9 92.7622946234695 6
10 84.0857036347677 6
11 79.3813592443235 7
12 77.8426363412947 8
13 77.3746712338007 8
14 77.1705557952057 9
15 77.0914595912109 10
16 77.0358741687843 10
17 77.0048856145558 11
18 76.9866784595113 11
19 76.9756645888011 12

0 259.343521012403 0
1 155.213961850765 1
2 170.952684762199 1
3 149.415479321083 2
4 128.189313525209 3
5 128.761809438136 3
6 114.726778475797 4
7 115.768582099253 4
8 103.526679569946 5
9 93.9011241461256 5
10 83.7294222872733 6
11 79.9698272134286 7
12 78.1246481368504 7
13 77.5028712275933 8
14 77.2811758023869 8
15 77.1763393224053 9
16 77.1260267169902 10
17 77.0963788647634 10
18 77.0775832306435 11
19 77.0658349988581 11

0 228.33996402823 0
1 173.210219262934 1
2 129.259355525836 1
3 126.622886909728 2
4 132.350510661064 2
5 122.192356458158 3
6 113.26034683683 4
7 101.4965347983 4
8 99.282626147225 5
9 98.0447136455445 5
10 85.0001434924292 6
11 79.021245997006 7
12 77.8985205321569 7
13 77.2976361363813 8
14 77.0801205368429 8
15 76.9764575138732 9
16 76.9203566496201 9
17 76.8879058868405 10
18 76.8691883739176 11
19 76.8575661872538 11

0 250.42211903418 0
1 179.621125645215 1
2 127.018996985698 1
3 126.768269723574 2
4 125.055144712665 2
5 126.445275015773 3
6 115.860856177081 4
7 108.802185299982 4
8 104.844074873792 5
9 92.9843333098691 5
10 84.3058012048083 6
11 79.6544383187128 7
12 77.8996780956012 7
13 77.4736681592933 8
14 77.2723930294427 8
15 77.1746546110055 9
16 77.1179476675956 10
17 77.085902288603 10
18 77.066821669124 11
19 77.0544116210109 12

0 253.111565801356 0
1 248.761590285862 2
2 157.198768423483 3
3 138.073143633489 3
4 128.095413418225 4
5 122.710409431502 5
6 109.072271481166 6
7 105.720660501315 6
8 110.110242200119 7
9 91.622632354328 7
10 82.0196651776154 8
11 79.1652847056152 9
12 77.6191766142632 9
13 77.1588489715515 10
14 76.9850090825523 11
15 76.8918630412213 11
16 76.8445436152201 12
17 76.8179415936759 13
18 76.8023437867264 13
19 76.7924970281375 14

0 271.737784048707 0
1 178.437874830956 1
2 176.408037757442 1
3 182.370770093636 2
4 126.123263698798 3
5 136.945955981798 3
6 119.55534697167 4
7 99.3312893068829 4
8 96.0939894797073 5
9 91.5576459284397 6
10 83.0688610337011 6
11 79.7149018624478 7
12 78.191956385428 7
13 77.7684202908315 8
14 77.5269996741453 9
15 77.4189167970992 9
16 77.3568416501695 10
17 77.3175985096051 10
18 77.2947864829258 11
19 77.2804576222878 11

0 259.235350339986 0
1 155.903820570638 1
2 183.131574391501 1
3 184.629526029871 2
4 140.736843559528 2
5 136.847021138105 3
6 118.674102724772 4
7 99.2403980867745 4
8 94.0659020132011 5
9 88.8199859179781 6
10 82.8214418775345 6
11 79.6445314173797 7
12 78.3433356836933 7
13 77.8761362918687 9
14 77.6475833587119 10
15 77.5564617971458 10
16 77.5068776336634 11
17 77.4760257409245 12
18 77.4581640947283 12
19 77.4471852439782 13

0 260.929649347904 0
1 150.545635941427 1
2 131.016591278322 2
3 153.936042655062 2
4 123.648719033369 3
5 139.350030560875 4
6 106.848027187014 5
7 107.018850392996 5
8 98.553719813854 6
9 94.0344953294499 7
10 83.9564720949759 7
11 78.9923591073117 8
12 77.4209827322498 9
13 76.9765626127337 9
14 76.7939432414643 10
15 76.7230542964702 10
16 76.6851657234539 11
17 76.6657028476894 12
18 76.6538355669901 12
19 76.647129259932 13

0 221.349288797846 0
1 162.936096722812 1
2 153.825724088521 1
3 135.107331360659 2
4 151.557729954758 3
5 127.336689947291 3
6 112.068858862355 4
7 100.24963325724 5
8 106.934945689549 5
9 89.355348505362 6
10 84.3835831051925 6
11 79.6439654619908 7
12 78.1047305117419 8
13 77.509456684125 11
14 77.2439599188984 12
15 77.1126065985637 13
16 77.0455468267169 13
17 77.0091638969498 14
18 76.9855184201325 15
19 76.9710938136698 15

0 168.394799569345 0
1 142.760320232404 1
2 152.290230218962 1
3 143.816165469605 2
4 121.659454265024 3
5 126.450270731862 3
6 109.577271407516 4
7 104.347042071222 5
8 93.9819245176185 5
9 100.586165490801 6
10 83.2328966533879 7
11 79.5577497468579 8
12 77.9826424384701 8
13 77.4214502531319 9
14 77.2603394412495 10
15 77.1694156778114 10
16 77.1283340500736 11
17 77.1032351109239 12
18 77.0878061082772 12
19 77.0781507934168 13

0 262.845736569628 0
1 148.985856654965 1
2 134.241694090559 2
3 133.709470204156 2
4 168.599273140352 3
5 164.939930983438 4
6 118.100304369054 4
7 109.860165314283 5
8 102.647946508682 6
9 97.2303551018863 7
10 86.1452616486385 7
11 79.5086346621342 8
12 77.5652086035825 9
13 76.7371317187763 9
14 76.5397106859686 10
15 76.4495572301943 11
16 76.403913528583 11
17 76.3784282559908 12
18 76.3637718968836 12
19 76.3545639615567 13

0 184.828393095879 0
1 132.296389159085 1
2 130.543785951879 1
3 154.031620836763 2
4 117.966934430545 3
5 125.570247411868 3
6 118.129713739912 4
7 98.176258795694 4
8 110.246104425825 5
9 94.5195929562823 6
10 84.0980924650165 6
11 80.3187632793179 7
12 78.2074012768498 7
13 77.5583793245584 8
14 77.3231398454743 8
15 77.2173054682603 9
16 77.1610445562798 10
17 77.1271395990124 10
18 77.1070522337287 11
19 77.094651860891 11

0 185.315616663789 0
1 167.064655177132 1
2 143.046745766257 1
3 161.758487612307 2
4 125.79491286095 2
5 118.202817369503 3
6 110.330371819035 4
7 96.6903425111726 4
8 102.660349320769 5
9 102.227310535328 5
10 85.1520311889624 6
11 80.8952857956403 7
12 78.6793021776313 7
13 77.9886896617072 8
14 77.6917661027193 8
15 77.5505997125498 9
16 77.4698217391205 9
17 77.4213657864446 10
18 77.3918466947345 11
19 77.3734882764656 11

0 178.134935544343 0
1 159.626669891251 1
2 133.19185223992 2
3 140.225985724274 2
4 157.904945302046 3
5 136.949060238614 3
6 108.034385966839 4
7 96.1462813889127 5
8 107.718056100291 5
9 93.1494194494753 6
10 84.1235424636448 7
11 80.2764111474824 7
12 78.8177074400782 8
13 78.2851588232873 8
14 78.0078520507739 9
15 77.8995538209513 10
16 77.8436385462656 10
17 77.810548484871 11
18 77.7898919017736 12
19 77.7773066582046 12

0 214.337517080621 0
1 214.57382965546 1
2 181.000449661194 2
3 207.957642381924 2
4 168.374884210552 3
5 159.834221096023 3
6 109.015592808757 4
7 96.9795504578778 5
8 100.446371545669 6
9 94.3386629020081 7
10 85.461109231463 8
11 80.8751511642335 8
12 79.2331668892647 9
13 78.735263545338 10
14 78.4599321748748 10
15 78.3365041973198 11
16 78.2735176003388 12
17 78.2367024415668 13
18 78.2131522965187 14
19 78.1989492012343 14

0 258.496347063698 0
1 264.505404864472 1
2 243.807002311587 2
3 168.817576327277 2
4 158.08885201712 3
5 125.648121668744 4
6 114.301965381154 4
7 101.161372074717 5
8 102.147177472908 5
9 98.5984547193518 6
10 84.26347331872 7
11 79.799004708439 7
12 78.5539157530841 8
13 77.936071897944 9
14 77.6792343120926 9
15 77.5621241288092 10
16 77.4931048722638 11
17 77.4527451245229 11
18 77.4278879261432 12
19 77.4119293494452 13

0 173.628459366265 0
1 159.98068497574 1
2 139.965780263966 1
3 144.166298295015 2
4 152.826326018346 3
5 125.612632248182 3
6 124.830071452298 4
7 103.516965404954 5
8 99.61868732931 5
9 94.4746763688189 6
10 86.1935192232984 7
11 81.2832356453349 7
12 79.9223390857437 8
13 79.0650876851707 9
14 78.6148833292988 9
15 78.4186905566773 10
16 78.3127939529702 12
17 78.2501690030648 13
18 78.2110156913598 13
19 78.1866825273158 14

0 234.143440323944 0
1 213.234087992578 1
2 142.342967941124 2
3 128.765657950404 2
4 149.24231656949 3
5 122.202686205867 4
6 115.030356084463 5
7 101.975858102876 5
8 98.3758591808186 6
9 97.0716039376119 7
10 84.9023520163622 7
11 79.9996751832075 8
12 78.7242640232977 9
13 78.0918685036198 9
14 77.8080431706507 10
15 77.6788710633574 11
16 77.607421823824 11
17 77.5688244959666 12
18 77.5451154108764 13
19 77.5303824308425 13

0 170.931266684866 0
1 148.453406215084 1
2 125.893275262427 1
3 151.200427403341 2
4 127.789477169493 3
5 142.505974737957 3
6 117.217125410638 4
7 97.6023778322426 5
8 108.217081022365 5
9 97.0739454123712 6
10 85.2883513876283 6
11 81.4829663034662 7
12 78.9237190390772 8
13 78.3376098692538 8
14 78.1577346051042 9
15 78.0562108123021 10
16 78.0034002230027 10
17 77.9748688679139 11
18 77.9583977665605 12
19 77.9484678216764 12

