0 37699.4174467066 66
1 39095.8289836647 130
2 37318.452710491 196
3 41599.0572958712 259
4 41310.5514415401 326
5 39355.6418147479 393
6 38126.2123912148 457
7 31974.263760567 520
8 29691.0294651483 588
9 24789.214568316 652
10 22395.8018171606 715
11 19330.5037556111 781
12 17933.308145316 845
13 16257.1809303337 906
14 15558.7262105434 970
15 14900.1915228337 1035
16 14123.4819108407 1096
17 13919.8257152493 1160
18 13563.0713844531 1227
19 13388.4723277137 1289
20 13308.4870588469 1350
21 13143.6899621625 1419
22 12989.8963848717 1488
23 12924.0155962644 1555
24 12891.65533661 1620
25 12843.6519189424 1684
26 12806.2067257871 1746
27 12778.5011984338 1813
28 12767.790103579 1876
29 12757.7026624494 1937
30 12745.2962960494 2003
31 12731.4433536521 2067
32 12725.1072901703 2129
33 12724.9696283997 2194
34 12717.8676047412 2259
35 12713.8135623198 2322
36 12708.6806948043 2388
37 12707.7896587193 2456
38 12703.5247485692 2520
39 12701.163191793 2586
40 12700.268100091 2651
41 12699.6899797852 2713
42 12697.7645773671 2779
43 12697.3794466016 2846
44 12695.7482704652 2909
45 12695.1518506441 2973
46 12693.7606755281 3040
47 12692.2195081975 3103
48 12692.3094714422 3168
49 12692.0113104645 3236
50 12691.5857544666 3299
51 12691.5926874696 3361
52 12690.9661194542 3425
53 12690.9204633876 3488
54 12690.0753990051 3551
55 12690.0720875981 3614
56 12689.813614935 3678
57 12689.4372453792 3742
58 12689.272265914 3807
59 12689.1233013928 3875
60 12688.5999065631 3936
61 12688.6850138091 3998
62 12688.4479223357 4063
63 12688.290108764 4124
64 12688.1601855831 4187
65 12688.0334608633 4252
66 12688.0071891501 4313
67 12687.7442423671 4374
68 12687.9007210381 4438
69 12687.7363149706 4501
70 12687.6429574188 4563
71 12687.5077621847 4627
72 12687.3900460769 4690
73 12687.4081947538 4755
74 12687.426668771 4820
75 12687.3839395418 4885
76 12687.3408703492 4948
77 12687.2932479027 5009
78 12687.2238723766 5078
79 12687.0746423647 5140
80 12687.0502426609 5203

0 39192.3649572727 69
1 35546.1536453129 131
2 38552.5879797695 193
3 38617.3075892163 257
4 38808.0787163378 318
5 40129.1719478623 379
6 37458.4555306052 443
7 31825.6457202463 507
8 28196.8268453076 571
9 24051.8884143174 634
10 21619.888655226 697
11 18727.9445749676 757
12 17330.3103570119 820
13 16597.1850689422 883
14 15525.2653804676 945
15 14711.6651829699 1005
16 14147.3007563723 1070
17 13831.4507354569 1131
18 13609.4237529686 1191
19 13445.1528445037 1263
20 13295.0904434281 1326
21 13085.7544372881 1388
22 12994.3361840956 1460
23 12926.5807141415 1527
24 12882.6174532312 1591
25 12834.5375369863 1655
26 12805.6333900885 1721
27 12797.4376134396 1784
28 12769.323839131 1846
29 12756.4737934234 1911
30 12745.1352783896 1974
31 12735.4196804257 2036
32 12726.9211040563 2101
33 12720.4530109332 2163
34 12719.7911528263 2223
35 12714.0935073767 2289
36 12709.4177492745 2352
37 12708.1120072437 2413
38 12704.4585925801 2478
39 12703.6566294428 2540
40 12699.9535051896 2603
41 12699.8118203132 2669
42 12697.9592005164 2734
43 12696.5139170709 2796
44 12695.6179751171 2859
45 12694.2134815643 2923
46 12693.7912775152 2985
47 12692.9286524063 3046
48 12692.7629352026 3111
49 12691.7419945424 3172
50 12691.8267155408 3233
51 12691.4550067325 3298
52 12690.9870837191 3360
53 12690.6994424338 3421
54 12690.3717501034 3486
55 12689.8688522454 3550
56 12689.4809724576 3613
57 12689.4351505192 3676
58 12689.2510300242 3739
59 12689.1183516569 3799
60 12688.6168532681 3863
61 12688.5985626745 3927
62 12688.4125032758 3989
63 12688.3855601096 4051
64 12688.2332615629 4122
65 12688.1670082927 4184
66 12687.9837401834 4245
67 12688.0028743449 4310
68 12687.8440051686 4372
69 12687.7370290005 4433
70 12687.7722934326 4497
71 12687.6080331898 4560
72 12687.5256768732 4624
73 12687.4822329657 4687
74 12687.2679078306 4750
75 12687.3062078483 4812
76 12687.365436363 4874
77 12687.3834064634 4939
78 12687.2640866069 5001
79 12687.1465145394 5063

0 37348.8944214427 66
1 41136.0337223546 127
2 37811.9318284186 188
3 37967.1224466757 251
4 39811.2244007768 313
5 39586.0926783843 375
6 39381.6220842963 441
7 32036.5746582812 507
8 28565.6938348074 571
9 25810.8081210616 634
10 21463.5749955527 697
11 19312.0106404159 758
12 17696.6709063699 820
13 16326.9121794473 885
14 15698.1379418169 947
15 14869.260566914 1007
16 14222.4212862686 1070
17 13771.8623687484 1131
18 13510.0754795103 1192
19 13417.5365363261 1261
20 13276.9256279511 1324
21 13104.2513573983 1385
22 12973.3203570875 1448
23 12944.5574429324 1512
24 12868.714989184 1576
25 12839.8656808307 1639
26 12799.1605046535 1703
27 12785.8995589373 1766
28 12776.3534279833 1827
29 12754.5606328908 1897
30 12742.9417229071 1960
31 12734.8307446969 2022
32 12729.2547858715 2089
33 12724.346671151 2153
34 12719.0746218823 2215
35 12711.9554289953 2280
36 12709.9402775108 2343
37 12707.9435042489 2404
38 12704.7171846378 2469
39 12703.0884403777 2534
40 12700.8314499494 2599
41 12699.1391157216 2662
42 12698.1387497823 2726
43 12696.1102620982 2787
44 12695.5561536488 2859
45 12694.6997515977 2927
46 12693.8413491089 2991
47 12693.5788502601 3054
48 12693.5697141069 3119
49 12692.2582021406 3180
50 12691.5612597393 3242
51 12691.2033561607 3314
52 12690.8293218118 3376
53 12690.7430354586 3437
54 12690.4215486777 3502
55 12690.5068586745 3565
56 12690.5083201255 3628
57 12690.1627660382 3692
58 12689.6374146784 3755
59 12689.4444589281 3816
60 12689.2469344026 3879
61 12689.2671265473 3942
62 12689.2901503595 4003
63 12688.9081056573 4065
64 12688.8238719953 4130
65 12688.6179865251 4191
66 12688.4961197509 4253
67 12688.3268025714 4318
68 12688.2993817753 4381
69 12688.1755846207 4442
70 12688.1058074661 4507
71 12687.946600892 4570
72 12687.9924887979 4634
73 12687.8543410325 4701
74 12687.8294821419 4764
75 12687.8918908547 4826
76 12687.8489206071 4888
77 12687.7415315484 4954
78 12687.7857373339 5016

0 43451.3162234935 64
1 38108.0739562873 129
2 37010.3305560817 190
3 41302.5359887753 251
4 44209.6479645528 315
5 38907.1166621703 377
6 38029.4048562048 440
7 32264.5112687859 504
8 26022.8706097772 568
9 25284.4760758451 630
10 22264.1182776105 692
11 19625.4448319812 756
12 17769.8911793352 817
13 16568.7207071576 880
14 15362.1908619722 944
15 15052.8268555384 1005
16 14286.3931659886 1065
17 13799.2817173757 1134
18 13476.48449756 1196
19 13396.976666402 1262
20 13202.8534227269 1329
21 13116.9654562011 1391
22 13001.9006751069 1452
23 12911.6859433618 1517
24 12884.6360109912 1581
25 12837.1769666926 1643
26 12811.1328332896 1705
27 12787.3855753186 1768
28 12766.7633450166 1829
29 12757.3375548198 1892
30 12748.8982424655 1957
31 12734.6318504164 2018
32 12724.6757464499 2080
33 12723.5338923353 2145
34 12717.5635787133 2206
35 12712.8112569634 2268
36 12708.5232227212 2334
37 12708.6229949785 2397
38 12703.4563777533 2457
39 12701.0586543647 2525
40 12700.5353038586 2589
41 12698.7013437842 2654
42 12697.2221271286 2716
43 12696.3161206079 2780
44 12695.7117619504 2842
45 12695.1070237664 2908
46 12693.3382996249 2973
47 12693.696057939 3037
48 12692.7677065611 3099
49 12692.2995375522 3164
50 12691.8352154867 3228
51 12691.3391995145 3292
52 12690.7666091909 3359
53 12690.5869467294 3423
54 12690.2377201762 3487
55 12689.808749824 3556
56 12689.6609241945 3621
57 12689.4801980215 3685
58 12689.5367834119 3752
59 12689.010176125 3823
60 12688.6929576622 3889
61 12688.6658619984 3954
62 12688.6456373548 4017
63 12688.3936690903 4080
64 12688.0688416457 4144
65 12688.0121968896 4209
66 12688.1791352116 4272
67 12687.8465108604 4335
68 12687.8763229996 4401
69 12687.7544722592 4464
70 12687.6359064465 4528
71 12687.580571159 4595
72 12687.4613041199 4660
73 12687.4708864957 4723
74 12687.52441207 4790
75 12687.4904728712 4860
76 12687.3159560884 4925
77 12687.2828706959 4992
78 12687.1719480069 5059

0 40599.269136275 63
1 39957.3632491394 135
2 38114.1298750936 198
3 40860.4051815986 264
4 39925.0398726909 331
5 35234.5148897607 397
6 34867.0422242287 462
7 32345.061197098 530
8 29557.9251609175 595
9 22978.5711404947 659
10 21502.5001438091 726
11 19322.9998691278 790
12 18220.6323725336 855
13 15911.2329227549 921
14 15904.4617668021 987
15 14728.8131296729 1052
16 14209.9826168997 1115
17 13764.7133539809 1183
18 13658.2181561497 1247
19 13269.1157829038 1312
20 13254.5888480625 1380
21 13101.7679097565 1445
22 13041.5536088298 1510
23 12948.8425482672 1579
24 12879.9618581456 1646
25 12837.5990537808 1712
26 12813.7554486009 1782
27 12778.0931520164 1858
28 12771.4731814006 1933
29 12759.3382231358 2000
30 12747.1010241509 2062
31 12736.8461100421 2123
32 12726.677539154 2190
33 12724.0706683646 2258
34 12717.7839981645 2325
35 12714.115966939 2392
36 12708.3166926389 2456
37 12706.3014584307 2522
38 12704.6935992117 2588
39 12703.797697691 2653
40 12701.8502159541 2714
41 12700.5913824638 2780
42 12698.1521185556 2844
43 12696.7572261889 2906
44 12696.1140499824 2975
45 12695.4035938662 3038
46 12694.6428362322 3099
47 12693.2452410682 3162
48 12692.7057732361 3228
49 12692.3090123048 3289
50 12691.4321474298 3351
51 12691.1525047855 3415
52 12690.7829684105 3478
53 12690.6057702868 3543
54 12690.5889913841 3607
55 12689.694543091 3673
56 12689.5442909892 3735
57 12689.3149626335 3802
58 12689.0744741765 3865
59 12688.6612666401 3926
60 12688.6477903342 3990
61 12688.8474326379 4053
62 12688.6525985729 4115
63 12688.6593120252 4178
64 12688.338430902 4241
65 12688.1437627268 4302
66 12688.0131323434 4368
67 12688.0278011338 4435
68 12687.817640501 4497
69 12687.7917943504 4560
70 12687.6981834161 4625
71 12687.5846069332 4690
72 12687.6264313303 4753
73 12687.5458810494 4818
74 12687.3847729049 4880
75 12687.3804692189 4941
76 12687.3504082676 5007
77 12687.285658683 5069
78 12687.2774232152 5131
79 12687.2222696242 5195

0 38439.0546280341 63
1 40153.5623769101 123
2 37645.4322052488 185
3 38196.9081816229 248
4 41020.3022961437 310
5 39300.5029102839 372
6 38187.4813236344 438
7 31741.9247889775 502
8 27472.1990442614 563
9 25163.3348631989 632
10 22343.0012700927 693
11 19055.1310683025 753
12 17902.316195592 818
13 16526.5598924706 881
14 15324.3352772154 941
15 14994.3231890546 1005
16 14327.3707158427 1070
17 13929.620182167 1130
18 13598.4605184516 1192
19 13391.6467774318 1256
20 13340.2476908658 1317
21 13121.1163167819 1379
22 12998.5176755866 1445
23 12918.5200089323 1509
24 12881.2429502278 1571
25 12837.4362952241 1638
26 12805.387071506 1699
27 12790.978938882 1760
28 12772.9283942337 1823
29 12751.4135594309 1886
30 12739.5669472034 1947
31 12737.7315705961 2012
32 12730.3065786786 2077
33 12722.5382665488 2139
34 12715.6188421402 2201
35 12710.3722109531 2267
36 12708.1710774151 2330
37 12706.8507838366 2391
38 12705.9258200245 2456
39 12702.5013126204 2520
40 12700.6662263337 2581
41 12698.561478646 2652
42 12697.2254027384 2723
43 12697.4203950695 2795
44 12695.6995372266 2874
45 12695.257227689 2952
46 12693.5117868462 3020
47 12693.6783265121 3090
48 12692.7055535624 3159
49 12691.5330982329 3233
50 12691.4910805946 3308
51 12690.6676714259 3373
52 12690.9949223715 3440
53 12690.5326977977 3510
54 12690.0396714444 3573
55 12689.5180736682 3637
56 12689.3055464166 3701
57 12689.0937374105 3761
58 12688.941656568 3823
59 12689.083554175 3886
60 12688.8774230011 3947
61 12688.9045809679 4010
62 12688.4622764694 4077
63 12688.3934853388 4139
64 12688.2991932196 4199
65 12687.9516009702 4264
66 12687.8076618027 4327
67 12687.7000180107 4389
68 12687.7968885666 4452
69 12687.704146585 4516
70 12687.6234087536 4580
71 12687.6108717177 4643
72 12687.3970189815 4708
73 12687.3584506452 4769
74 12687.2745965782 4835
75 12687.245435129 4902
76 12687.1800287749 4965
77 12687.2071103897 5029
78 12687.1382260512 5096
79 12687.0703151295 5159
80 12686.9938709937 5220

0 43914.8535448901 66
1 38986.9311806038 128
2 39193.1626850301 188
3 38740.3202017765 251
4 38072.3075214232 313
5 41551.1854884009 376
6 35801.8222371871 440
7 32926.202296195 506
8 28474.5779088241 567
9 24015.0019719431 628
10 20586.4161066419 693
11 19020.2866215072 754
12 17619.6610825791 820
13 16543.9029540567 888
14 15462.6508965713 950
15 14821.391956682 1009
16 14182.9155242056 1079
17 13722.8208224951 1140
18 13507.8547928258 1202
19 13351.3526909275 1265
20 13262.9384607483 1328
21 13125.7505046908 1392
22 12994.5473993767 1458
23 12923.4325897952 1521
24 12869.643785472 1582
25 12842.7558094756 1646
26 12816.6534869335 1711
27 12790.2693696837 1774
28 12773.0022112221 1836
29 12757.3761764941 1902
30 12747.4538159814 1963
31 12733.9709780179 2026
32 12726.9381708922 2092
33 12723.6594805664 2154
34 12716.4497870521 2215
35 12713.8151581229 2282
36 12709.185087436 2347
37 12707.6085165935 2409
38 12704.3657008943 2475
39 12703.5224935038 2539
40 12702.0671766291 2602
41 12698.435477495 2665
42 12697.6234399683 2729
43 12696.6651581543 2791
44 12695.4200134991 2854
45 12694.888677844 2920
46 12694.3694461018 2981
47 12693.846372418 3043
48 12692.5284256858 3110
49 12691.8015389415 3173
50 12691.34049638 3234
51 12691.1584884113 3301
52 12690.8045632056 3366
53 12690.4779020273 3431
54 12689.9588569771 3495
55 12689.7491807568 3558
56 12689.7649230461 3620
57 12689.4894834132 3684
58 12689.015816653 3750
59 12689.1389767884 3812
60 12688.9754252491 3876
61 12688.5161334301 3939
62 12688.7427994522 4003
63 12688.4801806569 4066
64 12688.3332348534 4132
65 12688.1863398402 4195
66 12688.083246413 4257
67 12687.930281522 4322
68 12687.834848288 4387
69 12687.7749006776 4451
70 12687.6522780701 4516
71 12687.5891391434 4578
72 12687.6052336522 4641
73 12687.4329990361 4705
74 12687.415200575 4768
75 12687.3863142925 4830
76 12687.3705586289 4893
77 12687.2798744971 4956
78 12687.2547823497 5017
79 12687.2154805164 5079

0 39579.8142545167 73
1 36539.5264830733 133
2 40820.618501127 194
3 41567.6555318037 263
4 40089.8071587804 328
5 38647.1266913399 389
6 36264.5882195829 454
7 32240.825267149 516
8 27504.930825449 576
9 24494.3151969521 639
10 21581.4250312529 702
11 18410.1680398147 767
12 17328.4580033529 832
13 16377.48992332 895
14 15340.7596212546 957
15 14787.1871694132 1018
16 14386.1979864644 1084
17 13834.2830844258 1145
18 13539.3374649591 1206
19 13357.5086972342 1271
20 13295.2451923445 1335
21 13079.9282495291 1396
22 13012.8864436604 1466
23 12924.977019838 1531
24 12863.4391250855 1592
25 12824.0399403041 1656
26 12803.0658782617 1719
27 12788.8273347051 1782
28 12766.8093617258 1845
29 12756.3342051414 1908
30 12743.2559649564 1971
31 12735.0477105436 2032
32 12729.3190272067 2099
33 12727.9663191979 2159
34 12717.991471202 2220
35 12713.3220350043 2285
36 12710.017342371 2350
37 12708.2285223829 2413
38 12704.0001180953 2477
39 12703.5549337132 2540
40 12701.1815065395 2602
41 12699.279534844 2668
42 12698.1748324297 2731
43 12697.0411739089 2793
44 12695.8156186236 2856
45 12694.9047033829 2922
46 12694.8005099051 2985
47 12693.6427867012 3048
48 12692.3689558237 3116
49 12692.2485706988 3178
50 12691.769521237 3238
51 12691.6239400338 3304
52 12691.2804168682 3369
53 12690.8165706518 3431
54 12689.9276684207 3495
55 12689.9406353092 3556
56 12689.8911719245 3617
57 12689.7401166963 3682
58 12689.4697445061 3746
59 12689.1157621933 3808
60 12689.0441464003 3870
61 12688.8488030219 3935
62 12688.6329114263 3996
63 12688.3997851812 4058
64 12688.3260838235 4123
65 12688.1708638589 4185
66 12688.1599338863 4245
67 12688.0056798422 4316
68 12688.0926047083 4380
69 12687.7951806363 4442
70 12687.7381869337 4507
71 12687.7514594432 4570
72 12687.6802852201 4633
73 12687.5934066422 4698
74 12687.5271553658 4762
75 12687.4465203666 4823
76 12687.391551352 4885
77 12687.3708695515 4948
78 12687.2807305988 5011
79 12687.2092005223 5073

0 41780.8317766488 65
1 40449.8336459171 124
2 41373.2644407919 184
3 41399.4391074898 248
4 38812.1324852421 311
5 38944.7145624577 373
6 35221.1968080352 438
7 31691.655019349 501
8 27344.9918058651 563
9 24420.0362898217 628
10 21199.2882087897 696
11 18529.681055281 761
12 17249.8032604252 822
13 16832.178833824 888
14 15333.7415121056 950
15 15096.7952307889 1011
16 14265.5595933455 1076
17 13855.6156602531 1137
18 13551.8191103496 1197
19 13313.4549198702 1261
20 13261.6963546957 1324
21 13087.4642997065 1388
22 12995.5621320451 1452
23 12907.9567069775 1515
24 12855.7862681248 1576
25 12841.8337737757 1640
26 12811.1070501557 1704
27 12788.0516050433 1766
28 12767.9841586158 1827
29 12755.9128845391 1892
30 12746.1727950812 1956
31 12731.2350126551 2020
32 12730.2217207883 2093
33 12723.0883563318 2157
34 12719.4050623855 2219
35 12713.7001893826 2286
36 12709.1087510749 2349
37 12707.320527905 2418
38 12704.6961258524 2487
39 12702.8251303401 2554
40 12700.1111215396 2626
41 12699.5028054458 2701
42 12697.9171697108 2771
43 12695.9576454642 2840
44 12695.7549135442 2910
45 12695.8787983448 2982
46 12694.0082882374 3049
47 12694.1843154779 3118
48 12692.8955560909 3180
49 12691.8105418657 3245
50 12692.0953661669 3319
51 12691.3946000647 3391
52 12690.7339117756 3464
53 12690.3400648738 3540
54 12689.8818490575 3611
55 12689.7603437451 3686
56 12689.699792947 3756
57 12689.5544542219 3824
58 12689.3725825845 3898
59 12689.0704270024 3968
60 12689.3350679172 4036
61 12688.8482109573 4109
62 12688.4891556659 4177
63 12688.4363421487 4248
64 12688.396956925 4327
65 12688.271410299 4403
66 12688.0819043136 4476
67 12687.9695226372 4545
68 12687.9594252784 4615
69 12687.8698236908 4698
70 12687.7877531626 4772
71 12687.7113588668 4844
72 12687.6251941946 4930
73 12687.647103463 5010
74 12687.4607154845 5083
75 12687.5338314176 5156
76 12687.356092029 5225
77 12687.360120363 5298
78 12687.2940890843 5371
79 12687.2029812984 5441

0 37535.5848778976 72
1 40075.8156012064 144
2 39380.4032747907 215
3 39075.1939855838 295
4 37980.7065829225 363
5 36777.5672546404 436
6 37794.5213388622 512
7 31766.8826785931 579
8 27758.716030312 648
9 23935.4178618127 723
10 21430.1679446896 791
11 19469.8600224005 864
12 17895.959758714 935
13 16475.4446826476 1005
14 15423.5151613877 1076
15 14900.6771962243 1140
16 14317.8731798575 1201
17 13757.2915126873 1263
18 13533.3720704175 1327
19 13416.9821485453 1388
20 13262.4394760804 1451
21 13145.9733577808 1527
22 12994.1517766487 1598
23 12929.5411637509 1670
24 12888.4673087326 1745
25 12833.7894454245 1817
26 12803.7089442606 1889
27 12780.6858488488 1962
28 12769.0584118673 2031
29 12757.8941863898 2109
30 12745.0195270028 2178
31 12731.7697895354 2242
32 12731.2845099823 2308
33 12725.9666725117 2372
34 12716.3095847191 2433
35 12714.3636585403 2497
36 12709.6037962119 2567
37 12707.1595358007 2635
38 12705.6005044914 2709
39 12701.8892885538 2781
40 12700.5647034533 2850
41 12699.671740157 2939
42 12697.6445964447 3011
43 12696.4975942796 3078
44 12696.0377416933 3150
45 12694.7859619242 3214
46 12695.1101784719 3276
47 12693.8182128525 3347
48 12693.3559433971 3419
49 12692.8940949224 3498
50 12691.9272554051 3571
51 12691.3935044331 3639
52 12691.024348812 3718
53 12690.9064028569 3795
54 12690.4826661918 3861
55 12690.1331293763 3930
56 12689.9030482983 4001
57 12689.5787772976 4066
58 12689.4037562485 4133
59 12689.1737782724 4198
60 12689.0987466481 4262
61 12688.8558633958 4335
62 12688.7051753002 4401
63 12688.4548421017 4464
64 12688.2931390479 4530
65 12688.3754149703 4593
66 12688.3576289132 4654
67 12688.2002994622 4718
68 12688.1575344455 4783
69 12688.0773985398 4845
70 12687.9732027498 4910
71 12687.9679336422 4981
72 12687.7593580045 5051
73 12687.7147488827 5124
74 12687.6919778911 5191
75 12687.564095784 5254
76 12687.593793663 5326
77 12687.578609025 5393
78 12687.5468196873 5457
79 12687.5219980826 5523

0 40393.5979220714 70
1 41174.9914126532 132
2 36294.4156733338 199
3 39096.7718138454 266
4 38512.7307015299 332
5 41821.7181025936 398
6 34327.5274370209 465
7 34696.9475789738 531
8 30137.9188191672 597
9 23960.8189053841 667
10 20357.311530639 730
11 19131.8619615644 800
12 17882.3543183842 874
13 16453.9510518614 938
14 15727.9532622264 1001
15 14940.4979668096 1068
16 14124.2105340802 1134
17 13779.2919147803 1197
18 13527.5526433474 1263
19 13484.8084775139 1327
20 13308.540845594 1388
21 13093.4640338281 1463
22 12984.175011804 1534
23 12929.2482776988 1605
24 12898.2785592635 1676
25 12836.944790535 1747
26 12820.8422590559 1812
27 12790.3894877588 1881
28 12775.4209723985 1946
29 12756.6508994491 2014
30 12755.0426834596 2083
31 12734.0119681901 2148
32 12725.368521848 2217
33 12722.5065215114 2290
34 12719.0890222081 2357
35 12712.4437692333 2423
36 12708.5900223654 2493
37 12705.8199161496 2559
38 12706.5070055007 2624
39 12700.9846684292 2692
40 12700.9315401179 2756
41 12698.6352387711 2821
42 12697.6688437193 2888
43 12695.922098589 2952
44 12694.3377659038 3013
45 12694.4955784771 3078
46 12694.0742978123 3141
47 12692.7235375606 3203
48 12692.5964256914 3272
49 12692.1212990324 3335
50 12691.328223794 3396
51 12691.2973930976 3462
52 12690.6002692662 3528
53 12689.9724797616 3592
54 12689.9407491536 3656
55 12689.4992966702 3724
56 12689.5814030446 3792
57 12689.3545271099 3862
58 12689.1184344987 3933
59 12688.8008343721 4000
60 12688.6411179711 4068
61 12688.4958196465 4131
62 12688.4112380543 4193
63 12688.26531679 4257
64 12687.9472372345 4323
65 12687.9047156925 4385
66 12687.8287788867 4447
67 12687.8739287986 4517
68 12687.6199505229 4588
69 12687.550846105 4655
70 12687.6188204801 4723
71 12687.5265671509 4787
72 12687.4698403473 4859
73 12687.3188535231 4927
74 12687.4040949714 4990
75 12687.307922412 5053
76 12687.2354191378 5121
77 12687.3161625752 5182
78 12687.1335679909 5243
79 12687.0867659514 5312
80 12686.9973618772 5379

0 43289.0566684415 69
1 42119.4778318897 138
2 39694.9723294534 202
3 37818.5376361287 262
4 47453.6389657153 325
5 44903.2169488263 388
6 37343.1526359272 450
7 32833.8599996004 517
8 26476.977661182 579
9 24040.0739058491 641
10 20367.8084500917 706
11 19242.3492179951 772
12 17721.332502746 841
13 16063.9024894024 909
14 15335.3942599873 974
15 14936.4756275875 1037
16 14168.0775746636 1100
17 13879.8706356073 1166
18 13531.6795341177 1229
19 13354.1525094289 1292
20 13258.77296321 1356
21 13107.1995375112 1419
22 13007.8510381074 1482
23 12932.6122882354 1549
24 12888.2318151768 1611
25 12843.1900891515 1672
26 12812.7363000342 1736
27 12792.5285415876 1798
28 12766.1531348167 1860
29 12761.4084939901 1929
30 12744.3590106379 1998
31 12733.5376536891 2065
32 12726.8682549515 2131
33 12723.2137564388 2193
34 12715.8524001364 2257
35 12714.6915030254 2320
36 12709.1165613161 2389
37 12707.704808517 2450
38 12704.3424064262 2512
39 12703.8947202472 2578
40 12701.3190129944 2643
41 12698.9692435077 2714
42 12697.0767916361 2782
43 12696.5322681684 2846
44 12694.908781151 2908
45 12693.5396552764 2972
46 12694.1370588977 3035
47 12693.1199980065 3099
48 12692.5113350415 3169
49 12692.1352709611 3239
50 12691.5088786901 3302
51 12691.7059889808 3367
52 12690.6257188001 3429
53 12690.2006674441 3490
54 12690.1850671498 3554
55 12689.771651274 3618
56 12689.7061216001 3684
57 12689.6341822143 3757
58 12689.4979078398 3825
59 12689.0839540944 3891
60 12688.59096914 3957
61 12688.4964270951 4022
62 12688.4889389825 4085
63 12688.3610549574 4150
64 12688.1883034948 4216
65 12687.9716038567 4284
66 12687.9740868399 4349
67 12687.9443099506 4414
68 12687.898550048 4482
69 12687.8190490573 4546
70 12687.7420746961 4614
71 12687.5746753402 4681
72 12687.4617354418 4746
73 12687.4936105801 4818
74 12687.4177693156 4884
75 12687.3823165999 4947
76 12687.3194787473 5015
77 12687.2773520757 5083
78 12687.1750720986 5152

0 39800.2806243805 72
1 38080.4189184696 141
2 40630.0356866301 208
3 39024.1895393232 275
4 40251.6912898804 341
5 39282.6719835107 407
6 38501.5183631887 478
7 33675.3245079968 540
8 28564.0762526413 602
9 23627.0750432731 668
10 22695.3344116439 730
11 18743.2478327581 790
12 17767.9791278685 852
13 16366.5995970283 914
14 15484.0349610663 977
15 15055.7380491266 1040
16 14234.8907376756 1106
17 13824.8472699247 1168
18 13660.4981833893 1230
19 13391.3852000094 1293
20 13298.2331169278 1355
21 13115.7866562748 1419
22 13016.6626574137 1492
23 12952.9171399218 1561
24 12863.6203391895 1634
25 12841.5815690793 1706
26 12801.7582605283 1772
27 12772.9490044941 1836
28 12778.4630230768 1899
29 12755.4206376477 1960
30 12746.0620940971 2025
31 12733.9030891744 2089
32 12727.3119862452 2154
33 12721.3130136799 2216
34 12715.132673317 2281
35 12713.6429074582 2343
36 12709.7043011114 2404
37 12708.9491975037 2468
38 12705.6673336506 2532
39 12703.6341133205 2595
40 12701.987285785 2658
41 12698.8165384261 2721
42 12697.6952353438 2783
43 12697.1905809174 2846
44 12696.3071612663 2916
45 12694.6532474382 2981
46 12694.2757291992 3044
47 12693.6124794623 3112
48 12693.1009946209 3177
49 12692.2004459212 3239
50 12691.3796004822 3305
51 12691.1103932089 3370
52 12690.8702781423 3431
53 12690.3787762497 3497
54 12690.2399368973 3560
55 12690.1140334308 3623
56 12689.8959903549 3688
57 12689.2803659274 3752
58 12689.1923987886 3812
59 12689.0208132888 3876
60 12688.8029778481 3938
61 12688.5697217079 3999
62 12688.6385820167 4060
63 12688.5279268249 4127
64 12688.2737456509 4192
65 12688.04292442 4255
66 12687.9406469319 4330
67 12687.8920857183 4394
68 12687.822074501 4456
69 12687.8293399974 4521
70 12687.7523888354 4583
71 12687.6606891714 4645
72 12687.4024854237 4713
73 12687.3936245416 4776
74 12687.474208132 4838
75 12687.4472542332 4902
76 12687.380814128 4964
77 12687.2940044594 5024

0 37942.3970741745 64
1 42451.02958611 127
2 36788.2338839428 190
3 36958.6850614612 252
4 38597.4080661062 315
5 39630.5474914108 376
6 37870.0835449427 437
7 31374.4320544214 507
8 28329.3786284885 570
9 23484.354208176 632
10 21627.515716139 699
11 19203.5560770771 764
12 17517.0866678466 824
13 16408.4666245292 888
14 15294.4921522215 950
15 14797.2526570487 1010
16 14292.0432479805 1071
17 13906.9523207463 1135
18 13536.8993869376 1199
19 13351.3552189919 1262
20 13293.0195194008 1324
21 13133.6152144469 1385
22 12971.9943745199 1446
23 12913.0411691112 1510
24 12882.2720419422 1572
25 12828.6411290474 1634
26 12821.2875169043 1698
27 12786.9601248139 1763
28 12769.5422658985 1825
29 12757.1349709973 1893
30 12749.5428535611 1956
31 12735.3540388413 2017
32 12729.2551046684 2078
33 12724.9149274685 2142
34 12718.4540614078 2207
35 12712.8936244135 2271
36 12709.7731336388 2338
37 12707.886500137 2400
38 12704.8631308626 2461
39 12702.3588334889 2526
40 12700.8325819954 2588
41 12699.5592119329 2650
42 12698.8628651593 2717
43 12698.5579494488 2780
44 12696.4908860584 2843
45 12695.4668370904 2906
46 12694.2305734626 2970
47 12693.5183427943 3032
48 12693.922765056 3094
49 12692.6164913502 3158
50 12691.8155791919 3223
51 12691.7341482435 3286
52 12690.8598568259 3354
53 12691.0421608726 3417
54 12690.6632286392 3479
55 12690.5687195697 3548
56 12689.8287633952 3610
57 12689.497709285 3672
58 12689.3754302442 3738
59 12689.3860987405 3800
60 12689.3177205602 3863
61 12688.723154625 3928
62 12688.8307973326 3991
63 12688.6620022324 4051
64 12688.3314523269 4114
65 12688.2075993408 4178
66 12688.1146858437 4241
67 12688.1628814465 4303
68 12688.0138965174 4372
69 12687.9569072034 4436
70 12687.8449076975 4497
71 12687.603240676 4563
72 12687.6366865537 4625
73 12687.6709081851 4685
74 12687.4635155478 4755
75 12687.4144526729 4818
76 12687.4008551416 4878
77 12687.3997505171 4944
78 12687.4126352902 5007
79 12687.4030551639 5068
80 12687.2996282712 5131

0 37463.8433069969 64
1 40913.266289994 126
2 42011.7052515872 187
3 35302.7451682089 251
4 40839.8861821086 312
5 39385.2128418802 376
6 33559.967005788 442
7 31070.0775833196 504
8 28593.0777588278 565
9 24375.3288305062 632
10 21140.8279235217 701
11 19354.4169081758 765
12 17862.6340898037 832
13 16350.4161319895 895
14 15589.193871378 955
15 15339.4655466074 1018
16 14349.5469936147 1083
17 13815.5412472598 1145
18 13574.7702725531 1206
19 13379.8138006866 1268
20 13268.3501477004 1328
21 13124.7609993815 1392
22 12977.1078096466 1459
23 12946.1146655044 1522
24 12875.4217347067 1584
25 12834.6499230784 1650
26 12803.1150996473 1713
27 12788.1581922448 1774
28 12769.3726019246 1838
29 12754.8390408739 1901
30 12747.222283963 1964
31 12738.5926187153 2028
32 12723.3610875175 2091
33 12722.6949627448 2154
34 12718.3519883896 2220
35 12711.8441603155 2287
36 12709.9846615996 2349
37 12706.8238978599 2412
38 12703.7804959919 2481
39 12702.2504084811 2543
40 12701.7515686021 2605
41 12700.3761011451 2670
42 12697.6382781015 2731
43 12696.7319442042 2793
44 12695.5794176541 2859
45 12694.4117994916 2922
46 12694.6696727521 2984
47 12693.2793075051 3048
48 12692.8411823635 3114
49 12692.6561585186 3177
50 12692.3117406489 3239
51 12691.5052881557 3303
52 12690.8747640271 3364
53 12690.7946937072 3426
54 12690.2638850579 3492
55 12689.9745111177 3557
56 12690.0020471187 3621
57 12689.5273877286 3692
58 12689.4268698927 3753
59 12689.2024059465 3814
60 12688.9914579529 3881
61 12689.040903315 3943
62 12688.6935457062 4005
63 12688.3743102439 4073
64 12688.3365663421 4137
65 12688.3509075426 4202
66 12688.2851239481 4270
67 12688.0989941937 4334
68 12687.9829699079 4396
69 12687.7583046744 4458
70 12687.760895024 4522
71 12687.7392507197 4586
72 12687.6876503763 4650
73 12687.6074185541 4714
74 12687.4615500968 4775
75 12687.4135613706 4838
76 12687.3031766315 4903
77 12687.401119281 4965
78 12687.2706254034 5025
79 12687.292895628 5095

0 46776.1251398054 67
1 40612.8389611541 128
2 39388.1839573907 191
3 38711.9743236386 253
4 38004.150029762 313
5 37950.5383802906 375
6 37029.7566249159 437
7 32763.8151759276 499
8 27055.975734273 563
9 23027.2774390041 627
10 20924.0288473342 689
11 19054.8341325526 750
12 17552.5888962254 815
13 16040.4881911813 876
14 15631.5492502541 935
15 14810.4167501742 999
16 14191.1829842705 1065
17 13752.5644506404 1128
18 13508.1849458563 1192
19 13405.9808102592 1262
20 13287.2702798356 1323
21 13143.4930857237 1385
22 12984.1721195601 1449
23 12927.6140637187 1511
24 12859.1781124505 1575
25 12827.1290543823 1641
26 12811.6030031509 1704
27 12791.9221244908 1764
28 12760.0319483122 1829
29 12755.6772863674 1891
30 12743.0474598077 1951
31 12733.9234143713 2015
32 12728.9734322603 2078
33 12722.6330104218 2144
34 12720.3491031218 2207
35 12716.3169933522 2270
36 12709.183875432 2331
37 12709.5330213078 2393
38 12703.6044257941 2460
39 12702.9870361619 2527
40 12700.4566895374 2592
41 12698.2229055448 2662
42 12697.3663894303 2726
43 12695.7576451945 2787
44 12696.1247898077 2852
45 12694.9007170608 2914
46 12693.7965432767 2975
47 12693.0797304081 3040
48 12692.1581511829 3103
49 12692.2784152272 3166
50 12692.3348017803 3234
51 12691.5248170947 3296
52 12690.6908835716 3357
53 12690.4021492871 3420
54 12690.1135742904 3484
55 12690.1556990491 3546
56 12689.7470167275 3608
57 12689.5057341732 3674
58 12689.1731953556 3738
59 12689.0641098405 3801
60 12688.7280672117 3869
61 12688.4247749905 3933
62 12688.3090010031 3993
63 12688.393558136 4061
64 12687.983324326 4127
65 12688.1192081342 4193
66 12688.1204228926 4258
67 12688.0204793862 4319
68 12687.9864410854 4380
69 12687.7388582179 4444
70 12687.7161073175 4507
71 12687.5942803654 4571
72 12687.6098361608 4634
73 12687.4229442674 4699
74 12687.298720095 4761
75 12687.3221065593 4824
76 12687.2918820821 4888
77 12687.2210510018 4949
78 12687.206267887 5010
79 12687.1808530804 5075

0 39366.936974069 65
1 41257.0430678442 126
2 38422.0089483726 195
3 38870.6683949576 259
4 36893.2039300135 320
5 41489.978317674 383
6 36502.1383599915 446
7 32038.1873651299 508
8 28181.5336120674 571
9 24011.1684548033 636
10 20440.6324351218 697
11 19049.8903050362 760
12 17357.9682704686 824
13 15995.0537792576 885
14 15442.5848121928 946
15 14742.7137034819 1010
16 14231.0574776635 1074
17 13722.611095516 1136
18 13534.1883458659 1200
19 13365.4483377684 1261
20 13260.3540311293 1324
21 13127.7646485837 1388
22 13025.813037199 1453
23 12922.2065113022 1515
24 12874.8988046503 1579
25 12845.2110187526 1643
26 12809.2849908858 1705
27 12793.6065865637 1767
28 12770.1538755741 1836
29 12753.6390563025 1898
30 12742.5153367669 1959
31 12733.8779508478 2025
32 12731.8339453722 2089
33 12721.2439568083 2150
34 12717.7592997192 2214
35 12712.5313813491 2276
36 12710.3014274306 2339
37 12708.49629252 2404
38 12704.022967865 2468
39 12702.7540240224 2529
40 12701.0291793999 2592
41 12699.8158153083 2658
42 12697.1864483656 2720
43 12696.3908904485 2782
44 12696.1981939164 2848
45 12695.3651926944 2912
46 12693.4955565477 2974
47 12693.2328202869 3045
48 12692.5511323915 3110
49 12692.1736128387 3172
50 12691.3504402133 3237
51 12691.3728025475 3299
52 12690.8244375868 3360
53 12690.467662372 3428
54 12690.2862135895 3494
55 12690.1051325203 3556
56 12689.5237664727 3618
57 12689.3083752119 3681
58 12689.1180056448 3742
59 12689.0875043135 3804
60 12689.0116371141 3868
61 12688.6050389811 3931
62 12688.7573665781 3994
63 12688.4397704776 4061
64 12687.9584968439 4132
65 12688.1326878089 4193
66 12688.0353458985 4258
67 12687.8424768562 4320
68 12687.7286074341 4381
69 12687.6966037289 4449
70 12687.5420981254 4514
71 12687.5052282081 4576
72 12687.4315925228 4641
73 12687.4997165401 4703
74 12687.3421588435 4764
75 12687.3469444071 4827
76 12687.192767926 4893
77 12687.1221312803 4954
78 12687.1859542735 5019
79 12687.2060628666 5085

0 40217.4139896998 66
1 36920.0561425144 127
2 41177.3616506227 193
3 37228.9765606255 254
4 40211.737407611 316
5 39961.2992982385 381
6 34488.9647328193 445
7 31463.4064891794 509
8 29609.8563019981 573
9 23769.9510589919 635
10 22603.4349081101 695
11 19169.6997001269 761
12 17490.7912980724 826
13 16160.8406387431 886
14 15541.789785189 947
15 14952.0030774137 1013
16 14252.7447273845 1076
17 13847.331174095 1138
18 13523.714803535 1203
19 13390.4853449509 1263
20 13272.4762791689 1323
21 13128.4073309198 1388
22 13001.3755610576 1452
23 12937.5341049489 1516
24 12883.3558730546 1580
25 12835.6909784458 1642
26 12813.5485181048 1704
27 12789.1726520455 1765
28 12769.5453881583 1828
29 12752.6930670779 1890
30 12743.4956476064 1951
31 12732.4247155262 2017
32 12725.2124466152 2083
33 12722.5324047373 2145
34 12716.1614334719 2220
35 12712.4315303794 2283
36 12709.0483303207 2345
37 12707.8276701776 2409
38 12705.7198791886 2471
39 12702.4292463324 2533
40 12699.991695993 2600
41 12699.0045217631 2663
42 12697.3443262047 2725
43 12696.572528275 2787
44 12695.8466928726 2850
45 12694.8462931683 2912
46 12693.218807974 2975
47 12693.4447084285 3040
48 12692.9651121797 3107
49 12692.4181084431 3169
50 12691.5658218386 3233
51 12690.7240882876 3296
52 12690.8663918714 3358
53 12690.3194881416 3421
54 12689.8660750595 3484
55 12689.7631326852 3545
56 12689.505940508 3608
57 12689.5081998367 3674
58 12689.3753795763 3736
59 12689.3026525385 3797
60 12688.8442900936 3864
61 12688.665136981 3926
62 12688.5660189595 3987
63 12688.2194662022 4060
64 12688.2155286653 4126
65 12687.9555229423 4189
66 12687.9883616352 4253
67 12688.0454655767 4318
68 12687.8662867117 4380
69 12687.7816393953 4447
70 12687.8773108499 4513
71 12687.6137212383 4575
72 12687.5464598186 4641
73 12687.4442410507 4707
74 12687.3258936605 4769
75 12687.3103743307 4833
76 12687.2341951437 4897
77 12687.2732597723 4959
78 12687.2046242822 5023
79 12687.14138794 5091
80 12687.113655236 5154

0 44108.8367783125 66
1 40199.8208145017 130
2 41342.971778517 192
3 41236.3728485692 253
4 38372.7278730955 321
5 38548.592626575 388
6 35359.7457664843 455
7 29110.7708456082 523
8 26480.3830599865 586
9 24771.3311994565 648
10 21390.1033987043 712
11 18296.4344816857 773
12 17220.9062310569 835
13 16481.358706136 900
14 15805.4917195421 968
15 14801.8456878912 1034
16 14217.4256925665 1097
17 13846.8054865698 1165
18 13522.7453881587 1226
19 13418.1196214603 1289
20 13245.5395674845 1356
21 13105.1409892241 1418
22 12984.8279847293 1481
23 12927.4223860633 1550
24 12883.121939124 1618
25 12832.5618019745 1684
26 12814.4592654469 1749
27 12786.0467259301 1816
28 12767.9923923152 1886
29 12758.6248459745 1956
30 12747.1971874947 2020
31 12739.2343220922 2081
32 12727.3361606593 2148
33 12722.689423046 2220
34 12717.0522090263 2289
35 12713.5948200076 2360
36 12710.0559821543 2423
37 12709.1625498865 2486
38 12705.5093363368 2553
39 12703.0610958887 2618
40 12700.8954097651 2687
41 12698.5747416865 2760
42 12697.683691199 2823
43 12696.6709077565 2885
44 12695.6801144387 2949
45 12695.1963511117 3013
46 12693.5808981202 3075
47 12693.0830042015 3139
48 12693.2331275361 3202
49 12692.3789072893 3267
50 12692.0745382727 3335
51 12691.0194753074 3397
52 12690.8518413131 3458
53 12690.8063768014 3524
54 12690.3031927618 3589
55 12690.1911023964 3650
56 12689.6959007043 3713
57 12689.6451684578 3779
58 12689.0551150749 3844
59 12689.0232084179 3913
60 12688.8203925743 3982
61 12688.9023232708 4046
62 12688.7285836215 4107
63 12688.2956217903 4173
64 12688.3765497442 4236
65 12688.0158121522 4299
66 12687.8989984879 4365
67 12687.8527028382 4428
68 12687.7570491654 4490
69 12687.6696190689 4552
70 12687.6820573749 4615
71 12687.5545986794 4677
72 12687.4171602223 4739
73 12687.3410804812 4805
74 12687.3703235533 4868
75 12687.2975819346 4930
76 12687.2313263256 4996
77 12687.0509039635 5059
78 12686.9661460565 5122

0 41443.4587352397 72
1 45617.2421174787 138
2 38645.2102441572 202
3 40961.0068067242 272
4 39618.1064490479 334
5 36585.9776086043 395
6 36850.9108757622 459
7 35503.6747076547 524
8 27548.5751819181 586
9 23654.5296064507 648
10 21352.4144302698 711
11 19171.498267459 774
12 17634.5115466478 837
13 16085.9962880895 900
14 15665.3163787406 961
15 14788.0535256554 1021
16 14158.7483187099 1085
17 13937.1610676263 1146
18 13514.7376205646 1206
19 13457.1396198174 1269
20 13301.9386528986 1331
21 13083.5240790104 1396
22 12978.9535432932 1468
23 12923.9458100868 1536
24 12877.2052368481 1602
25 12845.0850138712 1667
26 12811.30719845 1733
27 12794.3589321858 1795
28 12764.773896748 1858
29 12756.1057959617 1924
30 12744.295567826 1986
31 12734.8054435057 2048
32 12732.076190843 2113
33 12724.2082444649 2175
34 12717.1772692256 2238
35 12711.1727307539 2304
36 12709.8646453906 2368
37 12707.1571130452 2430
38 12705.7557783605 2494
39 12703.1736137007 2556
40 12701.4024312526 2617
41 12699.5440260895 2680
42 12697.9172085197 2743
43 12696.5414813251 2804
44 12696.5968218 2866
45 12695.4652497536 2932
46 12693.8333193564 2994
47 12693.771626877 3055
48 12692.9974029447 3125
49 12692.1359358158 3187
50 12691.7470459227 3248
51 12691.4756224291 3313
52 12691.4174265531 3380
53 12690.8001609051 3447
54 12690.1127807782 3516
55 12689.8070426985 3581
56 12689.6007113705 3643
57 12689.4423828554 3707
58 12689.5430143716 3770
59 12689.3771603285 3841
60 12689.0894870413 3910
61 12688.9945888005 3980
62 12688.619942847 4045
63 12688.592725336 4109
64 12688.534481431 4171
65 12688.2992060465 4233
66 12688.2713393842 4294
67 12688.2266934676 4362
68 12688.3066354331 4425
69 12688.0882279796 4489
70 12688.0315659609 4558
71 12687.8841889915 4626
72 12687.7125631159 4690
73 12687.783598102 4756
74 12687.6473061283 4817
75 12687.6194481571 4878
76 12687.5553321333 4943
77 12687.4945885292 5007
78 12687.5211668387 5069
79 12687.4802555323 5133

0 41138.7477317683 62
1 38022.4427283559 123
2 38395.6219031639 185
3 43840.2072289085 247
4 39482.5130416192 307
5 39050.6378115624 368
6 35865.7997025302 436
7 27922.1266524421 497
8 28945.5584806263 557
9 26325.088108769 622
10 21349.5723129204 683
11 18859.437427152 743
12 17839.5995110993 813
13 16362.7994750811 877
14 15375.7513544175 942
15 14833.6801745458 1005
16 14337.1693001654 1067
17 13908.1843027716 1128
18 13553.6469503409 1190
19 13353.1464871572 1253
20 13273.8512665858 1313
21 13152.6266540202 1374
22 13032.9644279111 1442
23 12950.1888004663 1508
24 12880.4426327711 1571
25 12831.3377775062 1637
26 12816.0272028566 1701
27 12785.681939459 1763
28 12766.5619030298 1829
29 12759.7082622478 1895
30 12748.8437408051 1958
31 12735.5372674619 2024
32 12726.235966055 2086
33 12722.6100123627 2149
34 12718.2708988477 2217
35 12715.7755879982 2283
36 12710.7123701063 2345
37 12707.2915975945 2407
38 12705.4677319092 2471
39 12702.9069082421 2534
40 12700.7764887772 2597
41 12699.18955977 2664
42 12697.865357185 2726
43 12696.506332131 2788
44 12697.0610809123 2854
45 12695.109730836 2920
46 12694.2926603476 2983
47 12693.6266279235 3053
48 12692.7849659685 3118
49 12692.1934790084 3179
50 12691.9487355872 3245
51 12691.3687071667 3308
52 12690.5258279496 3371
53 12690.0223826112 3435
54 12690.2768253791 3498
55 12689.8938727652 3561
56 12689.5163019981 3626
57 12689.4375099006 3698
58 12689.3221074447 3761
59 12689.2162872786 3823
60 12688.9345281045 3889
61 12688.9132586861 3953
62 12688.6109684502 4015
63 12688.6593500905 4080
64 12688.3886311294 4145
65 12688.2129811593 4206
66 12688.0320508492 4272
67 12688.0252553893 4334
68 12688.1446134554 4395
69 12687.9537006834 4460
70 12688.049003689 4523
71 12687.7729640481 4584
72 12687.6693623031 4649
73 12687.4769381874 4712
74 12687.4599059292 4774
75 12687.3542138005 4835
76 12687.3377030744 4902
77 12687.3523056629 4967
78 12687.3943992476 5028
79 12687.2467992985 5099

0 39065.544275243 65
1 41841.1105020333 130
2 41913.056826655 196
3 36333.8596945386 258
4 42153.4125434852 321
5 41201.0010915192 388
6 36549.2387044661 453
7 29933.2437972918 519
8 27353.4683874106 587
9 23213.624315395 651
10 21636.0359982109 713
11 19566.392474156 783
12 18108.7002691976 854
13 16147.5809379498 921
14 15268.8834483195 988
15 14978.1468114972 1049
16 14284.0777217025 1110
17 13857.8842483514 1175
18 13637.907678069 1236
19 13336.637421599 1297
20 13291.9358444119 1360
21 13134.0007657145 1430
22 13024.9633006861 1492
23 12919.1485516173 1554
24 12893.3347084473 1623
25 12853.919412655 1687
26 12814.5965797463 1752
27 12791.1868924969 1822
28 12770.853801307 1889
29 12757.3652518679 1954
30 12744.9171249895 2020
31 12735.5951875019 2081
32 12728.1391715002 2142
33 12726.4223019198 2211
34 12718.7503728127 2274
35 12713.7448817134 2335
36 12709.1864441787 2400
37 12707.0852019838 2465
38 12703.2538027725 2527
39 12702.2437389199 2589
40 12700.2384703117 2652
41 12699.1436455577 2715
42 12697.6799722581 2780
43 12696.4267976748 2848
44 12695.3603114293 2910
45 12695.0867460891 2972
46 12693.4106919259 3041
47 12692.7091429057 3103
48 12692.5172274039 3164
49 12691.9167827997 3229
50 12691.2386675033 3292
51 12691.0403462961 3353
52 12690.677444793 3417
53 12690.1784183219 3482
54 12690.2771135848 3544
55 12689.8832228599 3611
56 12689.8107350841 3674
57 12689.4191460491 3735
58 12689.0761806407 3800
59 12688.8808386733 3866
60 12688.7642761572 3927
61 12688.5329092701 3989
62 12688.4551234508 4053
63 12688.2188964637 4114
64 12688.0351838609 4174
65 12687.9639995575 4243
66 12687.918195887 4306
67 12687.7525795114 4369
68 12687.6435819854 4435
69 12687.6001372617 4497
70 12687.56632412 4558
71 12687.5457147943 4622
72 12687.4651899882 4685
73 12687.3845633404 4746
74 12687.2856614418 4809
75 12687.1556612131 4875
76 12687.0844953882 4937
77 12687.1005516932 4998
78 12686.9939454765 5064
79 12686.9620068498 5126

0 43349.2740482512 62
1 40622.6482802332 126
2 38049.5771481845 187
3 37163.6509875073 249
4 38969.3501202245 314
5 41762.2794577143 376
6 38904.0484300514 438
7 31960.1592489254 500
8 27988.3816902532 567
9 24188.1880074088 629
10 20379.7666080446 691
11 19118.5393640218 759
12 17916.7803087219 821
13 16250.7826680711 882
14 15453.2270310503 947
15 15118.0642825971 1007
16 14313.3540596379 1066
17 13811.3168305741 1130
18 13533.3212275758 1191
19 13378.8319833984 1251
20 13261.3679660368 1316
21 13159.9377324679 1380
22 13003.163790184 1441
23 12934.8843321764 1503
24 12867.4670683504 1567
25 12865.4736292207 1629
26 12812.8125455338 1691
27 12787.3576026822 1757
28 12769.6658483369 1822
29 12754.3876253756 1885
30 12744.8652062268 1964
31 12736.2787609939 2032
32 12728.9022793986 2096
33 12721.1661593887 2172
34 12717.218728984 2246
35 12713.64297453 2316
36 12709.2258294467 2385
37 12706.1111426936 2448
38 12704.7331129059 2511
39 12703.1017468261 2578
40 12702.0141478376 2643
41 12698.4155027437 2707
42 12698.4989807269 2780
43 12698.0354215562 2845
44 12696.1202533026 2911
45 12694.9332192146 2979
46 12694.3312272797 3042
47 12693.8740729951 3102
48 12692.658275238 3168
49 12692.2434002232 3231
50 12691.4753026241 3294
51 12691.6136054467 3372
52 12690.8343443149 3451
53 12690.9101675951 3528
54 12690.4377690648 3602
55 12689.8815560955 3671
56 12689.6494458921 3738
57 12689.4664810205 3815
58 12689.352828826 3881
59 12689.3301930502 3948
60 12688.8867255284 4022
61 12688.6537879198 4093
62 12688.6882013273 4163
63 12688.4716174669 4232
64 12688.4496315858 4298
65 12688.3528256838 4365
66 12688.1171706102 4431
67 12687.9797859393 4501
68 12687.9598815187 4567
69 12687.8981029929 4633
70 12687.7908559205 4697
71 12687.6676424273 4768
72 12687.5855076962 4839
73 12687.6760360257 4902
74 12687.5849520149 4966
75 12687.5306359192 5030
76 12687.5129686767 5091
77 12687.5140763218 5152
78 12687.3751874888 5218
79 12687.2885706197 5280
80 12687.222288166 5348

0 37109.6060665173 70
1 37218.5973123314 136
2 38756.6413755935 202
3 42367.1136864178 269
4 39937.6473153959 335
5 38234.0166552257 400
6 37870.1190696327 473
7 31787.4560059767 538
8 26526.2735750048 602
9 24588.3007158893 682
10 21048.9394693558 750
11 18853.8946651389 817
12 18145.0856887296 886
13 15902.3871402158 952
14 15352.0475357485 1018
15 14970.1863450516 1086
16 14278.5082906499 1148
17 13786.6121783638 1214
18 13604.4351982777 1283
19 13409.6515297271 1350
20 13283.67257798 1414
21 13143.4345525849 1482
22 13016.4564942955 1549
23 12925.0015247115 1614
24 12880.1019365548 1682
25 12854.0345342308 1748
26 12798.0701239402 1811
27 12791.1858596499 1878
28 12772.1447884169 1942
29 12752.6295253106 2004
30 12744.5383467786 2075
31 12738.6576594911 2139
32 12731.0600923388 2206
33 12725.2807968009 2276
34 12716.6629469691 2342
35 12713.8452712945 2407
36 12710.4482633616 2482
37 12708.6090109776 2581
38 12704.7739723581 2674
39 12703.8983645398 2753
40 12700.9752273491 2820
41 12700.0605714066 2896
42 12698.8688449776 2976
43 12697.1008860189 3049
44 12695.7324161761 3127
45 12694.7012469371 3202
46 12693.393118377 3268
47 12693.5951034623 3344
48 12692.1761978095 3410
49 12692.3522389707 3478
50 12691.3398247412 3546
51 12690.688545641 3610
52 12690.3053276048 3673
53 12690.6269597739 3741
54 12690.3641324178 3803
55 12689.9052146041 3865
56 12689.4765386859 3932
57 12689.3611799631 3994
58 12689.1955817026 4055
59 12689.1371720765 4121
60 12688.7623429751 4186
61 12688.6418677796 4247
62 12688.6852391993 4310
63 12688.4134041504 4375
64 12688.5221656209 4438
65 12688.2607606648 4503
66 12688.2530207331 4570
67 12688.1457752033 4633
68 12687.9867842389 4696
69 12687.810432396 4760
70 12687.6732152572 4823
71 12687.5258657396 4887
72 12687.7140966867 4966
73 12687.5105070396 5033
74 12687.4327098566 5096
75 12687.4457538876 5162
76 12687.3982028159 5225
77 12687.3343898572 5287
78 12687.1511134001 5355
79 12687.1251795793 5419

0 44071.217804553 65
1 39250.5944815143 134
2 39322.6714008002 200
3 38052.1285045487 262
4 42617.740652144 331
5 40410.9546558552 399
6 34481.3135982554 468
7 34280.4953188882 540
8 26823.4763328684 610
9 23694.8934213413 678
10 22638.3119940291 745
11 19342.091470717 808
12 17945.7151379569 867
13 16363.5424351636 941
14 15297.8364211016 1004
15 14740.1346559659 1070
16 14403.9290458537 1136
17 13948.3588830892 1204
18 13569.1664801515 1271
19 13360.0949585832 1337
20 13266.8294744726 1401
21 13123.2043075256 1467
22 13003.6001832532 1534
23 12911.5178497695 1597
24 12866.0836907348 1658
25 12850.3804004318 1722
26 12805.8733497317 1785
27 12782.0220755573 1848
28 12773.7778855319 1913
29 12758.0989639779 1981
30 12743.5146739304 2045
31 12736.0307473659 2111
32 12727.248359223 2181
33 12717.048843066 2245
34 12715.7483158737 2310
35 12713.4895037577 2381
36 12709.2782698805 2446
37 12710.8099573405 2513
38 12706.7286712196 2589
39 12703.0070063807 2659
40 12701.9370609892 2723
41 12699.549395855 2795
42 12696.5524120499 2860
43 12696.3290124217 2941
44 12694.8005897379 3014
45 12694.7776071634 3092
46 12694.1439363647 3161
47 12693.2772476087 3228
48 12692.8182712018 3291
49 12692.0219571251 3359
50 12691.9034448137 3422
51 12691.5038590569 3506
52 12691.1344651314 3586
53 12690.9416988127 3662
54 12690.4725681324 3746
55 12690.0186579991 3827
56 12689.489738842 3899
57 12689.548832148 3972
58 12689.2341134802 4039
59 12689.1428743549 4104
60 12688.9714842398 4175
61 12688.8752314035 4243
62 12688.6184903878 4308
63 12688.5394719661 4376
64 12688.5075127554 4446
65 12688.1996367312 4515
66 12688.1597978678 4630
67 12688.0271005639 4706
68 12687.8604163552 4779
69 12687.866580668 4844
70 12687.8209218934 4906
71 12687.7923611197 4972
72 12687.5952601422 5046
73 12687.5615395688 5109
74 12687.4684874804 5172
75 12687.4100716959 5242
76 12687.3961446312 5309
77 12687.2781598343 5375
78 12687.2637683614 5444

