0 5464.58376756 8
1 4935.41776417945 11
2 3810.27209554489 14
3 2333.40223162996 18
4 1301.20871780771 21
5 761.616720136651 24
6 497.460774612697 27
7 380.164132519902 30
8 321.395704919591 34
9 294.516455985273 37
10 280.662782165987 40
11 272.146199493959 43
12 266.197875139956 46
13 261.644764586489 49
14 258.040406209462 52
15 255.196525073237 55
16 252.963664355696 58
17 251.210522335357 61
18 249.819305062083 64
19 248.692188522585 67
20 247.755336689465 70
21 246.957343028003 73
22 246.266589634488 75
23 245.664993135575 79
24 245.140177584268 81
25 244.680138726698 84
26 244.271437259607 87
27 243.901802126992 90
28 243.564514113718 93
29 243.25821958902 96
30 242.981855037153 99
31 242.729783725268 102
32 242.490228625705 105
33 242.249492768243 108
34 242.002051777299 111
35 241.757631322291 114
36 241.533374792616 117
37 241.3390797679 119
38 241.17418299881 122
39 241.034251117452 125
40 240.915441272017 128
41 240.814713995708 131
42 240.728906661906 134
43 240.654556925716 137
44 240.5883391752 140
45 240.52748026717 143
46 240.469906090325 146
47 240.414187100657 149
48 240.359406465117 151
49 240.305024736678 154
50 240.25076817227 157
51 240.196544935962 160
52 240.142385778003 163
53 240.088404196821 166
54 240.034771044232 169
55 239.981698579805 172
56 239.929429103405 175
57 239.87822393433 178
58 239.82834998141 181
59 239.780063349888 183
60 239.733591763963 186
61 239.689119196504 189
62 239.646776296387 192
63 239.606638862237 195
64 239.56873430038 198
65 239.533053731282 201
66 239.499566091219 204
67 239.468230606361 207
68 239.439005165155 210
69 239.411849767293 213
70 239.386725736142 216
71 239.363592317914 219
72 239.34240252444 221
73 239.323099727231 224
74 239.305615841132 227
75 239.289871236611 230
76 239.275776012131 233
77 239.263232039237 236
78 239.252135234633 239
79 239.242377706685 242
80 239.233849643648 245
81 239.226440967988 247
82 239.22004284334 250
83 239.214549103814 253
84 239.209857619477 256
85 239.205871556389 259
86 239.202500458788 262
87 239.199661081275 265
88 239.197277922857 268

0 5217.10085444454 8
1 4258.67692375624 11
2 2617.96719494448 14
3 1426.26168246346 16
4 829.477029606756 19
5 544.753974224839 22
6 408.457826827812 25
7 342.902802788644 28
8 306.684646775376 31
9 286.267861201316 34
10 274.754541812715 37
11 267.527450816168 40
12 262.460125343869 42
13 258.71171186338 45
14 255.869527052261 48
15 253.686298067297 51
16 251.986061501384 54
17 250.641458486733 57
18 249.563176831076 60
19 248.687584000231 63
20 247.968357006051 66
21 247.372279748476 68
22 246.875359697684 71
23 246.458514167781 74
24 246.104625485102 77
25 245.798188281892 80
26 245.526949391564 83
27 245.283411736064 86
28 245.06404716496 89
29 244.866605183438 92
30 244.68825036589 95
31 244.525660054639 98
32 244.375628716323 101
33 244.235043388933 104
34 244.100601734758 107
35 243.968961816008 110
36 243.837394326635 113
37 243.704449906582 116
38 243.570054564944 119
39 243.434818586613 122
40 243.298944836216 125
41 243.161486587681 128
42 243.020609285983 131
43 242.874981134698 134
44 242.725340466766 137
45 242.574452806257 140
46 242.425423407666 143
47 242.281480819333 146
48 242.148277486668 149
49 242.03325473713 152
50 241.939757059635 156
51 241.864402526989 158
52 241.800874565033 161
53 241.743787179278 164
54 241.689723910478 167
55 241.636821616772 170
56 241.584190234267 173
57 241.531528732565 176
58 241.478912880054 179
59 241.426674855186 182
60 241.375320107036 185
61 241.325454104825 188
62 241.277709346246 191
63 241.232673562947 194
64 241.190825768493 197
65 241.15248857742 200
66 241.117803603523 203
67 241.086732603817 206
68 241.059081848634 208
69 241.034542750043 211
70 241.012739509537 214
71 240.993274935492 217
72 240.975768028667 220
73 240.959880203394 223
74 240.945329923955 226
75 240.931897437015 229
76 240.919422103112 232
77 240.907794867101 235
78 240.896948039958 238
79 240.886844086758 241
80 240.8774646799 244
81 240.868800921452 247
82 240.860845342222 250
83 240.853586016261 252
84 240.847002873321 255
85 240.841066057702 258
86 240.835735993953 261
87 240.830964701873 264
88 240.826697865937 267
89 240.822877201434 270
90 240.819442749516 273
91 240.816334849031 276
92 240.813495647953 279
93 240.810870113667 282
94 240.808406569969 285
95 240.806056828948 288

0 5333.86208362523 8
1 4939.01446942252 10
2 4369.68662157452 13
3 3638.68304176568 16
4 2942.79206512921 20
5 2368.71933069039 23
6 1893.46200768685 26
7 1558.2633131607 28
8 1356.76359072971 31
9 1244.27237973788 34
10 1171.60678235727 37
11 1111.63943816754 40
12 1055.6793317083 43
13 998.167231950363 46
14 936.984499956095 49
15 868.762921355769 52
16 794.985344934338 55
17 713.700957154797 58
18 624.919786762211 61
19 536.627269717352 64
20 453.760393594231 67
21 377.630763440857 70
22 330.103021964522 73
23 302.563418084247 76
24 284.517408370558 78
25 273.532644098388 82
26 267.74293822483 85
27 264.146490147887 88
28 261.386414556296 91
29 259.02806177407 94
30 256.942942665279 97
31 255.098996630777 100
32 253.472324143347 103
33 252.032858410809 106
34 250.756066684695 109
35 249.624092743599 111
36 248.621750544713 114
37 247.735258797729 117
38 246.95244001122 120
39 246.26094103812 123
40 245.647112001761 126
41 245.09719294381 129
42 244.598201439753 132
43 244.137472016394 135
44 243.702628264943 137
45 243.284082001566 140
46 242.880637295177 143
47 242.503941272879 146
48 242.172422211621 149
49 241.896470827757 152
50 241.672175433367 155
51 241.487520652004 158
52 241.329756813289 161
53 241.188985950818 164
54 241.059913849897 167
55 240.942660241217 169
56 240.841043991529 172
57 240.758424086087 175
58 240.694738574264 178
59 240.646936797512 181
60 240.610996376012 184
61 240.583347346453 187
62 240.561305963247 190
63 240.542987218398 193
64 240.527089013184 196
65 240.512703921325 199
66 240.499187565072 202
67 240.486073327304 205
68 240.473018346388 208
69 240.459769433492 211
70 240.446141538113 213
71 240.432004123496 216
72 240.417272481478 219
73 240.401902020251 222
74 240.385884199013 225
75 240.369243239163 228
76 240.352033100995 231
77 240.334334504538 234
78 240.316251980484 238
79 240.297911032145 241
80 240.279455449913 244
81 240.261044655917 247
82 240.242850726582 249
83 240.225054549324 252
84 240.207840538506 255
85 240.191389555836 258
86 240.175870155744 262
87 240.161428895108 265
88 240.14818100168 268
89 240.136202958399 271
90 240.1255283871 274
91 240.116148021536 277
92 240.108013730504 280
93 240.101045759651 283
94 240.095141845807 286
95 240.090186732323 289
96 240.086060838331 292
97 240.082647267165 295
98 240.079836813315 297
99 240.077531018446 300

0 5427.57876531192 8
1 4917.65102290526 11
2 3787.51334560944 13
3 2432.53102262179 16
4 1547.90014267768 19
5 1019.91047131286 22
6 735.620532745439 25
7 581.992109394774 28
8 489.701631011214 31
9 426.569082915195 34
10 381.050589259979 37
11 347.637381886392 40
12 323.137333466065 42
13 305.343818910588 45
14 292.487946299685 48
15 283.158981356331 51
16 276.310798732099 54
17 271.193168520373 57
18 267.278327150155 60
19 264.192889601806 63
20 261.669219300284 65
21 259.530074456419 68
22 257.674200005271 71
23 256.052316516118 74
24 254.65297461629 77
25 253.479174443336 80
26 252.514038546747 83
27 251.714676661685 86
28 251.036618715424 88
29 250.451628193392 91
30 249.944730530844 94
31 249.505051084359 97
32 249.121930898195 100
33 248.785121415615 103
34 248.485494427968 106
35 248.215447333839 109
36 247.968974519225 112
37 247.741030980963 115
38 247.526542859447 117
39 247.32042622533 120
40 247.119269015468 123
41 246.923128742675 126
42 246.73470328421 129
43 246.555560865373 132
44 246.38297177101 135
45 246.210425514818 138
46 246.031844533062 141
47 245.847715451517 144
48 245.667792276773 147
49 245.504553556809 151
50 245.363681242137 154
51 245.242778617184 157
52 245.136378337641 160
53 245.039731531453 163
54 244.94963049124 166
55 244.863892491579 169
56 244.780682202465 172
57 244.697983885934 176
58 244.613237284543 179
59 244.523174791473 181
60 244.42406174439 184
61 244.313029233002 187
62 244.192028795163 190
63 244.073015889003 193
64 243.97319792908 196
65 243.899921133417 199
66 243.84780898046 202
67 243.807912286417 205
68 243.77324292214 208
69 243.739020784647 210
70 243.701536579575 213
71 243.657538558776 216
72 243.604806469189 219
73 243.544038984389 222
74 243.480493740673 225
75 243.422232770799 228
76 243.375154908546 230
77 243.340051061808 233
78 243.314142345927 236
79 243.293999369519 239
80 243.27709183039 242
81 243.261960091813 245
82 243.247880794847 248
83 243.234531703387 251
84 243.221778134596 254
85 243.209559425975 257
86 243.197834629657 260
87 243.186559326324 263
88 243.175678121321 265
89 243.165124863769 268
90 243.154826399917 271
91 243.144707536232 274
92 243.134695889896 277
93 243.124725914762 280
94 243.114741790521 283
95 243.104699118735 286
96 243.094565516133 290
97 243.084320263036 293
98 243.073953182537 296
99 243.063462920643 298
100 243.05285478878 301
101 243.042138330474 304
102 243.031324787962 307
103 243.020424669916 310
104 243.009445650287 313
105 242.998391048827 316
106 242.987259142957 319
107 242.976043526484 322
108 242.96473465525 324
109 242.953322601279 327
110 242.941800880352 330
111 242.930171035891 333
112 242.918447475176 336
113 242.906661891676 339
114 242.894866507074 342
115 242.883135371019 344
116 242.87156310356 348
117 242.860260773236 351
118 242.849349052975 354
119 242.838949315525 357
120 242.829173801476 360
121 242.820116277243 363
122 242.811844588462 366
123 242.804396177046 369
124 242.797777045647 372
125 242.791963984663 375
126 242.786909311115 378
127 242.782547043099 381
128 242.77879938974 384
129 242.775582622531 387
130 242.772811702342 390
131 242.770403354397 393

0 5393.30768460431 7
1 4746.226270702 11
2 3461.42693326677 14
3 2179.05619379811 16
4 1445.61362696894 19
5 1036.71011398128 22
6 777.212462187632 25
7 601.29612758816 28
8 484.79479834453 31
9 406.944836256539 34
10 355.664306386704 36
11 321.718124759414 39
12 299.24002490846 42
13 284.3087776848 45
14 274.262053803487 48
15 267.342318080302 51
16 262.42767764019 54
17 258.807960059234 56
18 256.025635103129 59
19 253.793815812926 62
20 251.956751338957 65
21 250.446943934764 68
22 249.220983771458 71
23 248.219700687038 74
24 247.383866919024 76
25 246.678068899058 79
26 246.087476124875 82
27 245.600698356741 85
28 245.200357918303 88
29 244.865682364374 91
30 244.577944526523 93
31 244.322506236336 96
32 244.088134116624 99
33 243.866442338374 102
34 243.653215125503 105
35 243.450819266766 108
36 243.267852629012 111
37 243.113327539478 113
38 242.990224926384 116
39 242.894938391079 119
40 242.821057900229 122
41 242.762554324942 125
42 242.714866278598 128
43 242.674807934657 130
44 242.64018636764 133
45 242.609467294112 136
46 242.581544112333 139
47 242.555588461749 142
48 242.53095498504 145
49 242.507120942724 148
50 242.483648433255 151
51 242.46016158729 154
52 242.436333914249 157
53 242.411882664606 160
54 242.386568056814 163
55 242.360195739663 166
56 242.332621045 169
57 242.303753509729 172
58 242.273559875907 175
59 242.242063381706 178
60 242.209336683257 181
61 242.175485182852 184
62 242.140616747211 187
63 242.104792516592 189
64 242.067951558164 192
65 242.029800445669 195
66 241.989662979973 198
67 241.946314545755 201
68 241.897927149531 204
69 241.842473847332 207
70 241.779103706228 210
71 241.710278816133 212
72 241.642435699928 216
73 241.582851843916 219
74 241.535196228865 222
75 241.498545404715 224
76 241.469733118059 228
77 241.445689730224 230
78 241.424321202666 233
79 241.404443328235 236
80 241.385473447822 239
81 241.367175888459 242
82 241.349502635147 245
83 241.332498541442 248
84 241.316240493848 251
85 241.300793145404 253
86 241.286173316102 256
87 241.272319287446 259
88 241.259061494566 262
89 241.246088998675 265
90 241.232902645497 268
91 241.218742044174 271
92 241.202471948344 274
93 241.182421850485 277
94 241.156209257179 280
95 241.120670959298 283
96 241.072173442825 286
97 241.007650325755 289
98 240.926669052294 291
99 240.834913457363 294
100 240.746817602872 297
101 240.678453058128 300
102 240.63455924084 303
103 240.60900928464 306
104 240.593889765772 308
105 240.583906435747 311
106 240.576274556897 314
107 240.569653056396 317
108 240.563401158323 320
109 240.557201826538 323
110 240.550891170934 326
111 240.544383827999 329
112 240.537640379967 332
113 240.53065293264 335
114 240.523438468932 338
115 240.516035319272 341
116 240.508500519452 344
117 240.500906923517 346
118 240.493339520016 349
119 240.485890791734 352
120 240.478655275306 356
121 240.471723733203 359
122 240.465177519428 362
123 240.459083768377 364
124 240.453491949435 367
125 240.448432126963 370
126 240.443914997529 373
127 240.43993351051 377
128 240.436465676061 380
129 240.433478062487 383
130 240.430929487598 386
131 240.428774493045 389

0 5463.55759620614 8
1 4969.00816100131 11
2 3856.05009840041 13
3 2475.64029129917 16
4 1741.33621667488 19
5 1399.69619317398 22
6 1227.83969858706 25
7 1132.70769133587 28
8 1069.6781536856 31
9 1019.90457107862 34
10 973.517114712736 37
11 924.001500603714 40
12 865.056923236451 42
13 791.504573873881 45
14 706.685458111704 48
15 613.635716546449 51
16 524.146565639211 54
17 442.738051978916 57
18 370.069267599465 60
19 320.275022246015 63
20 293.312153514026 66
21 276.875448010266 69
22 267.664812239201 72
23 262.283805720751 75
24 258.776843890825 77
25 256.209282631517 80
26 254.213123944134 83
27 252.632948150398 86
28 251.358320808008 89
29 250.3010700129 92
30 249.39776978368 95
31 248.611580627149 98
32 247.92673722003 101
33 247.336435676698 104
34 246.831523660845 106
35 246.396576121747 109
36 246.01274282918 112
37 245.662766491605 115
38 245.334659168202 118
39 245.022582885022 121
40 244.725220395779 124
41 244.443261115605 127
42 244.177464491704 130
43 243.927627156439 132
44 243.692534380221 135
45 243.471033732387 138
46 243.263385631821 141
47 243.071099337948 144
48 242.89468683267 147
49 242.73133994324 150
50 242.574771315109 153
51 242.417693367408 156
52 242.256688246887 159
53 242.096953977628 162
54 241.950059633757 165
55 241.824214332522 168
56 241.718897877998 171
57 241.628516755839 174
58 241.547577412164 177
59 241.472662567042 180
60 241.402180493041 183
61 241.33560774708 186
62 241.272907914171 189
63 241.214198280951 191
64 241.159586479981 194
65 241.10910392808 197
66 241.062689255989 200
67 241.020195021065 203
68 240.981404159343 206
69 240.946050495401 209
70 240.913841159143 212
71 240.884479300314 215
72 240.857684834618 218
73 240.833210585036 221
74 240.810851715599 223
75 240.79044761252 226
76 240.771876819123 229
77 240.755046804159 232
78 240.739880987086 235
79 240.726305504876 238
80 240.714237750197 241
81 240.703577876256 244
82 240.694203424331 246
83 240.685966155143 249
84 240.678689150398 252
85 240.672161234125 255
86 240.666124452442 258
87 240.660248165892 261
88 240.654079397355 264
89 240.646952769166 267
90 240.637836698501 270
91 240.62510040129 273
92 240.606265896048 275
93 240.578096632944 278
94 240.537907326421 281
95 240.486762648572 284
96 240.432115265213 287
97 240.384634351746 290
98 240.350810672284 293
99 240.330224891498 296
100 240.318892799614 299
101 240.312911755026 301
102 240.309726335702 304
103 240.307947678633 307

0 5290.42006127956 7
1 4572.62552799621 10
2 3391.98662049231 13
3 2307.86721495531 16
4 1705.98368255802 19
5 1403.08385511722 22
6 1166.41344687807 25
7 919.267289396744 28
8 706.717037673847 31
9 564.077643102733 34
10 469.919416158038 36
11 407.30559442765 39
12 363.700060440257 42
13 332.340809266066 45
14 310.349766705002 48
15 294.692436659004 51
16 283.33743599621 54
17 274.955144974677 57
18 268.615341243487 60
19 263.667685313436 64
20 259.692251643092 67
21 256.477564541444 69
22 253.94822098743 72
23 252.031539638193 75
24 250.594653809607 78
25 249.490595736108 82
26 248.607004793571 85
27 247.873973246926 87
28 247.253221136704 90
29 246.725273912544 93
30 246.27853429263 96
31 245.901588042483 99
32 245.580074949668 102
33 245.298323387413 105
34 245.04475382366 108
35 244.817357967677 111
36 244.621879825288 114
37 244.462110700612 117
38 244.334035434427 120
39 244.229053631159 122
40 244.139108438725 125
41 244.058677993063 128
42 243.984426859364 131
43 243.914328328074 134
44 243.847016604437 137
45 243.781441413124 140
46 243.716720353625 143
47 243.652095674499 146
48 243.586941208163 148
49 243.520791995509 151
50 243.453381867776 154
51 243.384677756633 157
52 243.314898262075 160
53 243.244501921965 163
54 243.174131386429 166
55 243.104506053434 169
56 243.036267451876 172
57 242.969793928849 175
58 242.905006782838 178
59 242.841188324206 181
60 242.776844964097 184
61 242.709732950214 187
62 242.637379204983 190
63 242.558586892809 192
64 242.475666738246 195
65 242.39506558961 198
66 242.324049049759 201
67 242.266079250226 204
68 242.219837943133 207
69 242.181696982788 210
70 242.148127911695 213
71 242.116549080631 216
72 242.085162579415 219
73 242.05251463213 222
74 242.017076834647 225
75 241.976879950806 227
76 241.929188729511 230
77 241.870304555896 233
78 241.795797169562 236
79 241.701869953968 239
80 241.589402038468 242
81 241.470800889792 245
82 241.368244790071 248
83 241.295177646647 251
84 241.248151845507 254
85 241.217613617355 257
86 241.196267155603 260
87 241.180063621308 263
88 241.166938895133 266
89 241.155794252527 269
90 241.145976144148 271
91 241.137046943523 275
92 241.128687657842 278
93 241.120655272474 282
94 241.112762076799 285
95 241.104863915745 287
96 241.096852195038 290
97 241.088647464621 294
98 241.080193445224 297
99 241.071450634764 301
100 241.062388593059 304
101 241.052975807849 307
102 241.043165694996 310
103 241.032876679383 313
104 241.021963225406 316
105 241.010172773488 319
106 240.997080246897 322
107 240.981986472129 324
108 240.963759287886 327
109 240.940588587736 330
110 240.909630041314 333
111 240.866560230818 336
112 240.805227456009 339
113 240.717911655432 342
114 240.597044927753 345
115 240.439361334339 348
116 240.253661772137 350
117 240.068143910259 353
118 239.918606526926 356
119 239.82095188981 359
120 239.766254184236 362
121 239.737802200523 365
122 239.723025867773 368
123 239.714977428908 371
124 239.710276797275 374
125 239.707332977912 376
126 239.705379623742 379

0 5378.06184808094 8
1 4695.16130023642 11
2 3673.29076787013 14
3 2614.63194811506 16
4 1947.41997017358 19
5 1602.20481381128 22
6 1379.49268296833 25
7 1223.63394545598 28
8 1119.35959035703 31
9 1041.76642875472 34
10 975.891950631676 37
11 913.111356574058 40
12 847.753922308773 43
13 776.389945118394 46
14 699.735583379195 48
15 613.775576177639 51
16 524.553378531788 54
17 445.089574886765 57
18 377.585745329403 60
19 328.626524882054 63
20 299.519134628109 66
21 283.280153002948 69
22 272.892657973766 72
23 266.771804730463 75
24 262.890999762583 78
25 260.076930815437 81
26 257.87084903434 84
27 256.031588040704 87
28 254.41121693431 90
29 252.956236232547 92
30 251.667657870466 96
31 250.5432472239 99
32 249.571463310338 102
33 248.741155068547 105
34 248.042465157591 108
35 247.461802580425 111
36 246.978411117666 114
37 246.568842005693 117
38 246.215662339699 120
39 245.908193886707 123
40 245.635044159412 126
41 245.379892145014 129
42 245.125255178179 132
43 244.860395110386 135
44 244.588717818335 138
45 244.326403522846 141
46 244.088236039652 144
47 243.876019620924 147
48 243.681733475288 150
49 243.49681910684 153
50 243.317989955802 156
51 243.147651363498 158
52 242.990437205016 161
53 242.849148178792 164
54 242.722789678674 167
55 242.607285981133 170
56 242.498584803461 173
57 242.396270575671 176
58 242.303928421118 179
59 242.225270495442 182
60 242.160515176298 185
61 242.106639753033 188
62 242.059744769465 190
63 242.01669692307 193
64 241.975498172088 196
65 241.935047959429 199
66 241.894825559432 202
67 241.854659533152 205
68 241.814581445568 208
69 241.774728517578 211
70 241.735272287466 213
71 241.696366132768 216
72 241.65811275009 219
73 241.620553419291 222
74 241.583677418047 225
75 241.547446077264 228
76 241.511824096665 231
77 241.476811162014 233
78 241.442468395617 236
79 241.408935380746 239
80 241.376434041013 242
81 241.345256272733 245
82 241.315734128977 248
83 241.288195147517 251
84 241.262910260245 254
85 241.240045333432 257
86 241.219627250597 259
87 241.201530655173 262
88 241.185483693512 265
89 241.171083607247 268
90 241.157808397456 271
91 241.145009309959 274
92 241.131868961234 277
93 241.117310243438 279
94 241.099844372749 282
95 241.07736488589 285
96 241.046955785737 288
97 241.004914918372 291
98 240.947351749985 294
99 240.871779346791 297
100 240.780335783472 300
101 240.6845123774 303
102 240.603421861046 306
103 240.548864698932 309
104 240.517823483421 312
105 240.501375450655 315
106 240.492515702968 318
107 240.487366602932 321
108 240.484051061793 324
109 240.481687460245 327

0 5261.30839417009 8
1 4237.10289179359 11
2 2629.06687908049 13
3 1402.8563146959 16
4 752.32402851534 19
5 474.756421811278 22
6 360.225623624189 25
7 316.592662243752 28
8 296.659522975035 31
9 285.635942692356 34
10 278.293518883286 37
11 272.752765771752 40
12 268.401014008661 43
13 264.988371263625 45
14 262.330750884973 48
15 260.24596182744 51
16 258.559840017044 54
17 257.125644288414 57
18 255.84444769113 60
19 254.676971454809 63
20 253.620139253884 66
21 252.668502746909 69
22 251.807266990301 71
23 251.027972884325 74
24 250.338548857723 77
25 249.747392212899 80
26 249.243537376185 83
27 248.804345328967 86
28 248.40938007202 89
29 248.044384320185 92
30 247.700059674639 95
31 247.370184870442 97
32 247.05024009217 100
33 246.736852777529 103
34 246.42836774197 106
35 246.126284188433 109
36 245.835826662881 112
37 245.563613477434 115
38 245.313734037818 118
39 245.086151519458 121
40 244.878314143053 124
41 244.687505268376 127
42 244.512096545952 130
43 244.351582327647 133
44 244.205940550267 135
45 244.074903030092 139
46 243.957549647803 142
47 243.852331509298 145
48 243.757359920456 148
49 243.670736016175 150
50 243.590786510889 153
51 243.516176028763 156
52 243.445921492243 159
53 243.379346957959 163
54 243.316011978708 166
55 243.255637168784 168
56 243.198041779609 171
57 243.143100440393 175
58 243.090719837985 178
59 243.040831384639 181
60 242.993393354065 184
61 242.948395684404 187
62 242.905862177394 190
63 242.865847264587 193
64 242.82842692943 196
65 242.793685136327 199
66 242.761698014486 202
67 242.73251820166 204
68 242.706161447619 207
69 242.682597060611 210
70 242.661743189664 213
71 242.643467303647 216
72 242.627591560145 219
73 242.61390210803 222
74 242.602160857794 225
75 242.592118016336 228
76 242.583523783411 231
77 242.576137999314 233
78 242.569737082068 236
79 242.564118136744 239
80 242.559100538676 242
81 242.55452553411 245
82 242.550254477531 248
83 242.546166281731 251
84 242.542154550473 254
85 242.538124740451 257
86 242.53399158856 260
87 242.529676956283 262
88 242.525108187393 265
89 242.520217043938 268
90 242.514939270196 271
91 242.509214825726 274
92 242.502988815671 277
93 242.496213118653 280
94 242.488848658492 282
95 242.480868176758 285
96 242.472259232839 288
97 242.463026989043 291
98 242.453196141774 294
99 242.442811158214 297
100 242.431933797935 300
101 242.420636755976 302
102 242.408992137627 305
103 242.397053270833 308
104 242.384827873408 311
105 242.372239474275 314
106 242.359071793904 317
107 242.344887213168 320
108 242.328906229027 323
109 242.309834321188 325
110 242.28564017295 328
111 242.253356279261 331
112 242.209122997639 334
113 242.148875577133 337
114 242.070129454965 340
115 241.975525047041 343
116 241.877753908931 346
117 241.796744409221 349
118 241.743463020952 352
119 241.713706787802 354
120 241.6981798983 357
121 241.689975945824 360
122 241.685365857807 363
123 241.682562702569 366
124 241.680728306488 369

0 5092.15955834204 8
1 3771.32111663541 11
2 2418.33847654398 14
3 1827.64105887286 17
4 1604.39438880623 20
5 1480.91469032287 23
6 1387.19213164174 26
7 1311.97207047417 29
8 1252.52914759398 32
9 1203.27077726074 35
10 1160.50715260315 38
11 1123.07189669934 41
12 1088.77055072239 44
13 1054.43947622063 46
14 1017.53095612274 49
15 975.371906176719 52
16 925.674166280022 55
17 866.916082949126 58
18 800.010836009159 61
19 727.026680322272 64
20 648.306592360385 67
21 565.821808326165 69
22 483.127326671756 72
23 406.945882261348 75
24 350.36534871395 78
25 313.771697377945 81
26 291.194328189869 84
27 278.19697489845 87
28 269.851933931452 90
29 265.048351448898 93
30 261.835083537336 96
31 259.399262603551 99
32 257.461177062942 101
33 255.85227854127 105
34 254.457180580133 108
35 253.200362635507 110
36 252.05228661249 113
37 251.028255224854 116
38 250.147009482055 119
39 249.400603953078 122
40 248.765118652632 125
41 248.21424988951 128
42 247.721094199735 131
43 247.258160837178 134
44 246.802067261295 136
45 246.342014056659 139
46 245.885969707103 142
47 245.456133864681 145
48 245.072205472759 148
49 244.736886229131 151
50 244.438083696968 154
51 244.160587419164 157
52 243.895494729546 160
53 243.645575610246 163
54 243.422368264788 166
55 243.232945781786 169
56 243.073501095041 172
57 242.935833157352 175
58 242.813482819209 177
59 242.702866209041 180
60 242.602362718526 183
61 242.511336534445 186
62 242.429486491047 189
63 242.356474427939 192
64 242.291762234795 195
65 242.23460217899 198
66 242.184116386594 201
67 242.139398564568 204
68 242.099590065277 207
69 242.063912621065 210
70 242.031664047437 213
71 242.002192834645 216
72 241.974865434641 219
73 241.949033079335 222
74 241.923998909089 225
75 241.898984229186 228
76 241.873096575317 232
77 241.845313783906 235
78 241.814518466813 238
79 241.779638688876 241
80 241.739941610436 244
81 241.695434091661 246
82 241.647157935532 249
83 241.597122939122 252
84 241.547885974801 255
85 241.502056843104 258
86 241.461854854292 261
87 241.428640689184 264
88 241.402592873765 267
89 241.38283998013 270
90 241.36798472371 272
91 241.356638900117 275
92 241.347712142585 278
93 241.340461163648 281
94 241.334419194768 284
95 241.329302066358 287
96 241.3249331702 290
97 241.32119481141 293
98 241.318000349758 296
99 241.315279640632 299
100 241.312972038894 302

0 5219.45859016614 8
1 4061.79327187413 11
2 2489.84981762375 14
3 1606.38170487138 16
4 1170.57948215597 19
5 909.928559920844 22
6 711.144918707583 25
7 546.354644745356 28
8 424.36190561911 31
9 356.270192516174 34
10 320.307364248183 37
11 300.444004285085 40
12 287.510007954851 43
13 279.140844980038 46
14 273.311917546315 48
15 269.017858048024 51
16 265.782585858267 54
17 263.272181240923 57
18 261.23788825474 60
19 259.514704131343 63
20 258.012610466119 66
21 256.696050061129 69
22 255.559541787926 72
23 254.58597062036 75
24 253.737711353799 78
25 252.980294521456 80
26 252.2942100833 83
27 251.672130363672 86
28 251.11079171346 89
29 250.604024938762 92
30 250.140277965139 95
31 249.703736884393 98
32 249.276665761687 101
33 248.842272900504 104
34 248.389089126729 107
35 247.916971708452 110
36 247.441792981945 113
37 246.992857648547 116
38 246.598019395776 119
39 246.266098712557 122
40 245.98613093787 125
41 245.741254951967 128
42 245.520555197417 131
43 245.321922424348 134
44 245.147928792604 137
45 245.000020371108 140
46 244.875915355944 143
47 244.770663815919 146
48 244.678767752381 149
49 244.595544740382 151
50 244.517538863809 154
51 244.442395238116 157
52 244.368549279111 160
53 244.294893008875 163
54 244.220454754567 166
55 244.144070528939 169
56 244.064026726011 172
57 243.977775162545 174
58 243.882216785325 177
59 243.775607352464 180
60 243.661269652295 183
61 243.549168543143 186
62 243.450491652753 189
63 243.370215642743 192
64 243.306454677345 195
65 243.254779570408 198
66 243.211424883472 200
67 243.174019716931 203
68 243.141216561138 206
69 243.112225776425 209
70 243.08652387967 212
71 243.063709394463 215
72 243.043439828272 218
73 243.025406211305 221
74 243.009323568805 224
75 242.994927639897 227
76 242.981973418575 230
77 242.970233201225 233
78 242.959492751264 236
79 242.949544734044 239
80 242.940178878044 241
81 242.931168261477 244
82 242.922250597673 249
83 242.913102492273 252
84 242.903303887521 254
85 242.89229080115 257
86 242.879300929488 260
87 242.8633373724 263
88 242.843223306037 266
89 242.817890275404 269
90 242.787042393118 272
91 242.752036997561 275
92 242.71618947885 277
93 242.68363657196 280
94 242.657299012098 283
95 242.637749544819 286
96 242.623743921375 289
97 242.613439389644 292
98 242.605234025855 295
99 242.598019664285 298
100 242.591112967828 301
101 242.584109414728 304
102 242.576763942056 307
103 242.568915427149 310
104 242.560443537336 313
105 242.551243735178 316
106 242.541209972741 319
107 242.530218105841 322
108 242.518105268411 325
109 242.504642306136 328
110 242.489499961667 331
111 242.472218615477 334
112 242.452211603032 338
113 242.428865378113 340
114 242.401822808995 343
115 242.371466904028 347
116 242.339366918515 350
117 242.308167331839 353
118 242.280645006377 356
119 242.25852257343 359
120 242.241996392798 362
121 242.230171803448 365
122 242.221800704399 368
123 242.215778527929 371
124 242.211306826074 373
125 242.207864560871 376
126 242.205124998943 379
127 242.20288212739 382

0 5296.06473269681 8
1 4319.92058149404 11
2 2777.67122394694 13
3 1843.26938712999 16
4 1442.48045796234 19
5 1179.27161997252 22
6 940.868737910799 25
7 727.061993369912 28
8 571.812296278884 31
9 467.113419120056 34
10 396.582483049604 37
11 349.933652429203 40
12 319.690518628423 43
13 299.170808895628 46
14 284.438936358995 49
15 274.809111409664 52
16 268.003220432607 55
17 263.030304901173 57
18 259.353290019381 61
19 256.58520122581 63
20 254.455277209743 66
21 252.779034910179 69
22 251.430055664094 72
23 250.323173971584 75
24 249.404414502321 78
25 248.638086761837 81
26 247.991103788022 84
27 247.428216988755 87
28 246.923426929152 90
29 246.473566420196 93
30 246.090285427321 96
31 245.775670605881 98
32 245.515903688818 101
33 245.292511452036 104
34 245.090407255447 107
35 244.899286273456 110
36 244.712862534514 113
37 244.528085792014 116
38 244.344539462827 119
39 244.163831410679 121
40 243.988889056532 125
41 243.823173815281 128
42 243.669863843546 131
43 243.531109644531 134
44 243.407561864334 137
45 243.298360918816 140
46 243.201575560457 143
47 243.114844747741 146
48 243.035932323446 149
49 242.963043127317 152
50 242.89490921571 155
51 242.830729688519 158
52 242.770045060713 161
53 242.712596768299 164
54 242.658197101451 167
55 242.606622125199 170
56 242.557534792832 173
57 242.510441169334 175
58 242.464677358083 178
59 242.41942063138 181
60 242.373719427478 184
61 242.326546207345 187
62 242.276893942195 190
63 242.223951919954 193
64 242.167383152465 196
65 242.107645141598 198
66 242.046156981123 201
67 241.985067141747 204
68 241.926607321873 207
69 241.872392643149 210
70 241.823093839133 213
71 241.778564403175 216
72 241.738186086032 219
73 241.701182994528 221
74 241.666807093831 224
75 241.634411709619 227
76 241.60345885224 230
77 241.57349286296 233
78 241.544093683916 236
79 241.514809706966 239
80 241.485061533271 241
81 241.454001514026 244
82 241.420314243073 247
83 241.381978199911 250
84 241.33616112153 253
85 241.279805334964 256
86 241.211793055008 259
87 241.136296107549 262
88 241.063263104279 264
89 241.002665547745 267
90 240.958113841207 270
91 240.926988234561 273
92 240.904640427106 276
93 240.887324270726 279
94 240.872819385323 282
95 240.860028267178 285
96 240.848479359372 287
97 240.837998793046 290
98 240.828534417368 293
99 240.820070468768 296
100 240.812589271687 299
101 240.806056476191 302
102 240.800418125128 305
103 240.795603560937 308
104 240.791530840811 310
105 240.788112682239 313
106 240.785261788298 316
107 240.782894982304 319

0 5297.61269548988 8
1 4239.91748133814 11
2 2425.16516148405 14
3 1235.45931961632 17
4 695.926963611825 20
5 466.089420739847 23
6 367.474704407118 26
7 321.763601364694 29
8 298.064970556939 32
9 283.773753254289 34
10 275.089625452934 38
11 268.928722371865 41
12 264.256260128939 43
13 260.626972204527 46
14 257.784753860507 49
15 255.542219732014 52
16 253.754351096406 55
17 252.313555226876 58
18 251.139263746782 61
19 250.171115533786 64
20 249.36755889826 67
21 248.700182479944 69
22 248.143836141288 72
23 247.672612649271 75
24 247.262321892029 78
25 246.893776939294 81
26 246.554466772206 84
27 246.238553603761 87
28 245.945268303309 90
29 245.675944806974 92
30 245.430833521394 95
31 245.207445016187 98
32 245.001205987686 101
33 244.807169926844 104
34 244.62062553637 107
35 244.435991695292 110
36 244.245913171635 112
37 244.04350051576 115
38 243.828911550797 118
39 243.614779557481 121
40 243.419546552048 124
41 243.252986857218 127
42 243.112434556711 130
43 242.989978473772 132
44 242.878604591413 135
45 242.773790698308 138
46 242.672965850798 141
47 242.574705804934 144
48 242.478189509095 147
49 242.38291196082 150
50 242.288559240466 152
51 242.194970899581 155
52 242.102141584871 158
53 242.010232604281 161
54 241.919576534499 164
55 241.83066584333 167
56 241.744121431158 170
57 241.660640878992 173
58 241.580930578497 176
59 241.505630844923 179
60 241.435246857528 181
61 241.370098619372 184
62 241.310299186473 187
63 241.255763453263 190
64 241.206242475264 193
65 241.161373203188 196
66 241.120731869454 199
67 241.083880913052 202
68 241.05040306393 204
69 241.019920532647 208
70 240.992100912398 211
71 240.966653689134 214
72 240.943322026816 217
73 240.921874012224 219
74 240.902096274755 222
75 240.883791341695 225
76 240.866778668725 228
77 240.850898270656 231
78 240.836015371682 234
79 240.822024457489 237
80 240.808851418292 241
81 240.796452976594 244
82 240.784813171949 247
83 240.773937233044 250
84 240.763843631272 252
85 240.754555414841 255
86 240.746092017958 258
87 240.738462606625 261
88 240.731661692435 264
89 240.725667299568 267
90 240.720441519272 270
91 240.71593293386 273
92 240.712080203123 276
93 240.708816089202 278
94 240.70607131433 281
95 240.703777837429 284

0 5490.17675362289 8
1 4869.8791482327 11
2 3533.09107177085 13
3 2260.89196665844 16
4 1638.62400340405 19
5 1185.86142720015 22
6 850.461042167272 25
7 632.908130423588 28
8 497.547588722469 31
9 415.697396117426 34
10 365.524680963652 37
11 333.100964897404 39
12 311.001215097243 42
13 295.436641688909 45
14 284.248360969741 48
15 276.099913477712 51
16 270.122487931085 54
17 265.711373776903 57
18 262.42691705986 60
19 259.94958655351 63
20 258.046760031482 66
21 256.545895834144 69
22 255.317930855069 72
23 254.269637820621 75
24 253.341720984365 78
25 252.506085116791 81
26 251.754165055206 84
27 251.083157901333 87
28 250.492415725956 90
29 249.982541400126 93
30 249.550284409053 96
31 249.185620604372 98
32 248.872878382701 101
33 248.593144031777 104
34 248.327497142411 107
35 248.061588866163 110
36 247.79102566821 113
37 247.523034910645 116
38 247.268949130725 119
39 247.033525249266 122
40 246.812467168218 125
41 246.597016812173 128
42 246.378692524487 131
43 246.152335932955 133
44 245.918207583484 137
45 245.682693535375 140
46 245.456584028814 143
47 245.25098089031 146
48 245.072838544798 149
49 244.923188539594 152
50 244.798681997574 155
51 244.694185841372 158
52 244.604593260401 161
53 244.525651257247 164
54 244.454204412723 167
55 244.38814946753 169
56 244.326248675385 172
57 244.267886541333 175
58 244.212825591455 178
59 244.160996471473 181
60 244.112342068379 184
61 244.066722998464 187
62 244.023881087692 190
63 243.983448559718 192
64 243.944985260823 195
65 243.908025743281 198
66 243.872121949301 201
67 243.836873493405 204
68 243.801943670575 207
69 243.767063658122 210
70 243.7320294148 212
71 243.696695826756 215
72 243.660971393173 218
73 243.624814930813 221
74 243.588234052007 224
75 243.551283987943 227
76 243.514064898946 230
77 243.476716112886 233
78 243.439406565383 235
79 243.40232178804 238
80 243.365648781605 241
81 243.329560735077 244
82 243.294203627949 247
83 243.259686257205 250
84 243.226074304782 253
85 243.193387956253 255
86 243.1616015586 258
87 243.130643041217 261
88 243.100390364169 264
89 243.07066203424 267
90 243.041198666947 270
91 243.011632841084 273
92 242.981446077811 276
93 242.94991764906 278
94 242.916086635522 281
95 242.878785214366 285
96 242.836852642511 288
97 242.789636785719 290
98 242.737666741133 293
99 242.682906531255 296
100 242.627894770759 299
101 242.574072200344 302
102 242.520686244274 305
103 242.465103485968 308
104 242.404011527362 310
105 242.334673324426 313
106 242.255795634539 316
107 242.167719484641 319
108 242.071833395656 322
109 241.969842374317 325
110 241.863894528276 327
111 241.757924318929 330
112 241.659524362684 333
113 241.578833668601 337
114 241.521817397169 340
115 241.486115820765 343
116 241.465023181241 346
117 241.452503382817 349
118 241.444726983247 352
119 241.439600845128 355
120 241.436031577207 358
121 241.433438550416 361
122 241.431497047552 364

0 5269.97183766781 8
1 4289.98938306286 11
2 2756.59150807085 14
3 1734.12469241535 17
4 1061.68304461371 20
5 646.105295269135 22
6 455.895323999888 25
7 372.701374019488 28
8 327.522358709426 31
9 301.447934267729 34
10 284.717728219837 37
11 274.450044766451 40
12 267.753037029206 43
13 262.99188904756 46
14 259.39772192367 49
15 256.548251511444 52
16 254.204960199889 55
17 252.227038236048 58
18 250.522863250094 61
19 249.083436281057 63
20 247.939947336538 66
21 247.071255369135 69
22 246.414421874835 72
23 245.909910212385 75
24 245.514282102565 78
25 245.197177558146 81
26 244.938005631324 84
27 244.723094320277 87
28 244.543119848825 90
29 244.391280857111 93
30 244.262234986804 96
31 244.151541639505 99
32 244.055380956354 102
33 243.970407457199 105
34 243.893653600217 108
35 243.82242549552 111
36 243.754145127169 113
37 243.686102155235 117
38 243.615114480207 120
39 243.537262616561 123
40 243.4483426141 125
41 243.34623572679 128
42 243.23497317588 131
43 243.125466852392 134
44 243.028557321203 137
45 242.94768196839 140
46 242.879586521706 143
47 242.81924197669 146
48 242.762821704371 149
49 242.708134809121 152
50 242.65412419823 155
51 242.600366229835 157
52 242.546769927486 160
53 242.493424741221 163
54 242.440525922937 166
55 242.388334075681 169
56 242.337147795005 172
57 242.287280537006 175
58 242.239038809941 179
59 242.192701635621 182
60 242.148502510142 185
61 242.106615436441 188
62 242.067146283366 191
63 242.030129988636 194
64 241.995533260154 197
65 241.963261736953 200
66 241.933170237889 202
67 241.905074773626 205
68 241.878765297277 208
69 241.854018535528 211
70 241.830610524341 214
71 241.808328602886 217
72 241.78698260088 220
73 241.766414832829 223
74 241.746508343875 226
75 241.727192696966 229
76 241.708446516836 231
77 241.690296084509 234
78 241.672809564806 237
79 241.656086962269 240
80 241.640246578773 243
81 241.62540944826 246
82 241.611683753625 249
83 241.599151395193 252
84 241.58785857034 255
85 241.577811476534 257
86 241.568977257387 260
87 241.561289354474 263
88 241.554655767072 266
89 241.548968494382 269
90 241.544112618829 272
91 241.539973941483 275
92 241.536444618688 278
93 241.533426721565 281
94 241.530833966434 283
95 241.5285920303 286

0 4930.35465101472 8
1 3163.49333912638 11
2 1442.99578355226 13
3 676.913709932247 16
4 427.553626088235 19
5 341.648478409139 22
6 303.603516268454 25
7 285.225825439658 28
8 274.700018414078 31
9 268.458059085583 34
10 264.231361665914 37
11 261.056116464059 40
12 258.553458274581 43
13 256.539093881529 46
14 254.88719826668 48
15 253.492879512214 51
16 252.270056345234 54
17 251.161835790974 57
18 250.146372493156 60
19 249.226355110676 63
20 248.405790383707 66
21 247.685145656894 69
22 247.070240903367 72
23 246.55800696772 74
24 246.129758105846 77
25 245.771124836775 80
26 245.474446038751 83
27 245.230715615325 86
28 245.030072324495 90
29 244.863191418408 93
30 244.721375494982 96
31 244.596371383438 99
32 244.48018791417 102
33 244.365007920834 105
34 244.243721787968 108
35 244.112072777565 111
36 243.972351062292 114
37 243.834566769076 117
38 243.710472190896 120
39 243.60558010145 123
40 243.518117455939 126
41 243.443303864905 129
42 243.376790927826 132
43 243.31564578112 135
44 243.258111953013 137
45 243.203161938373 140
46 243.150167259629 143
47 243.098703184972 146
48 243.048441070588 149
49 242.999090372208 152
50 242.950369416805 155
51 242.90199479874 158
52 242.853683963651 160
53 242.805166740265 163
54 242.756201408138 166
55 242.70659065062 169
56 242.65619305695 172
57 242.604926880499 175
58 242.552764448023 178
59 242.499717678491 181
60 242.445817151191 183
61 242.391088439403 186
62 242.335529371651 189
63 242.279090153874 192
64 242.22165509415 195
65 242.163020890965 198
66 242.102863696645 201
67 242.040688565381 203
68 241.975767600462 206
69 241.907112299543 209
70 241.833608911162 212
71 241.754537926219 215
72 241.670578018265 218
73 241.584726917456 221
74 241.501840673021 224
75 241.426424141076 227
76 241.36056246375 229
77 241.303838831982 232
78 241.254661204115 235
79 241.211449234621 238
80 241.173088959798 241
81 241.138901221417 244
82 241.108466923066 247
83 241.081476288152 249
84 241.057639471175 252
85 241.03664769226 255
86 241.018166022246 258
87 241.001842571127 261
88 240.987323834729 264
89 240.974270043585 267
90 240.962367371058 270
91 240.951335915445 272
92 240.940933588585 275
93 240.93095656447 278
94 240.921236938093 281
95 240.911637871602 284
96 240.902045842852 287
97 240.892358611604 290
98 240.882465918856 293
99 240.872217095921 296
100 240.861364341897 299
101 240.849459936439 302
102 240.835666701469 305
103 240.818415568243 308
104 240.794854373461 311
105 240.760282970417 314
106 240.708764727137 318
107 240.637512238248 321
108 240.55436977548 323
109 240.477218361604 326
110 240.42009182336 330
111 240.38429082226 333
112 240.363573937914 335
113 240.351509688176 338
114 240.344009337743 341
115 240.338941931029 344
116 240.335273070361 347
117 240.33249297177 350
118 240.330329931881 353

0 5416.36870899492 8
1 4943.10026353831 10
2 4178.33249444837 13
3 3350.38095277555 16
4 2747.64848370557 19
5 2342.4719865798 22
6 2073.58511642909 25
7 1792.40752941888 28
8 1454.24888457683 30
9 1133.46036943409 33
10 883.643936286874 36
11 693.746603389673 39
12 536.32007207105 42
13 423.364065065939 45
14 358.396256100068 48
15 322.999617622665 51
16 301.651409405499 54
17 288.710546590883 56
18 279.950320848656 59
19 273.545258066694 62
20 268.645815904348 65
21 264.821306874946 68
22 261.823912901711 71
23 259.473098005738 74
24 257.618811364459 77
25 256.140471622649 80
26 254.944867755152 83
27 253.958752707729 86
28 253.122834793844 88
29 252.387121825374 91
30 251.708225466617 94
31 251.049978578197 97
32 250.387366364581 100
33 249.71398300066 103
34 249.049353059718 106
35 248.43260202263 109
36 247.895929171628 111
37 247.444776875358 114
38 247.064970104863 117
39 246.737858908928 120
40 246.447462799643 123
41 246.181900973057 126
42 245.933520824337 128
43 245.698364703268 131
44 245.474538626039 135
45 245.260245523755 138
46 245.052914955205 141
47 244.849899511388 144
48 244.649996197164 146
49 244.454561985243 149
50 244.267112625686 153
51 244.091403244748 156
52 243.929566969126 158
53 243.781748830114 161
54 243.646929648331 164
55 243.523818643283 167
56 243.411267234774 170
57 243.308292075234 173
58 243.213939045583 176
59 243.127118949695 179
60 243.046439625427 182
61 242.970005487282 185
62 242.895152860563 188
63 242.818188305526 191
64 242.734564507446 193
65 242.640605802219 196
66 242.537525543411 199
67 242.434325199415 202
68 242.343159732217 205
69 242.270405647362 208
70 242.214442370887 211
71 242.17025842702 214
72 242.133530222233 217
73 242.101703545543 219
74 242.073558687509 222
75 242.048584955026 225
76 242.026564714316 228
77 242.007358157889 231
78 241.990810019158 234
79 241.976720659809 237
80 241.964848662386 239
81 241.954926740409 242
82 241.946680742458 245
83 241.93984626923 248
84 241.934180532208 251
85 241.929469088363 254
86 241.925528207019 257
87 241.9222040738 260
88 241.919370046527 262
89 241.916922962039 265
90 241.914779205182 268

0 5406.78180969038 8
1 4786.6187306873 10
2 3583.9146800009 13
3 2464.50462327936 16
4 1752.94073113178 19
5 1266.36141957809 22
6 925.448526985493 25
7 697.162351976051 28
8 551.548298445395 30
9 451.125479041373 33
10 382.101980442142 36
11 338.64982493361 39
12 310.36995514529 42
13 292.353293043566 45
14 280.608448519059 48
15 272.561403719531 51
16 266.835477091762 54
17 262.61370889727 56
18 259.38110587845 59
19 256.814424904058 62
20 254.715439651368 65
21 252.962559705972 68
22 251.484297627751 72
23 250.244956447354 74
24 249.22616507754 77
25 248.40516633142 80
26 247.744176601458 83
27 247.196630637139 86
28 246.720113812064 89
29 246.284576884125 92
30 245.873048669289 95
31 245.477768767277 98
32 245.095882784344 101
33 244.72722326073 104
34 244.3745686647 107
35 244.045150570436 110
36 243.750068321853 113
37 243.498916645747 116
38 243.293678838203 118
39 243.128194222934 121
40 242.992173774694 124
41 242.87502188109 127
42 242.76764924508 130
43 242.662941973683 133
44 242.555869183404 136
45 242.443774825903 139
46 242.326726875828 141
47 242.207114731896 144
48 242.087964595832 147
49 241.970998648348 150
50 241.856168550015 153
51 241.742888815006 156
52 241.631595535658 159
53 241.524277663219 162
54 241.423675179079 164
55 241.331941153332 167
56 241.2498635105 170
57 241.177001065147 173
58 241.112284523038 176
59 241.054549567898 179
60 241.002806146623 182
61 240.95629777472 185
62 240.914460202689 187
63 240.876855013059 190
64 240.843112866159 193
65 240.812896408832 196
66 240.785881743651 199
67 240.761753552452 202
68 240.740208423861 205
69 240.720961700398 208
70 240.703754392703 211
71 240.688358024011 213
72 240.674576457615 216
73 240.662244695905 219
74 240.651225261195 222
75 240.641403078599 225
76 240.632679830923 228
77 240.624968620369 231
78 240.618189531672 233
79 240.612266415845 236
80 240.607124958131 239
81 240.602691894166 242
82 240.59889511303 245
83 240.595664335283 248
84 240.592932066097 250
85 240.5906345774 253

0 5321.17944174843 7
1 4469.81338462679 10
2 3039.57325551253 13
3 1919.21143807166 16
4 1281.88999975087 19
5 918.438664691547 22
6 707.009560442687 25
7 571.705392156309 28
8 479.363958163538 31
9 416.638926757115 34
10 372.566550569771 37
11 340.893015104172 41
12 317.994328523561 43
13 301.355589462135 46
14 289.149837847376 49
15 280.101181142848 52
16 273.327808723083 55
17 268.205855253518 58
18 264.301949322423 61
19 261.313549101097 64
20 259.017805185832 67
21 257.24256798765 69
22 255.849564469236 72
23 254.727837911796 75
24 253.79322340723 78
25 252.983140001537 81
26 252.251965178946 84
27 251.577269921564 87
28 250.959649466496 89
29 250.403883242763 92
30 249.907670608393 95
31 249.466819864501 98
32 249.078994522899 101
33 248.740708658691 104
34 248.444046490816 107
35 248.176741266494 110
36 247.923972450276 113
37 247.67015086962 116
38 247.402693290106 118
39 247.120583269514 121
40 246.840643002834 124
41 246.586479791592 127
42 246.36881389868 130
43 246.182645206137 133
44 246.017623137506 136
45 245.865653760152 138
46 245.723369224271 141
47 245.592041082947 144
48 245.47529793847 147
49 245.375548747396 150
50 245.292000861446 153
51 245.22147164195 156
52 245.160226031001 159
53 245.105104473054 161
54 245.053744822289 164
55 245.004384211154 167
56 244.955601087535 170
57 244.906114834166 173
58 244.854642931845 176
59 244.799795855618 179
60 244.740013645322 182
61 244.673590048583 184
62 244.598876836907 187
63 244.514787745113 190
64 244.421667311214 193
65 244.322308247212 196
66 244.222284024751 199
67 244.128494195594 202
68 244.046276008164 205
69 243.977432577758 207
70 243.92066783586 210
71 243.873334028198 213
72 243.832837600201 216
73 243.797205579105 219
74 243.765112481449 222
75 243.735723677412 225
76 243.708532358841 228
77 243.683239423045 231
78 243.659674648044 235
79 243.637745824055 238
80 243.617404001369 241
81 243.598617211396 244
82 243.581348729289 247
83 243.565538407679 250
84 243.551086720637 253
85 243.537841043202 256
86 243.52558262119 258
87 243.514010974115 261
88 243.502720355049 264
89 243.49116047831 267
90 243.478571293558 270
91 243.463880631539 273
92 243.445559386398 276
93 243.421454941033 279
94 243.38869142286 282
95 243.343838317314 285
96 243.28363078909 288
97 243.206525416083 291
98 243.115569812872 294
99 243.021743455046 297
100 242.940345805364 300
101 242.878306479303 302
102 242.83029965212 305
103 242.786982229363 308
104 242.741661039047 311
105 242.692127059052 314
106 242.640203895589 317
107 242.589913999825 320
108 242.545112762761 323
109 242.508094893093 326
110 242.479486120498 329
111 242.458631201296 332
112 242.444057283075 335
113 242.43398849569 338
114 242.426784255809 340
115 242.421157918899 344
116 242.416186493072 347
117 242.411212665414 349
118 242.405723262378 352
119 242.399239090646 355
120 242.391216890757 358
121 242.380949084382 361
122 242.367442473429 364
123 242.349258698534 367
124 242.324312868861 370
125 242.289671981844 373
126 242.241498519611 376
127 242.175426305006 379
128 242.087676027857 382
129 241.977072326775 385
130 241.848380007043 388
131 241.715774377216 391
132 241.598001065353 393
133 241.50505066695 396
134 241.435176153747 399
135 241.382150839179 402
136 241.339812611893 405
137 241.302473111306 408
138 241.264055458836 411
139 241.217387641223 414
140 241.155264693958 417
141 241.075721258093 420
142 240.988677140761 423
143 240.911786960499 426
144 240.855870065957 429
145 240.819532196821 432
146 240.795905269179 436
147 240.778951527039 439
148 240.765040586951 442
149 240.752322654078 445
150 240.739917502427 448
151 240.727420620575 453
152 240.71466425873 456
153 240.701611621753 458
154 240.688309366249 461
155 240.674862636305 464
156 240.661417401192 467
157 240.648144315616 470
158 240.6352225893 473
159 240.622824297726 477
160 240.61110036673 480
161 240.600169581531 482
162 240.590111629734 485
163 240.580964568605 488
164 240.572726399107 491
165 240.565359816369 494
166 240.558798825438 497
167 240.552955816466 500
168 240.547727848683 503
169 240.543001195841 506
170 240.538653534143 509
171 240.534553405984 512
172 240.530556718881 514
173 240.526500055891 517
174 240.522190589097 520
175 240.517392660813 523
176 240.511812172196 526
177 240.505082825153 529
178 240.496764559137 532
179 240.486375300935 535
180 240.473488923376 538
181 240.457928396627 541
182 240.440029958284 543
183 240.420836877543 547
184 240.401992930564 550
185 240.38524018591 553
186 240.371780713114 556
187 240.361940623827 559
188 240.355304745414 562
189 240.351104903815 565
190 240.348563880246 568
191 240.347067528813 570

0 4994.32913780177 8
1 3867.28299107475 10
2 2533.24420584582 13
3 1798.77523383639 16
4 1458.22101744718 19
5 1296.60612023278 22
6 1205.52034326537 25
7 1143.14098716696 28
8 1095.36090639457 31
9 1052.27051139857 34
10 1006.11489496045 36
11 952.191349193297 39
12 885.753745203386 42
13 803.18739136936 45
14 707.132454559656 48
15 602.388365923434 51
16 508.056727650703 54
17 425.076904337466 57
18 354.746771928541 61
19 311.683681662829 64
20 287.586864664967 67
21 272.958017773532 70
22 264.460886247485 73
23 259.467514986168 76
24 256.019177816231 79
25 253.263111495498 82
26 251.030166438207 86
27 249.282087100742 89
28 247.95606511644 92
29 246.955909524134 95
30 246.186074732004 98
31 245.571366924695 101
32 245.057130180943 103
33 244.606826404243 106
34 244.201889082416 110
35 243.839164373123 112
36 243.522234462363 115
37 243.251823132757 118
38 243.02309607172 121
39 242.828623229022 124
40 242.661346066095 127
41 242.515557267204 130
42 242.386780160202 133
43 242.271505971785 135
44 242.167086811719 138
45 242.071710086024 141
46 241.984320692634 144
47 241.904433280955 148
48 241.831863322291 151
49 241.766452616455 153
50 241.707866047891 156
51 241.655504020095 159
52 241.608529093044 162
53 241.565968202273 165
54 241.526838392144 168
55 241.490254046711 171
56 241.455494811114 174
57 241.422032339451 177
58 241.389524312219 180
59 241.357786687739 183
60 241.326753731422 185
61 241.296433249418 189
62 241.266863039701 192
63 241.238073775841 195
64 241.210062633757 198
65 241.182780363652 200
66 241.156132160506 203
67 241.129990134132 206
68 241.104213191576 209
69 241.078669268446 212
70 241.053255151127 215
71 241.027910281715 218
72 241.002622467961 221
73 240.977424994334 224
74 240.952386108163 227
75 240.927593184011 229
76 240.903134924358 232
77 240.879085468202 235
78 240.855493951707 238
79 240.832381780375 241
80 240.809747869065 244
81 240.787579949396 247
82 240.765868404019 250
83 240.744618461202 253
84 240.723857124946 256
85 240.703632727624 259
86 240.684007026464 262
87 240.665041759845 265
88 240.6467829953 268
89 240.629247061276 271
90 240.61241126964 274
91 240.596211250157 277
92 240.580545026911 281
93 240.565282516287 283
94 240.55027829566 286
95 240.535385372189 289
96 240.520468102865 292
97 240.505413085287 295
98 240.490137480342 298
99 240.474594680411 301
100 240.458777460237 304
101 240.442718789146 307
102 240.426490427648 310
103 240.410199362629 313
104 240.393982118972 316
105 240.377997058487 319
106 240.362414947682 321
107 240.347408320675 324
108 240.333140428563 327
109 240.319754775291 331
110 240.307366311944 334
111 240.296055239074 337
112 240.285864044181 340
113 240.276797935782 343
114 240.268828334693 347
115 240.261898669414 350
116 240.255931488703 353
117 240.250835883212 357
118 240.246514368514 360
119 240.242868650529 363
120 240.239803988357 366
121 240.237232122466 369
122 240.235072912761 373

0 5481.84840465179 8
1 4847.64404950126 11
2 3563.21624178513 14
3 2246.419858392 17
4 1583.62109048143 20
5 1244.89793216828 23
6 1009.79581681363 26
7 823.790353161748 29
8 664.872426147992 32
9 533.413895915577 35
10 429.735643056162 38
11 353.887298271667 41
12 312.660456302314 44
13 291.645988365165 47
14 277.731484297118 49
15 268.491140621531 52
16 262.8778795532 55
17 259.246188862585 58
18 256.622680425807 61
19 254.572269537796 64
20 252.892717399171 67
21 251.494487092989 70
22 250.342142280378 73
23 249.410956947814 76
24 248.663206037649 79
25 248.051599547335 81
26 247.533256584267 85
27 247.076675012217 87
28 246.660884536464 90
29 246.272757777057 93
30 245.905865145679 96
31 245.560462362938 99
32 245.242259379078 102
33 244.95823022342 105
34 244.711789922999 108
35 244.501048862994 111
36 244.319813596923 114
37 244.159295973583 117
38 244.009729045384 120
39 243.861665390277 123
40 243.706975490686 126
41 243.540683099499 129
42 243.365451651665 131
43 243.195222150617 134
44 243.048087046019 137
45 242.932510385886 140
46 242.844452814423 143
47 242.774961675554 146
48 242.71639674477 149
49 242.664018022084 152
50 242.615371618288 155
51 242.569360586815 158
52 242.525556597081 161
53 242.483776766243 163
54 242.443855749588 166
55 242.405553062131 169
56 242.368547742791 172
57 242.332478603199 175
58 242.296996270637 178
59 242.261805089851 181
60 242.226685356538 183
61 242.191495744529 186
62 242.156161008984 189
63 242.120651941652 192
64 242.084964480607 195
65 242.049103757965 198
66 242.013077056545 201
67 241.976897245151 204
68 241.940595474955 206
69 241.904239198186 209
70 241.867949558163 212
71 241.831911564405 215
72 241.796371693945 218
73 241.761620705292 221
74 241.727963887259 224
75 241.695685314003 227
76 241.665015193306 229
77 241.63610879793 232
78 241.609041785139 235
79 241.583821430219 238
80 241.560408626335 241
81 241.538743148158 244
82 241.51876509292 247
83 241.5004278653 249
84 241.483701299648 252
85 241.468566387464 255
86 241.455004927251 258
87 241.442988022094 261
88 241.432466842564 264
89 241.423367803615 267
90 241.415592754989 270
91 241.409023430587 273
92 241.403528572105 276
93 241.398971931838 278
94 241.395219649104 281
95 241.392146046899 284
96 241.389637475442 287
97 241.387594281553 291

0 5396.05160605773 7
1 4885.15253651139 10
2 3706.30428826571 13
3 2328.76742925141 16
4 1543.81009034852 19
5 1092.20051724438 22
6 829.742357774496 25
7 660.831916343368 28
8 544.204915950287 31
9 455.333524094795 34
10 387.94835036605 37
11 342.624228207312 40
12 314.257625347289 43
13 295.819412568579 46
14 283.91294262751 49
15 275.434478940116 51
16 269.171589137028 54
17 265.086800030902 57
18 262.117645093005 60
19 259.783536316906 63
20 257.856964098593 66
21 256.216793696562 69
22 254.796847139955 72
23 253.561527222336 74
24 252.493408312672 77
25 251.580056231187 80
26 250.80268667095 83
27 250.134518531679 86
28 249.550105614332 89
29 249.030317092918 92
30 248.559985874511 95
31 248.127384517519 98
32 247.724673575974 101
33 247.346394843094 103
34 246.98810295547 107
35 246.647080865996 110
36 246.324067864428 112
37 246.023927154961 115
38 245.753884345414 118
39 245.519474914225 121
40 245.320997075808 124
41 245.15355678637 127
42 245.009969291089 130
43 244.883524202879 133
44 244.769182873174 136
45 244.663596833707 138
46 244.564692253174 141
47 244.47123925324 144
48 244.38253177595 147
49 244.298173690554 150
50 244.217933427988 153
51 244.141633857887 156
52 244.069059493668 159
53 243.999879003723 162
54 243.933593560087 164
55 243.869530466319 167
56 243.80690745731 170
57 243.744991199104 173
58 243.683346191113 176
59 243.622097318696 179
60 243.562037552941 182
61 243.504417820804 185
62 243.450454007256 188
63 243.400832065914 191
64 243.355497989373 193
65 243.313772583931 196
66 243.274620200079 199
67 243.236894499881 202
68 243.199494310867 205
69 243.161458610069 208
70 243.122070786218 211
71 243.081031918963 214
72 243.038689033201 217
73 242.996167202093 220
74 242.955168117151 223
75 242.917366012116 227
76 242.883707706839 230
77 242.854059093633 233
78 242.82730930099 236
79 242.801660332442 239
80 242.774808177296 242
81 242.743989960477 244
82 242.706232343435 247
83 242.659461680375 250
84 242.604797529763 253
85 242.548289078253 256
86 242.498678118963 259
87 242.46189885955 262
88 242.438271597613 265
89 242.424506919574 268
90 242.416832205737 271
91 242.412505855705 274
92 242.409918088992 277
93 242.408223348826 279

0 5293.37502169967 8
1 4433.47775397577 10
2 2955.99413821734 13
3 1925.54410227177 16
4 1360.53665403829 19
5 930.735475357095 22
6 632.242927307315 25
7 470.500975293467 28
8 383.806594872981 31
9 334.468162864974 34
10 305.768384338507 37
11 287.923018225551 40
12 276.100916930273 43
13 267.94771184631 45
14 262.14408689443 49
15 257.907551166795 51
16 254.766809279915 54
17 252.414146155499 57
18 250.623796179048 60
19 249.227814562783 63
20 248.109332883163 66
21 247.192310801549 69
22 246.427215453506 72
23 245.778007661403 75
24 245.21454194498 77
25 244.711336499605 80
26 244.253435789472 83
27 243.841773159734 86
28 243.481746858709 89
29 243.165066457548 92
30 242.872516949008 95
31 242.592515015162 98
32 242.32951864563 101
33 242.091677116798 103
34 241.877682819322 106
35 241.67882307236 109
36 241.485992494462 112
37 241.292735509234 115
38 241.096280350075 118
39 240.899502925184 121
40 240.711957265406 124
41 240.545456821201 127
42 240.406526004456 130
43 240.293985873659 133
44 240.202462988623 136
45 240.126241438396 139
46 240.060857685574 142
47 240.003193931008 145
48 239.951133710856 148
49 239.903229943898 151
50 239.858472955704 154
51 239.816140555225 157
52 239.77570173664 160
53 239.736754265497 163
54 239.698984354909 166
55 239.662141471857 169
56 239.626023980796 172
57 239.590472756837 174
58 239.555370619529 177
59 239.520645734318 180
60 239.486277165407 183
61 239.452300662103 186
62 239.418812643664 189
63 239.385970357765 192
64 239.353986477142 195
65 239.323117089611 198
66 239.293643153015 201
67 239.265846891872 203
68 239.239985987737 206
69 239.216269327341 209
70 239.194838135592 212
71 239.175755393002 215
72 239.159004739364 218
73 239.144498124302 221
74 239.132089888434 224
75 239.121594167995 227
76 239.112802591942 230
77 239.10549995702 233
78 239.09947655449 236
79 239.094536749696 239
80 239.090504088536 241
81 239.087223574777 244
82 239.084561879203 247
83 239.082406192671 250

0 5184.03817016685 8
1 4055.05125623603 11
2 2668.2906683365 14
3 1927.51520516345 17
4 1562.6973692162 19
5 1259.98798906698 22
6 973.038583185298 25
7 742.325154727763 28
8 571.562983226362 31
9 458.568856327256 34
10 384.407440351253 37
11 327.769285888963 40
12 297.036011587841 43
13 280.491984294747 46
14 271.095588753871 49
15 265.467227395066 51
16 261.56706421386 54
17 258.557579636029 57
18 256.123318105742 60
19 254.14223754806 63
20 252.535408453224 66
21 251.229842378995 69
22 250.166397191415 72
23 249.298861524849 75
24 248.588457402248 78
25 248.00200643917 81
26 247.512745768359 84
27 247.100902082819 87
28 246.7518609226 90
29 246.45263718468 93
30 246.189613670549 96
31 245.94865994843 99
32 245.716211391555 102
33 245.480179852389 105
34 245.231262447307 108
35 244.965685241611 111
36 244.687991689528 114
37 244.409446099605 116
38 244.141537232666 119
39 243.891282269278 122
40 243.661787090721 125
41 243.454638977047 128
42 243.271151739704 131
43 243.112225264024 134
44 242.9775660967 137
45 242.865213579793 140
46 242.771914327345 142
47 242.693998933131 145
48 242.628091827623 148
49 242.571398190361 151
50 242.521702470166 154
51 242.477268884252 157
52 242.436741261649 160
53 242.399065153757 163
54 242.363428199128 166
55 242.329212375234 169
56 242.295954825931 172
57 242.263315703796 174
58 242.231051763669 177
59 242.198994472128 180
60 242.167031699812 183
61 242.135092544944 186
62 242.103135245536 189
63 242.071138339386 192
64 242.039095224371 195
65 242.007012114305 198
66 241.974909131598 201
67 241.942823955621 204
68 241.910817072484 207
69 241.878977280417 210
70 241.847425768807 212
71 241.816316925336 215
72 241.785834169262 218
73 241.756179655614 221
74 241.727557633536 224
75 241.700152394156 227
76 241.674102752587 230
77 241.649475402278 233
78 241.626238809917 235
79 241.604237311741 238
80 241.583161670604 241
81 241.562507545018 244
82 241.541506791451 247
83 241.519007399072 250
84 241.493265321273 254
85 241.461598612287 257
86 241.419864656542 260
87 241.361869611905 263
88 241.279580365131 266
89 241.167404451029 270
90 241.033972530588 273
91 240.905949738337 276
92 240.804246370825 279
93 240.729666726156 282
94 240.675244790673 286
95 240.635500047811 289
96 240.606643855774 292
97 240.58542266826 296
98 240.569020866936 299
99 240.555291698938 302
100 240.542784255634 305
101 240.5305943288 308
102 240.518184877257 311
103 240.505248656501 314
104 240.491622053374 317
105 240.477236509686 320
106 240.462092434852 323
107 240.446244706836 326
108 240.429792926358 329
109 240.412872433718 332
110 240.395644013113 335
111 240.37828160966 338
112 240.360958496707 341
113 240.343833184491 344
114 240.327036859999 347
115 240.310664168063 350
116 240.294768639327 352
117 240.279363143132 355
118 240.264424637427 358
119 240.249901504119 361
120 240.235721125126 364
121 240.221795131813 367
122 240.208019821032 370
123 240.194269303715 373
124 240.180378682907 375
125 240.166113534862 378
126 240.151119719448 381
127 240.13484363489 384
128 240.116407619284 387
129 240.094421202301 390
130 240.066718071684 393
131 240.030062943362 396
132 239.980025147187 399
133 239.911467566055 402
134 239.820291914441 405
135 239.707325079162 408
136 239.584566686469 411
137 239.474519235402 414
138 239.392513834941 417
139 239.337052396726 420
140 239.300035076626 422
141 239.275105502967 425
142 239.258417798624 428
143 239.247451401385 431
144 239.24036036871 434
145 239.235792410907 437
146 239.232815164774 440
147 239.230825969231 443

0 5356.38152170896 7
1 4428.83384975616 10
2 2917.44096058283 13
3 1984.63591292553 16
4 1461.41363600907 19
5 1099.131642057 22
6 814.101229829242 25
7 612.804605865731 28
8 478.259198899335 30
9 386.697010236012 33
10 332.043313512392 36
11 302.354646087853 40
12 287.21341532454 43
13 277.517824283212 46
14 270.80296337836 49
15 265.812465181594 52
16 261.975989375869 55
17 259.021504761687 58
18 256.790733868567 61
19 255.1306505789 63
20 253.882932089755 67
21 252.913359406504 70
22 252.122472718874 73
23 251.445413329304 75
24 250.848464308083 78
25 250.316958566377 81
26 249.840571467618 84
27 249.407339647262 87
28 249.005082511896 90
29 248.623506581505 93
30 248.25529530263 96
31 247.896650817074 99
32 247.547250337442 102
33 247.210774537076 104
34 246.896209103369 107
35 246.614831193509 110
36 246.372194247386 113
37 246.164784702163 116
38 245.984185216511 119
39 245.821951004375 122
40 245.671614477872 125
41 245.528827495086 128
42 245.391011604233 130
43 245.256992440767 133
44 245.126641536006 136
45 245.000496835934 139
46 244.87939952851 142
47 244.764221837382 145
48 244.65573113341 148
49 244.554570108519 151
50 244.461283884613 154
51 244.376324269295 157
52 244.300001521923 160
53 244.232403148884 162
54 244.173326337925 165
55 244.12226358193 168
56 244.0784510161 171
57 244.040959206843 174
58 244.008793552184 177
59 243.980977207313 180
60 243.956603802443 183
61 243.934860123232 185
62 243.915025744143 188
63 243.896457548443 191
64 243.878564310664 194
65 243.860772125604 197
66 243.842476640197 200
67 243.822973262551 203
68 243.801352601904 206
69 243.776349334655 208
70 243.746152116323 211
71 243.708251850636 214
72 243.659560120038 217
73 243.597186059968 220
74 243.52003226155 223
75 243.430541721644 226
76 243.335583998422 229
77 243.245803269992 232
78 243.171950255238 234
79 243.119207412653 237
80 243.085477442336 241
81 243.065032168537 244
82 243.052493279582 247
83 243.044290060237 249
84 243.038426367849 252
85 243.033866026333 256
86 243.030071387645 259
87 243.026746240326 261
88 243.023710219553 264
89 243.020840714544 267
90 243.018046043604 270
91 243.015252509125 274
92 243.012397616015 276
93 243.009426147008 279
94 243.00628768911 282
95 243.002935008394 285
96 242.999323012485 288
97 242.995408192432 291
98 242.991148508718 294
99 242.986503723779 297
100 242.981436201594 300
101 242.975912197918 303
102 242.969903651406 306
103 242.963390453422 308
104 242.956363119964 311
105 242.948825712456 314
106 242.940798760047 317
107 242.932321836529 320
108 242.923455360622 323
109 242.914281147644 326
110 242.904901274264 329
111 242.89543495129 332
112 242.886013339494 335
113 242.876772568718 338
114 242.867845575117 341
115 242.85935367125 344
116 242.851398917993 346
117 242.844058309519 349
118 242.837380503495 352
119 242.831385387685 355
120 242.826066285959 358
121 242.821394198585 361
122 242.817323237895 364
123 242.813796391058 367
124 242.810750883352 370
125 242.808122654702 373
126 242.805849720494 375

