0 5281.59760165152 4
1 4831.48988776175 9
2 4728.52113727191 15
3 2763.91924150428 22
4 1878.67255063975 28
5 1524.47357707124 35
6 1274.41562745989 41
7 1130.19333762398 47
8 1049.49970133997 54
9 1027.98737553356 62
10 982.079963959952 68
11 964.405550356282 74
12 958.934247927132 80
13 957.020383430655 89
14 956.468056823106 96
15 956.253235122229 103
16 956.159505020412 107
17 956.113843433611 111
18 956.089485728638 118
19 956.075421587079 124

0 5206.4209898028 5
1 4328.21842819428 10
2 3584.03537095748 14
3 2626.48367445517 18
4 2120.72252264342 21
5 1552.75090478495 25
6 1292.48054379548 29
7 1138.37200102783 33
8 1045.59730782281 37
9 1016.63637619119 41
10 986.906898269931 45
11 966.385056278873 51
12 960.475548375408 56
13 958.595867333361 62
14 957.799993230128 69
15 957.466976519017 73
16 957.309197090726 77
17 957.226132887549 81
18 957.179382131554 85
19 957.152130492055 89

0 6096.05438384675 3
1 4967.36001361642 8
2 4778.84755710369 12
3 3225.17913931398 15
4 2118.78741133359 20
5 1561.89692489668 24
6 1207.47645208946 28
7 1121.30074349739 32
8 1062.45132281794 36
9 1018.52524789488 40
10 982.943990492852 44
11 966.111682653164 48
12 959.746509138118 52
13 957.555058040868 56
14 956.836107100062 60
15 956.594396110532 65
16 956.482375752076 70
17 956.425344228672 77
18 956.394547368551 83
19 956.377042636951 87

0 4355.3270253329 5
1 5161.73229280309 8
2 4318.37623704065 12
3 2390.71219486248 17
4 1885.84658974442 21
5 1463.12640930334 24
6 1307.02734913063 28
7 1180.47822500997 32
8 1054.80152410595 36
9 1020.22481929068 39
10 988.613570372164 43
11 964.825720663777 47
12 959.183973552887 51
13 957.336415483044 55
14 956.631429860934 59
15 956.392206148947 63
16 956.282956474447 66
17 956.228422436766 70
18 956.198245483281 74
19 956.181069620184 78

0 5412.35748289949 4
1 5044.56161332176 8
2 5125.66441125043 12
3 2768.20579899204 17
4 1969.96547083806 20
5 1673.59594256706 24
6 1353.30659131997 29
7 1138.33533162364 34
8 1058.83250418188 37
9 1014.47976268327 42
10 984.465352542733 46
11 965.950540775571 50
12 960.114338308637 54
13 958.012555465651 58
14 957.332646542466 62
15 957.052228941601 66
16 956.922263186851 70
17 956.858732230643 74
18 956.823832199342 78
19 956.803287853425 82

0 6069.41350698554 4
1 5845.29109728221 8
2 4478.99567291286 12
3 3512.84719322818 16
4 1988.35374590639 20
5 1510.5571919069 24
6 1300.92714886113 28
7 1105.41534567629 32
8 1049.07940466118 36
9 1013.06298488127 40
10 983.353513272757 44
11 964.16471712333 48
12 958.767435193978 51
13 956.96405826355 55
14 956.452064631504 59
15 956.254159676999 63
16 956.16435838943 67
17 956.117555152741 70
18 956.093690335316 75
19 956.080122235891 79

0 5316.7063031312 3
1 4481.8536450731 7
2 4734.44593653975 11
3 3342.65055304996 16
4 2016.2906571236 19
5 1544.83084982375 23
6 1269.50609311526 27
7 1160.25121873429 32
8 1053.85809649934 35
9 1020.66858811265 39
10 986.314079950748 43
11 967.697395628855 47
12 962.129818156623 51
13 960.383995344509 55
14 959.662276449975 58
15 959.380012470741 62
16 959.240643300971 66
17 959.164059564171 69
18 959.121023720118 74
19 959.09602186699 77

0 4857.70818287477 4
1 4173.00817040218 8
2 4264.61120261119 12
3 2981.74338360066 16
4 1871.93992548214 20
5 1511.44095847903 23
6 1257.16299678809 27
7 1173.11767881645 31
8 1059.60464612435 36
9 1016.16886991351 40
10 981.95979131373 44
11 965.619401422427 48
12 958.173704032074 52
13 956.912390789926 56
14 956.414970244476 60
15 956.177722928604 63
16 956.081443862606 67
17 956.03379646962 71
18 956.009322115982 75
19 955.995528136045 80

0 4885.96301834336 3
1 6031.58712785196 7
2 4364.74261068457 11
3 2483.44971768225 15
4 1861.92413614148 19
5 1552.11923592682 25
6 1296.82771284803 29
7 1160.79599433729 32
8 1048.02199897848 36
9 1021.93132075433 40
10 984.055430522876 44
11 965.392708017304 47
12 958.949097615822 51
13 957.108075847162 55
14 956.559870657755 59
15 956.340477812928 63
16 956.248531878338 66
17 956.205661390808 70
18 956.181595536372 74
19 956.167612506067 77

0 5217.72614783475 3
1 4780.67386692657 7
2 4484.96847988785 12
3 2812.34933870928 16
4 2140.67330489944 20
5 1644.23992876354 24
6 1267.62891874235 28
7 1156.13488988889 32
8 1068.86435012114 35
9 1021.49820117202 39
10 980.824479739013 45
11 967.377777547213 49
12 959.125127635617 52
13 957.507572918861 56
14 956.925742157375 60
15 956.693120308373 64
16 956.577985036027 68
17 956.519786967947 72
18 956.486729012709 77
19 956.467385476863 81

0 4660.38193876519 4
1 5094.99419252901 8
2 3987.12059309874 12
3 3121.84614652684 17
4 2371.92406916965 21
5 1582.16695606172 25
6 1286.6341152923 29
7 1173.5392487829 33
8 1052.7004765003 37
9 1015.36277545498 41
10 985.755962866412 45
11 964.89062113817 48
12 959.354291259036 52
13 957.218689686336 56
14 956.656227495422 59
15 956.414711683361 63
16 956.305923572873 67
17 956.251427141382 71
18 956.22055198151 75
19 956.202818177029 78

0 4656.92049685089 4
1 6618.77777299572 8
2 5504.07598568781 12
3 2912.97239553289 16
4 2064.14965188259 20
5 1696.51009772437 24
6 1265.50068218519 27
7 1192.96789567653 31
8 1053.85104719431 35
9 1020.10881261563 39
10 984.954620597596 43
11 966.004103165652 47
12 959.734528911859 51
13 957.795257762897 55
14 957.179636845115 59
15 956.913388123415 62
16 956.782863536929 66
17 956.711756756698 70
18 956.672372371502 73
19 956.649609208822 78

0 6534.60993492245 4
1 5057.95250440203 7
2 3307.55291373383 12
3 3028.27869454898 16
4 2091.51006850609 19
5 1713.46018794515 23
6 1254.89754767526 27
7 1142.62149489955 32
8 1044.82965832503 36
9 1024.9018242753 41
10 986.854716525142 45
11 965.306770455893 48
12 958.692903793961 52
13 956.869657873826 56
14 956.294742928738 60
15 956.089455425655 64
16 955.993018803303 68
17 955.947081667522 72
18 955.922968527264 76
19 955.90935507273 80

0 4778.25186081998 4
1 4340.90728192344 7
2 3373.10020527847 11
3 2901.07467885814 15
4 1859.66544403548 19
5 1476.53560193388 23
6 1305.82367622205 27
7 1128.08518995458 31
8 1070.02776858627 35
9 1038.09101421806 38
10 985.671684456553 42
11 969.14298465571 46
12 962.767205861233 50
13 960.598942362124 54
14 959.626052682789 58
15 959.258095671238 62
16 959.075054503887 65
17 958.974700587319 69
18 958.916950857983 73
19 958.883333442759 77

0 4869.76048278722 4
1 4977.73867707203 8
2 4612.43545293791 11
3 2661.91301460204 16
4 2163.76685262723 19
5 1457.36701876481 23
6 1318.02380170176 27
7 1151.13754011974 31
8 1073.00673142634 35
9 1023.67989087594 39
10 983.809357753496 43
11 967.569751015069 47
12 959.677284810838 51
13 957.609114236977 54
14 956.91044647024 58
15 956.630180856989 62
16 956.516041186304 66
17 956.455987224216 70
18 956.423900290789 74
19 956.405152975227 78

0 5725.2618296477 4
1 4812.01713686128 8
2 3855.50044717808 12
3 3003.54533387577 16
4 2188.3340694764 19
5 1674.08717700771 23
6 1282.5677215347 27
7 1109.61908877631 31
8 1054.55101166229 35
9 1030.21412476375 39
10 989.515849381697 43
11 972.856133556875 47
12 966.999514631799 51
13 964.656576323301 55
14 963.830328308387 59
15 963.520477986437 62
16 963.364840063832 66
17 963.277255954666 70
18 963.226960049427 74
19 963.197338938648 78

0 4157.62060703643 3
1 4987.22103343965 7
2 4293.26440324739 11
3 2843.54819812185 15
4 2084.53362070813 19
5 1621.85460932703 22
6 1313.29606865633 26
7 1130.6502982528 30
8 1053.77465966652 34
9 1024.39162897653 38
10 987.290183997082 41
11 971.843344757831 45
12 966.462596387143 49
13 963.650094944117 53
14 962.690780480971 58
15 962.234832087853 62
16 962.007308092839 66
17 961.878305873572 70
18 961.802967501042 73
19 961.758060202231 77

0 6377.317629728 4
1 4103.91926813524 8
2 4197.20627276509 12
3 2559.79486046109 16
4 2249.02531346544 20
5 1573.71304502966 23
6 1266.94495954436 28
7 1152.5874783829 31
8 1077.31932116414 35
9 1011.10030077915 39
10 987.500434980291 43
11 964.564009054773 47
12 958.371539128324 51
13 956.894035290296 55
14 956.246729140909 59
15 955.966965630076 63
16 955.856830449589 67
17 955.795267540677 71
18 955.763387992961 75
19 955.7450822525 79

0 5432.25842345307 4
1 4920.02006748077 8
2 4218.20719806262 12
3 3012.47652159487 16
4 2013.03900531825 20
5 1667.94243790598 23
6 1260.25300328413 27
7 1134.33510468146 31
8 1054.82522709436 35
9 1026.3217559792 41
10 991.401509822386 45
11 964.028083978619 48
12 958.599924141724 52
13 956.821886672254 56
14 956.199867259945 60
15 955.941670287442 64
16 955.83513500463 68
17 955.783180751235 72
18 955.755080487016 76
19 955.739353785654 80

0 5917.02125505565 3
1 5805.95158707669 7
2 4017.33361168915 11
3 2801.31635512235 15
4 2094.55687172337 20
5 1622.87097251694 24
6 1350.82488544756 27
7 1129.7754865892 31
8 1060.48255847851 35
9 1009.12304255785 39
10 986.651261196519 43
11 964.485588097378 46
12 958.326693872918 50
13 956.674447449108 54
14 956.181192073752 58
15 955.977129015559 62
16 955.885461418757 66
17 955.840351943451 70
18 955.816115495434 74
19 955.802221709169 77

0 6552.2217610742 4
1 4612.69701895215 8
2 4625.5827665749 12
3 2582.07395361372 16
4 1871.35270136087 20
5 1567.2159425022 24
6 1262.82757786045 28
7 1153.90301891999 31
8 1054.7748606786 35
9 1022.13208766327 39
10 986.104652268342 43
11 964.791834925621 47
12 958.574816346037 51
13 956.917738198101 55
14 956.409276859125 59
15 956.205203471777 63
16 956.113634701822 66
17 956.070072885028 70
18 956.047355158237 74
19 956.034257568487 78

0 4670.47470439534 4
1 5705.29621400561 9
2 3772.989478197 13
3 3495.35437545682 17
4 1916.50761768868 21
5 1800.09405520061 25
6 1294.29468651359 29
7 1141.32471596828 33
8 1055.51463606418 37
9 1021.71283329352 40
10 991.544327953642 44
11 971.528711461822 48
12 965.031939843684 52
13 962.843470949289 56
14 962.099843106253 60
15 961.721690662516 64
16 961.5468807427 68
17 961.44841700498 71
18 961.392040982227 75
19 961.358741620756 79

0 4292.37801777032 4
1 5117.48762203607 8
2 4066.29681868047 12
3 2840.00029565478 16
4 1852.49715393084 19
5 1425.47636609215 23
6 1219.85398967886 29
7 1186.93594715952 33
8 1043.44899738644 37
9 1030.33552010149 41
10 983.532838625649 46
11 965.28036219003 50
12 959.194793545189 53
13 957.583599271872 57
14 957.004316798149 61
15 956.775082091792 65
16 956.665276235492 70
17 956.611894162332 74
18 956.581851988901 77
19 956.564470013691 82

0 5013.85797558037 4
1 5884.90611592037 8
2 4370.12495776397 12
3 2745.66810192919 15
4 2084.56434236961 19
5 1551.14509833212 23
6 1345.26271278918 27
7 1115.73426739435 31
8 1061.89308748067 35
9 1006.47558796884 38
10 989.888185425511 42
11 966.65230656715 46
12 958.919469894987 50
13 956.990094393783 54
14 956.342648008258 58
15 956.11741770757 62
16 956.02634550137 66
17 955.980397902753 70
18 955.955759217037 74
19 955.94208206698 77

0 4971.4294772564 4
1 4383.01472909661 8
2 3875.93727773416 12
3 2873.61925826913 16
4 1911.59868380942 20
5 1451.69528220112 23
6 1252.74010750685 27
7 1154.05475530209 31
8 1049.84641230957 36
9 1020.74831706052 40
10 991.826136659237 43
11 967.328585381686 47
12 961.406118433108 51
13 959.29471189265 55
14 958.47647492346 59
15 958.167120157993 63
16 958.011464180158 67
17 957.9278907506 71
18 957.880783287601 75
19 957.853175175091 79

0 4762.75430990776 4
1 4650.84119389041 8
2 2983.6277516926 12
3 2727.41740865616 16
4 2006.43089254099 20
5 1520.93745992981 24
6 1369.82931473574 28
7 1150.26866841352 32
8 1069.68779426367 36
9 1015.94817743403 40
10 986.557045226048 43
11 965.050330602484 47
12 958.609245508247 51
13 957.172716508422 55
14 956.554562620283 59
15 956.324734472142 63
16 956.228632970436 66
17 956.177836722752 70
18 956.149720018611 74
19 956.133534364786 78

0 6324.32613229096 4
1 4579.0045263916 8
2 4262.27736949305 12
3 3218.48639956875 15
4 2008.0422390173 20
5 1530.25035144506 23
6 1262.24477476567 27
7 1128.96657708185 31
8 1049.65149509507 35
9 1015.60372212419 39
10 985.12147429734 42
11 966.664090275785 46
12 959.421939047278 50
13 957.607964094429 54
14 956.999924632123 57
15 956.77368853623 61
16 956.659692898607 65
17 956.599868117481 69
18 956.566026420043 73
19 956.546586863116 76

0 4011.69057302834 3
1 4550.0489080486 7
2 5024.01268503371 11
3 2663.60896870244 15
4 1872.01435381341 19
5 1529.28392087105 22
6 1334.50115126693 26
7 1108.35249072499 32
8 1051.56863489901 36
9 1016.2846381733 39
10 994.776186979874 43
11 968.703157135987 47
12 962.181637122344 52
13 960.092496039313 56
14 959.213729523749 60
15 958.779891561678 64
16 958.564101886643 68
17 958.446039323321 72
18 958.37784933186 77
19 958.337815743175 80

0 7295.30814397135 4
1 5002.85362325532 8
2 5212.05830082595 12
3 2604.19453779247 16
4 2057.90199677538 19
5 1503.30304500045 23
6 1322.46260602966 27
7 1123.82538554505 32
8 1034.54103254656 36
9 1020.97352222672 40
10 977.22901649275 44
11 964.207429811236 48
12 959.422802267221 52
13 957.078039920633 58
14 956.429063195897 62
15 956.168490833689 66
16 956.068037434397 70
17 956.015788650121 74
18 955.988383386804 78
19 955.972597150312 82

0 4845.33825905475 4
1 6634.60322346587 8
2 4354.91240424205 12
3 2843.03139416107 16
4 2026.08771759663 20
5 1609.84147069507 24
6 1231.91027411258 29
7 1107.04376969187 33
8 1048.68202102719 37
9 1040.17302288851 41
10 984.45001206459 45
11 966.396611144842 49
12 960.036950664879 53
13 958.165054137508 57
14 957.411400706563 62
15 957.115942879022 66
16 956.980344476843 70
17 956.907551489306 74
18 956.867003883188 79
19 956.843535502829 83

0 6253.88295206776 4
1 4636.78241414581 8
2 4684.09406773136 12
3 2827.80924470524 18
4 1937.91540942149 22
5 1568.21879585293 26
6 1325.68233701684 30
7 1114.95770966295 34
8 1047.10183055262 38
9 1020.76200958322 42
10 984.286058798277 46
11 964.45455666908 52
12 958.597486550517 57
13 956.883731229889 61
14 956.315974189377 65
15 956.089587866994 69
16 955.997046365212 73
17 955.948660866434 77
18 955.922814984708 81
19 955.908322052014 85

0 4733.29134569778 4
1 5071.58986889275 8
2 3947.66595902519 12
3 2995.21645893125 16
4 2088.58013808546 20
5 1528.288383037 24
6 1273.60239049463 28
7 1152.18177184692 33
8 1048.44237933587 37
9 1010.5518629776 41
10 984.302890308833 45
11 966.262639719867 49
12 959.299351552899 53
13 957.079945203325 57
14 956.473846794189 61
15 956.237757649952 66
16 956.13793269563 69
17 956.088147934589 74
18 956.061038068288 78
19 956.04565304775 82

0 4453.6304814778 4
1 5461.45832386975 8
2 3937.63243888881 12
3 2926.53568424807 16
4 2207.214504491 20
5 1491.38052132165 24
6 1255.29137950662 29
7 1131.33311781839 33
8 1080.22154639539 37
9 1012.4708299897 41
10 986.141103495427 45
11 965.543347974511 49
12 958.47438378164 53
13 956.973211749302 57
14 956.334894410811 61
15 956.135117465976 66
16 956.042347757236 71
17 956.000427127178 75
18 955.976892350973 79
19 955.963954277479 83

0 5808.9258403307 4
1 5132.88678307547 8
2 3776.57498335681 12
3 3079.07802695055 16
4 1961.95222665027 20
5 1550.79558518852 24
6 1307.56330955896 28
7 1140.40309782236 32
8 1046.84965932193 36
9 1025.24188725641 40
10 986.615632417972 44
11 968.861389989839 48
12 963.688974275737 53
13 961.909508718595 56
14 961.225050630253 60
15 960.950219175693 64
16 960.815487617709 68
17 960.742436398148 72
18 960.699405928956 76
19 960.674171792637 80

0 6237.10257501597 4
1 5557.7007236391 9
2 4208.58050541601 12
3 3241.73126802121 17
4 2032.02374476533 21
5 1560.12025599716 24
6 1256.60432072531 29
7 1117.24659454903 34
8 1052.94236418973 38
9 1016.20754396361 42
10 986.021725762434 46
11 965.301036193008 50
12 959.026959138479 54
13 957.142945495975 59
14 956.550699431681 63
15 956.319909560795 67
16 956.207556317389 71
17 956.146901269772 75
18 956.112683228058 78
19 956.093297876335 83

0 5270.72015060433 4
1 5831.96008443623 8
2 4604.17473644488 12
3 2527.51141968913 16
4 1933.04140910464 20
5 1652.11568955495 24
6 1303.72287626229 28
7 1162.72179221047 32
8 1057.77297582679 36
9 1030.9017009453 40
10 990.976428118329 44
11 970.552712159822 48
12 961.014544709806 52
13 958.767649385583 56
14 958.054607140012 60
15 957.732944741066 64
16 957.556999164639 68
17 957.463623188316 72
18 957.410503648521 76
19 957.379355944936 80

0 6137.33776201259 4
1 4625.03613089509 8
2 4633.43024145887 11
3 2835.23072203903 16
4 1928.31914067403 20
5 1549.78107354442 24
6 1357.33027946706 28
7 1164.87736293462 33
8 1054.05892420251 37
9 1024.93999549808 41
10 988.311546402304 45
11 964.715052754101 49
12 958.744485952101 53
13 957.056060217766 57
14 956.578389210301 61
15 956.385782840994 65
16 956.298416157974 69
17 956.2534114906 73
18 956.228754567995 76
19 956.214528905856 80

0 5107.32056682689 4
1 5098.53786333861 8
2 3943.96971305184 12
3 2682.73277437135 15
4 2142.97374107684 19
5 1510.05633222663 23
6 1336.19912274114 27
7 1115.32421021257 31
8 1044.05958420556 35
9 1018.43817894946 39
10 981.889341475523 43
11 966.453882039797 47
12 960.597026569665 51
13 958.546028674655 55
14 957.901650355684 59
15 957.612775812318 63
16 957.472005530307 67
17 957.393309650466 72
18 957.349185277661 77
19 957.323663441934 82

0 4335.10559785272 4
1 4673.76028466396 8
2 3887.81609859046 12
3 2603.57437403548 16
4 1779.04478774479 20
5 1578.6408696526 25
6 1247.74798004843 29
7 1154.31952498394 33
8 1053.59068892774 37
9 1019.43142263251 41
10 988.662924487409 45
11 968.796281746268 48
12 964.367377402398 53
13 962.082976694648 57
14 961.323273357034 61
15 961.009211666478 64
16 960.860786468202 69
17 960.771673137808 73
18 960.721661833919 77
19 960.691383609543 81

0 7320.00153467701 4
1 4454.62075968281 7
2 4129.71732875139 11
3 2865.39375724542 15
4 1978.3923484705 19
5 1501.44937520115 23
6 1246.2374420935 28
7 1110.90146301565 33
8 1051.58061468371 37
9 1013.98075648516 41
10 985.054443573839 45
11 964.708472277634 49
12 958.883470634218 53
13 957.316123404231 57
14 956.75314501311 61
15 956.513431140694 66
16 956.402704128707 71
17 956.347887415328 75
18 956.318327349403 79
19 956.301650019197 83

0 5429.94234293584 4
1 5549.23572098704 8
2 4815.87298809849 12
3 2584.04783158229 16
4 1757.49765741822 21
5 1579.80999635752 26
6 1329.8601798159 30
7 1130.0636266291 34
8 1054.7946750666 38
9 1025.01363375574 42
10 984.688978517184 47
11 966.344501349148 53
12 959.077609958182 57
13 957.243504238259 61
14 956.687300945044 65
15 956.459764951655 70
16 956.360833363071 73
17 956.310899921645 77
18 956.282597430188 83
19 956.266636038343 87

0 4432.4440033433 5
1 4427.31533059002 9
2 4650.12146740533 14
3 2817.62652627982 18
4 1935.59482362271 22
5 1691.51973753237 26
6 1355.8619904557 30
7 1144.10770748223 36
8 1046.81482275257 39
9 1018.32155512261 44
10 995.559397240835 48
11 972.662106512221 52
12 965.862677211173 56
13 964.249528458163 60
14 963.475814433277 65
15 963.136839291509 69
16 962.965885575856 73
17 962.874126478699 77
18 962.822467392572 81
19 962.792210344275 85

0 5563.96936877923 4
1 5245.59004736956 7
2 4540.18121683789 12
3 2893.26284538204 16
4 1842.98697196621 20
5 1559.18953577721 23
6 1298.29552518122 28
7 1127.04301345252 32
8 1067.77610801034 36
9 1034.91975086583 39
10 987.042164156388 44
11 964.763451410175 48
12 958.746207578086 52
13 957.101619751134 56
14 956.562437426876 61
15 956.349600090062 65
16 956.258841966706 72
17 956.212232367483 76
18 956.187034455535 81
19 956.172826800126 85

0 6487.45761654358 4
1 5811.23038961527 8
2 4075.17167113783 14
3 3197.74016587481 19
4 2122.01888063354 23
5 1513.50089288565 29
6 1258.67419952534 33
7 1132.86132063203 37
8 1048.43742494793 40
9 1008.55390666652 44
10 987.663743195293 48
11 963.284505438737 52
12 958.646869108073 57
13 956.992028629344 63
14 956.406812678783 67
15 956.19532676864 71
16 956.107851938183 75
17 956.064670974768 78
18 956.042410768591 82
19 956.029917434626 86

0 4712.22971042315 4
1 4545.87709955658 8
2 4223.23567583638 12
3 3013.21642388756 17
4 2029.4993732654 23
5 1537.69656503831 27
6 1281.26122118269 31
7 1129.55000475232 35
8 1063.13545509644 39
9 1020.28548933003 45
10 984.181503033202 51
11 965.874527446138 56
12 958.738313908766 60
13 956.871827939695 64
14 956.26964375659 68
15 956.086576852953 72
16 955.996615856496 76
17 955.953651078168 80
18 955.930874117745 84
19 955.917785052106 89

0 5116.37433425684 4
1 5378.93702893362 8
2 4544.25119826348 12
3 2803.6585904244 16
4 2076.13976759443 20
5 1519.26533820577 24
6 1290.59929821099 29
7 1145.40115502001 33
8 1045.14179539337 37
9 1024.45453211836 41
10 985.126803032857 45
11 965.538535856988 49
12 958.627331059648 53
13 957.178669209116 57
14 956.652682187556 60
15 956.404241754741 64
16 956.292828668774 69
17 956.237093444769 73
18 956.207273976602 77
19 956.190493907699 81

0 4992.8776593832 4
1 4914.72076110142 7
2 3368.59514703158 11
3 3132.67200484606 16
4 2050.18042445147 20
5 1627.27245899733 24
6 1306.71888431402 28
7 1141.69562815056 32
8 1053.14151577926 37
9 1021.41595410352 41
10 982.139796584363 45
11 965.558107928567 49
12 959.470182071434 53
13 957.407248468183 57
14 956.802383632599 61
15 956.582715663862 66
16 956.485095585968 70
17 956.433151981271 74
18 956.40327738124 78
19 956.385927458604 82

0 5625.6176904054 4
1 5806.98123799761 8
2 4291.73338529909 12
3 2915.57082892267 17
4 2014.41051013949 21
5 1613.11274758805 25
6 1239.00449156826 29
7 1155.55178753698 33
8 1059.10380740105 37
9 1022.07457182799 41
10 990.478762574903 45
11 972.374762931024 49
12 965.018286901502 54
13 962.849765226425 58
14 962.035031310154 62
15 961.677160364228 66
16 961.490023291297 70
17 961.385330978922 75
18 961.324526097436 79
19 961.288879441897 83

0 4513.23025157259 4
1 7079.62090825765 7
2 4234.24156471836 12
3 2821.96848196766 16
4 2065.34878744557 20
5 1456.09279358582 24
6 1242.40828282178 28
7 1127.79349925969 32
8 1054.0108733927 36
9 1011.65567025161 40
10 985.237585025453 44
11 967.20869316435 48
12 959.581040021711 52
13 957.841247636118 56
14 957.222602088919 60
15 956.941255112991 63
16 956.811800399055 67
17 956.747989152538 71
18 956.712913105784 75
19 956.692543184361 79

0 4676.96004110847 5
1 4150.1112928313 9
2 3314.17497294176 13
3 2423.35579650131 17
4 1801.94019548437 21
5 1535.51484254309 26
6 1332.00039031488 31
7 1119.46892223204 37
8 1062.83662570425 45
9 1021.01698319487 51
10 994.422889995192 57
11 971.632064679221 63
12 966.902073414341 67
13 964.641537480788 74
14 963.813850150883 78
15 963.368981302551 82
16 963.140129522513 86
17 963.014595777559 90
18 962.943177874352 94
19 962.900641552259 98

