0 614.667713507768 0
1 585.89666884894 1
2 517.939647448442 2
3 573.397819760985 3
4 693.87196759577 4
5 541.789997209571 5
6 470.820624945725 6
7 463.504566813144 7
8 378.660925468501 8
9 376.207185653005 9
10 351.901381488054 9
11 366.570449356017 10
12 283.611720228564 11
13 281.820532280407 12
14 252.869546126532 13
15 244.3631813203 14
16 240.894120674104 15
17 233.682836270193 16
18 228.133079187569 17
19 222.242869401739 18
20 218.7620041395 19
21 218.624079924457 20
22 215.367412194919 21
23 214.212004222099 22
24 213.464903636909 23
25 213.581922968988 24
26 213.296446502799 25
27 212.782975982941 26
28 212.715085599162 27
29 212.405991879252 28
30 212.191953848102 29
31 212.218286994822 30
32 212.014564882569 31
33 212.017523231079 32
34 211.969547061773 32
35 211.86635527761 33
36 211.86288615016 34
37 211.892726258233 36
38 211.840720948111 37
39 211.7634346729 37
40 211.775874272587 38
41 211.767330002581 39
42 211.749633834391 40
43 211.737859109475 41
44 211.748098749719 42
45 211.719394343395 43
46 211.737966595674 44
47 211.738887579947 45
48 211.720469849378 46
49 211.711351996584 47
50 211.696841778365 47
51 211.687582817984 48
52 211.686386853004 49
53 211.675729487854 50
54 211.672416376951 51
55 211.693592363452 52
56 211.682389986448 53
57 211.67340914182 54
58 211.661291896434 55
59 211.667374121636 56
60 211.672058409909 56
61 211.66018470813 57
62 211.666315212487 58
63 211.660477191979 59
64 211.66451115488 60
65 211.658820589172 61
66 211.659702376205 61
67 211.656695728496 62

0 468.660991764906 0
1 477.904536183104 1
2 853.441343060194 2
3 535.271613691355 3
4 555.881727154674 4
5 563.679278708433 5
6 528.064861385527 5
7 427.757794154054 6
8 373.455608172101 7
9 384.489507294929 8
10 420.603899744996 9
11 340.484506419386 10
12 287.648432338654 11
13 277.547039343014 11
14 254.172438425474 12
15 246.330702945822 13
16 235.48516437048 14
17 231.668958015226 15
18 227.04019267989 16
19 222.154975535466 16
20 220.049573015782 17
21 216.401029829444 18
22 216.551886193679 19
23 214.171525589732 20
24 213.608517405418 20
25 213.644917005861 21
26 213.001075228701 22
27 212.884631826479 23
28 212.574623180467 24
29 212.214237579718 25
30 212.202202465822 25
31 212.044112785305 26
32 212.009497151459 27
33 211.976737722368 28
34 211.970177209926 29
35 211.973214498908 29
36 211.930751136538 30
37 211.815315173659 31
38 211.793721308734 32
39 211.793634874316 33
40 211.79263000383 34
41 211.753265312598 34
42 211.744586371393 35
43 211.748103172093 36
44 211.737776076568 37
45 211.72371893197 38
46 211.71953589375 39
47 211.712939036734 39
48 211.713063148673 40
49 211.714832006764 41
50 211.696877331214 42
51 211.683388855862 43
52 211.68602976428 43
53 211.675414464794 44
54 211.683140529043 45
55 211.670919257027 46
56 211.671309523107 47
57 211.668119277187 48
58 211.672764310365 48
59 211.662184959106 49
60 211.655598828602 51
61 211.658754498207 52
62 211.664069781671 53
63 211.662527375213 54
64 211.661005811577 55
65 211.658149060438 56
66 211.653826453778 57

0 882.876217537986 0
1 674.436586936003 1
2 582.591796713728 2
3 570.966683179967 3
4 496.397800502233 4
5 649.911496034498 5
6 535.519441478758 5
7 441.978549608733 6
8 464.520007961345 7
9 378.728917278109 8
10 350.552991227522 9
11 316.124005923789 9
12 292.68110807832 10
13 298.064928373818 11
14 262.10231105823 12
15 244.307918803206 13
16 235.792475149539 14
17 235.056035977983 15
18 230.678486994854 16
19 224.282246678676 17
20 221.226047572702 18
21 217.083980008454 19
22 215.531952760143 19
23 215.274099531379 20
24 213.732685214942 21
25 213.777920584509 22
26 213.137695788408 23
27 213.062899890461 24
28 212.692440241126 25
29 212.527014905696 26
30 212.324649752014 26
31 212.213636416226 27
32 212.04435438804 28
33 212.077762437309 29
34 212.002480997412 30
35 211.990609798861 31
36 211.869558456376 31
37 211.816669452358 32
38 211.812945011982 33
39 211.788365504471 34
40 211.784713003564 35
41 211.748676220502 35
42 211.746165972811 36
43 211.753471639294 37
44 211.740781674936 38
45 211.713039347353 39
46 211.710343736018 40
47 211.695738201753 40
48 211.687915875199 41
49 211.70093881336 42
50 211.695246327511 43
51 211.697740566475 44
52 211.685102494994 44
53 211.674556873586 45
54 211.679679238177 46
55 211.679271693608 47
56 211.679944767838 48
57 211.677268531639 49
58 211.669240845534 50
59 211.668925192873 50
60 211.662349021269 51
61 211.659054626944 52
62 211.667182447553 53
63 211.6622511129 54
64 211.666612664522 55
65 211.65879919074 56
66 211.655855828188 57
67 211.649376650389 58

0 662.501437111932 0
1 883.898449229831 1
2 675.092879268202 2
3 530.862281083476 3
4 577.687644337894 4
5 480.12646258412 5
6 408.356501819737 6
7 423.258751035595 7
8 444.618971035578 7
9 378.991690133925 8
10 354.097246165822 9
11 331.718379788189 10
12 300.435269768224 11
13 263.269938259322 11
14 271.94035716081 12
15 249.583222242059 13
16 238.188521816919 14
17 232.600935248237 15
18 230.742661179428 15
19 223.333190681503 16
20 219.533042710997 17
21 217.331859159651 18
22 215.867616645013 19
23 214.677632161414 19
24 213.450958975131 20
25 213.713674700691 21
26 212.728589466814 22
27 212.669879957816 23
28 212.342985590856 23
29 212.283201745075 24
30 212.195079761222 25
31 212.095946623606 26
32 212.127031333055 27
33 211.900093778234 28
34 211.929437008855 28
35 211.876813329921 29
36 211.82850097932 30
37 211.806002655688 31
38 211.785775994241 32
39 211.768751396666 32
40 211.811859315337 33
41 211.748988248648 34
42 211.74405100186 35
43 211.744153611139 36
44 211.7438995437 36
45 211.712787276839 37
46 211.71775053046 38
47 211.703599672292 39
48 211.702922880678 40
49 211.68347814943 40
50 211.679778797305 41
51 211.678265845463 42
52 211.673756837698 43
53 211.680438325843 44
54 211.677037089981 45
55 211.673773086967 45
56 211.664434022517 46
57 211.664854876223 47
58 211.663781631568 48
59 211.659568461575 49
60 211.654729150374 50
61 211.661224255377 51
62 211.656495322764 52
63 211.652342902034 52
64 211.651767692981 53
65 211.646703050002 54
66 211.647934364051 55

0 775.141265156808 1
1 713.097851635046 1
2 652.202581494703 2
3 649.735110518289 3
4 504.62896487615 4
5 442.042952783849 5
6 531.320436331248 6
7 518.568875095474 7
8 367.955826170985 7
9 392.051766765409 8
10 383.859670195678 9
11 345.636007749484 10
12 297.615952257344 11
13 286.598184014619 12
14 256.506959861841 12
15 247.062308527962 13
16 236.645609956095 14
17 228.254986623363 15
18 229.91533780073 16
19 223.026277184744 17
20 217.61301743203 18
21 216.68039815692 18
22 215.996514660175 19
23 214.321038827212 20
24 213.901352335848 21
25 213.827247055349 22
26 213.136767930684 23
27 212.72269087904 23
28 212.837927780266 24
29 212.200175426278 25
30 212.173931311899 26
31 211.984461749714 27
32 212.057751450737 28
33 211.92364406298 29
34 211.9653764882 29
35 211.898982817753 30
36 211.86864708827 31
37 211.817332563064 32
38 211.799747400095 33
39 211.790891121625 34
40 211.788640597316 35
41 211.756454467293 36
42 211.770383009246 37
43 211.787490707667 37
44 211.76995921427 38
45 211.718109848825 39
46 211.715227423641 40
47 211.695305787601 41
48 211.702305643692 42
49 211.693095444204 42
50 211.692731606753 43
51 211.69115207147 44
52 211.678138070505 45
53 211.686285255882 46
54 211.678087614113 47
55 211.669168672959 47
56 211.675101630646 48
57 211.666160587715 49
58 211.67021663311 50
59 211.661124263885 51
60 211.662390992309 52
61 211.669487926326 53
62 211.668646400153 54
63 211.669671489578 54
64 211.661336159884 55
65 211.670162112287 56
66 211.661721527844 57

0 773.689587931115 0
1 505.23393857554 1
2 834.340418176139 2
3 731.540047792518 3
4 621.205367841909 4
5 483.412799047344 5
6 462.656303562027 5
7 415.448408893814 6
8 453.012799630158 7
9 371.413980822537 8
10 334.047914528157 9
11 350.409374595054 10
12 296.539887122549 11
13 283.388976439169 11
14 250.168663046675 12
15 251.785763171711 13
16 246.070257282124 14
17 241.866275115018 15
18 227.234108928584 15
19 223.292630375856 16
20 220.84956880382 17
21 217.548017362399 18
22 216.448886072061 20
23 215.173255978876 21
24 214.058308327509 22
25 213.266873169792 23
26 212.717782584359 24
27 212.516696197079 25
28 212.531321524368 27
29 212.513298717219 28
30 212.223134750651 28
31 212.154180006337 29
32 212.119437338307 30
33 211.988810226336 31
34 211.922228265886 32
35 211.930820928068 33
36 211.924686559078 34
37 211.931349444046 35
38 211.798090812428 36
39 211.817183923827 36
40 211.779911615758 37
41 211.800492645584 38
42 211.763963998237 39
43 211.749433125284 40
44 211.720943315367 41
45 211.716128390362 42
46 211.700111482814 42
47 211.721524908666 43
48 211.719771438263 44
49 211.691603128031 45
50 211.689788498533 46
51 211.695288841029 47
52 211.675145051785 48
53 211.672187744671 49
54 211.672790866842 50
55 211.671534812196 51
56 211.68324944333 52
57 211.674884280063 52
58 211.669725226749 53
59 211.666612351137 54
60 211.667242348461 55
61 211.667788879541 56
62 211.665301641229 57
63 211.656433998657 58
64 211.657120042557 59
65 211.652101996324 60
66 211.650060637708 60
67 211.648822431301 61

0 694.872628982486 0
1 633.169557582227 1
2 613.110050503551 2
3 785.109436635826 3
4 534.200661084331 4
5 523.957155160429 4
6 425.836143473684 5
7 400.675736254544 6
8 484.038620088073 7
9 376.991744455503 8
10 400.936880113869 9
11 368.470308137567 10
12 325.795887475745 10
13 283.264713625037 12
14 263.052974436986 13
15 264.95214993101 13
16 238.613273308752 14
17 236.030109398542 15
18 230.424854553076 16
19 221.339341847567 17
20 219.222518159786 18
21 216.136355273529 19
22 214.717127823989 19
23 213.725129862383 20
24 213.704723066726 21
25 213.410796669255 22
26 212.723582299923 23
27 212.867211395016 24
28 212.806145200822 25
29 212.50842296747 26
30 212.296741427566 26
31 212.081385626937 27
32 212.179653964161 28
33 211.947811633179 29
34 212.053014537707 30
35 211.945470511556 31
36 211.826202906484 31
37 211.818971137214 32
38 211.795667782625 33
39 211.780804526633 34
40 211.814874485673 35
41 211.771172667266 36
42 211.778422262267 36
43 211.756709608757 37
44 211.74668323117 38
45 211.73226760444 39
46 211.728630069284 40
47 211.727038437377 41
48 211.704009538873 42
49 211.685996271338 43
50 211.674406064108 44
51 211.66963362151 45
52 211.679367877939 45
53 211.670898900291 46
54 211.670086781502 47
55 211.664985003515 48
56 211.665546434594 49
57 211.664297871084 50
58 211.658328849731 51
59 211.654985582095 52
60 211.652945503914 52
61 211.65321468537 54
62 211.650420691981 55
63 211.649083385545 56
64 211.65405018238 56
65 211.645437581614 57

0 860.947188141019 0
1 608.453053023762 1
2 602.653634918777 2
3 677.365865577308 3
4 531.352483859802 4
5 550.37959491679 5
6 489.811687792985 5
7 486.516818525036 6
8 496.222571927339 7
9 378.032961708778 8
10 354.396716323856 9
11 332.72943216315 10
12 302.696856135147 10
13 275.614706418138 11
14 247.719720640121 12
15 240.983330910205 13
16 240.99510970612 14
17 232.180553548128 15
18 225.961516807248 16
19 223.15657357174 17
20 217.756768873299 18
21 216.789753407625 19
22 216.312519542363 19
23 214.058183185401 20
24 213.9313418037 21
25 213.172272394583 22
26 213.134419928586 23
27 212.777658726505 24
28 212.311178076583 25
29 212.510910171512 25
30 212.34019166331 26
31 212.145805803585 27
32 212.085841985574 28
33 212.052007459489 29
34 212.098380913369 30
35 211.935700880296 31
36 211.850457138024 32
37 211.856722735759 33
38 211.850456625449 34
39 211.806434695942 35
40 211.774473725592 36
41 211.801858701805 36
42 211.760582529198 37
43 211.742442813062 38
44 211.728276908368 39
45 211.748164199284 40
46 211.738495606615 41
47 211.713181422497 42
48 211.720888392246 43
49 211.692290653633 43
50 211.677348205763 44
51 211.694217723686 45
52 211.697214044318 46
53 211.684739459402 47
54 211.675517373983 48
55 211.666672757251 49
56 211.672002266696 49
57 211.673295742634 50
58 211.671909098873 51
59 211.677171312656 52
60 211.666644572596 53
61 211.662338323409 54
62 211.657942209984 54
63 211.65897494925 55
64 211.658376108806 56
65 211.663034183766 57

0 662.886518883904 0
1 623.731781804791 1
2 625.447780336352 2
3 642.122405538948 3
4 508.511012895465 4
5 634.001947900385 5
6 444.944085711131 6
7 441.786390614338 7
8 359.834767086066 8
9 330.446357466606 8
10 346.503129951094 9
11 337.776782548736 10
12 303.120376359438 11
13 302.879291986918 12
14 250.401168172797 13
15 238.454491363683 13
16 237.358721628369 14
17 234.608850652417 15
18 231.855547146918 16
19 222.796985863035 17
20 218.873634343214 18
21 217.239247460952 18
22 215.989025330536 19
23 214.394546432225 20
24 213.918371012033 21
25 213.478737912688 22
26 213.250966420353 23
27 212.755379297113 24
28 212.420080164129 24
29 212.393801818836 25
30 212.30968657016 26
31 212.163777060364 27
32 212.056545174477 28
33 211.908828775652 29
34 211.866656617984 30
35 211.884117815258 31
36 211.928805177107 31
37 211.84198799177 32
38 211.79617585378 33
39 211.814636182983 34
40 211.762990976612 35
41 211.740770870301 36
42 211.742851026052 36
43 211.72996899294 37
44 211.716545722721 38
45 211.700917743157 39
46 211.695613958583 40
47 211.714757032547 41
48 211.683796382287 42
49 211.679259383195 42
50 211.674184213529 43
51 211.674638067256 44
52 211.665238912709 45
53 211.681732060091 46
54 211.670821215973 47
55 211.664900533464 47
56 211.660289535277 48
57 211.661342141398 49
58 211.656024947965 50
59 211.659473169759 51
60 211.658170600745 52
61 211.654121639231 53
62 211.653949068879 54
63 211.65214751737 55
64 211.654030576317 57
65 211.649119898738 58
66 211.643609253497 59

0 528.403061375114 0
1 578.155271238601 1
2 527.191863630407 2
3 556.346582606193 3
4 499.6316137891 4
5 507.696336222243 4
6 398.86154988456 5
7 495.615209158716 6
8 392.745866970688 7
9 383.970303045728 8
10 377.478537158431 9
11 322.255387615319 9
12 281.857048937743 10
13 271.092795113944 11
14 247.264348878461 12
15 246.012586477866 13
16 237.824570555732 13
17 238.880583202916 14
18 225.145341207449 15
19 224.409344666638 16
20 220.028302330654 17
21 216.211752654832 19
22 216.200082122694 20
23 214.206401902629 20
24 214.195211526533 21
25 213.799574225228 22
26 212.930629253415 23
27 212.669045712291 24
28 212.787627928456 24
29 212.329467669845 25
30 212.275037980505 26
31 212.093989238085 27
32 212.248454196238 28
33 212.081200841798 28
34 212.058314367899 29
35 211.895170145084 30
36 211.847983578433 31
37 211.799985053946 32
38 211.794928651663 32
39 211.791468262309 33
40 211.78905620257 34
41 211.753004828808 35
42 211.75786704249 36
43 211.760242726413 36
44 211.715649291936 37
45 211.715949536673 38
46 211.686992325049 39
47 211.708341875255 40
48 211.702575416511 40
49 211.68062010483 41
50 211.677201476593 42
51 211.677009639534 43
52 211.678024755178 43
53 211.669353188298 44
54 211.668901055314 45
55 211.669968280579 46
56 211.678874692274 47
57 211.662676077141 48
58 211.663201117161 48
59 211.653955428155 49
60 211.656611009534 50
61 211.650330771903 51
62 211.648988908823 52
63 211.658268312862 53
64 211.656455877374 53
65 211.647644774821 54
66 211.644312539914 55

0 801.854282539455 0
1 576.889900715313 1
2 646.484060835296 2
3 654.162885568714 3
4 538.277687631386 4
5 548.0383895047 4
6 546.184523047253 5
7 491.67338397757 6
8 447.864887594288 7
9 357.69740767803 8
10 360.988965658368 9
11 316.581695136302 9
12 313.882915354077 10
13 274.078936468692 11
14 251.588767273291 12
15 252.077212988294 13
16 236.958312927608 14
17 228.041550385019 14
18 225.639741696826 15
19 221.708952624539 16
20 218.324070610866 17
21 215.719024113511 18
22 216.126161347819 19
23 214.722436559589 19
24 213.614635129679 20
25 213.712364727474 21
26 212.99913792886 22
27 212.87249286722 23
28 212.351904614862 24
29 212.251718411489 24
30 212.068892004595 25
31 212.135636778501 26
32 212.051856863371 27
33 211.920675758474 28
34 211.886654528121 29
35 211.880043873317 30
36 211.926611450839 31
37 211.86663919181 32
38 211.809674913692 32
39 211.771983188463 33
40 211.755771245927 34
41 211.770554825511 35
42 211.779084690052 36
43 211.733853441494 37
44 211.705502436835 38
45 211.716624627336 39
46 211.708906232705 40
47 211.715775523521 41
48 211.720297063351 42
49 211.697423685883 43
50 211.681381060595 44
51 211.6825948129 45
52 211.684256294172 46
53 211.682871604157 47
54 211.669020214047 48
55 211.670341007298 49
56 211.666936624633 49
57 211.668163781664 50
58 211.670971216215 51
59 211.666465642134 52
60 211.660616952665 53
61 211.655431013641 54
62 211.653621472799 54
63 211.653400484659 55
64 211.650605829932 56
65 211.653314645267 57
66 211.647887491144 58
67 211.652646355954 59

0 605.678083635483 0
1 529.101736503779 1
2 481.815012170978 2
3 495.263800437388 3
4 565.395692134 4
5 484.866891073809 5
6 492.65046767167 5
7 444.148977899346 6
8 380.324273773373 7
9 346.790958654085 8
10 348.476329773378 9
11 349.125913576269 10
12 303.974925724101 10
13 277.827085517826 11
14 262.590301577614 12
15 243.739726469931 13
16 239.636753358834 14
17 227.513994797239 15
18 229.532031411256 15
19 221.035951017978 16
20 218.386386468079 17
21 216.19198023482 18
22 215.773663562229 19
23 214.314349014277 20
24 213.48461980692 21
25 213.348134278948 21
26 212.914182944923 22
27 212.643875662805 23
28 212.729737520169 24
29 212.330776548527 25
30 212.381857558548 26
31 212.124807832577 27
32 212.088224103101 28
33 211.965413177151 28
34 211.919246392386 29
35 211.895624771759 30
36 211.873713073354 31
37 211.803766229589 32
38 211.857096065158 33
39 211.794686207102 33
40 211.818540001247 34
41 211.782838858686 35
42 211.741078763913 36
43 211.747031225507 37
44 211.745807940134 38
45 211.714183464994 39
46 211.704043534729 39
47 211.728666988735 40
48 211.71055227402 41
49 211.707010211789 42
50 211.713545587975 43
51 211.704379609355 44
52 211.699701647049 45
53 211.68929307739 46
54 211.675548192725 46
55 211.673525888371 47
56 211.675568910578 48
57 211.678577199951 49
58 211.668948176027 50
59 211.664055408342 51
60 211.663606274936 52
61 211.672818475189 52
62 211.663256105313 53
63 211.658831251204 54
64 211.657182414247 55
65 211.654494687138 56

0 774.442178068428 0
1 559.002251031806 1
2 680.158872345581 2
3 517.771101550935 3
4 506.573999134707 4
5 527.912990206429 4
6 428.465806127528 5
7 452.905662535515 6
8 433.114195008803 7
9 353.724874170299 7
10 361.083909569043 8
11 333.917140034212 9
12 284.778528472324 10
13 277.265271536728 11
14 260.494259881703 12
15 239.52736556473 13
16 241.284646563422 13
17 227.104397258666 14
18 225.036302627787 15
19 225.723079061986 16
20 218.719786959037 17
21 215.857286398369 18
22 215.735577804697 19
23 214.859757357116 20
24 214.465680235136 21
25 213.332620468411 21
26 212.773829219703 22
27 212.58186370281 23
28 212.820088936914 24
29 212.368061138349 25
30 212.272203800869 26
31 212.077500177274 27
32 212.031058682783 27
33 211.95241438036 28
34 211.988650416941 29
35 211.896286167616 30
36 211.872613011844 31
37 211.850804368001 32
38 211.806797277867 33
39 211.780706613465 34
40 211.786940740499 35
41 211.770523477749 37
42 211.755233235604 38
43 211.725107877113 39
44 211.751546628721 40
45 211.738465031358 41
46 211.711216680785 42
47 211.707794535895 43
48 211.704556326403 44
49 211.700568185954 45
50 211.699806041715 46
51 211.689261358648 47
52 211.684682945178 47
53 211.676679933601 48
54 211.681090363654 49
55 211.680042826062 50
56 211.675136142208 51
57 211.678433410503 52
58 211.676058927849 53
59 211.664048900355 54
60 211.670682101556 55
61 211.668748465302 56
62 211.658810105022 56
63 211.654052799448 57
64 211.658640537849 58
65 211.659741365216 59
66 211.652263715299 60

0 719.340585219083 0
1 662.101083125447 1
2 499.351455524527 2
3 515.363318607438 3
4 641.771922856805 4
5 505.42032022918 4
6 495.189005300054 5
7 530.319036638738 6
8 368.791599303508 7
9 363.557650565768 8
10 382.457626855002 8
11 311.602389123775 9
12 281.144616891937 10
13 277.918243641244 11
14 254.189628299184 11
15 240.215181339953 12
16 241.695120589512 13
17 230.308752608602 14
18 228.686726722465 15
19 221.767474114119 15
20 220.018038004392 16
21 217.128551602961 17
22 215.328275796792 18
23 213.937886480076 19
24 213.457959666696 20
25 213.26094531543 20
26 212.858261050668 21
27 212.905323259123 22
28 212.538646416231 23
29 212.281683027093 24
30 212.335668303353 24
31 212.104119780122 25
32 212.113561630841 26
33 211.891864918265 27
34 211.971123774501 28
35 211.941291551737 28
36 211.864908802019 29
37 211.835868292425 30
38 211.86761675946 31
39 211.818007839605 32
40 211.784989085876 33
41 211.761774011371 34
42 211.733277642034 35
43 211.727050390304 35
44 211.719581410089 36
45 211.731001222699 37
46 211.727352755229 38
47 211.701558565082 39
48 211.697543985286 40
49 211.693542268575 40
50 211.696580563143 41
51 211.68128391931 42
52 211.67883874336 43
53 211.669158616573 44
54 211.667336119634 45
55 211.660322685433 45
56 211.663459493962 46
57 211.66278657712 47
58 211.661126251207 48
59 211.664201312351 49
60 211.656232477123 50
61 211.652026921232 51
62 211.651040552917 51
63 211.662046879253 52
64 211.645496858336 53
65 211.647801245703 54
66 211.64716586155 55
67 211.647985641981 56

0 754.133042000035 0
1 637.352995791261 1
2 626.505246085071 2
3 621.19752414908 3
4 464.829243104242 4
5 577.188979713225 5
6 442.390326438838 6
7 404.63701182388 6
8 379.562582724458 7
9 338.365071853884 8
10 337.224822524077 9
11 319.359884755199 10
12 284.137169296303 11
13 277.319947638881 11
14 267.175453685348 12
15 244.292731257394 13
16 231.999270071974 14
17 230.643253687794 15
18 228.925817174132 16
19 222.325493367482 16
20 219.241214321187 17
21 216.384467918536 18
22 215.708625263643 19
23 214.562308982827 20
24 213.592890020798 21
25 213.073009782788 21
26 213.168754727499 22
27 212.636664546923 23
28 212.481352436693 24
29 212.391146989616 25
30 212.26456531835 26
31 212.193140544135 26
32 212.105244319236 27
33 211.999594364686 28
34 211.97865384635 29
35 211.852291806441 30
36 211.820827412222 31
37 211.795140189575 31
38 211.859991935246 32
39 211.788114332211 33
40 211.811425202465 34
41 211.776299307705 35
42 211.766780283147 36
43 211.724265132574 36
44 211.722838265563 37
45 211.732766823601 38
46 211.735887619991 39
47 211.724750112707 40
48 211.714027540878 41
49 211.703205793113 41
50 211.673242826745 42
51 211.687616645275 43
52 211.67886726509 44
53 211.686986647382 45
54 211.670848283377 46
55 211.678455641936 47
56 211.670010687543 47
57 211.673381908371 48
58 211.667171727118 49
59 211.670056344864 50
60 211.662032310918 51
61 211.658111558383 52
62 211.660623995396 53
63 211.658120471619 54
64 211.6540698271 54
65 211.654481210636 55
66 211.654902429367 56

0 743.523511111732 0
1 699.32553719741 1
2 593.402559264334 2
3 460.797143565042 3
4 521.955085105326 4
5 521.856485992721 5
6 509.888177811583 6
7 524.752318204465 7
8 391.560422247698 8
9 325.203403985172 8
10 335.754252922148 9
11 393.197802309374 10
12 287.562555612327 11
13 267.029499327955 12
14 244.388237967408 13
15 257.249164078133 14
16 239.518155336183 15
17 239.298363810105 16
18 226.193559653324 16
19 220.765533319536 17
20 218.546030175409 18
21 216.857271185896 19
22 214.007362626436 20
23 215.306038724018 21
24 213.681759809033 21
25 213.201223149901 22
26 213.163959925024 23
27 212.801698512103 24
28 212.568506862791 25
29 212.60288717432 26
30 212.066889088223 27
31 212.131841232539 28
32 212.088020575696 29
33 211.968780175326 29
34 211.863562348219 30
35 211.892428203731 31
36 211.934792264212 32
37 211.879698714053 33
38 211.862969605665 34
39 211.76327345475 35
40 211.778368729789 36
41 211.792872495565 37
42 211.768506800263 37
43 211.734374830456 38
44 211.719757788497 39
45 211.715522210089 40
46 211.72322813889 41
47 211.707277368952 42
48 211.698070192155 42
49 211.692694841565 43
50 211.699025315075 44
51 211.688117958841 45
52 211.682088630758 46
53 211.683952823965 46
54 211.67414821642 48
55 211.669454474064 48
56 211.665512431635 49
57 211.666457571643 50
58 211.66272977794 51
59 211.667494765501 52
60 211.662173451305 53
61 211.655089143968 54
62 211.654368019421 55
63 211.652713324261 55
64 211.65372347701 56
65 211.653459478083 57

0 623.452424663487 0
1 705.607830702535 1
2 687.384932529513 2
3 524.619669739241 3
4 595.769398511482 4
5 523.790523038201 5
6 602.347391601884 6
7 504.040279215614 7
8 350.422685154913 7
9 388.960510634767 8
10 452.306697922876 9
11 312.214035052232 10
12 318.316834745198 11
13 276.518234007899 12
14 268.846752013354 12
15 246.907210164924 13
16 237.334686070871 14
17 229.515988679045 15
18 224.883487949882 16
19 223.282510177542 17
20 217.821707600822 17
21 215.930177090284 18
22 215.462562545949 19
23 214.633925188015 20
24 214.206609033322 21
25 213.061141689527 22
26 213.087475159702 23
27 212.654635235915 23
28 212.245948795382 24
29 212.236056481952 25
30 212.095317786579 26
31 212.074013263545 27
32 212.099021863232 28
33 212.005179044582 28
34 211.89649037648 29
35 211.895370266725 30
36 211.914870437129 31
37 211.85559448752 32
38 211.879741522221 33
39 211.802183782104 33
40 211.777458639585 34
41 211.734220618676 35
42 211.766898808255 36
43 211.732415452004 37
44 211.747593874563 38
45 211.717295159182 38
46 211.719775864619 39
47 211.705519479361 40
48 211.70337769548 41
49 211.687314425808 42
50 211.700992359988 43
51 211.686587743038 43
52 211.68001108746 44
53 211.667421082683 45
54 211.665451051954 46
55 211.668648015516 47
56 211.663718027483 48
57 211.665007853081 48
58 211.672766700078 49
59 211.674242705517 50
60 211.6611642806 51
61 211.66027244833 52
62 211.667925554913 53
63 211.656513078529 53
64 211.658812196203 54
65 211.654489185791 55
66 211.647206439511 56
67 211.649202599297 57

0 636.240353020418 0
1 708.623420544148 1
2 755.177233117619 2
3 602.69403589284 3
4 573.299766317741 4
5 558.159065925935 4
6 526.785888852582 5
7 469.188873863166 6
8 392.054359604861 7
9 336.590627675514 8
10 393.508261804737 9
11 331.019326429337 10
12 319.595329750469 10
13 278.787059369455 11
14 254.510414053396 12
15 247.262837546115 13
16 242.245043288624 14
17 236.331207122607 15
18 224.791153571537 16
19 221.521125052121 17
20 220.112847526058 18
21 217.818391572467 19
22 215.686994935879 19
23 213.933704773869 20
24 214.197029988342 21
25 213.216063457542 22
26 212.847680295914 23
27 212.80284849871 24
28 212.449494702695 25
29 212.176062738685 26
30 212.25004014854 27
31 212.088899246672 27
32 212.143543465308 28
33 211.975119129142 29
34 211.987367662863 30
35 211.978324907104 31
36 211.882723168617 32
37 211.864524157775 33
38 211.861610213078 34
39 211.844966947633 35
40 211.767017557483 36
41 211.735005575141 37
42 211.757705459669 38
43 211.74541446445 38
44 211.7319152736 39
45 211.725706792211 40
46 211.725953585656 41
47 211.716099699611 42
48 211.711569790006 43
49 211.689381080058 44
50 211.702864848798 45
51 211.687765521989 46
52 211.685386163618 47
53 211.671600719132 47
54 211.672745537259 48
55 211.686697697535 49
56 211.669954333642 50
57 211.665793117257 51
58 211.674769691718 51
59 211.673290741572 52
60 211.662801427219 53
61 211.658780267156 54
62 211.659821148529 55
63 211.662054112177 56
64 211.66520485742 56
65 211.659371359434 57
66 211.65261007126 58
67 211.652797281655 59

0 530.991271371148 0
1 659.79625972603 1
2 533.075320567658 2
3 540.701249698871 3
4 677.629435077274 4
5 525.638489779905 5
6 436.745678466946 5
7 467.104791514958 6
8 511.012402487846 7
9 404.041271750992 8
10 421.370474157403 9
11 330.35696645079 9
12 351.375536626712 10
13 274.244092406137 11
14 266.31721757589 12
15 245.592804912068 13
16 233.763225632075 14
17 235.486603854869 14
18 227.367584297752 15
19 222.147370027982 16
20 218.873224515746 17
21 217.111842833925 18
22 215.188971408201 18
23 214.27162123862 19
24 213.729167421012 20
25 213.340381800625 21
26 213.097040304298 22
27 212.497807902926 23
28 212.381485771565 23
29 212.256105904111 24
30 212.319257627755 25
31 212.144545940222 26
32 212.106352645726 27
33 212.014003854184 28
34 211.883097310558 28
35 211.974489583332 29
36 211.874558254998 30
37 211.891531791641 31
38 211.784641844153 32
39 211.810120934797 33
40 211.791050322737 34
41 211.760148986192 34
42 211.73743768904 35
43 211.746960249242 36
44 211.740379386334 37
45 211.710728635452 38
46 211.721321600559 39
47 211.705386394247 40
48 211.697048398906 41
49 211.686255243115 41
50 211.694822784554 42
51 211.682106017201 43
52 211.678826473682 44
53 211.676629138551 45
54 211.672755032849 46
55 211.669430751052 46
56 211.671172641731 47
57 211.670390716127 48
58 211.66574750776 49
59 211.659492898983 50
60 211.662310931938 50
61 211.670855033588 51
62 211.66015382026 52
63 211.657726340799 53
64 211.653984088225 54

0 661.615862655278 0
1 529.447931556686 1
2 760.711373374462 2
3 533.872953591977 3
4 579.842146840961 4
5 554.469766685474 4
6 484.59159056859 5
7 525.784814718151 6
8 379.750465240443 7
9 368.49047936809 8
10 332.081471366815 9
11 324.945145759442 9
12 299.688226423119 10
13 263.002798869119 12
14 263.464540501467 13
15 245.386160209058 14
16 235.271109935203 14
17 238.973468957093 15
18 235.850392857176 16
19 224.309073142375 17
20 221.153778229234 18
21 216.604989959154 19
22 214.930752955984 19
23 214.987650273909 20
24 213.713666501179 21
25 213.099792727337 22
26 212.96277518897 24
27 212.598973758733 25
28 212.466726884502 26
29 212.3339894994 27
30 212.141916829501 28
31 212.181340574698 28
32 212.060721350634 29
33 211.94874527402 30
34 211.971255974514 31
35 211.908329770091 32
36 211.874518710527 33
37 211.910535993502 33
38 211.862322082064 34
39 211.815874208797 35
40 211.79499516983 36
41 211.746057819334 37
42 211.750517864282 38
43 211.742305395853 38
44 211.750009558542 39
45 211.724342373746 40
46 211.71453223019 41
47 211.69875700565 42
48 211.687485766576 43
49 211.682282578513 43
50 211.679629680454 44
51 211.682535050972 45
52 211.685812295453 46
53 211.681352305479 47
54 211.675883653342 48
55 211.66903586205 49
56 211.677828157971 49
57 211.669114466331 50
58 211.662758598711 51
59 211.670480271212 52
60 211.672074043484 53
61 211.662728708979 53
62 211.667234296154 54
63 211.66166700717 55
64 211.656965341191 56
65 211.657332525322 57
66 211.660662753635 58

0 699.896035128626 0
1 584.136252904516 1
2 629.043975220036 2
3 608.305242887917 3
4 591.911581671377 4
5 574.841984449951 4
6 518.201620009017 5
7 426.851303199809 6
8 429.609600308884 7
9 353.604056369158 8
10 350.754246843002 9
11 346.107593042811 9
12 271.338238697069 10
13 273.402931109742 11
14 259.498901817889 12
15 252.07952977395 13
16 230.013216446486 13
17 232.463765901046 14
18 227.423775950152 15
19 222.501831350126 16
20 220.670083996373 17
21 218.283187052054 17
22 215.175457814554 18
23 214.518344038963 19
24 213.893060803202 20
25 213.333687501247 21
26 213.062219010466 21
27 212.632199710924 22
28 212.3809789461 23
29 212.356316675233 24
30 212.150683224072 25
31 212.084217921072 26
32 212.057584129469 26
33 212.033947325973 27
34 211.974394359419 28
35 211.869643303765 29
36 211.907477746815 30
37 211.867465020892 31
38 211.854710601014 32
39 211.82390102661 32
40 211.796608314851 33
41 211.786467763252 34
42 211.766167371108 35
43 211.751652096889 36
44 211.742389207438 37
45 211.725697449567 38
46 211.716662201226 38
47 211.711415268881 39
48 211.715077277107 40
49 211.701001659858 41
50 211.697645296122 42
51 211.684089916489 43
52 211.678052206834 44
53 211.673338922148 45
54 211.666510149547 45
55 211.672688259191 46
56 211.672838579242 47
57 211.678207692788 48
58 211.670084382004 49
59 211.663650265587 50
60 211.655960964267 50
61 211.658344074398 51
62 211.653787698933 52
63 211.65539384895 53
64 211.654016812175 54
65 211.649104970154 55
66 211.649032504102 56
67 211.647633112084 57

0 642.208086056859 0
1 687.677149038374 1
2 555.691711916814 2
3 546.243653107406 3
4 553.971205953277 4
5 682.152040130053 5
6 517.947422160848 6
7 457.656274041991 6
8 399.239022377635 7
9 363.238767287922 8
10 381.579273337981 9
11 324.919881508316 10
12 288.788500334181 11
13 277.516531784142 11
14 255.876091256334 12
15 238.401927392388 13
16 241.158691713793 14
17 234.047336761217 15
18 228.556426656244 16
19 220.758014776024 17
20 220.679592726617 17
21 217.317656490491 18
22 216.112095493262 19
23 214.933358252238 20
24 214.167617830098 21
25 213.321273642204 22
26 212.970085413847 23
27 212.797779677208 23
28 212.360545627 24
29 212.362701039537 25
30 212.281359364023 26
31 212.221069725535 27
32 212.040154463891 28
33 211.921909580636 28
34 211.909448104565 29
35 211.908140024149 30
36 211.910962274063 31
37 211.878658141454 32
38 211.815472154774 33
39 211.806294998859 34
40 211.783037332333 35
41 211.828701382515 36
42 211.765548410888 36
43 211.744281878536 37
44 211.766553384708 38
45 211.740956929634 39
46 211.733632485732 40
47 211.723774957392 41
48 211.720105467716 41
49 211.719468657841 42
50 211.71238801405 43
51 211.709327200031 44
52 211.703041148444 45
53 211.7009958819 46
54 211.695480275804 47
55 211.688426470499 47
56 211.681983908985 48
57 211.684294223683 49
58 211.679863559415 50
59 211.680538149266 51
60 211.679755876223 52
61 211.678535304357 52
62 211.67271348312 53
63 211.676713801516 54
64 211.674042513658 55
65 211.674741440588 56
66 211.66851433356 57
67 211.667406196332 58

0 1075.44422685489 0
1 628.266961243622 1
2 609.153644048337 2
3 629.563180943368 3
4 626.934562389414 4
5 577.133948612004 5
6 535.309834834723 5
7 502.005868983873 6
8 471.289012321194 7
9 417.450379360823 8
10 347.34991509695 9
11 333.104920594293 10
12 325.387675165997 11
13 294.21908223938 12
14 261.003656628298 12
15 250.496355374852 13
16 231.641055279599 14
17 231.678514624718 15
18 230.097154797527 16
19 223.577151912546 17
20 217.343317268444 17
21 216.841257715386 18
22 214.816004426463 19
23 214.389286867153 20
24 213.885327827447 21
25 213.191352911527 22
26 213.125821334958 23
27 212.663615683437 23
28 212.547941896057 25
29 212.463675689062 25
30 212.184102165932 26
31 212.046506437484 27
32 212.008505000332 28
33 211.93078599885 29
34 211.96571296491 29
35 211.862974634725 30
36 211.863654874068 31
37 211.7962814192 32
38 211.816392135471 33
39 211.804679748348 34
40 211.816684136872 34
41 211.758653902325 35
42 211.738835307013 36
43 211.755997356248 37
44 211.736351291514 38
45 211.713046328651 39
46 211.706771840269 39
47 211.684017005939 40
48 211.683777397219 41
49 211.676573522738 42
50 211.676354293305 43
51 211.665028950078 44
52 211.673890688791 44
53 211.670349106347 45
54 211.661579508254 46
55 211.664284555136 47
56 211.671473230391 48
57 211.668022244119 49
58 211.664002203561 49
59 211.653404752758 50
60 211.649779343039 51
61 211.660613318577 52
62 211.662179882815 53
63 211.649823635002 54
64 211.649181482311 55
65 211.646758882613 56
66 211.64690863112 56

0 571.729468167262 0
1 512.530505142868 1
2 599.878364632418 2
3 569.16838926912 3
4 510.780750417086 4
5 667.151606036146 5
6 428.84099376317 6
7 507.964718548012 6
8 384.194780308338 7
9 422.795594305106 8
10 346.468676250313 9
11 342.759040691882 11
12 302.660087366486 11
13 285.220397107993 12
14 261.578018428646 13
15 243.494342286095 14
16 232.226081974539 15
17 233.61634577735 16
18 224.65416141402 17
19 221.971105405827 18
20 220.721178304667 19
21 216.99180585471 19
22 215.059148004093 20
23 213.694780133472 21
24 213.467912358795 22
25 213.301689206075 23
26 212.991769600141 24
27 212.846924309358 25
28 212.410688426764 25
29 212.37308137705 26
30 212.168962631224 27
31 212.190769498941 28
32 212.030158122048 29
33 212.131766845156 30
34 211.952868812057 31
35 211.836692789172 32
36 211.827310930586 32
37 211.827147649175 33
38 211.817229745104 34
39 211.7956718234 35
40 211.774428068655 36
41 211.74887979008 37
42 211.769165236524 38
43 211.761704911032 39
44 211.785909961622 40
45 211.746489103045 40
46 211.761275601174 41
47 211.72336837532 42
48 211.70297795217 43
49 211.689362166968 44
50 211.688319032796 45
51 211.683867028953 46
52 211.685401296094 46
53 211.679103246636 47
54 211.692396629736 48
55 211.680223664045 49
56 211.670989227061 50
57 211.664410630138 51
58 211.665884715361 52
59 211.671855990113 53
60 211.658655320394 54
61 211.656757021729 54
62 211.660144900353 55
63 211.658535053141 56
64 211.658173292476 57
65 211.658324778722 58
66 211.65288068763 59
67 211.648787827203 59

0 732.257008557046 0
1 435.962817311727 1
2 473.233274636507 2
3 606.42744914053 3
4 583.804123381189 4
5 447.858056722975 5
6 528.223064884186 6
7 581.909656135895 6
8 386.317856141369 7
9 343.378372105767 8
10 344.882438975107 9
11 320.075884390514 10
12 305.532258559157 11
13 264.583132705482 12
14 252.908885325975 12
15 238.504749009964 13
16 242.249963685249 14
17 229.229430108416 15
18 225.575910788801 16
19 222.022062283189 16
20 216.971563457424 17
21 217.50108075277 18
22 215.217567911028 19
23 214.762936367865 20
24 213.8406066524 21
25 213.202115783044 21
26 212.670169157212 22
27 212.750272028294 23
28 212.385039079076 24
29 212.342119245982 25
30 212.186766946021 26
31 212.192752860686 27
32 211.972748227483 27
33 211.925279928414 28
34 211.942357041883 29
35 211.882277314953 30
36 211.882757503192 31
37 211.867445331136 32
38 211.800497707308 33
39 211.804789250002 34
40 211.7427628924 34
41 211.741445529665 35
42 211.747044204885 36
43 211.712785515621 37
44 211.711515046251 38
45 211.72140685982 39
46 211.726024063948 40
47 211.702621894907 41
48 211.696974148259 42
49 211.70886355006 42
50 211.70746177438 43
51 211.68728087946 44
52 211.687855595215 45
53 211.684015822431 46
54 211.667739835735 46
55 211.674378527231 47
56 211.672211350862 48
57 211.666161123834 49
58 211.668661989085 50
59 211.676714502559 51
60 211.66531350363 51
61 211.662887670241 52
62 211.663298139725 53
63 211.663359364045 54
64 211.655383159229 55
65 211.652051561352 56
66 211.649183836491 56
67 211.650599446745 57

