0 38145.6120174571 168
1 39517.7843567584 320
2 39140.8099180805 494
3 36957.3231180477 652
4 32126.3382905686 807
5 27683.9782585231 963
6 22698.2481955227 1120
7 18458.3413380621 1273
8 14791.0757146832 1432
9 12011.5914469763 1584
10 10308.2825855286 1737
11 8882.17890892726 1898
12 7923.33279992175 2052
13 7193.78728283195 2207
14 6819.10574338433 2356
15 6498.85785963535 2508
16 6253.27658036593 2661
17 6072.7059455048 2809
18 5950.86282831907 2959
19 5878.24157757099 3111
20 5774.99357114211 3277
21 5723.19213820706 3429
22 5704.09254804593 3579
23 5676.58036354366 3727
24 5639.53107166689 3879
25 5623.8913643629 4031
26 5615.84598963438 4184
27 5611.68042577139 4335
28 5609.04705862642 4490
29 5607.40778936815 4652
30 5606.27456759042 4803
31 5605.53549558941 4952
32 5605.09206527666 5114
33 5604.55202048497 5272
34 5604.32872028322 5424
35 5604.08772425533 5573
36 5603.96994233219 5729

0 40116.1370929125 163
1 36581.0206154049 313
2 37572.2215705014 468
3 35408.1321982408 627
4 32458.5082460563 781
5 29272.7175809749 931
6 22726.2126977073 1083
7 18392.8787346404 1241
8 14561.4808146403 1397
9 12008.8684535932 1563
10 10183.5780235288 1714
11 8829.88778359332 1861
12 7979.54110648833 2017
13 7338.36599600907 2169
14 6764.76499298703 2317
15 6483.00599220199 2465
16 6263.31198874791 2620
17 6059.12951827504 2770
18 5963.97238561906 2938
19 5873.45731255023 3113
20 5780.49361555917 3271
21 5726.95162639318 3438
22 5702.70983327729 3609
23 5673.40502874252 3765
24 5638.55258654927 3925
25 5623.38235844427 4103
26 5615.77859008346 4263
27 5611.53168444372 4430
28 5608.81886240217 4591
29 5607.34563770587 4748
30 5606.21202501259 4897
31 5605.47847296162 5052
32 5604.85752018344 5210
33 5604.61852771051 5364
34 5604.32451104621 5515
35 5604.11022861922 5674
36 5603.94703415484 5841

0 38620.0517831876 158
1 37056.6008852702 316
2 39081.4027083344 477
3 35601.4628735084 632
4 31125.479037323 795
5 27542.5615698042 948
6 22232.2305240029 1119
7 18611.3901569254 1318
8 14656.6734125893 1500
9 12026.1879886421 1660
10 10419.4944631865 1844
11 8790.84800407189 2036
12 7835.27614950191 2198
13 7256.58220523502 2369
14 6787.894966694 2531
15 6513.3658136176 2683
16 6238.28335292554 2857
17 6082.10620750263 3017
18 5938.3484522751 3168
19 5864.31744601225 3340
20 5778.38136038633 3492
21 5733.73064735517 3654
22 5705.45567142921 3818
23 5676.02733195414 4006
24 5638.84180545194 4174
25 5623.51604108439 4334
26 5615.52678421362 4493
27 5611.73066990329 4643
28 5608.82358145862 4802
29 5607.37747851925 4971
30 5606.07632784234 5127
31 5605.49616432452 5279
32 5604.90779229544 5429
33 5604.58445730897 5577
34 5604.27064489029 5734
35 5604.08969650918 5893
36 5603.92073027849 6050

0 39487.6262489712 157
1 37941.8314341532 310
2 36570.5027190767 466
3 37467.9817545021 621
4 32974.9886960467 775
5 28710.3419800671 931
6 22270.0908513105 1100
7 18482.7612501678 1266
8 14614.6663678625 1419
9 12101.7032282551 1573
10 9968.10865635206 1727
11 8798.40099484061 1889
12 7978.86134403295 2052
13 7293.25223623179 2206
14 6824.26578681098 2365
15 6509.69492513343 2536
16 6224.8040840509 2701
17 6059.92786405107 2863
18 5928.29602553861 3024
19 5867.12349552431 3175
20 5782.17640605163 3328
21 5728.48508110531 3489
22 5701.77150358926 3644
23 5672.44607112262 3808
24 5638.83921472727 3976
25 5623.1979923853 4151
26 5615.3483228415 4315
27 5611.63242231912 4476
28 5608.72099769412 4635
29 5607.37867399367 4792
30 5606.23610214023 4949
31 5605.51897831835 5105
32 5604.99502915725 5262
33 5604.5754790356 5418
34 5604.39893412444 5605
35 5604.1108082528 5766
36 5603.94774688791 5946

0 39530.9076233292 163
1 40150.240965027 311
2 38655.8059794296 477
3 36643.925997256 637
4 32436.584720717 799
5 27577.3652557877 975
6 23230.5647476126 1139
7 18290.171523204 1286
8 14537.3917705625 1442
9 12079.4720766703 1597
10 9854.27691876456 1746
11 8778.95095497414 1896
12 7930.5216598866 2052
13 7316.41270972876 2214
14 6787.23743856502 2387
15 6483.59584907369 2540
16 6227.09881280155 2689
17 6048.86819932792 2842
18 5926.3381490079 2997
19 5865.36451258246 3167
20 5778.6500338284 3330
21 5725.51612202453 3482
22 5703.92048850167 3643
23 5673.26226384548 3796
24 5639.39852728291 3948
25 5624.29806916339 4099
26 5616.37191450449 4253
27 5611.21731158312 4413
28 5609.06909185829 4565
29 5607.18709464161 4714
30 5606.38027942223 4869
31 5605.48018961157 5048
32 5604.9659436195 5202
33 5604.58294628876 5354
34 5604.28012305831 5512
35 5604.09303658821 5694
36 5603.95280174383 5853

0 37902.9897033838 163
1 38095.7629564356 311
2 38249.0639219714 462
3 34446.8170945318 622
4 33784.6119756328 778
5 26985.6093055829 934
6 22976.4222253563 1106
7 17953.4868799134 1267
8 14574.8829132985 1418
9 11945.8721396186 1567
10 10351.6997485242 1714
11 8788.60544558311 1864
12 8012.76114119029 2021
13 7290.69764522893 2174
14 6783.80129626281 2335
15 6483.92639888119 2506
16 6222.36979163952 2665
17 6071.87525467986 2816
18 5945.54767357494 2964
19 5868.18626303543 3111
20 5778.18677426822 3263
21 5727.94554534857 3417
22 5709.3943713037 3567
23 5673.73282686559 3720
24 5639.65662046555 3874
25 5623.47650245003 4028
26 5615.76289771265 4182
27 5611.15284853447 4331
28 5608.98865310758 4484
29 5607.25413951505 4637
30 5606.10769083768 4790
31 5605.5278227933 4944
32 5605.01823594422 5101
33 5604.56433897386 5258
34 5604.31373799902 5408
35 5604.17694709131 5559
36 5603.96876438058 5713

0 38090.4143306417 162
1 39599.0712591644 310
2 36505.9734956751 458
3 33828.8286291213 614
4 33028.2487976632 771
5 27158.8439469787 921
6 23460.875664828 1070
7 18780.6504636384 1224
8 14720.2588592605 1375
9 12117.1689759766 1528
10 10080.3283818742 1675
11 8970.72958066139 1826
12 8024.40475717132 1981
13 7317.72557988468 2128
14 6777.50615775286 2276
15 6481.91948456677 2427
16 6215.0557490146 2582
17 6059.13138260865 2727
18 5923.08197626989 2877
19 5856.15108953373 3032
20 5779.66575179837 3181
21 5732.24285675357 3329
22 5706.9429031052 3500
23 5672.04384319302 3671
24 5639.52447430348 3826
25 5623.92991738971 3998
26 5616.13782549091 4147
27 5611.42678863415 4300
28 5608.82796035347 4454
29 5607.17201128076 4612
30 5606.27432164779 4763
31 5605.39298367623 4916
32 5605.06137104973 5078
33 5604.62314250541 5235
34 5604.32843551394 5386
35 5604.16589351144 5563
36 5603.95863780946 5727

0 38959.0900418995 157
1 36897.4722093751 308
2 37325.3562162423 459
3 34320.9758152493 609
4 31416.9403224258 765
5 27329.8484479609 928
6 23706.6113104474 1082
7 18681.2007523851 1232
8 14338.4899282857 1387
9 11826.9630701643 1542
10 10042.3012401982 1690
11 8827.69114730301 1840
12 7843.86127751982 2000
13 7194.98393357822 2159
14 6854.20670983201 2308
15 6489.52562273486 2481
16 6212.19692372571 2642
17 6073.18638834286 2795
18 5935.25393821053 2952
19 5862.58724438907 3101
20 5773.88290531923 3250
21 5730.80327083597 3409
22 5708.46767575899 3570
23 5676.95018441566 3723
24 5639.48765285241 3881
25 5624.22417333969 4036
26 5615.28040760654 4192
27 5611.63255622025 4346
28 5608.92558591798 4510
29 5607.41889184904 4663
30 5606.09376793778 4828
31 5605.49656848914 4990
32 5604.96760457267 5141
33 5604.65695767818 5291
34 5604.34859497083 5447
35 5604.09433986317 5602
36 5604.0011237024 5754

0 39032.173390365 157
1 37261.8089692058 309
2 37263.8606362217 484
3 33713.0737999209 663
4 33466.1476899858 814
5 29243.0752646322 966
6 22148.7961590617 1141
7 18016.4779717028 1301
8 14695.9431611261 1455
9 12190.5988901008 1605
10 10061.507844636 1755
11 8801.43036114563 1909
12 7811.54302965896 2063
13 7348.79140402402 2217
14 6789.46583279701 2366
15 6459.66735076961 2519
16 6245.55755904875 2672
17 6057.83700867945 2823
18 5936.67150348996 2970
19 5864.88823615075 3121
20 5779.66745860009 3282
21 5724.27075480495 3434
22 5699.62693246287 3581
23 5672.1020687126 3738
24 5641.17980943796 3895
25 5623.89476463446 4046
26 5615.91832556504 4202
27 5611.52626812558 4354
28 5608.89378551313 4508
29 5607.22906330895 4662
30 5606.21840024699 4814
31 5605.4984620416 4969
32 5604.84750483539 5122
33 5604.57119356931 5278
34 5604.33234362182 5428
35 5604.1002523743 5580
36 5603.97620184614 5735

0 35785.7915956677 155
1 38737.2273544732 305
2 38414.6887309364 460
3 34211.7871080162 614
4 31938.2827826329 769
5 28713.4985441478 916
6 22404.1236379397 1069
7 18995.2873165767 1223
8 14877.108615861 1374
9 12033.4490578493 1525
10 10055.8223568894 1678
11 8789.57464244721 1832
12 7934.86499799499 1982
13 7223.79270727849 2130
14 6755.86137487889 2281
15 6467.54436397956 2432
16 6276.88983222571 2585
17 6067.51007545994 2731
18 5924.74283420339 2882
19 5870.34100408703 3046
20 5777.40642545246 3196
21 5729.57041708431 3341
22 5703.12630853118 3494
23 5680.40806041368 3649
24 5639.59302955691 3801
25 5623.76777561502 3952
26 5615.855594788 4103
27 5611.57592806952 4262
28 5608.85331007255 4418
29 5607.37899377307 4570
30 5606.17102794371 4723
31 5605.49676583686 4880
32 5605.01828993708 5033
33 5604.6618058031 5184
34 5604.2875517933 5333
35 5604.09530430727 5488
36 5603.95887733239 5647

0 36362.0379857422 151
1 39428.20821131 319
2 38901.6311380181 474
3 35103.4484531992 626
4 33872.8441512075 774
5 28806.3329402384 930
6 22784.1345772102 1086
7 18687.3896755419 1238
8 15022.3108221253 1395
9 11879.2339221958 1546
10 10148.8664766927 1698
11 8974.66326793871 1851
12 7895.58883528225 2007
13 7263.00308832872 2156
14 6769.71055508742 2314
15 6479.09181337557 2469
16 6245.75432157001 2622
17 6075.11532547209 2773
18 5939.64925050475 2923
19 5884.45071960732 3082
20 5777.99222383042 3237
21 5729.81256536883 3393
22 5708.15541811946 3545
23 5673.67012464347 3704
24 5639.18167623501 3880
25 5623.0674897102 4045
26 5615.9519313704 4208
27 5611.43057195998 4368
28 5609.05275535462 4528
29 5607.51753050248 4687
30 5606.4871492416 4840
31 5605.50728944202 5001
32 5604.98685742518 5155
33 5604.63304940596 5311
34 5604.32315662146 5464
35 5604.11950541993 5618
36 5603.97253801802 5775

0 37821.2761041619 156
1 38658.8630056307 314
2 37073.1137586389 465
3 35570.9998414085 618
4 32298.1132839313 769
5 28290.5004137337 922
6 22965.6157225336 1073
7 18157.0337953381 1222
8 14592.1842651942 1382
9 12035.8413918014 1539
10 10262.0309869995 1690
11 8828.54372270703 1838
12 7888.38791058335 1990
13 7305.44774520318 2145
14 6754.95477598567 2297
15 6443.60869113739 2444
16 6251.41308028857 2597
17 6072.64426498986 2756
18 5943.47303892754 2904
19 5871.68546331407 3056
20 5777.22027212449 3208
21 5721.47215590868 3362
22 5708.73490127531 3530
23 5675.3789392991 3694
24 5640.96410276085 3843
25 5623.51623561774 4000
26 5616.16271459097 4172
27 5611.68826498739 4329
28 5608.95296308428 4506
29 5607.36100717437 4665
30 5606.28299896098 4820
31 5605.43487484398 4974
32 5604.98374708457 5125
33 5604.57343146267 5279
34 5604.35510328843 5435
35 5604.14761463677 5600
36 5603.97887792612 5754

0 38019.6541151554 150
1 37519.9705211705 301
2 37127.2975719698 453
3 34851.9553300107 605
4 33600.7985173896 753
5 29335.2981739617 916
6 23423.9700597489 1068
7 18183.2404138203 1221
8 14873.1328190639 1369
9 12108.4976887697 1523
10 9857.65676163245 1677
11 8776.03406222864 1828
12 7962.97036870383 1973
13 7300.57644975614 2125
14 6775.40561908591 2275
15 6483.67727723898 2423
16 6228.73445107392 2568
17 6061.12971434413 2734
18 5944.28731226226 2904
19 5872.82179248053 3055
20 5783.73830470425 3201
21 5721.73032099577 3364
22 5702.14385777952 3543
23 5678.29202324838 3698
24 5642.11871159194 3857
25 5624.17332638475 4005
26 5616.68925770239 4164
27 5611.91716730254 4321
28 5608.90256587378 4479
29 5607.18717018415 4636
30 5606.3090084818 4789
31 5605.5330103889 4945
32 5604.98574835443 5095
33 5604.57749442434 5243
34 5604.36429666365 5391
35 5604.14184201822 5555
36 5603.97417598684 5716

0 37676.2323095871 160
1 38635.4166370867 306
2 36175.9022899214 457
3 35416.5579968887 610
4 32978.3392800793 761
5 27230.6114956623 910
6 23582.4758144033 1072
7 18204.917055363 1228
8 14433.5425329488 1378
9 12345.5044065158 1525
10 10409.0127258817 1676
11 8858.86194282414 1827
12 8075.66610761547 1978
13 7272.85264652791 2125
14 6804.00360456538 2277
15 6493.81110413781 2435
16 6206.52155960818 2581
17 6059.61243126518 2730
18 5959.28380691742 2882
19 5874.09436409953 3038
20 5775.16478730504 3184
21 5726.01512960635 3331
22 5708.29058615359 3482
23 5675.02327882065 3635
24 5639.56615677406 3786
25 5624.11046369801 3942
26 5616.56029550844 4097
27 5611.54825878322 4256
28 5608.68916108265 4405
29 5607.15508636859 4554
30 5606.20065795761 4707
31 5605.53614261665 4858
32 5604.98706619373 5013
33 5604.63717364129 5169
34 5604.31933518138 5332
35 5604.10003450926 5489
36 5603.95590680379 5640

0 38206.1620755828 148
1 35352.004582638 305
2 36240.2183288486 459
3 35180.3407584766 607
4 32573.6571277189 753
5 27339.6527925197 924
6 23488.5167939698 1097
7 18675.6665817192 1254
8 15027.1847915152 1408
9 12119.6258505009 1554
10 10290.4914329451 1705
11 8826.76046564739 1856
12 7813.2565580447 2005
13 7273.84128619691 2151
14 6826.73104911307 2302
15 6491.52267264085 2460
16 6260.33226514286 2608
17 6068.21317247408 2756
18 5948.71591987187 2907
19 5869.0000897019 3059
20 5780.70213990982 3208
21 5728.03561593012 3357
22 5702.77307759685 3510
23 5676.47306891973 3666
24 5640.22526263633 3815
25 5623.96731268978 3968
26 5615.28668068358 4128
27 5611.33903980825 4282
28 5609.06311995906 4434
29 5607.31727064437 4590
30 5606.18120973019 4743
31 5605.43194744525 4896
32 5605.0022094498 5046
33 5604.55323501785 5193
34 5604.32674137082 5352
35 5604.14145750361 5514
36 5603.98143050703 5667

0 36574.7058964033 149
1 37667.3264963876 301
2 38777.593170121 451
3 34212.4875784026 599
4 33425.7409044184 753
5 28931.0090555916 911
6 22752.4564650933 1070
7 18511.027198024 1218
8 14416.8825051744 1368
9 12002.2815375906 1520
10 10346.7944193756 1673
11 8975.65404829107 1826
12 7924.52744449645 1972
13 7240.99994295583 2122
14 6791.86733058352 2275
15 6508.75821645892 2425
16 6210.35630581845 2573
17 6074.44752964552 2726
18 5949.22839854929 2884
19 5856.35067465232 3029
20 5779.8996245028 3176
21 5731.0486893705 3325
22 5703.60214443033 3474
23 5676.16923902167 3623
24 5639.4291275978 3775
25 5624.59114285314 3943
26 5616.48844569699 4098
27 5611.50838994106 4247
28 5608.81827347754 4397
29 5607.2838721561 4550
30 5606.19148446257 4702
31 5605.44437973577 4858
32 5604.9170876861 5008
33 5604.59454395951 5162
34 5604.27536065676 5323
35 5604.08803251541 5475
36 5603.93326204236 5624

0 38904.2065995546 157
1 40503.641576784 309
2 37499.4127341923 458
3 36531.3642764545 605
4 30769.44492781 757
5 29403.7962558747 911
6 22260.2438498613 1063
7 18472.071977563 1217
8 14535.6350913428 1369
9 11979.2812943415 1523
10 10223.116944819 1671
11 8740.54976261561 1819
12 7977.73511931006 1969
13 7298.65702105284 2120
14 6822.77275422796 2272
15 6478.83482812648 2421
16 6212.09094894671 2572
17 6061.03297789294 2723
18 5939.17414015877 2869
19 5876.56817731364 3019
20 5773.6201284769 3171
21 5727.49132015026 3329
22 5708.49274217132 3480
23 5676.57391887083 3631
24 5641.81205050834 3792
25 5623.91373067437 3942
26 5616.37556226557 4090
27 5611.5797683271 4242
28 5608.98023338182 4396
29 5607.24062551252 4547
30 5606.17805828569 4696
31 5605.5450852932 4849
32 5604.85205820727 5001
33 5604.63596166864 5158
34 5604.26615313368 5312
35 5604.10235611695 5461
36 5603.96571714681 5616

0 36840.3288609127 154
1 38334.0044976934 301
2 37111.7839903339 448
3 36633.515544629 603
4 31730.9934010148 756
5 26401.2766082396 905
6 23033.4778152955 1062
7 18726.4802399551 1219
8 14409.8508433059 1372
9 11997.8169277321 1521
10 10130.7277765344 1675
11 8794.25785573717 1834
12 7845.28988864941 1983
13 7318.85438667713 2132
14 6785.91350945716 2278
15 6486.69016561992 2435
16 6230.83494023934 2587
17 6056.05247556436 2743
18 5955.74566016544 2891
19 5875.01173562685 3047
20 5782.69720471534 3202
21 5728.85715442105 3348
22 5706.23387952261 3496
23 5675.57696022098 3651
24 5641.01155128184 3812
25 5624.14760665417 3963
26 5615.5881968266 4116
27 5611.8314504202 4270
28 5609.00134748703 4422
29 5607.22683552178 4573
30 5606.15764094255 4727
31 5605.46875151556 4883
32 5604.87287403506 5034
33 5604.5936269694 5187
34 5604.29450889968 5345
35 5604.0999157281 5504
36 5603.97512815449 5659

0 36876.2050112714 154
1 39448.7152074561 301
2 36767.7594531301 451
3 36892.2559216187 606
4 32452.1275071237 756
5 27957.9186006333 904
6 23288.0869698053 1061
7 18572.5531395998 1219
8 14927.6516119846 1368
9 12272.5723376582 1516
10 10060.7628825181 1669
11 8719.11728784972 1822
12 7914.14207249014 1973
13 7284.91856378559 2133
14 6877.1918468345 2285
15 6489.1220475325 2440
16 6217.8625296474 2590
17 6078.78747378399 2736
18 5938.79417034533 2889
19 5873.03039208233 3040
20 5785.72668656685 3193
21 5731.86281386904 3338
22 5705.85213203098 3489
23 5676.2300858915 3641
24 5640.56782757288 3793
25 5624.55718661132 3944
26 5616.05213437956 4100
27 5611.30425418278 4252
28 5608.78879684441 4400
29 5607.19541411331 4551
30 5606.13314205719 4705
31 5605.34376847345 4860
32 5604.89979895253 5009
33 5604.54398764456 5161
34 5604.30960934047 5317
35 5604.12686354925 5475
36 5603.959876073 5625

0 37801.2950837046 150
1 39558.5860381759 303
2 36987.1255743868 456
3 34742.7746257827 608
4 35093.6118750188 758
5 29865.9580703048 911
6 22622.3271749241 1069
7 18500.8608967352 1220
8 14474.8321115736 1367
9 12020.3849738049 1528
10 10122.3647288161 1686
11 8941.05936042583 1841
12 7946.65389783059 1996
13 7245.94580938748 2151
14 6795.42140882569 2318
15 6490.48342612682 2503
16 6246.20362569296 2693
17 6064.6302419861 2881
18 5944.79099287627 3073
19 5870.03263572305 3254
20 5775.19176031079 3427
21 5725.72350946552 3597
22 5703.31317952843 3782
23 5672.71242974307 3961
24 5639.85269499857 4127
25 5625.29360162249 4309
26 5616.04983711149 4479
27 5611.46218411271 4655
28 5608.81916670294 4825
29 5607.24287568542 4999
30 5606.19889962638 5177
31 5605.41467915092 5356
32 5605.00894524939 5511
33 5604.61227088529 5674
34 5604.40996742895 5844
35 5604.15555095524 6033
36 5603.95890744304 6258

0 38884.0808029331 221
1 38806.4416283688 388
2 37161.7678888356 577
3 34217.9981749475 739
4 31928.605922355 906
5 27039.028692158 1078
6 22259.1096708268 1241
7 17687.2511266009 1405
8 15089.6122207245 1564
9 12093.8059665256 1734
10 10072.0344991674 1898
11 9007.43993646611 2056
12 7902.468001145 2215
13 7263.66127371281 2375
14 6800.90694258324 2542
15 6460.74105388913 2716
16 6262.36327449684 2872
17 6052.63201259343 3040
18 5950.10239974104 3190
19 5866.29403124764 3355
20 5777.77537462661 3516
21 5725.32539851777 3671
22 5703.72080724467 3827
23 5676.13405070269 3984
24 5640.59340819057 4138
25 5622.56160658108 4296
26 5615.18476219119 4455
27 5611.91332257235 4611
28 5608.86108912386 4772
29 5607.43346411009 4935
30 5606.12770503495 5097
31 5605.54752749693 5272
32 5605.01980640611 5504
33 5604.60129297941 5725
34 5604.32360101286 5916
35 5604.14879176827 6147
36 5604.02542483747 6348

0 38506.0797742032 201
1 37642.1493405983 376
2 35846.0027288116 528
3 35286.291044583 687
4 33277.6880848522 843
5 28293.190942774 999
6 22413.7291645832 1156
7 17676.553899148 1308
8 14662.1802664696 1460
9 11985.3397750184 1612
10 10004.3236506041 1761
11 8820.96694017715 1911
12 7996.65258839551 2066
13 7276.89189478743 2225
14 6784.25942688747 2374
15 6523.94191015881 2531
16 6220.37603940976 2686
17 6096.11344510295 2838
18 5954.07331183679 2988
19 5856.3712490371 3137
20 5782.32589506086 3289
21 5724.09911989784 3447
22 5702.10923206068 3598
23 5677.94759534897 3760
24 5639.86589431781 3945
25 5623.94424715566 4108
26 5615.61762892942 4328
27 5611.77147639303 4566
28 5609.1750086174 4774
29 5607.46510042822 5010
30 5606.38913846636 5220
31 5605.47173524427 5385
32 5604.89746914106 5570
33 5604.6210139896 5738
34 5604.3446413196 5919
35 5604.11640441778 6082
36 5603.94903583731 6247

0 37584.038383722 159
1 35574.6513097099 323
2 36451.8473946522 489
3 34764.6943961821 642
4 33277.4143451023 870
5 27599.6483121041 1027
6 22435.3113276778 1193
7 17994.9636608445 1368
8 15140.3227571449 1550
9 11954.0382756649 1731
10 9972.25680788511 1923
11 8824.52433935423 2122
12 7994.62170362868 2343
13 7228.46773802717 2552
14 6837.27487367856 2769
15 6488.3786588811 2998
16 6231.90876239344 3201
17 6068.80005985984 3412
18 5931.85024695205 3609
19 5867.16820221886 3774
20 5777.73853883675 3930
21 5724.6143367798 4089
22 5703.0339668189 4263
23 5673.03758619809 4449
24 5641.80773878451 4614
25 5623.96343246691 4798
26 5615.55612592749 4976
27 5611.92395315178 5143
28 5608.96672939335 5318
29 5607.29658410232 5495
30 5606.28861847213 5663
31 5605.55542065123 5819
32 5604.97768332667 5975
33 5604.58122930984 6142
34 5604.28034198215 6312
35 5604.08890827096 6496
36 5603.93729428766 6665

0 39172.7268846805 172
1 38693.6954299803 377
2 37251.1372287675 566
3 35035.8533583909 756
4 32508.522908719 945
5 29524.6055866574 1137
6 22980.4845041255 1335
7 18420.2714284468 1522
8 14308.8581740358 1685
9 12126.147697219 1848
10 9970.5018367656 2012
11 8897.28561636837 2181
12 7875.17660622329 2358
13 7316.60461251779 2535
14 6820.37531442025 2732
15 6417.92814898711 2900
16 6197.26298059908 3090
17 6084.95658926748 3301
18 5947.64688830165 3466
19 5872.01125124539 3638
20 5781.86561876329 3842
21 5724.27923016454 4024
22 5702.49440128112 4189
23 5677.02112071353 4369
24 5642.81303081674 4537
25 5623.75527914923 4700
26 5616.01808168759 4873
27 5611.40714799035 5040
28 5609.19471952336 5215
29 5607.46650652176 5383
30 5606.333948213 5548
31 5605.5945858923 5727
32 5605.07622532839 5891
33 5604.59090722005 6056
34 5604.35615966135 6233
35 5604.11660344167 6401
36 5603.92446848208 6568

0 37187.0350809396 168
1 37730.1209730482 340
2 38376.9639550239 494
3 35531.9522476332 649
4 31606.7927793541 803
5 28846.2572035378 961
6 23849.5009563614 1124
7 18540.9032946668 1281
8 14460.7985645245 1438
9 12147.2222110297 1587
10 10301.2443132909 1750
11 8664.17746742398 1914
12 7933.5359044735 2080
13 7219.6251750662 2243
14 6800.56950831119 2402
15 6474.81951988896 2565
16 6253.21088884267 2726
17 6081.63053441989 2896
18 5955.33904183678 3062
19 5872.56576597132 3240
20 5777.67819635635 3410
21 5725.20715923974 3584
22 5704.05436772012 3762
23 5677.54733990759 3942
24 5637.92640289905 4122
25 5624.28285595454 4302
26 5615.8563164795 4476
27 5611.73934262292 4654
28 5608.93408704778 4826
29 5607.26804548692 4999
30 5606.18401056816 5170
31 5605.34106212993 5333
32 5604.97311058912 5488
33 5604.57668683793 5642
34 5604.3531845954 5800
35 5604.17185957243 5964
36 5603.98630848186 6119

