0 88.2983553666978 0
1 44.621079662106 1
2 46.1532887474009 1
3 44.8522052914698 2
4 43.2450454069565 2
5 46.3630263475141 3
6 43.3613277139623 4
7 37.0435781715436 4
8 37.5683542501416 5
9 41.5254091958239 5
10 33.3138699161619 6
11 29.5179415553823 6
12 28.7528726005977 7
13 27.0567998835406 8
14 28.6121888023434 8
15 23.7564581327334 9
16 21.5522263189431 9
17 21.1175949622494 10
18 20.4519978796063 10
19 19.8279198103459 11
20 20.3508309740281 11
21 18.6806436081666 12
22 18.2029481208226 13
23 17.8332050913156 13
24 17.7105254149121 14
25 17.5890629847347 14
26 17.492879965804 15
27 17.4431074814487 16
28 17.395716529194 16
29 17.3704588012746 17
30 17.375722366766 17
31 17.3517187109256 18
32 17.3524026781617 18
33 17.3453288491349 19
34 17.3327194287336 19
35 17.3369147938625 20
36 17.3258345041087 21
37 17.3229387926564 21
38 17.3240530466974 22
39 17.3205046997133 22
40 17.3200259261569 23
41 17.3185385627143 23
42 17.3188618135425 24

0 177.302410257361 0
1 62.293634876626 1
2 54.5789723138936 1
3 54.2422750189569 2
4 44.6019857110816 2
5 46.5755919459995 3
6 36.9123697461516 3
7 44.9341503799695 4
8 34.8440015946271 5
9 37.6841877924345 5
10 37.9098214383295 6
11 35.2977489808419 6
12 29.8530701133826 7
13 28.2831115032261 7
14 24.2759671042871 8
15 25.0339605387025 8
16 22.8106738678806 9
17 20.924164612802 10
18 20.7801442494174 10
19 20.5111178034859 11
20 20.2408664535849 11
21 18.7387377508596 12
22 18.1858400682843 12
23 17.8147307706749 13
24 17.6438349154276 13
25 17.5299024466694 14
26 17.4517036778881 15
27 17.4194260510289 15
28 17.4291492151955 16
29 17.3848197492025 16
30 17.3704818927611 17
31 17.3434193702253 17
32 17.3447892451032 18
33 17.34462617479 19
34 17.3433257257021 19
35 17.3302895621164 20
36 17.330022002066 20
37 17.3275379371494 21
38 17.3256508509992 22
39 17.3210474564551 22
40 17.3188507510486 23
41 17.3185591414413 23

0 47.6541148505917 0
1 48.8676378289584 1
2 48.451676746065 1
3 51.9816075183361 2
4 43.7013513577428 2
5 43.8893228254723 3
6 37.0968561278102 3
7 41.8876141184008 4
8 33.6674738318118 5
9 40.1955894299563 5
10 33.1877804730233 6
11 29.5230049900937 6
12 27.8480975034564 7
13 30.099344253113 7
14 27.0641971999988 8
15 25.559017269229 8
16 22.580963701469 9
17 21.6932415201744 10
18 21.2082394699826 10
19 20.0266286027896 11
20 20.7305377990979 11
21 18.5794755722113 12
22 17.9735515390918 12
23 17.7631640372407 13
24 17.604350005527 13
25 17.5524251068546 14
26 17.4880724786637 15
27 17.4258058537295 15
28 17.4053597825575 16
29 17.36583912501 16
30 17.3570672607587 17
31 17.352257061131 17
32 17.3413978656261 18
33 17.3420956889321 19
34 17.3286814684944 19
35 17.3293689088642 20
36 17.3274014446305 20
37 17.3221269342505 21
38 17.322848027418 22
39 17.3179650850967 22
40 17.3201902481303 23
41 17.3226227311967 24

0 58.5652642734345 0
1 53.9042437574541 1
2 47.3762884026261 1
3 39.3295173783931 2
4 43.4669009340111 2
5 40.7829191168437 3
6 49.0784543319877 4
7 41.7968272258253 4
8 33.2808206631662 5
9 45.1684612328099 5
10 30.7532111487589 6
11 33.0403714203856 7
12 30.6631253112581 7
13 27.1823627998086 8
14 27.4715687547503 8
15 24.4534062529824 9
16 21.99223660106 9
17 21.5532075608813 10
18 20.8453403154262 10
19 20.5673087446966 11
20 20.0719478607603 11
21 18.6919059354331 12
22 18.1694887188975 12
23 17.8223035582758 13
24 17.7923833984574 13
25 17.5624061325062 14
26 17.4600421598882 15
27 17.4367506255023 15
28 17.4016731089903 16
29 17.3853527555348 16
30 17.3762306681375 17
31 17.349675947121 17
32 17.3397820954639 18
33 17.340497959667 18
34 17.3432693210867 19
35 17.331015936797 19
36 17.3326259364181 20
37 17.3212215251293 21
38 17.3196900430227 21
39 17.3194636772019 22
40 17.3180878059171 23
41 17.3156748540001 24

0 152.862868824206 0
1 46.2985530560006 1
2 50.9145514122798 1
3 46.9203883947952 2
4 41.3837547974878 2
5 39.5027198425214 3
6 44.1211289949075 3
7 39.2588106907389 4
8 33.5159390081126 5
9 33.7712617702543 5
10 31.3736701522718 6
11 31.5449387198059 6
12 33.3464974633903 7
13 25.6490818856411 7
14 26.8755433253645 8
15 23.7730030843064 8
16 22.1483329156118 9
17 21.5237896372383 10
18 20.5460762908255 10
19 20.2720475650285 11
20 20.4092604410311 11
21 18.7024476022291 12
22 18.174981515798 12
23 17.7133903392678 13
24 17.7155690533861 13
25 17.5564536990165 14
26 17.5082710630992 15
27 17.4202812392281 15
28 17.4278736487373 16
29 17.39330238588 16
30 17.3688257303825 17
31 17.3635378465604 17
32 17.3531906456821 18
33 17.3449357118023 18
34 17.3370393809304 19
35 17.3277564646436 19
36 17.324629108579 20
37 17.3204385583578 21
38 17.321320729401 21
39 17.3210296654871 22
40 17.3187927973591 22
41 17.3170105466589 23
42 17.3151774670984 23

0 80.6609918659381 0
1 47.4817020369106 1
2 51.2524971869881 1
3 42.5918117160528 2
4 43.4981057443913 2
5 39.4432350490636 3
6 41.1875793914369 3
7 45.0898120005497 4
8 40.3225575578699 4
9 35.7233547535193 5
10 34.8358302727054 6
11 35.1527959465671 6
12 27.2443839746841 7
13 26.565250870285 7
14 25.6730112669471 8
15 24.1688799813977 8
16 21.2625545553328 9
17 21.2976426539917 9
18 21.0355609459745 10
19 20.4294092838382 10
20 20.4232089716953 11
21 18.9566691205125 11
22 17.9897900704145 12
23 17.7332412234458 13
24 17.6531145063095 13
25 17.6052839274382 14
26 17.4840239487064 14
27 17.4416813504656 15
28 17.3868609736536 15
29 17.3994189484082 16
30 17.3800023671494 16
31 17.3588815166143 17
32 17.3450712025157 18
33 17.3454332963349 18
34 17.3439492795666 19
35 17.3279150996708 19
36 17.3313148154176 20
37 17.3248495365042 20
38 17.3188586457213 21
39 17.3179592053355 22
40 17.3167240929032 22
41 17.3149836791798 23
42 17.3134738869527 23

0 64.0886344311651 0
1 52.759818293079 1
2 51.681424126443 1
3 49.040115332238 2
4 44.3004106344058 2
5 46.9695167249881 3
6 45.4923303349437 3
7 43.2122403338015 4
8 39.3700505396703 5
9 37.9625713077836 5
10 32.0310274830622 6
11 29.3466130654889 6
12 28.6411797949814 7
13 26.3747130465914 7
14 24.9513308824762 8
15 23.770359258198 8
16 23.7020150773369 9
17 21.0227583682369 9
18 20.4860302204448 10
19 20.6129789414635 11
20 19.7535348046414 11
21 19.0384887569627 12
22 18.0256443859854 12
23 18.0025029097089 13
24 17.6708795215086 13
25 17.5046552604793 14
26 17.4724958551478 14
27 17.398472678446 15
28 17.3861399692304 16
29 17.4050964277845 16
30 17.360695330886 17
31 17.3591819663911 17
32 17.3467695661444 18
33 17.3379227677908 18
34 17.335222750381 19
35 17.324138996837 19
36 17.3269366461755 20
37 17.327255667291 20
38 17.3250906717052 21
39 17.3242211543019 22
40 17.3159986326583 22
41 17.3183936553939 23
42 17.316401196454 23

0 294.552684019976 0
1 47.5350032167317 1
2 52.5610244169012 1
3 51.2614925527577 2
4 47.9846392867404 2
5 49.4861530178392 3
6 54.26894371753 4
7 40.9400220935316 4
8 39.4527352726931 5
9 37.6971720264238 5
10 32.8728427739918 6
11 28.9348077447915 7
12 27.4005109389745 7
13 30.1137706876888 8
14 25.0340289624851 8
15 22.9752445443268 9
16 23.0219631933188 9
17 20.4946539131472 10
18 20.8149512493326 11
19 20.5899380258026 11
20 20.3443631661938 12
21 18.3507244791736 12
22 18.0488268554872 13
23 17.8235375152461 13
24 17.5980859386402 14
25 17.522951766136 15
26 17.5030314578863 15
27 17.4247406510177 16
28 17.4043028140798 16
29 17.3868087565611 17
30 17.3778094966782 17
31 17.3557507122203 18
32 17.3502521672737 18
33 17.3393934251463 19
34 17.3323848892651 20
35 17.3300824207955 20
36 17.3294504470783 21
37 17.3239655688096 21
38 17.3247072043562 22
39 17.3222956482988 22
40 17.3159425868231 23
41 17.3162617798772 24
42 17.3150610098791 24

0 55.0413006302485 0
1 51.1129504715884 1
2 48.9413475060261 1
3 40.5258669104601 2
4 52.449718135136 2
5 51.7841119913152 3
6 46.9675256884418 4
7 40.6541809304585 4
8 38.1337342111261 5
9 32.340481955253 5
10 32.0485501905701 6
11 31.0594178007176 7
12 31.7935610209096 7
13 28.0143964778781 8
14 24.9229382097296 8
15 24.1690226722434 9
16 23.6024693297659 9
17 21.5351498745233 10
18 20.7914796654123 10
19 20.5350072507814 11
20 20.3025047733951 12
21 18.6666338108619 12
22 18.232427215212 13
23 17.7515783444152 13
24 17.591731825549 14
25 17.5163896387644 14
26 17.4519321713805 15
27 17.4614345520399 16
28 17.404796701767 16
29 17.3866148092814 17
30 17.3681211660311 17
31 17.3574009469075 18
32 17.3543675344338 18
33 17.3584393027865 19
34 17.3346488265128 20
35 17.3249682465246 20
36 17.3262361059655 21
37 17.3275371654654 21
38 17.3243847268704 22
39 17.3152781832716 22
40 17.3155446961874 23
41 17.313845589395 24
42 17.313985034396 24

0 83.1570009808699 0
1 59.5737451918964 1
2 46.4331708908271 1
3 45.5976348552167 2
4 48.179738176611 2
5 45.6287762124202 3
6 42.9327547321829 3
7 42.5746952742089 4
8 37.4308138301739 5
9 38.0659771698345 5
10 31.623064562103 6
11 29.3472230942284 6
12 30.9839278034508 7
13 27.9016432930858 7
14 24.995706518968 8
15 24.3956303490026 9
16 21.8839643991666 9
17 22.4348932354745 10
18 20.2086851610434 10
19 20.385767944974 11
20 20.4858898716375 11
21 18.7519493344007 12
22 18.180379991957 13
23 17.9386528613491 13
24 17.6074251259728 14
25 17.605400265298 14
26 17.4624494374475 15
27 17.4212886945509 15
28 17.4247017803203 16
29 17.3644035444744 17
30 17.3598528330636 17
31 17.3472034130313 18
32 17.3433197446512 19
33 17.3428182216606 19
34 17.3428982505163 20
35 17.3354120363317 20
36 17.3261665141896 21
37 17.3252248563704 21
38 17.3179945726411 22
39 17.3189704413169 23
40 17.3203037806763 23
41 17.3180486324698 24
42 17.3151373802757 24

0 277.183398655601 0
1 48.8582359110479 1
2 55.4676164249186 1
3 45.0388594314991 2
4 45.9369708088622 2
5 46.2772789729158 3
6 44.0661928811662 3
7 42.5622565517544 4
8 39.9662919019512 4
9 35.8100774657955 5
10 33.7341178013456 6
11 33.2369389575259 6
12 29.8030827774605 7
13 26.6066172916378 7
14 25.8249513668084 8
15 23.573306804884 9
16 23.4400072781374 9
17 21.5979634572728 10
18 20.4137202405457 10
19 20.4535856900906 11
20 20.576138777218 11
21 18.9208393605869 12
22 18.2365759805975 12
23 17.8566374485581 13
24 17.5579112813662 14
25 17.4883050734559 14
26 17.4349731749876 15
27 17.4483386111337 15
28 17.4120030903111 16
29 17.3970778561954 16
30 17.3663850931536 17
31 17.3487438403988 18
32 17.3524926784653 18
33 17.3379021924138 19
34 17.3326293956996 19
35 17.3261017891076 20
36 17.3208600034773 20
37 17.3208531004258 21
38 17.3190209088131 22
39 17.320057675238 22
40 17.3184433133047 23
41 17.3182352525152 23
42 17.3169555704573 24

0 51.134939686728 0
1 56.4240015418225 1
2 57.858898622074 1
3 45.0711344052033 2
4 47.1002825361356 2
5 45.2140895210676 3
6 39.4432186346186 3
7 41.4933141238641 4
8 36.0558144928412 5
9 38.0386775244967 5
10 31.0806571609293 6
11 29.9074568562123 6
12 29.2987672279826 7
13 30.2101073352238 8
14 29.2827983169368 8
15 25.7617351375587 9
16 21.7167815518908 9
17 21.0159410542308 10
18 21.2746466125233 10
19 20.3937411195658 11
20 20.9310873947032 12
21 18.7210489179439 12
22 18.1838097999259 13
23 17.854911410146 13
24 17.7009057528789 14
25 17.5820415801102 14
26 17.4608165792606 15
27 17.4299899329858 16
28 17.4318226160295 16
29 17.3951334494652 17
30 17.3704874961434 17
31 17.3582873748577 18
32 17.348919284844 18
33 17.3361730312426 19
34 17.328783944879 19
35 17.3240479707174 20
36 17.3263884788081 21
37 17.3262514161419 21
38 17.3277143657285 22
39 17.3197276261607 22
40 17.3194344438615 23
41 17.3175258038505 23
42 17.3165384465637 24

0 54.7104617918388 0
1 55.3587237738192 1
2 45.9214262285111 1
3 41.9913197978704 2
4 47.0440716320517 2
5 39.8010306666641 3
6 42.4025521124666 3
7 41.4802139860732 4
8 39.469848382217 5
9 36.7774873100048 5
10 34.1315545188904 6
11 31.8178092885734 6
12 31.5675095124412 7
13 25.0353866193409 8
14 24.6051127564164 8
15 25.4375730804906 9
16 21.3891575034027 9
17 21.291217911234 10
18 20.188018521199 10
19 20.1635398005999 11
20 20.1644865828277 12
21 18.8909802981535 12
22 18.1359161691519 13
23 17.7376122458087 13
24 17.6978624185044 14
25 17.5486946008208 15
26 17.4559219663249 15
27 17.4607494251454 16
28 17.3735483499075 16
29 17.3663056195083 17
30 17.3710882006736 18
31 17.3573961387153 18
32 17.3446416238992 19
33 17.338507295324 19
34 17.3321001089007 20
35 17.3330097795679 21
36 17.3282783527979 21
37 17.3296966185284 22
38 17.3181460761369 23
39 17.3196539518706 23
40 17.319417195315 24
41 17.3164457409798 25
42 17.3143056080883 25

0 159.879030607835 0
1 48.3598623086187 1
2 40.1213250264472 1
3 52.5410577102172 2
4 48.0170933406433 3
5 48.0663797364408 3
6 43.3555873483678 4
7 41.7089035368392 4
8 42.7999257427813 5
9 35.8137281484643 5
10 34.7543513893437 6
11 30.8628147293863 6
12 31.6464861405799 7
13 25.8548490659435 8
14 25.831652642437 8
15 23.6702068254785 9
16 23.3958905083655 9
17 22.2104018544086 10
18 20.8493642568499 10
19 21.0135364929781 11
20 19.674718896929 12
21 18.6858626834236 12
22 18.126878887066 13
23 17.9418450928668 13
24 17.6528295488279 14
25 17.572274862161 14
26 17.4922453584488 15
27 17.4311317393386 15
28 17.4124780545973 16
29 17.3969026441065 16
30 17.3672127882828 17
31 17.3550322596133 18
32 17.3530382080241 18
33 17.3323431049307 19
34 17.3284963406866 19
35 17.3267212081405 20
36 17.3264033691945 20
37 17.3262717833574 21
38 17.3197051292065 21
39 17.3190208752976 22
40 17.3187460662795 22
41 17.3161211489899 23
42 17.3148716086834 24

0 357.247815596132 0
1 49.5831949038522 1
2 51.0798518493847 1
3 46.2895499062073 2
4 46.6123993006607 2
5 43.8259593815122 3
6 41.199599863513 3
7 43.2874514310208 4
8 41.2662164348362 4
9 32.001647494823 5
10 36.4258936141779 6
11 34.0772772889694 6
12 34.3330883083619 7
13 27.0950136718826 7
14 24.589539465217 8
15 24.7677345858259 8
16 22.0950303771266 9
17 21.7510546944924 9
18 20.5750623085621 10
19 20.5853758461536 10
20 20.4778805955194 11
21 19.110761925229 11
22 18.2906409852207 12
23 17.8233282722876 13
24 17.5674733272912 13
25 17.5822578539518 14
26 17.4748485236038 14
27 17.4257129167283 15
28 17.3915839069897 15
29 17.3883352587986 16
30 17.3781691368623 16
31 17.3483143643394 17
32 17.3462145420053 18
33 17.3446543315815 18
34 17.3399855326633 19
35 17.3333183454639 19
36 17.3314113689626 20
37 17.3309622498696 20
38 17.3223400640526 21
39 17.3203539992144 21
40 17.32043417629 22
41 17.3199510211139 23

0 58.514360308853 0
1 49.9915058969293 1
2 43.0791935859536 1
3 48.4865712877792 2
4 46.2699025500684 2
5 47.6693510943723 3
6 41.7384197371669 4
7 46.1682710287363 4
8 34.642966470948 5
9 38.588146112631 5
10 34.4351312704954 6
11 29.5751755021561 6
12 28.6018662348858 7
13 26.3392449639855 8
14 26.6475392770735 8
15 24.0989127031476 9
16 22.641277777659 9
17 21.1347549164352 10
18 19.7172747913831 10
19 20.3747001996957 11
20 20.9117313576724 11
21 18.7518053550241 12
22 18.3801522689828 13
23 17.9006627912846 13
24 17.6751849315386 14
25 17.5665140457784 14
26 17.4751879248268 15
27 17.4119177980514 15
28 17.4020298920015 16
29 17.3779744285875 16
30 17.3744474555403 17
31 17.3639114918506 18
32 17.3482521531144 18
33 17.3379446979042 19
34 17.339190640934 19
35 17.3341346202119 20
36 17.3314480879126 21
37 17.3257049559763 22
38 17.3198240902277 22
39 17.3153152376827 23
40 17.3202135507356 23

0 651.502815161531 0
1 44.2349655990718 1
2 47.6896202242345 1
3 49.5922849266737 2
4 42.6110553008058 2
5 51.1489546774548 3
6 42.1121434692249 3
7 39.5779347566299 4
8 38.7584724596974 5
9 34.6593095379535 5
10 35.071059979852 6
11 33.8698500386342 6
12 28.8741870618838 7
13 25.7654542698877 7
14 26.2879391791979 8
15 24.9704748660905 8
16 23.9673967919308 9
17 21.69827886161 10
18 21.7044088087265 10
19 19.8464819597415 11
20 20.6921297213818 11
21 18.7709614347612 12
22 18.2375810245985 12
23 17.7950198910136 13
24 17.5779427522327 13
25 17.6183077275364 14
26 17.4409868774896 15
27 17.4091558895706 15
28 17.4153754302673 16
29 17.3744590473168 16
30 17.3661887247164 17
31 17.3569673101311 17
32 17.3475495568486 18
33 17.3494192367953 19
34 17.3324474748949 19
35 17.3228291341747 20
36 17.3248729021686 20
37 17.3276578059519 21
38 17.324768862929 21
39 17.3193114972764 22
40 17.3208782571649 22
41 17.3183110741024 23

0 60.0218846645037 0
1 62.4436853590633 1
2 51.9666708425679 1
3 47.6822738372452 2
4 49.3702242609658 2
5 46.0578616765502 3
6 44.58954685046 3
7 36.4095145199876 4
8 37.2756638656559 5
9 34.5984372330034 5
10 37.9277739463756 6
11 30.3619502725882 6
12 29.8112339165391 7
13 28.9847919031083 7
14 25.7796509173124 8
15 25.7176641318185 8
16 21.6476605499147 9
17 22.045534421152 10
18 20.8151111872023 10
19 21.7216783280093 11
20 19.7058384892737 11
21 19.145431726959 12
22 18.0814645482256 12
23 17.8479467313073 13
24 17.6584636250779 13
25 17.5494593156029 14
26 17.4627590594473 15
27 17.42972209868 15
28 17.4037075964108 16
29 17.3628999770514 16
30 17.3619211665482 17
31 17.3570464182868 17
32 17.3505936979873 18
33 17.3365239701365 19
34 17.3355003942206 19
35 17.3298635375239 20
36 17.3284481174617 20
37 17.3279660934239 21
38 17.3186879159065 21
39 17.3168448186759 22
40 17.3153432346442 22
41 17.3161041480973 23

0 58.8388172839526 0
1 48.3839544203823 1
2 45.8538945692442 1
3 49.4212132472135 2
4 45.7079828280034 2
5 42.9759282011275 3
6 43.8711550077751 4
7 41.2533220794004 4
8 41.7394343114463 5
9 34.0710086088 5
10 33.6892392214428 6
11 30.6294386695978 6
12 29.7129527740245 7
13 26.8548559328187 8
14 26.2092885356564 8
15 23.2655086481899 9
16 21.4662774691064 9
17 20.2179580835286 10
18 21.3180377953822 10
19 20.1897988029286 11
20 20.5645838104241 11
21 18.9984583708627 12
22 18.2491846076113 13
23 17.8697185697107 13
24 17.6198863401465 14
25 17.5667204171585 14
26 17.4765431097845 15
27 17.4169963222015 15
28 17.4044427555335 16
29 17.3939292506171 17
30 17.3739580617988 17
31 17.3558547388142 18
32 17.3506817438049 18
33 17.3397236709198 19
34 17.3398361114372 19
35 17.3307800953688 20
36 17.3304430383982 21
37 17.3211778185011 21
38 17.3207527941332 22
39 17.3202944943805 22
40 17.3184835734326 23
41 17.3179816977583 24
42 17.3189652089542 24

0 660.378551125477 0
1 48.5978252638042 1
2 40.864148431832 1
3 48.6076752603028 2
4 45.9976136845549 2
5 49.3608515255333 3
6 45.0501417645563 4
7 41.9309503047061 4
8 35.8818805441126 5
9 33.4187046115704 5
10 29.0304991789663 6
11 31.5769708887288 6
12 28.9091496517269 7
13 26.6934434577176 7
14 24.7344330454486 8
15 24.3329934812734 9
16 22.9094509386791 9
17 21.716833474186 10
18 21.1417725710964 10
19 20.7561650476429 11
20 20.6471928917818 11
21 18.9519419481786 12
22 17.9308770016335 13
23 17.7918997955695 13
24 17.6595286827999 14
25 17.5189306018328 14
26 17.4819302970489 15
27 17.4060508513473 16
28 17.3998936486412 16
29 17.3682787829506 17
30 17.3808555710302 17
31 17.3719632499238 18
32 17.3629226944843 18
33 17.3540509088167 19
34 17.35013272771 20
35 17.3326288891381 20
36 17.3276267361031 21
37 17.331520752803 21
38 17.3216959077932 22
39 17.3199496381951 22
40 17.3186108784675 23
41 17.3153074726335 24

0 287.168764345307 0
1 52.6047564468777 1
2 47.1548680879357 1
3 41.0109673749607 2
4 51.8172226765148 2
5 51.0726732261803 3
6 47.792035249255 3
7 36.1787536947363 4
8 34.4527335628989 5
9 35.9335016226652 5
10 38.9348770403057 6
11 27.4082147808446 6
12 30.0086588463143 7
13 28.6983700512898 7
14 27.2431086947447 8
15 26.7714171337023 9
16 23.2660438826427 9
17 21.5755358598059 11
18 19.9564988047165 11
19 21.2449420745056 12
20 20.1596179006123 12
21 19.1521540463401 13
22 18.2750642760046 13
23 17.7710192274857 14
24 17.7038295082608 14
25 17.5674080158686 15
26 17.4261989684846 15
27 17.4207338003364 16
28 17.375459485276 16
29 17.3687633327261 17
30 17.3763873963858 18
31 17.3547167604597 18
32 17.3488131207927 19
33 17.345790304758 19
34 17.3419965944556 20
35 17.3355046354449 20
36 17.3273836520416 21
37 17.321990289697 22
38 17.3183331819404 22
39 17.3214537731062 23
40 17.3175545455912 23
41 17.3129769787195 24
42 17.312526487133 24
43 17.3123889988033 25

0 208.368631381917 0
1 46.1158633246516 1
2 45.3453297758634 1
3 55.1625708906223 2
4 48.1320796109793 2
5 46.1175242187003 3
6 39.3863764317926 4
7 40.0718679530868 4
8 37.6357303102717 5
9 35.2719724298718 5
10 31.3347724288974 6
11 34.0451437534672 6
12 27.0842832109721 7
13 26.8927008344015 8
14 25.8748060559882 8
15 25.0294674152466 9
16 23.10507982929 9
17 21.3302383566694 10
18 20.3002605585957 10
19 20.4862058287846 11
20 20.4243232275492 12
21 18.8710023470889 12
22 18.0987409522812 13
23 18.0210236945421 13
24 17.7036869965404 14
25 17.5093857434817 15
26 17.4531730370027 15
27 17.4150127296237 16
28 17.3820322675481 17
29 17.389237043388 17
30 17.3787740633636 18
31 17.3621467102027 19
32 17.3444903030718 19
33 17.3428115127031 20
34 17.3326510926453 20
35 17.3261090966543 21
36 17.3234505948524 22
37 17.3231933145565 22
38 17.32284951666 23
39 17.3196927079951 23
40 17.3193918040924 24
41 17.3168480360375 24

0 56.244081145687 0
1 39.9358896659531 1
2 44.1165038680592 1
3 54.9541975555157 2
4 40.6364457447212 2
5 44.8362759997275 3
6 45.3027019328463 4
7 35.9806783450845 4
8 38.692285080679 5
9 39.0243157929824 5
10 31.7442053270372 6
11 33.4054586522689 7
12 28.5770279557891 7
13 26.0058173090398 8
14 26.2258782370839 9
15 24.7962071139865 9
16 22.8504085803009 10
17 21.303049439534 11
18 21.4569593431151 11
19 20.3619120720354 12
20 20.4621104590336 12
21 18.7433339006995 13
22 18.1384065136375 14
23 17.823304791012 14
24 17.5849501307022 15
25 17.5047771552733 15
26 17.4831578476538 16
27 17.4201066654056 16
28 17.4027590439176 17
29 17.3904635933419 17
30 17.3442575094294 18
31 17.3485418011042 18
32 17.339123051731 19
33 17.3344041140166 20
34 17.3376031962278 20
35 17.3291423212858 21
36 17.3331151503657 21
37 17.3288864382557 22
38 17.3261681510533 22
39 17.3199551931671 23
40 17.3183193340623 23
41 17.3186202968254 24

0 50.5254365054583 0
1 50.8793069152296 1
2 48.6775971973776 1
3 45.4639811774831 2
4 41.5921944899147 2
5 41.4439313118465 3
6 40.7856934017515 3
7 40.5428721240049 4
8 38.9812859697313 4
9 35.4800606884529 5
10 32.1866136618769 6
11 28.7227207875276 6
12 29.3923836645871 7
13 28.7893580766969 7
14 25.8571497338311 8
15 24.617872594189 8
16 22.6738819564551 9
17 21.4500790543638 9
18 20.8456217971863 10
19 19.8264102234687 10
20 20.0721371073417 11
21 18.6942709771632 11
22 18.2824773637684 12
23 17.8434229786393 13
24 17.5811932671355 13
25 17.4976472118516 14
26 17.4609856697939 14
27 17.4262733355294 15
28 17.4121606504123 15
29 17.3700578402874 16
30 17.3755671993344 16
31 17.3824293609815 17
32 17.3454134460467 17
33 17.3302351100165 18
34 17.3323352764743 19
35 17.3300177733679 19
36 17.3239513032459 20
37 17.3239633795246 20
38 17.32091069901 21
39 17.3198200346998 21
40 17.3229837825461 22
41 17.3161632509534 22
42 17.3145844777881 23

0 194.538000696827 0
1 50.0646532824792 1
2 47.7466493449772 1
3 45.0457665735068 2
4 44.0393551803135 2
5 46.3739030573684 3
6 43.5030607277661 3
7 43.7554407581234 4
8 38.2381049966042 4
9 39.2412092166586 5
10 33.7402087472843 5
11 30.1636001953052 6
12 28.6706564219904 7
13 31.5628803121122 7
14 24.1530506253103 8
15 25.4510486480279 8
16 22.4335870812487 9
17 20.9844493226347 9
18 20.6207192890497 10
19 19.8490292533026 10
20 20.421253182566 11
21 18.6796673991305 11
22 18.1939856936599 12
23 17.7873430366977 12
24 17.6285724330727 13
25 17.4969198442521 14
26 17.4940813859612 14
27 17.4412921610207 15
28 17.3835356553312 15
29 17.3889642563632 16
30 17.3597588391979 16
31 17.3555184424618 17
32 17.3544974874501 17
33 17.3381604139446 18
34 17.3373368582603 19
35 17.3284457620396 19
36 17.3339289816723 20
37 17.3249079236203 20
38 17.3252659689748 21
39 17.3215022204988 21
40 17.3189682688346 22
41 17.3185776267815 23

