0 7616.73142588888 22
1 7030.34827904271 29
2 6328.79910035201 35
3 5428.50520014703 42
4 4434.00777263235 48
5 3591.79315192532 55
6 3036.9666257816 62
7 2707.28206057438 68
8 2516.59459803714 75
9 2393.52111127941 81
10 2299.96158902301 88
11 2224.24253009866 95
12 2157.39270236528 101
13 2093.89387893847 108
14 2034.62084126953 114
15 1978.81284620394 121
16 1928.5609493716 127
17 1883.60977216287 134
18 1842.74094785294 141
19 1804.42442907987 147
20 1767.69947053956 154
21 1734.32052589116 160
22 1705.21073507587 167
23 1677.9824930697 174
24 1652.52379421126 180
25 1628.36504163291 187
26 1604.74647915508 194
27 1581.78374165939 200
28 1558.86120246548 207
29 1535.18227385388 214
30 1512.28192738615 220
31 1489.52361135128 227
32 1465.66095267232 233
33 1441.01404692176 240
34 1414.83494486176 246
35 1389.56350286663 253
36 1365.92660117513 260
37 1343.63613042568 266
38 1321.651833924 273
39 1301.1524222902 279
40 1281.82903554313 286
41 1264.39733704978 292
42 1248.0670567162 299
43 1233.2242504184 305
44 1219.21867717964 312
45 1206.52529403293 318
46 1195.51316096585 325
47 1186.48271322732 332
48 1179.45692274679 338
49 1173.89920007132 344
50 1169.34766402962 351
51 1165.65817138367 358
52 1162.6928853415 364
53 1160.29507281103 372
54 1158.350053553 379
55 1156.77135272478 385
56 1155.47511298808 392
57 1154.37254006456 398
58 1153.39055810188 405
59 1152.51562674922 412
60 1151.74688156998 419
61 1151.06965705299 425
62 1150.48468097298 432
63 1150.00572847637 438
64 1149.62974501707 445
65 1149.33290913916 451
66 1149.07888065455 458
67 1148.79915675195 464
68 1148.42678755323 471
69 1148.04803992749 478
70 1147.71206910732 484
71 1147.49964642114 491
72 1147.37584545421 497
73 1147.29594722557 504
74 1147.23658309477 511
75 1147.18686564543 517
76 1147.14174185275 524
77 1147.09883921195 530
78 1147.05705313561 537
79 1147.01585391078 544
80 1146.97489008381 550
81 1146.93378865763 557
82 1146.89216642446 563
83 1146.84980476136 570
84 1146.80681104774 577
85 1146.76360325734 584
86 1146.72075221852 591
87 1146.678827033 598
88 1146.63830138261 604
89 1146.59949465125 611
90 1146.56253180221 617
91 1146.52733700112 624
92 1146.49367495077 631
93 1146.46122309276 637
94 1146.4296365152 644
95 1146.3985815632 650
96 1146.36774588903 657
97 1146.33685108809 663
98 1146.30568883164 670
99 1146.27418215941 677
100 1146.24245297002 684
101 1146.21085950213 690
102 1146.17995778947 696
103 1146.15036165907 703
104 1146.12254560963 709
105 1146.0966963707 716
106 1146.07268461711 722
107 1146.05013132676 729
108 1146.02849291307 735
109 1146.0071120546 742
110 1145.98523316313 748
111 1145.96204060069 754
112 1145.93684176945 761
113 1145.90950116851 768
114 1145.88093526865 775
115 1145.85305273316 782
116 1145.8278535699 789
117 1145.8064556741 796
118 1145.78889674988 803
119 1145.77457100289 810
120 1145.76271476528 816
121 1145.75266348933 823

0 7467.46510617194 21
1 7054.1244351458 28
2 6621.18833252618 34
3 6073.90070526786 41
4 5381.39462562379 47
5 4599.92449528111 54
6 3853.75476840832 60
7 3260.39409303532 67
8 2839.58434652845 73
9 2565.23100583464 80
10 2381.5372401193 86
11 2254.62454211369 93
12 2165.72415404948 99
13 2100.86175192188 106
14 2047.1638404332 113
15 2001.78231296503 120
16 1962.60984617422 127
17 1926.55826360319 133
18 1893.58601811374 140
19 1864.74040897318 147
20 1839.4760132527 154
21 1816.22820435852 161
22 1793.34103247346 168
23 1770.96191848766 174
24 1749.25620755499 181
25 1727.46939735502 187
26 1705.50663005565 194
27 1683.10336779333 200
28 1659.09677862683 207
29 1633.16160274874 213
30 1605.81963490515 220
31 1576.70285993863 226
32 1545.31512745271 233
33 1512.61507039915 239
34 1478.96311195667 246
35 1445.8425983964 253
36 1414.00629150038 260
37 1383.46223012149 266
38 1353.7257925406 273
39 1326.56827680022 279
40 1301.0477028888 286
41 1277.42846285203 292
42 1255.50044455097 298
43 1235.41568847467 305
44 1219.12651313434 312
45 1205.92774735276 318
46 1195.19688447535 325
47 1185.12144222534 331
48 1177.2390248035 338
49 1171.67666935173 344
50 1167.70492854378 351
51 1164.78713224263 358
52 1162.50442502155 364
53 1160.61404774643 371
54 1159.03721456909 378
55 1157.72835151164 384
56 1156.64434893336 391
57 1155.71144253254 397
58 1154.84347839487 404
59 1154.01643103251 410
60 1153.2384203943 417
61 1152.49311778115 423
62 1151.76346341244 430
63 1151.06953559764 436
64 1150.44831727045 443
65 1149.92367575363 449
66 1149.49594902622 456
67 1149.15060087887 462
68 1148.86906151206 469
69 1148.63447827963 475
70 1148.43425185364 481
71 1148.25973201925 488
72 1148.10476398692 494
73 1147.96496071182 501
74 1147.83788245872 507
75 1147.72305858891 514
76 1147.62108289681 520
77 1147.53228589284 527
78 1147.45599230399 533
79 1147.39062967545 540
80 1147.33423201623 547
81 1147.28487888979 553
82 1147.24091715447 560
83 1147.20101152781 567
84 1147.16411347354 573
85 1147.12941271647 580
86 1147.09630136526 586
87 1147.06435401376 593
88 1147.03330849231 600
89 1147.00302478373 606
90 1146.9734120735 613
91 1146.94434172474 619
92 1146.91558341595 626
93 1146.88679369707 632
94 1146.85756041542 639
95 1146.8274862374 645
96 1146.79628819421 652
97 1146.76388955429 658
98 1146.73047861869 664
99 1146.69651015583 671
100 1146.66263699906 677
101 1146.62958296523 684
102 1146.59799412138 690
103 1146.56831773236 697
104 1146.54074631817 703
105 1146.51523398117 710
106 1146.49156335818 716
107 1146.46943066241 723
108 1146.44852362649 729
109 1146.42858129771 736
110 1146.40943442343 742
111 1146.39102655259 749
112 1146.37341208339 756
113 1146.35672614221 762
114 1146.34112951844 769
115 1146.32674695678 776
116 1146.31362414604 783
117 1146.3017178633 789
118 1146.2909143737 795

0 7671.13434400284 21
1 7292.76290601814 27
2 6955.78199170029 34
3 6559.96820473728 40
4 6020.0241840529 47
5 5291.15208352674 53
6 4465.98960705779 60
7 3737.62080671502 66
8 3192.25183877015 72
9 2843.71532004803 79
10 2639.31054354922 85
11 2513.94277947312 92
12 2429.72961700285 98
13 2366.18138564918 105
14 2317.52949380529 111
15 2277.52389449819 117
16 2240.69145893023 124
17 2204.63554284653 130
18 2167.32416060621 137
19 2126.32463971894 143
20 2080.22400984181 150
21 2028.5307846761 156
22 1971.23484310653 163
23 1907.41705173178 170
24 1840.33718940562 177
25 1771.36576870276 184
26 1702.00985279657 191
27 1631.5276929767 197
28 1562.34427740852 204
29 1499.6956966646 210
30 1443.01905203822 217
31 1390.94776811418 223
32 1345.5956678826 230
33 1308.5009111172 236
34 1277.24291828336 243
35 1250.63215614396 249
36 1228.38617849865 256
37 1211.24778393434 262
38 1198.76949479045 269
39 1188.88684530353 275
40 1180.91892804858 281
41 1174.31977225337 288
42 1169.04398071787 294
43 1165.1149693253 301
44 1162.15161082375 307
45 1159.82858172477 314
46 1157.9301290376 320
47 1156.27579724181 326
48 1154.88336456526 333
49 1153.78102943867 339
50 1152.90847281939 346
51 1152.19672733573 352
52 1151.60664419446 359
53 1151.11600764526 366
54 1150.68705221423 373
55 1150.26425648349 380
56 1149.82350571653 387
57 1149.39509779803 393
58 1149.03578138607 401
59 1148.74756397558 408
60 1148.49465124926 414
61 1148.25105086886 421
62 1148.00835303254 427
63 1147.77226672523 433
64 1147.55178903429 440
65 1147.35095122439 446
66 1147.16881148894 453
67 1147.00312810756 459
68 1146.85299165983 466
69 1146.71848671526 472
70 1146.59879660679 479
71 1146.49132011981 486
72 1146.39244074113 492
73 1146.29900577099 499
74 1146.20954462022 505
75 1146.12457890841 511
76 1146.04581513076 518
77 1145.97480094863 524
78 1145.91201952377 531
79 1145.85684365169 538
80 1145.80804263013 544
81 1145.7643648992 551
82 1145.72492148857 557
83 1145.68928823344 564
84 1145.65736722519 571
85 1145.62914523722 578
86 1145.6045059099 584
87 1145.58316783244 591
88 1145.56472180198 598
89 1145.54870462751 605
90 1145.53466378927 611
91 1145.52219602049 618
92 1145.51096153049 624

0 7421.70419609217 21
1 7023.4881130032 28
2 6620.72362314153 34
3 6128.64658883811 41
4 5506.79160478745 47
5 4772.43039194512 54
6 4032.70780140919 60
7 3406.1694404921 67
8 2944.95898378441 73
9 2627.78985539593 80
10 2410.52163554022 86
11 2261.72057276816 93
12 2152.01136696768 99
13 2064.63773700447 106
14 1997.18369765482 112
15 1944.65428407239 119
16 1898.5679497528 125
17 1858.89033052773 132
18 1824.47619209149 139
19 1795.20660797317 146
20 1770.6263560646 153
21 1749.7539049205 159
22 1731.71986937178 166
23 1715.90856306872 173
24 1702.25015243409 179
25 1690.18096343051 186
26 1678.64141141011 193
27 1668.30142591136 199
28 1660.02676732073 206
29 1653.68992051531 212
30 1648.74730598965 218
31 1644.55756620292 225
32 1640.67530092767 231
33 1637.10798759396 238
34 1633.77032863312 244
35 1630.43461946439 251
36 1627.21376653813 257
37 1624.11695998597 263
38 1621.11030861188 270
39 1618.11798457407 276
40 1615.3036931585 283
41 1612.93730159022 290
42 1610.96662970785 296
43 1609.25005766261 303
44 1607.70757433991 309
45 1606.32250058533 316
46 1605.05812819509 322
47 1603.8451093635 329
48 1602.68958411881 335
49 1601.61977672216 342
50 1600.64377822506 349
51 1599.71768842882 355
52 1598.80711062565 362
53 1598.0077625191 368
54 1597.32420820495 375
55 1596.77241973672 381
56 1596.34688612974 388
57 1596.01848968068 394
58 1595.75611460802 401
59 1595.53647171453 408
60 1595.34453755476 414
61 1595.17141197194 421
62 1595.01231451 427
63 1594.86501344448 433
64 1594.72837769082 440
65 1594.60106148017 446
66 1594.480568517 453
67 1594.36319578818 460
68 1594.24614210864 466
69 1594.13075865462 473
70 1594.0215128967 479
71 1593.92177878872 485
72 1593.83221939612 492
73 1593.75170029617 498
74 1593.67849574027 505
75 1593.61098362548 511
76 1593.54790960637 518
77 1593.48841193963 524
78 1593.43192178519 530
79 1593.37800760235 537
80 1593.32622349514 544
81 1593.27600765715 550
82 1593.22664053251 557
83 1593.17723675506 564
84 1593.12674513543 570
85 1593.07396742437 577
86 1593.01763908662 584
87 1592.95660989867 590
88 1592.89012356933 596
89 1592.81814435307 603
90 1592.74162846377 609
91 1592.66259850398 615
92 1592.58386915436 622
93 1592.50837883578 629
94 1592.43839397124 635
95 1592.37510626932 642
96 1592.31885514953 648
97 1592.26957855251 654
98 1592.22700701823 661
99 1592.19063551964 667
100 1592.15973778759 674
101 1592.13347755166 680
102 1592.11102854995 687
103 1592.09164735669 693
104 1592.07469877224 699
105 1592.05965250945 706

0 7822.94862706192 21
1 7465.67707953789 28
2 7169.34815704726 34
3 6854.85765006447 41
4 6461.43970142564 47
5 5900.69754012666 54
6 5136.18567454006 61
7 4270.00908124253 67
8 3485.75818710813 74
9 2885.71471349695 81
10 2465.75381237586 87
11 2163.03210747487 94
12 1939.67903077775 100
13 1773.0865838509 106
14 1641.63373947643 113
15 1538.12217302477 119
16 1455.34924898653 126
17 1389.25328691527 132
18 1336.57269821724 139
19 1296.89026378936 145
20 1266.94518052183 151
21 1243.66889438275 158
22 1224.25974255706 164
23 1208.5056084781 171
24 1196.76651188925 177
25 1187.39745671472 184
26 1179.68455450454 190
27 1173.7831585179 196
28 1169.24085285074 203
29 1165.77965953281 209
30 1162.98270864631 216
31 1160.36628136766 222
32 1158.22233018319 229
33 1156.47020175431 235
34 1154.97354570074 242
35 1153.66213283907 249
36 1152.54031861459 256
37 1151.61637196341 263
38 1150.87183701926 269
39 1150.27448536404 276
40 1149.7948768368 282
41 1149.4102939265 289
42 1149.1006375785 295
43 1148.84498757081 302
44 1148.62100340405 308
45 1148.40769180609 315
46 1148.19313721941 321
47 1147.96120348719 328
48 1147.68651030917 334
49 1147.46040568959 340
50 1147.27306205766 347
51 1147.02553798164 353
52 1146.85263915236 360
53 1146.73891181653 366
54 1146.65404090187 373
55 1146.58286166667 379
56 1146.51851801464 386
57 1146.45788025488 392
58 1146.39942471301 398
59 1146.3423144046 405
60 1146.28599328109 411
61 1146.22998528058 418
62 1146.17377999399 425
63 1146.11676797174 431
64 1146.05821920592 437
65 1145.99733985863 444
66 1145.93349080112 450
67 1145.86661377168 457
68 1145.79770302327 465
69 1145.72890903279 472
70 1145.66296700017 478
71 1145.60222659065 486
72 1145.54795863042 492
73 1145.50029496772 499
74 1145.45860012258 505
75 1145.42190328681 512
76 1145.38918798754 518
77 1145.35952504384 524
78 1145.33211318278 531
79 1145.30629332537 537
80 1145.28157578745 544
81 1145.25768355637 550
82 1145.23457931604 557
83 1145.21243213091 563
84 1145.19151245373 569
85 1145.17205905996 576
86 1145.15418286613 583
87 1145.13784087552 589
88 1145.12286703537 596
89 1145.10902544212 602
90 1145.09605769466 609
91 1145.08371222442 615
92 1145.07175589985 621
93 1145.0599742527 628
94 1145.04816810951 634
95 1145.03615298647 641
96 1145.02376420776 647
97 1145.01086675164 654
98 1144.99736708772 662
99 1144.98322653782 668
100 1144.96847876978 675
101 1144.95325119863 682
102 1144.93778014342 688
103 1144.92240198387 695
104 1144.90750885445 701
105 1144.893477475 708
106 1144.88059833154 714
107 1144.86903316215 721
108 1144.85881147981 728

0 7680.01799477903 21
1 7321.72763641304 28
2 6992.73085574149 34
3 6622.38295619527 40
4 6152.11759123523 47
5 5538.36994041335 53
6 4819.83766608646 60
7 4100.40878704834 67
8 3490.14552005096 73
9 3054.72169663325 80
10 2768.05520127377 86
11 2590.8720332509 93
12 2472.8415100579 99
13 2392.1549394679 106
14 2331.27960471033 112
15 2281.88901547121 119
16 2241.94135156404 126
17 2206.24517903734 132
18 2170.94902643246 139
19 2135.84046759007 145
20 2100.14876082665 152
21 2062.64583816591 159
22 2022.95006166587 166
23 1981.90836514019 172
24 1940.60530670495 179
25 1898.11910941258 185
26 1852.50998344981 191
27 1805.31543756054 198
28 1755.66510977355 204
29 1706.62451944044 211
30 1658.23503177777 217
31 1611.4081136843 223
32 1566.53011567025 230
33 1524.03388069474 236
34 1484.78929894519 243
35 1448.81719665808 249
36 1416.27677952283 256
37 1386.29323064675 263
38 1358.06190139146 269
39 1329.65154358373 275
40 1302.98697020027 282
41 1279.51078832631 289
42 1258.35021539776 295
43 1239.64462559464 302
44 1222.86673336782 308
45 1207.15824528571 315
46 1193.67101043186 321
47 1183.13891567533 328
48 1175.20647996864 335
49 1169.04483165691 341
50 1164.42677080155 348
51 1160.94343640808 354
52 1158.23891524067 361
53 1156.06812061654 368
54 1154.27009180518 374
55 1152.76184424409 381
56 1151.50837544272 387
57 1150.47664637527 394
58 1149.63527047902 400
59 1148.90534252616 407
60 1148.25056626356 413
61 1147.73482329367 419
62 1147.33013492617 426
63 1146.99311936161 432
64 1146.69789915987 439
65 1146.44167894254 445
66 1146.22865677518 452
67 1146.05751544126 458
68 1145.92019636243 465
69 1145.79555438684 471
70 1145.63440545396 478
71 1145.45874179945 484
72 1145.31027155096 490
73 1145.19179303093 497
74 1145.09875158659 504
75 1145.02801455266 510
76 1144.97602827637 516
77 1144.9383375089 523
78 1144.91068979571 530
79 1144.88977366123 536
80 1144.87330050385 543
81 1144.85978239023 550
82 1144.84827049269 557
83 1144.83815192626 563

0 7651.55477516623 21
1 7235.86956458224 28
2 6875.08722352041 35
3 6443.51506551874 41
4 5837.45708190206 48
5 5037.1884040706 54
6 4173.34030752384 61
7 3425.91350916783 67
8 2874.86108497476 74
9 2495.94945872766 81
10 2236.07203844734 87
11 2047.44587539082 94
12 1897.50865403835 100
13 1768.36863663119 106
14 1658.18104638388 113
15 1565.77505029459 119
16 1490.53387271163 126
17 1426.48778707343 132
18 1372.83836748425 139
19 1327.59405900215 145
20 1291.33633188995 152
21 1262.76984619304 158
22 1240.57449501715 164
23 1222.83974918576 171
24 1207.84610123028 178
25 1195.34593088304 185
26 1184.36405036509 191
27 1174.55891446086 198
28 1167.62097117866 204
29 1162.74673765021 211
30 1159.05565744152 217
31 1156.25389503098 224
32 1154.24060594414 230
33 1152.79600491071 237
34 1151.71600892989 243
35 1150.84079997155 250
36 1150.11181310268 256
37 1149.51149931948 263
38 1149.02103229036 269
39 1148.62136392142 276
40 1148.26612840947 282
41 1147.87353286031 288
42 1147.48940387188 295
43 1147.15541024099 301
44 1146.87487414813 308
45 1146.64693604542 314
46 1146.46715936953 321
47 1146.3267342987 328
48 1146.21498790518 334
49 1146.12199460687 340
50 1146.03979419379 347
51 1145.9626378349 353
52 1145.88703143472 360
53 1145.81189577963 366
54 1145.73848126014 373
55 1145.6694636825 379
56 1145.60740243401 386
57 1145.55354455814 393
58 1145.50761544669 400
59 1145.46833043276 406
60 1145.43403490285 413
61 1145.40313733453 419
62 1145.37430167976 426
63 1145.34648543663 432
64 1145.31890220968 439
65 1145.29094518954 445
66 1145.26208145161 452
67 1145.23173392219 458
68 1145.1992019296 465
69 1145.16370565763 471
70 1145.12463448135 478
71 1145.08198228166 484
72 1145.03674445803 491
73 1144.99089057173 497
74 1144.9467312151 504
75 1144.90602565636 510
76 1144.86941631199 517
77 1144.83643304143 523
78 1144.80588047428 530
79 1144.77635506237 536
80 1144.74679717328 542
81 1144.71699423456 549
82 1144.68772684126 555
83 1144.66028397845 562
84 1144.63568572222 568
85 1144.61428099543 575
86 1144.59587084061 582
87 1144.58001566471 589
88 1144.56625188723 596
89 1144.55417805121 603
90 1144.54346797706 611

0 7552.85487442425 21
1 7088.57281033073 28
2 6544.0006578511 34
3 5799.65891818527 40
4 4850.45643769148 47
5 3921.33108402138 53
6 3226.69698742702 60
7 2795.2912332342 66
8 2530.12401290954 73
9 2352.63357633986 79
10 2229.06072233644 86
11 2145.56064991416 92
12 2081.92446445295 98
13 2030.65055019841 105
14 1988.95940797579 111
15 1951.69144339948 118
16 1918.20457936653 124
17 1887.86986218117 131
18 1860.63905338836 137
19 1837.11131127227 144
20 1816.02865571784 150
21 1796.40959659545 156
22 1778.88259501548 163
23 1763.5487144721 169
24 1750.10483789224 177
25 1737.89011064573 184
26 1726.23171637573 190
27 1715.3195860635 198
28 1705.22088415071 204
29 1695.34588534633 211
30 1685.82135975599 218
31 1676.72860367212 224
32 1668.42240887368 231
33 1661.12716637834 237
34 1654.51201341545 244
35 1648.53714630533 251
36 1643.09271503808 257
37 1638.11185595381 263
38 1633.51683723188 270
39 1629.35703072505 276
40 1625.53880712849 283
41 1622.24941407026 289
42 1619.45673926669 296
43 1617.11909789794 302
44 1615.16204182728 309
45 1613.36324220069 315
46 1611.5347131075 322
47 1609.65623674817 328
48 1607.87135314743 335
49 1606.27007237803 342
50 1604.93891169352 348
51 1603.89497242506 354
52 1603.04792428603 361
53 1602.28145387863 367
54 1601.57038538547 374
55 1600.89203064931 381
56 1600.219617052 388
57 1599.47740359347 395
58 1598.74358296742 401
59 1598.02693135313 408
60 1597.30767973165 415
61 1596.46033532836 421
62 1595.45397119857 428
63 1594.60869520942 434
64 1593.97704951841 441
65 1593.47962708268 447
66 1593.04095756003 454
67 1592.64082906036 460
68 1592.30513785687 467
69 1592.02972078741 473
70 1591.79898017802 480
71 1591.59474517696 487
72 1591.39294806664 493
73 1591.17432515793 500
74 1590.94812754831 506
75 1590.72662628277 513
76 1590.51526852279 519
77 1590.31404817014 526
78 1590.11979361737 532
79 1589.92958323082 539
80 1589.74460799085 545
81 1589.53410741909 552
82 1589.20465359449 558
83 1588.94136495653 564
84 1588.72329314934 571
85 1588.53162942868 578
86 1588.3597777612 585
87 1588.2093571513 591
88 1588.08213041637 598
89 1587.97618860596 604
90 1587.88718066356 611
91 1587.81061894004 617
92 1587.74288239298 624
93 1587.68117719767 630
94 1587.62334910131 637
95 1587.56783533537 644
96 1587.5136648463 650
97 1587.46043273482 657
98 1587.40823118996 663
99 1587.35751864593 669
100 1587.30889449187 676
101 1587.26274729327 682
102 1587.21877703399 689
103 1587.1755849742 695
104 1587.13107818399 702
105 1587.08415850543 708
106 1587.03572485654 714
107 1586.98753914219 721
108 1586.94070401668 727
109 1586.89511032953 734
110 1586.84983178846 740
111 1586.80398543681 747
112 1586.75745655248 753
113 1586.71098400344 760
114 1586.66571006188 766
115 1586.62272057152 773
116 1586.58274059661 780
117 1586.54573172745 787
118 1586.50992284085 793
119 1586.46986089656 800
120 1586.4184777515 806
121 1586.36053783861 813
122 1586.30906082323 819
123 1586.26944671615 826
124 1586.2404785562 832
125 1586.21927582642 839
126 1586.20334607407 845
127 1586.19094055515 852

0 7704.21393732746 21
1 7257.87236178485 28
2 6838.34133577825 34
3 6346.00032314022 40
4 5721.9714864495 47
5 4955.68852400796 53
6 4146.3959318469 60
7 3434.59802922263 66
8 2907.89032744682 73
9 2548.05391430958 79
10 2298.06082459977 86
11 2124.95497111329 92
12 1994.26558334675 98
13 1896.03097604071 105
14 1817.79344277756 112
15 1750.34805809368 118
16 1690.35430440273 125
17 1635.13135642453 132
18 1583.22743179799 139
19 1534.2474651041 146
20 1487.9299383175 154
21 1443.68795504212 160
22 1402.59422328218 167
23 1364.58516030083 173
24 1329.89671286382 180
25 1299.55954180246 186
26 1272.48388825113 193
27 1250.13643102027 200
28 1232.43019773348 206
29 1217.6906147858 213
30 1205.24715243992 219
31 1193.08550798034 226
32 1182.69224364279 233
33 1174.52286251377 239
34 1167.37765024212 245
35 1162.78383545746 252
36 1159.76381311351 258
37 1157.44661842799 265
38 1155.62032808298 271
39 1154.28514042172 278
40 1153.31378286084 284
41 1152.57310307909 291
42 1151.97457804662 297
43 1151.4568843249 303
44 1150.98097869857 310
45 1150.53765801046 316
46 1150.13677269687 323
47 1149.78517527183 330
48 1149.47906330542 337
49 1149.20925536491 344
50 1148.96479507906 350
51 1148.73657419763 357
52 1148.52059957585 364
53 1148.31602254842 370
54 1148.12142163348 377
55 1147.93345450264 383
56 1147.74708910158 390
57 1147.55672947092 397
58 1147.35882878719 403
59 1147.15498007545 410
60 1146.9523667419 417
61 1146.76015431195 423
62 1146.58557085401 430
63 1146.43330246053 436
64 1146.30584682413 443
65 1146.2028298585 449
66 1146.12110594412 456
67 1146.05609834668 462
68 1146.00314112485 469
69 1145.95815516509 475
70 1145.91775565054 482
71 1145.87907476064 488
72 1145.83951281205 494
73 1145.79657987216 501
74 1145.7480274206 507
75 1145.69248578967 514
76 1145.63050162596 520
77 1145.56510985356 527
78 1145.50088843336 534
79 1145.4418629212 540
80 1145.38997106148 548
81 1145.34501748519 555
82 1145.30554790134 562
83 1145.2697543386 569
84 1145.23603235472 576
85 1145.20321851671 582
86 1145.17063486269 589
87 1145.13803209803 595
88 1145.10548420355 602
89 1145.07326349311 608
90 1145.04171282695 615
91 1145.01113831113 621
92 1144.98175413206 628
93 1144.95369106161 634
94 1144.92704148461 641
95 1144.90189395245 647
96 1144.87832568798 654
97 1144.85635728482 660
98 1144.83590236128 667
99 1144.81674653967 673
100 1144.79856820231 680
101 1144.78098971999 686
102 1144.76363956389 693
103 1144.74621186562 699
104 1144.72851857532 706
105 1144.71053100896 712
106 1144.69240173986 718
107 1144.67445202198 725
108 1144.65711468468 732
109 1144.64084119778 738
110 1144.62600310187 745
111 1144.61282369259 752
112 1144.60135948019 759
113 1144.59152587204 766

0 7580.60611524427 21
1 7126.9555131862 28
2 6594.56893067634 34
3 5852.20734162069 41
4 4927.80024418638 47
5 4000.51742685208 53
6 3257.66692602053 60
7 2773.67208468331 66
8 2478.47323743415 73
9 2294.44346498733 79
10 2166.74566776774 86
11 2071.68516231567 92
12 2001.20536623618 99
13 1947.86816358605 105
14 1904.95391951831 112
15 1867.97051247534 118
16 1836.78843417652 125
17 1810.48594788732 131
18 1786.87279605129 137
19 1766.51687880776 144
20 1748.21868922408 151
21 1732.81094103672 157
22 1719.69582601974 163
23 1708.33027150983 170
24 1698.09470516296 177
25 1689.09908870561 184
26 1681.32070716253 191
27 1674.15983341479 198
28 1667.49061391858 204
29 1661.13024520897 211
30 1654.9850438002 217
31 1649.58771069435 224
32 1644.97930544947 230
33 1641.0624117858 237
34 1637.6365176874 243
35 1634.62372387901 250
36 1632.00428695307 256
37 1629.62398516693 262
38 1627.31945462915 269
39 1625.02894408994 276
40 1622.74001095979 282
41 1620.32044825884 289
42 1617.74258323251 295
43 1615.27768943382 302
44 1612.97184904412 308
45 1610.75656519641 315
46 1608.73485654717 321
47 1607.0135144669 328
48 1605.54839371151 334
49 1604.30247846765 340
50 1603.23124772825 347
51 1602.23911107309 353
52 1601.39996662546 360
53 1600.65052479925 366
54 1599.92052133041 373
55 1599.21208914317 380
56 1598.53828052676 387
57 1597.90613963913 393
58 1597.33285296475 401
59 1596.77901008974 407
60 1596.1646242347 414
61 1595.6162386566 420
62 1595.12291512764 427
63 1594.74584385239 433
64 1594.4674199222 440
65 1594.2566397333 446
66 1594.09063697035 453
67 1593.95486867465 459
68 1593.84032750045 466
69 1593.74127146279 472
70 1593.65384380232 478
71 1593.57532293453 485
72 1593.50372510366 491
73 1593.43757836616 497
74 1593.37576853461 504
75 1593.31740859781 511
76 1593.26171206529 517
77 1593.2078667354 523
78 1593.15491456305 530
79 1593.10165437852 536
80 1593.04661006263 543
81 1592.98814773042 549
82 1592.92482988423 555
83 1592.85595680567 562
84 1592.78198353931 568
85 1592.70445149982 575
86 1592.6254703569 582
87 1592.54715801711 589
88 1592.47129539984 595
89 1592.39913403555 602
90 1592.33129538472 608
91 1592.26781856742 615
92 1592.20834599861 621
93 1592.15233332341 628
94 1592.09919325226 634
95 1592.04835905717 641
96 1591.99929725366 647
97 1591.95150874169 654
98 1591.90455414393 660
99 1591.85812339413 667
100 1591.81213112987 673
101 1591.76677294197 680
102 1591.72247918484 686
103 1591.67977958445 693
104 1591.63916614897 699
105 1591.60102341151 706
106 1591.56561680487 712
107 1591.53309076799 719
108 1591.50345181966 725
109 1591.47655015114 732
110 1591.45209230873 738
111 1591.42971019282 744
112 1591.40907035515 751
113 1591.38995637972 757
114 1591.37226827358 764
115 1591.35595900292 771
116 1591.34097020187 778

0 7782.35842139007 22
1 7388.02344202269 28
2 7078.37548871564 35
3 6814.38191925321 41
4 6534.40937094314 48
5 6173.88176362632 54
6 5676.11174222601 61
7 4994.88659397634 67
8 4185.41476719361 74
9 3435.34597116458 81
10 2882.84637941245 87
11 2530.30202944214 94
12 2328.0377132014 100
13 2209.11442853953 107
14 2131.97879461162 113
15 2079.80180428202 120
16 2040.03810464002 127
17 2005.57228627469 133
18 1974.21090817321 140
19 1944.59406073027 146
20 1916.9891034879 152
21 1892.32223386017 159
22 1869.80527869272 165
23 1848.2777601989 172
24 1827.96726563605 178
25 1807.54189236375 185
26 1787.42475793347 191
27 1767.59577071432 198
28 1748.59977857237 205
29 1730.33983667274 211
30 1711.85923429918 218
31 1693.75424317895 224
32 1675.43956791519 231
33 1657.6262772981 238
34 1640.08741009184 244
35 1621.16146046201 250
36 1601.20717802509 257
37 1580.57708359155 263
38 1557.18863379375 270
39 1533.18900096729 276
40 1508.76130696744 283
41 1483.22881617223 289
42 1457.17292134976 295
43 1430.10898468797 302
44 1403.50338898144 308
45 1376.72593435952 315
46 1351.14122099937 321
47 1327.45161374389 328
48 1304.69839660277 334
49 1282.28213255456 341
50 1261.42980643042 347
51 1242.92201749903 353
52 1226.02907735902 360
53 1211.64241562627 366
54 1199.56026979591 373
55 1189.64844464629 379
56 1181.46955485976 386
57 1174.70270277109 392
58 1169.04461113987 399
59 1164.24309129016 406
60 1160.37121497144 412
61 1157.63178502966 419
62 1155.65009069812 426
63 1154.0771971038 434
64 1152.72844287049 441
65 1151.57777444208 448
66 1150.6392426656 454
67 1149.90172200315 461
68 1149.32976716298 467
69 1148.88213237465 474
70 1148.52470787567 480
71 1148.23564377398 486
72 1148.00277742003 493
73 1147.81663449277 499
74 1147.66684614921 506
75 1147.54244998212 512
76 1147.43314049528 518
77 1147.33049472686 525
78 1147.22931374554 532
79 1147.12845015986 538
80 1147.02984855233 545
81 1146.93614772369 551
82 1146.84873736742 557
83 1146.76720991961 564
84 1146.68982744593 570
85 1146.61456739537 577
86 1146.54036588726 583
87 1146.46708642668 590
88 1146.39051666522 596
89 1146.29090397756 602
90 1146.15799709812 609
91 1146.01259373595 616
92 1145.86944178899 623
93 1145.73118849377 630
94 1145.59736051632 638
95 1145.47189332421 644
96 1145.3625785164 651
97 1145.27484595571 658
98 1145.20864281871 664
99 1145.16013457605 671
100 1145.12450286859 677
101 1145.09760971593 683
102 1145.07646105644 690
103 1145.0590610278 696
104 1145.0441045885 703
105 1145.03070428117 709
106 1145.01819850452 716
107 1145.00603314105 722
108 1144.9936998662 729
109 1144.9807229337 735
110 1144.96669554996 742
111 1144.95136439692 749
112 1144.93473584328 755
113 1144.91713866576 762
114 1144.89917163382 768
115 1144.88153268764 775
116 1144.86482199571 781
117 1144.84942610374 788
118 1144.83551244546 794
119 1144.82308926008 800
120 1144.81207497871 807

0 7581.30827208897 22
1 7240.07444138468 29
2 6960.68023228076 35
3 6658.81635027128 42
4 6248.66645292084 48
5 5666.20060195301 55
6 4906.89459781546 61
7 4119.13869384109 67
8 3466.08474795106 74
9 3015.51265233755 80
10 2729.75068163897 87
11 2538.99446574971 93
12 2417.94608484581 100
13 2341.31816242652 106
14 2289.91609365955 113
15 2253.6481432293 119
16 2225.86809915185 126
17 2202.45467989877 132
18 2181.05818875077 138
19 2161.59060213325 145
20 2142.89842601248 151
21 2124.26011959449 158
22 2105.50035411203 164
23 2085.64488159644 171
24 2065.00720745424 177
25 2042.86476385237 184
26 2019.29485649361 190
27 1995.82102318909 197
28 1972.65790675806 203
29 1950.21149293826 210
30 1928.28625794738 217
31 1907.14688788011 223
32 1886.82455445615 230
33 1867.20107063488 237
34 1848.55782280311 243
35 1830.59743273596 250
36 1812.76954144009 257
37 1796.14519771032 263
38 1780.86474641924 270
39 1766.46447665288 276
40 1752.52936907294 283
41 1739.76553212488 289
42 1727.46845818098 296
43 1715.57360650892 302
44 1703.99200802935 309
45 1693.22497461445 315
46 1684.14707548065 321
47 1676.58432848108 328
48 1670.04835745329 334
49 1663.99746937126 341
50 1657.93675770108 347
51 1652.25992252613 353
52 1646.98773637121 360
53 1641.94920115021 366
54 1637.01819960962 373
55 1632.58957282987 380
56 1628.9720772743 386
57 1626.05485217802 392
58 1623.64592744805 399
59 1621.5554407696 405
60 1619.64940425889 413
61 1617.85730948111 419
62 1616.10647003349 426
63 1614.25868455509 432
64 1612.10328542084 439
65 1609.68288229925 446
66 1607.27584902053 452
67 1605.04750680433 459
68 1603.02112579808 465
69 1601.29447417192 471
70 1599.93587564373 478
71 1598.89579618786 484
72 1598.10679315539 491
73 1597.48733251236 497
74 1596.97708366921 504
75 1596.54185157742 510
76 1596.16030512365 517
77 1595.81859581008 523
78 1595.50998885796 530
79 1595.23298587057 536
80 1594.98585700304 542
81 1594.76008486031 549
82 1594.54606468303 555
83 1594.34716578873 562
84 1594.16877423762 568
85 1594.01168297758 575
86 1593.8736774571 581
87 1593.7510645002 588
88 1593.63935398415 594
89 1593.53370714053 601
90 1593.42982376088 607
91 1593.32504889531 614
92 1593.21820281407 621
93 1593.10797150187 628
94 1592.99211414755 634
95 1592.86906803706 641
96 1592.74050285207 647
97 1592.61120290061 654
98 1592.48593568002 660
99 1592.36724154278 667
100 1592.25564088875 673
101 1592.15060785196 679
102 1592.05117029429 686
103 1591.95608963079 692
104 1591.86385340024 699
105 1591.77260977383 705
106 1591.68001563387 712
107 1591.5829454394 718
108 1591.4776286936 724
109 1591.36196965549 731
110 1591.23859106323 737
111 1591.11077841593 743
112 1590.97632248783 750
113 1590.83546766243 756
114 1590.69892494989 763
115 1590.57717038911 769
116 1590.47296535959 776
117 1590.38433450063 782
118 1590.3090155898 789
119 1590.24563904951 795
120 1590.19274557108 802
121 1590.14833252178 808
122 1590.11017803192 815
123 1590.07615650014 822
124 1590.04429369398 829
125 1590.0126963059 835
126 1589.97957739229 843
127 1589.94356107161 849
128 1589.90420922758 856
129 1589.86236483636 862
130 1589.81991429197 868
131 1589.77903887872 875
132 1589.74145359933 882
133 1589.70806026859 888
134 1589.67902729731 895
135 1589.65405705442 901
136 1589.6326398185 908
137 1589.61422064259 914
138 1589.5982848394 920
139 1589.58439073136 927

0 7621.5098641727 21
1 7279.35736222998 28
2 7006.14495532829 34
3 6739.96800860332 41
4 6424.54111010664 47
5 6017.74954246363 53
6 5505.35217669871 60
7 4920.97220783163 66
8 4338.27283338124 73
9 3804.33913697029 79
10 3343.61260908502 86
11 2974.0902522478 93
12 2704.5587614936 100
13 2512.50659216661 107
14 2371.31255752694 114
15 2263.95459045354 121
16 2178.49411524451 128
17 2103.05336672762 135
18 2031.11865100683 141
19 1960.5024904707 148
20 1890.91397316337 154
21 1823.40021476135 161
22 1757.4191320524 167
23 1691.34519620686 174
24 1627.48012064506 180
25 1567.65805205379 187
26 1510.98863825601 193
27 1458.92843679214 199
28 1410.21908146894 206
29 1364.93951924169 213
30 1323.2919248909 219
31 1288.17345888055 225
32 1258.51678279994 232
33 1234.47297320234 238
34 1214.61930720294 245
35 1198.17428879026 251
36 1185.5700036163 258
37 1176.90403281988 265
38 1171.05132740338 271
39 1166.97923462476 277
40 1163.8952679955 284
41 1161.50812618804 291
42 1159.57689733886 298
43 1157.98093859503 304
44 1156.6269133562 311
45 1155.43053179207 318
46 1154.3147113746 325
47 1153.15848378784 331
48 1151.91790764582 338
49 1150.73690604556 344
50 1149.72205193285 351
51 1148.90651804207 357
52 1148.26986404326 363
53 1147.77338865574 370
54 1147.38054011006 377
55 1147.06479074253 383
56 1146.80647456254 389
57 1146.58852250004 396
58 1146.39926563591 402
59 1146.23571242309 409
60 1146.09849856804 415
61 1145.98657196155 422
62 1145.89649767212 428
63 1145.82375178068 435
64 1145.76394419856 441
65 1145.71346079618 447
66 1145.66963387681 454
67 1145.63064374492 460
68 1145.59529884633 467
69 1145.56279188285 473
70 1145.53250242745 480
71 1145.50388506565 486
72 1145.47644114312 493
73 1145.4497433234 500
74 1145.42347693682 506
75 1145.39747098956 513
76 1145.37170242664 520
77 1145.34626751482 527
78 1145.32132647741 533
79 1145.29703909153 540
80 1145.2735122844 546
81 1145.25077295425 553
82 1145.22876674252 559
83 1145.20737510073 566
84 1145.18644162926 573
85 1145.16580121125 579
86 1145.1453078574 585
87 1145.12485775865 592
88 1145.10440361691 598
89 1145.08395654049 605
90 1145.06357342521 611
91 1145.04333023893 617
92 1145.02328457139 624
93 1145.00343576322 630
94 1144.98370049438 637
95 1144.9639345769 643
96 1144.94403267593 650
97 1144.92409123457 656
98 1144.90451654721 662
99 1144.88592399754 669
100 1144.86885799601 676
101 1144.85357116402 682
102 1144.84001384705 689
103 1144.82795839205 695
104 1144.8171246515 702

0 7660.11005490632 22
1 7384.45379356782 28
2 7192.31553482476 35
3 7025.85799407638 41
4 6874.38417526658 47
5 6726.6808749931 54
6 6560.6792266294 60
7 6366.95119604359 67
8 6141.4844067044 73
9 5883.86583343408 80
10 5603.85172386919 86
11 5313.0094948369 93
12 5018.12368465361 99
13 4722.11699716951 105
14 4421.83974730422 112
15 4107.42998956963 119
16 3758.81839767286 125
17 3368.61894576285 131
18 2951.03119862127 138
19 2536.81866824109 144
20 2156.9663373467 151
21 1849.20151077035 157
22 1623.74819645468 164
23 1469.12661759868 170
24 1365.61280303868 177
25 1294.92000807273 184
26 1250.13873845786 190
27 1220.66439691497 197
28 1201.4786935447 204
29 1188.74633873925 210
30 1179.88739742355 217
31 1173.41023468501 225
32 1168.10305601767 231
33 1164.10951885685 238
34 1161.11938379298 244
35 1158.79354049064 251
36 1156.8762088951 257
37 1155.21154570672 264
38 1153.69962788656 270
39 1152.3251251169 277
40 1151.14050746027 284
41 1150.13889763315 290
42 1149.2416280098 296
43 1148.47742369428 303
44 1147.87507746949 310
45 1147.41563442142 316
46 1147.0655586472 322
47 1146.79485902209 329
48 1146.58099073428 336
49 1146.40826073858 342
50 1146.26573170088 349
51 1146.14556345684 355
52 1146.04202384179 361
53 1145.95106639476 368
54 1145.87025233494 374
55 1145.79852869817 381
56 1145.73555015197 387
57 1145.68092608395 394
58 1145.63390072183 401
59 1145.59344248353 407
60 1145.55844815179 414
61 1145.52788782842 420
62 1145.50086812326 427
63 1145.47664438912 434
64 1145.4546103352 440
65 1145.43427967026 447
66 1145.41526539071 453
67 1145.39725937312 460
68 1145.38001506761 466
69 1145.36333586495 473
70 1145.34706948191 479
71 1145.3311055146 486
72 1145.31537161133 492
73 1145.29982524094 499
74 1145.28444225064 505
75 1145.2692074622 512
76 1145.25411298842 518
77 1145.23916554631 525
78 1145.22439744891 532
79 1145.20987221634 538
80 1145.19567835442 545
81 1145.18191220741 552
82 1145.16865711136 559
83 1145.15596697154 565
84 1145.14385872383 572
85 1145.13231366797 578
86 1145.12128491432 585

0 7665.37139855944 22
1 7381.57255852338 29
2 7172.31095703734 35
3 6990.86399265978 42
4 6803.10601035521 49
5 6567.49956952406 55
6 6221.71352242034 62
7 5701.05554646412 68
8 4976.56288938127 75
9 4137.19863232674 81
10 3356.78138541825 88
11 2760.39031660704 95
12 2344.90422948328 101
13 2064.52534611405 109
14 1867.43814369634 116
15 1723.89301612738 122
16 1616.65008692684 129
17 1531.61526151264 135
18 1461.27135523469 142
19 1403.0979859074 148
20 1355.35592647763 154
21 1315.90297061761 161
22 1283.61022911157 167
23 1255.9291473046 174
24 1230.72944748217 180
25 1211.79199904906 187
26 1198.52464930569 193
27 1188.34535246141 200
28 1180.28729759521 207
29 1174.12173082079 213
30 1169.48131630286 221
31 1165.92918479741 228
32 1163.11635126968 235
33 1160.82888906095 242
34 1158.93394419465 249
35 1157.3245076127 256
36 1155.94345809472 263
37 1154.71515662479 269
38 1153.65524203419 276
39 1152.83099317777 283
40 1152.16984616534 289
41 1151.55015324334 296
42 1151.00819630587 302
43 1150.54345415017 309
44 1150.15146299315 315
45 1149.82501973715 322
46 1149.55329183007 329
47 1149.3259667813 335
48 1149.13486250093 342
49 1148.97376359636 349
50 1148.83738444064 356
51 1148.72073078474 362
52 1148.61920706453 369
53 1148.52889221767 375
54 1148.44659919656 382
55 1148.36973082164 388
56 1148.29606057982 395
57 1148.22353500746 401
58 1148.15016155223 408
59 1148.07404746066 414
60 1147.99364399529 421
61 1147.9081679559 427
62 1147.81807166056 434
63 1147.7254082174 441
64 1147.63384085368 448
65 1147.54787139233 454
66 1147.47132030841 461
67 1147.4060361838 467
68 1147.35172181164 474
69 1147.30667589112 480
70 1147.26869840293 487
71 1147.23569853523 493
72 1147.20595990331 499
73 1147.17818805855 506
74 1147.15145949918 512
75 1147.12514186111 519
76 1147.09881808263 526
77 1147.07222702067 532
78 1147.04522116104 538
79 1147.01773620664 545
80 1146.98976784561 551
81 1146.96135491705 558
82 1146.93257094774 564
83 1146.90352594627 570
84 1146.87437788018 577
85 1146.84534814695 583
86 1146.81672824064 590
87 1146.78886190691 596
88 1146.76209702764 604
89 1146.73672180762 610
90 1146.71291280401 617
91 1146.69071475001 623
92 1146.67005238413 630
93 1146.65076056918 637
94 1146.63261802827 644
95 1146.61537673488 652
96 1146.59878594665 659
97 1146.58261352855 666
98 1146.56666711765 673
99 1146.55081437339 680
100 1146.5349966496 686
101 1146.51922793505 693
102 1146.50357554852 699
103 1146.48812972819 706
104 1146.47297641778 713
105 1146.45818339629 719
106 1146.44379891109 726
107 1146.42985501045 732
108 1146.41636898981 739
109 1146.40334148943 745
110 1146.39075345654 752
111 1146.37856465373 758
112 1146.36671484249 765
113 1146.35512702843 771
114 1146.34371132644 778

0 7720.97654903953 21
1 7466.09876630794 28
2 7286.78698356108 34
3 7120.12716467649 40
4 6922.30887651939 47
5 6645.12009979751 54
6 6213.76691516372 60
7 5560.2095579905 68
8 4703.12690006407 74
9 3828.44601825537 81
10 3134.04137511406 87
11 2649.94959024696 94
12 2329.86327864989 100
13 2110.01370907465 107
14 1943.05101397791 114
15 1810.3363259774 120
16 1701.15328585291 126
17 1610.66057038413 133
18 1533.48356817924 139
19 1464.94743547202 146
20 1406.5779982834 152
21 1357.26414264195 159
22 1313.76689302484 165
23 1277.24686050826 172
24 1248.47995059974 179
25 1225.98475943752 185
26 1207.37859212483 191
27 1191.97519533659 198
28 1180.12058616626 204
29 1171.43134501895 211
30 1165.66658371973 218
31 1161.78230951044 224
32 1159.04517856025 231
33 1156.97557229184 237
34 1155.31943478012 243
35 1153.96884786271 250
36 1152.87308889984 257
37 1151.9874201335 263
38 1151.26752428491 270
39 1150.68040122877 277
40 1150.1905805659 284
41 1149.79115559055 290
42 1149.47156731588 297
43 1149.20840757814 303
44 1148.97677250659 310
45 1148.75770994652 317
46 1148.54447127328 323
47 1148.33919729463 330
48 1148.14283105869 337
49 1147.95145125427 344
50 1147.76005976503 350
51 1147.56901566223 357
52 1147.38493979666 364
53 1147.21388988386 370
54 1147.05636857027 377
55 1146.90920908986 384
56 1146.76938704634 391
57 1146.63510468045 397
58 1146.50469284867 404
59 1146.37665774978 410
60 1146.25139358223 417
61 1146.13159277607 424
62 1146.02039955033 431
63 1145.91983057383 437
64 1145.83078456701 444
65 1145.75359961172 451
66 1145.68818549376 457
67 1145.63383950915 464
68 1145.58922150718 470
69 1145.55260963383 477
70 1145.52224292256 484
71 1145.4965678276 490
72 1145.47434314573 497
73 1145.45464208862 503
74 1145.43680374543 510
75 1145.42036985055 517
76 1145.40502501569 523
77 1145.39054753349 530
78 1145.37677238425 536
79 1145.36356551697 543
80 1145.35080721498 549
81 1145.33838184608 556
82 1145.32617142259 562
83 1145.3140510612 569
84 1145.30188547489 576
85 1145.28952684027 583
86 1145.27681550859 590
87 1145.26358569263 597
88 1145.24967797732 603
89 1145.23495884971 610
90 1145.21934439576 616
91 1145.20282136901 623
92 1145.1854547048 629
93 1145.1673674107 636
94 1145.14868066918 643
95 1145.12941956713 649
96 1145.10944062562 656
97 1145.08851896882 663
98 1145.06670378269 670
99 1145.04464928814 677
100 1145.02333883062 684
101 1145.00342001692 691
102 1144.98497400252 697
103 1144.96778111661 704
104 1144.95162683259 710
105 1144.9364363878 717
106 1144.92227063078 724
107 1144.90925917527 730
108 1144.89752411737 737
109 1144.88712489376 743

0 7604.44980230485 21
1 7125.79064249172 28
2 6611.24521867408 34
3 6009.35027313229 41
4 5271.16860746516 47
5 4466.12757643148 53
6 3725.40075585624 60
7 3163.84382319629 67
8 2792.45849776898 73
9 2564.21378147987 80
10 2418.00459382417 86
11 2315.68483132018 92
12 2235.31931065508 99
13 2171.61192095093 105
14 2116.6501936335 112
15 2067.15847837526 119
16 2020.94540545704 126
17 1977.96192755842 133
18 1938.16800666278 139
19 1900.88964699141 147
20 1867.51236417912 155
21 1838.33751582357 162
22 1812.96283441895 169
23 1791.22434986072 176
24 1771.83021490241 183
25 1753.95587688344 190
26 1736.76353746088 196
27 1720.64035518511 203
28 1707.29639608713 209
29 1696.26336819992 216
30 1686.859380728 222
31 1678.73296548329 229
32 1671.68930790114 235
33 1665.54204982115 242
34 1659.9351948435 248
35 1654.60812196317 255
36 1649.6654437821 261
37 1645.11353335606 268
38 1641.14106154734 275
39 1637.61847314125 281
40 1634.37010115876 288
41 1631.42207787895 294
42 1628.9415189691 301
43 1626.76892982583 307
44 1624.77718882897 314
45 1622.89635258199 320
46 1621.12338038337 327
47 1619.4226744033 334
48 1617.81195473414 340
49 1616.24490744505 347
50 1614.57654806914 353
51 1612.79083918971 360
52 1611.04437488508 366
53 1609.31296992545 373
54 1607.66385137809 379
55 1606.13842433082 386
56 1604.70769207463 392
57 1603.30227272946 398
58 1601.86300717559 405
59 1600.35617812004 411
60 1598.86290370225 418
61 1597.4839289358 424
62 1596.24620828097 430
63 1595.0970895195 437
64 1594.01111953875 443
65 1593.08937537341 450
66 1592.36468115255 456
67 1591.81991551709 463
68 1591.42150346926 470
69 1591.13514491845 476
70 1590.93088321697 482
71 1590.78395027523 489
72 1590.67516584694 495
73 1590.59087118155 502
74 1590.52204793898 508
75 1590.46303905066 515
76 1590.41037669856 522
77 1590.36192707795 528
78 1590.31633938084 535
79 1590.2727135757 542
80 1590.23040702867 548
81 1590.18892553462 555
82 1590.14786640421 561
83 1590.1068948211 568
84 1590.06574033418 574
85 1590.02419978199 581
86 1589.98212916194 587
87 1589.93940531035 593
88 1589.89584478352 600
89 1589.85108557155 606
90 1589.80447486571 613
91 1589.75509574271 619
92 1589.70221505941 626
93 1589.64630856931 632
94 1589.58982808867 638
95 1589.53631040296 645
96 1589.48845976057 651
97 1589.4472468276 658
98 1589.41232000146 664
99 1589.3827404017 671
100 1589.35746787723 677
101 1589.33557227628 684
102 1589.31628934982 690
103 1589.29901017136 697
104 1589.28324862841 703

0 7629.8700832081 22
1 7296.93711351568 29
2 7005.57364258198 36
3 6716.64381588662 43
4 6371.72392490869 49
5 5908.44349683435 56
6 5277.9825489529 62
7 4506.81569053572 69
8 3723.58900940141 76
9 3091.25298984505 82
10 2646.49415185555 89
11 2358.82025550417 95
12 2175.06771290282 102
13 2049.80982283845 108
14 1969.22432018277 115
15 1917.76533520268 122
16 1881.24297988861 128
17 1852.35987098804 135
18 1827.8813553828 141
19 1806.30688056808 148
20 1787.19796899673 155
21 1769.85064996682 161
22 1753.49718569061 168
23 1738.75559809652 174
24 1724.70129942709 181
25 1711.93582357515 188
26 1700.69595457601 194
27 1690.85925922737 201
28 1682.17687970648 207
29 1674.35686108419 214
30 1667.20398167 220
31 1660.95568963351 227
32 1655.71372588035 233
33 1651.04212068484 240
34 1646.77906901583 246
35 1642.42687707195 253
36 1638.04596176891 260
37 1633.95156124969 266
38 1629.98403755368 274
39 1626.19426599161 280
40 1622.57934006165 287
41 1619.11062966542 294
42 1615.9815926148 300
43 1613.23032077476 307
44 1610.82460920268 313
45 1608.87714756457 320
46 1607.2474252913 326
47 1605.85997641047 333
48 1604.64523035978 339
49 1603.61793897548 346
50 1602.77467624622 352
51 1602.0365099538 359
52 1601.32189661526 366
53 1600.60105409472 372
54 1599.92712221686 379
55 1599.31549772177 386
56 1598.75476998269 393
57 1598.23262251054 399
58 1597.7419085716 406
59 1597.2809330991 412
60 1596.8498708884 419
61 1596.44576899862 426
62 1596.05724399881 432
63 1595.65226591969 439
64 1595.22229842468 446
65 1594.8139224013 453
66 1594.41475453153 460
67 1594.01092045189 466
68 1593.63692540459 473
69 1593.30739644251 479
70 1593.02294162771 486
71 1592.77132655304 493
72 1592.52468697962 499
73 1592.29471817247 506
74 1592.10579641336 512
75 1591.95826806997 519
76 1591.84347319086 526
77 1591.75280582939 532
78 1591.67968393211 539
79 1591.61938904476 545
80 1591.56854895401 551
81 1591.52469045665 558
82 1591.48591831994 564
83 1591.45069322008 571
84 1591.41767073316 577
85 1591.38556836635 584
86 1591.35304115632 590
87 1591.31859033513 597
88 1591.28064098131 604
89 1591.23803608897 610
90 1591.19093745537 617
91 1591.14134730349 624
92 1591.09238531779 631
93 1591.04683993584 638
94 1591.00626976843 644
95 1590.97102043493 651
96 1590.94067806513 659
97 1590.91450637455 666
98 1590.89171770502 672
99 1590.87159934065 679
100 1590.8535533349 687
101 1590.8370946101 694
102 1590.8218326738 700

0 7586.25526530967 21
1 7157.80686806224 28
2 6717.13572922263 35
3 6136.67421777879 41
4 5353.76160054119 48
5 4442.57215786549 55
6 3628.7676089664 62
7 3034.17108798641 68
8 2647.87694842717 75
9 2412.17839409937 81
10 2260.63529396998 88
11 2152.77351411144 95
12 2067.1565686676 101
13 1996.17075705379 107
14 1937.48941422538 114
15 1883.99123401402 120
16 1833.49349400183 127
17 1784.2599893419 134
18 1735.72961515169 141
19 1687.04813753216 148
20 1635.91913697738 155
21 1584.22247454779 161
22 1535.21400757135 168
23 1488.52333985981 174
24 1444.16060955207 181
25 1403.01854929804 187
26 1365.40150175876 194
27 1333.75196881095 200
28 1306.99246977713 206
29 1283.33550391591 213
30 1260.92724172513 219
31 1241.3357757953 226
32 1224.96965974606 232
33 1210.28383799386 238
34 1198.57494333412 245
35 1189.34120810416 251
36 1181.7133317075 258
37 1175.03820339562 264
38 1168.81712231938 271
39 1163.50515628511 277
40 1159.69931902237 284
41 1156.90061030777 290
42 1154.82939832081 297
43 1153.27517874441 303
44 1152.06591951261 310
45 1151.08188886794 316
46 1150.24745197302 323
47 1149.5274760484 329
48 1148.90940108966 336
49 1148.37697418366 343
50 1147.9107314694 350
51 1147.49848529709 357
52 1147.13443186052 363
53 1146.81371323104 370
54 1146.53189842863 376
55 1146.28645988837 383
56 1146.07468413751 390
57 1145.8920150489 396
58 1145.73288319976 403
59 1145.591857953 410
60 1145.46594366804 416
61 1145.35655123962 423
62 1145.26643689134 430
63 1145.19567307064 437
64 1145.14144456262 443
65 1145.09983260927 450
66 1145.06721531487 457
67 1145.04080182727 464
68 1145.01863745712 470
69 1144.99942024431 477
70 1144.9823023191 484
71 1144.96673381585 490
72 1144.95235486857 497
73 1144.93892451447 504
74 1144.92627389 510
75 1144.91427469056 517
76 1144.90281783992 523
77 1144.89179987636 530

0 7724.31865730694 22
1 7397.339447591 28
2 7131.85242722293 35
3 6830.91784480099 41
4 6422.65843473885 48
5 5854.40152446736 54
6 5111.46232090649 61
7 4313.01774163633 67
8 3603.26075760395 74
9 3056.47734772589 80
10 2683.41335093193 87
11 2429.67852707859 93
12 2242.93445560467 99
13 2088.41144320665 106
14 1960.73438864667 113
15 1850.46842918275 119
16 1750.30454638612 126
17 1658.17850800142 133
18 1574.09386305022 140
19 1497.20631245223 146
20 1429.52583687082 153
21 1375.36847474757 159
22 1332.26487820373 166
23 1298.03189631485 172
24 1269.84944689777 179
25 1245.51054310197 186
26 1225.31569497411 192
27 1208.6666065142 199
28 1194.71343921067 206
29 1183.13228697651 212
30 1174.41963740817 219
31 1167.94114382072 226
32 1163.09100119801 233
33 1159.4431602332 240
34 1156.66383577696 247
35 1154.5029947561 253
36 1152.79856471867 260
37 1151.50347666327 267
38 1150.55107247846 273
39 1149.84008566973 280
40 1149.28940579318 286
41 1148.86039094564 293
42 1148.52872933242 299
43 1148.26813419339 306
44 1148.05530990089 312
45 1147.87246881309 319
46 1147.70706116996 326
47 1147.55070161982 332
48 1147.39747307631 339
49 1147.24241598991 345
50 1147.08143428883 351
51 1146.91262447661 358
52 1146.73752832448 364
53 1146.56074397203 371
54 1146.38808036887 377
55 1146.22470192164 384
56 1146.07405539002 390
57 1145.93765965124 397
58 1145.81577629683 403
59 1145.70841495092 410
60 1145.61568738209 417
61 1145.53732748758 423
62 1145.47217577002 430
63 1145.41824203208 437
64 1145.37320158445 444
65 1145.33489938198 451
66 1145.3016299021 457
67 1145.27218797503 464
68 1145.2457770968 471
69 1145.22186435734 477
70 1145.20004606147 484
71 1145.17995755574 491
72 1145.16123229064 498
73 1145.14349725106 504
74 1145.12638925062 511
75 1145.10958477609 517
76 1145.09284397026 524
77 1145.07606489581 531
78 1145.05932425682 537
79 1145.04286454405 544
80 1145.02700811041 550
81 1145.01203374004 557
82 1144.99808421916 563
83 1144.98514582672 570
84 1144.97308736243 576
85 1144.96171980263 583

0 7654.84184785135 22
1 7322.27095993485 28
2 7042.01558122627 35
3 6753.73759605554 41
4 6397.12355006069 48
5 5940.86895750031 55
6 5359.2787723361 61
7 4673.61636637784 68
8 3972.21329628549 74
9 3349.0636602745 81
10 2841.69116714084 87
11 2467.10834639199 94
12 2213.11413028248 100
13 2042.83358315175 106
14 1930.60151789978 113
15 1854.12386464256 119
16 1801.13838124028 126
17 1764.59826793176 132
18 1737.55102115421 138
19 1715.95395516019 145
20 1697.27469356699 151
21 1681.02387984269 157
22 1666.57312310989 164
23 1653.22496162491 170
24 1640.16136275683 177
25 1628.00551106841 183
26 1616.98826853614 189
27 1606.25287992958 196
28 1596.44223182408 202
29 1587.54771935894 209
30 1579.15636127389 215
31 1570.80508170936 221
32 1561.52232818134 228
33 1551.25826764446 235
34 1539.87977484479 243
35 1526.8924662861 250
36 1512.83256683659 257
37 1497.99817988787 264
38 1481.72833205878 271
39 1463.69494304674 277
40 1444.34185061504 284
41 1423.69698577249 290
42 1401.86000713169 297
43 1380.04640337341 303
44 1358.08722622954 309
45 1335.02596743517 316
46 1313.82872381992 322
47 1294.36642916712 329
48 1275.66427346607 335
49 1256.93203972146 342
50 1239.67781534617 348
51 1225.21297444061 355
52 1213.48668262802 362
53 1204.09608648137 368
54 1196.68442793724 375
55 1190.71765709932 382
56 1185.2066380609 388
57 1179.30724574057 395
58 1173.99881631076 402
59 1169.48962013512 408
60 1165.71124479549 415
61 1162.49961072088 422
62 1159.77762779315 428
63 1157.5264261023 435
64 1155.68476502608 442
65 1154.2318946264 448
66 1153.08805385531 456
67 1152.15504165001 463
68 1151.36167803568 469
69 1150.67973754104 476
70 1150.09803084322 482
71 1149.59512123735 489
72 1149.12630453726 496
73 1148.65867231397 502
74 1148.19044629848 509
75 1147.75993171538 515
76 1147.4055416823 522
77 1147.12838536681 528
78 1146.91794407338 534
79 1146.759291638 541
80 1146.63809604239 548
81 1146.54312479327 554
82 1146.46600286918 561
83 1146.40052407128 567
84 1146.34202858096 573
85 1146.28660692732 580
86 1146.23016079539 587
87 1146.16780491301 593
88 1146.09446381316 600
89 1146.00734018817 606
90 1145.9093645848 613
91 1145.80996428122 619
92 1145.72022620944 626
93 1145.64670351542 632
94 1145.58998166799 639
95 1145.54720022244 646
96 1145.51472221395 653
97 1145.48944745494 660
98 1145.46911321967 667
99 1145.45217744573 674
100 1145.43761535017 680
101 1145.42474644452 687
102 1145.41311285024 693
103 1145.40239998316 700

0 7556.76753375894 22
1 7241.21811247821 28
2 6996.01717290313 35
3 6744.87769096 41
4 6428.16106816603 48
5 5998.39092773351 55
6 5423.54923676086 61
7 4726.57787666379 68
8 4009.14746718592 74
9 3402.00485722529 81
10 2945.52552254287 87
11 2611.86824544344 94
12 2367.02313151579 100
13 2183.60272413872 107
14 2038.14174492922 113
15 1915.40503610363 120
16 1814.80543745812 126
17 1726.04408135048 133
18 1647.06662384084 140
19 1575.12308523188 146
20 1510.27275424569 153
21 1452.13668941753 160
22 1401.00559458425 166
23 1356.77917432141 173
24 1318.40026591045 180
25 1285.32656331562 186
26 1257.50327508579 193
27 1233.73723334395 199
28 1214.1237667322 206
29 1197.10184524085 212
30 1183.36532883461 219
31 1174.35920690636 225
32 1168.20840599341 232
33 1163.7995867445 238
34 1160.53609550131 244
35 1158.0697515095 251
36 1156.08536315283 257
37 1154.42840310604 264
38 1153.09536948108 270
39 1152.0096909293 277
40 1151.09299927656 283
41 1150.26817244974 290
42 1149.50771078041 296
43 1148.82904813051 303
44 1148.24793232841 309
45 1147.76314699594 316
46 1147.36420747713 322
47 1147.03955402844 329
48 1146.77848426082 335
49 1146.56972000769 343
50 1146.40215056535 349
51 1146.26692879049 356
52 1146.15778224631 363
53 1146.06985702968 369
54 1145.99873569684 376
55 1145.94014642312 383
56 1145.88997532815 389
57 1145.84426815907 396
58 1145.79943586486 402
59 1145.75326554401 409
60 1145.70640084823 415
61 1145.66193265575 422
62 1145.62252124131 428
63 1145.58852231935 435
64 1145.55863640995 441
65 1145.53122353923 448
66 1145.50498209312 454
67 1145.47904768381 461
68 1145.45287445262 468
69 1145.42611415031 474
70 1145.39857252368 480
71 1145.37024232199 487
72 1145.34135562802 493
73 1145.31238031372 500
74 1145.28392595098 506
75 1145.25658664109 513
76 1145.23077993409 519
77 1145.20664024961 526
78 1145.18400509159 532
79 1145.16249330521 538
80 1145.14163742286 545
81 1145.12102287675 552
82 1145.10039859847 559
83 1145.079734581 566
84 1145.0592108556 572
85 1145.03914245517 579
86 1145.01987369909 585
87 1145.00168815662 592
88 1144.984763972 598
89 1144.96917421947 605
90 1144.95491298393 611
91 1144.94192673659 618
92 1144.93013896555 624
93 1144.91946468682 630

0 7479.37056499175 21
1 7050.13481095709 28
2 6573.24057644791 34
3 5945.87437351261 41
4 5165.32474229767 47
5 4332.00030153742 54
6 3621.34380820806 60
7 3099.55731267573 67
8 2754.81512746956 73
9 2531.59862661959 79
10 2374.97472196391 86
11 2263.75152036861 92
12 2183.52924104453 99
13 2121.52155466421 105
14 2068.52908085055 112
15 2022.06602200734 118
16 1981.84967055189 126
17 1947.53610789614 133
18 1916.8235418691 139
19 1888.31794346305 146
20 1862.1477348357 153
21 1837.19320051189 159
22 1814.44369836025 166
23 1792.24848175597 172
24 1770.22281859245 179
25 1748.20650008733 185
26 1727.64062500517 192
27 1708.89001244334 198
28 1691.35714135436 205
29 1673.26824307212 211
30 1654.9546766769 218
31 1636.59062192147 225
32 1617.01832372116 231
33 1595.25464296292 238
34 1571.2521884777 244
35 1545.28859549585 251
36 1516.83158554332 257
37 1486.94678956821 264
38 1455.56732157925 270
39 1422.65645883591 276
40 1390.48602145587 283
41 1359.87666927047 289
42 1330.61468604996 296
43 1303.84494643741 302
44 1278.09405301972 309
45 1252.20531565693 315
46 1230.88055674079 322
47 1214.10645451422 330
48 1200.11718878273 336
49 1188.51217584904 343
50 1179.39444893694 350
51 1172.3362362794 358
52 1166.77486529999 365
53 1162.44666331513 371
54 1158.89525249345 377
55 1156.0606423514 384
56 1153.90958252923 390
57 1152.33658254476 397
58 1151.19859688888 403
59 1150.35728024861 409
60 1149.70736080243 416
61 1149.17254045832 423
62 1148.70111870205 429
63 1148.27115566649 435
64 1147.88139331659 442
65 1147.53643342598 448
66 1147.24116659829 455
67 1146.99804400271 462
68 1146.80434278308 468
69 1146.6519692688 475
70 1146.53027709078 481
71 1146.42923834153 487
72 1146.34107299377 494
73 1146.26044007719 500
74 1146.18410500321 507
75 1146.11080741793 513
76 1146.04120715281 520
77 1145.97705512649 528
78 1145.91967232322 534
79 1145.86909751153 542
80 1145.82436959412 548
81 1145.78419294277 555
82 1145.74739535258 562
83 1145.71310498839 568
84 1145.68075567773 574
85 1145.65001669744 581
86 1145.62070332396 588
87 1145.59269876927 594
88 1145.56590203649 601
89 1145.54020350332 607
90 1145.51548092933 614
91 1145.49160536961 620
92 1145.46844858676 627
93 1145.4458878582 633
94 1145.42380779012 640
95 1145.40210084918 646
96 1145.38066907574 653
97 1145.35942945673 659
98 1145.33832496985 666
99 1145.31734196497 672
100 1145.29653152224 678
101 1145.27602773184 685
102 1145.25605181548 691
103 1145.23689209219 698
104 1145.21885878773 704
105 1145.20222598497 711
106 1145.18718131579 717
107 1145.17380049179 724
108 1145.16205117824 731
109 1145.1518183323 738

0 7729.18600679785 22
1 7382.02337202004 29
2 7079.45758043276 36
3 6712.10908260628 42
4 6191.73693423098 49
5 5460.89699026773 55
6 4581.35693821332 61
7 3741.76651376872 68
8 3108.44584399354 74
9 2689.17928882593 81
10 2409.34092620847 87
11 2218.27599036848 94
12 2087.27054495107 100
13 1996.87308760022 106
14 1930.29241135682 113
15 1873.13047672008 119
16 1821.59481518599 126
17 1775.54096773465 132
18 1734.35800024331 139
19 1697.12661846459 145
20 1662.01710460627 152
21 1627.46255217607 158
22 1592.2206002229 164
23 1554.83430310803 171
24 1517.1569499658 177
25 1482.23498307476 184
26 1450.56239943346 190
27 1420.81120798436 197
28 1389.77340210662 204
29 1358.02814703942 211
30 1327.979744037 217
31 1301.76960393479 224
32 1277.71846172803 230
33 1256.63571422875 237
34 1238.10889725471 243
35 1221.73983370796 250
36 1208.92723291279 256
37 1198.34031703007 262
38 1189.11665208402 269
39 1181.92114819092 275
40 1176.41219966518 282
41 1172.10350943791 288
42 1168.6165079872 295
43 1165.73863566975 301
44 1163.34192815678 308
45 1161.24021376872 314
46 1159.26055241486 320
47 1157.50558854293 327
48 1155.99719319979 333
49 1154.71509640931 340
50 1153.63144458184 347
51 1152.67630279605 353
52 1151.78145157063 360
53 1150.95087630568 366
54 1150.21573473645 373
55 1149.59014238417 379
56 1149.08223358065 385
57 1148.68474393833 392
58 1148.37533781535 399
59 1148.12922147586 405
60 1147.92606719666 412
61 1147.7506325041 419
62 1147.59155256567 425
63 1147.44092426374 432
64 1147.29513916049 438
65 1147.15533108554 445
66 1147.02540494241 451
67 1146.90859892211 458
68 1146.8054549059 464
69 1146.71402526702 471
70 1146.63108397171 477
71 1146.55322129542 483
72 1146.47755189438 490
73 1146.40218802435 496
74 1146.32656658409 503
75 1146.25148866077 509
76 1146.17868787115 516
77 1146.11004092888 522
78 1146.04685123171 528
79 1145.98955687002 535
80 1145.93785828341 542
81 1145.89104257251 548
82 1145.84830888611 555
83 1145.80900155421 561
84 1145.77271284029 568
85 1145.73924401698 574
86 1145.70846342434 581
87 1145.68015268307 587
88 1145.65392455953 594
89 1145.62923159067 601
90 1145.60543172642 608
91 1145.58187224814 615
92 1145.55797327351 622
93 1145.53330446679 629
94 1145.50764562401 635
95 1145.48101703027 642
96 1145.45367023015 648
97 1145.42604174109 655
98 1145.39868214826 661
99 1145.37217192289 668
100 1145.34703186351 674
101 1145.32364579929 681
102 1145.30221958285 687
103 1145.28278532748 693
104 1145.26523829056 700
105 1145.24938506956 706
106 1145.23498645914 713
107 1145.22178748687 719
108 1145.20953423919 725
109 1145.1979804553 732
110 1145.18688763053 738

0 7449.65070397809 21
1 7142.56115921812 28
2 6899.20976380819 34
3 6659.94796238832 41
4 6379.92622776609 47
5 5999.80278861541 53
6 5485.67384038409 61
7 4833.70037464881 67
8 4150.42296890158 74
9 3560.13952430443 80
10 3109.01145828634 87
11 2798.73214642021 93
12 2577.62427719698 100
13 2415.31396360004 106
14 2303.41219051284 113
15 2222.92881381317 119
16 2161.92227274738 126
17 2111.29614822185 132
18 2064.47803855854 139
19 2017.15339436496 146
20 1966.36129562739 152
21 1911.36580305937 159
22 1854.65390598458 165
23 1795.31454429606 171
24 1735.71279526828 178
25 1678.53152293538 184
26 1621.73020709538 191
27 1565.41812821612 197
28 1508.53038787143 204
29 1454.85880284036 210
30 1407.01986229729 217
31 1366.25106467893 223
32 1330.61565394059 230
33 1298.95450571324 236
34 1269.18289907762 243
35 1242.58428171035 249
36 1222.20918338843 255
37 1206.87541645904 263
38 1195.06042171004 270
39 1185.8056123196 277
40 1178.53407403148 284
41 1172.92290807288 290
42 1168.54630987464 297
43 1165.00314665039 304
44 1162.02092976042 311
45 1159.47730470226 317
46 1157.33277414217 324
47 1155.58653307491 330
48 1154.20891196998 336
49 1153.13836317065 343
50 1152.31404269744 349
51 1151.68304544815 356
52 1151.19424630784 362
53 1150.80032025056 369
54 1150.46281441275 375
55 1150.16097977969 382
56 1149.89408637721 388
57 1149.66508631773 395
58 1149.46559408956 401
59 1149.27820900838 408
60 1149.08559969739 414
61 1148.84140160476 420
62 1148.40957186856 427
63 1148.05066622188 433
64 1147.78675769089 440
65 1147.60535249271 446
66 1147.46877282775 453
67 1147.32087794248 460
68 1147.19581981899 467
69 1147.11418297028 473
70 1147.06067149414 480
71 1147.02223854915 487
72 1146.99173070773 493
73 1146.96560280704 500
74 1146.94211482098 507
75 1146.92035937723 514
76 1146.89978567495 520
77 1146.879969078 527
78 1146.86049305958 533
79 1146.84088279877 540
80 1146.82057230684 546
81 1146.7989153951 553
82 1146.77526352002 559
83 1146.74910903237 565
84 1146.72023026383 572
85 1146.68876134728 579
86 1146.65521382864 585
87 1146.6205284975 592
88 1146.58605992199 598
89 1146.55327854714 605
90 1146.52326266602 611
91 1146.49637478005 618
92 1146.47233732861 624
93 1146.45053585521 630
94 1146.43029220237 637
95 1146.41100348403 643
96 1146.39217096296 650
97 1146.37337533314 656
98 1146.35424037509 663
99 1146.33440780147 669
100 1146.31353345973 676
101 1146.29130419419 683
102 1146.26745994633 690
103 1146.24179243825 697
104 1146.21409769089 703
105 1146.18409083688 710
106 1146.15131841535 716
107 1146.11508816093 723
108 1146.07439630377 729
109 1146.02787118624 736
110 1145.9740182465 742
111 1145.9122162407 749
112 1145.84352561022 756
113 1145.76922139573 762
114 1145.68966585652 768
115 1145.60756080512 775
116 1145.53010272467 781
117 1145.46444747243 788
118 1145.41312273431 794
119 1145.37452443841 801
120 1145.34546432305 807
121 1145.32286716276 814
122 1145.30435184461 820
123 1145.2882484543 826
124 1145.27344671169 833
125 1145.25923764671 839
126 1145.24519018903 846
127 1145.23106422147 853
128 1145.21675587398 859
129 1145.20227132335 866
130 1145.18771889568 872
131 1145.17329872457 879
132 1145.15926966171 886
133 1145.14589253672 893
134 1145.13337219986 900
135 1145.12182494506 907
136 1145.11128039148 913

