0 12006.6845959865 81
1 11855.2511084498 158
2 11567.741669636 237
3 11383.4123539093 315
4 11314.3159099453 402
5 11101.5483339874 489
6 10888.0507157792 578
7 10626.4682566885 680
8 10076.6437700049 764
9 9624.68795642251 850
10 9261.02450308373 927
11 8933.76472829349 1003
12 9024.59831465815 1079
13 8958.09620554989 1154
14 8154.91476915114 1234
15 7916.80379934048 1306
16 7648.003872667 1378
17 7666.43671203833 1454
18 7446.75021827125 1526
19 7555.76868006769 1600
20 7294.03166936264 1679
21 7195.35892715296 1752
22 7085.88899674306 1828
23 6957.16052066935 1901
24 6882.93468377865 1975
25 6847.53671478726 2054
26 6774.50433394466 2128
27 6771.1367731218 2202
28 6723.13709791859 2280
29 6727.83286639669 2354
30 6688.15920072236 2428
31 6675.07876446829 2505
32 6650.24735447009 2577
33 6640.27320824377 2654
34 6632.53875909031 2728
35 6614.98513600001 2801
36 6608.75926980004 2881
37 6594.72940228607 2954
38 6591.90151978361 3027
39 6583.98576579086 3104
40 6581.51473243284 3180
41 6582.36871741927 3257
42 6569.14057973832 3330
43 6565.06612202532 3403
44 6568.91563260006 3490
45 6564.93761731975 3562
46 6559.93758526799 3635
47 6555.81613958657 3712
48 6556.70445683227 3787
49 6553.54598081857 3863
50 6549.85915689969 3936
51 6544.69111416968 4009
52 6544.99181893115 4088
53 6544.79617664339 4162
54 6543.57907342521 4237
55 6541.31292829727 4311
56 6539.58260521126 4384
57 6538.1822061077 4460
58 6540.36042376488 4535
59 6538.03367151141 4612
60 6536.94980072613 4690
61 6535.54606896494 4767
62 6535.29688869663 4840
63 6534.51298112655 4919
64 6532.93623845424 4992
65 6532.68664534143 5066
66 6532.43717831184 5139
67 6532.50014728976 5212
68 6531.51132860797 5287
69 6530.13104556527 5362
70 6530.37503127423 5434
71 6529.80731378994 5512
72 6529.81591121201 5585
73 6528.64250568233 5660
74 6528.51238549974 5736
75 6528.29250424715 5809
76 6527.42005935915 5885
77 6527.1870340047 5959
78 6527.09581136579 6034
79 6527.50703074993 6113
80 6526.28847274111 6188
81 6526.18613913392 6260
82 6526.46640147865 6338
83 6526.16061271474 6412
84 6526.09003700979 6487
85 6525.57752040383 6561
86 6525.23776346374 6634
87 6525.41667407811 6716

0 11872.0836721973 75
1 12194.2960522938 150
2 11856.3622465704 227
3 11603.4020336431 298
4 11253.4065929428 374
5 11103.2251234025 452
6 11002.4627252287 525
7 10279.7419558185 600
8 10037.1367740324 675
9 9761.56128130695 751
10 9480.86337637801 826
11 9184.16440715579 899
12 8866.39912015751 974
13 8775.45571005601 1054
14 8188.37072205644 1126
15 7884.38284208244 1203
16 7835.85383281142 1278
17 7496.79049127502 1350
18 7636.23329181115 1425
19 7718.9325933027 1499
20 7416.2833372301 1575
21 7159.09810355271 1652
22 7054.52087083789 1724
23 6980.64367822468 1799
24 6920.10703258347 1874
25 6817.91360059027 1948
26 6801.95220361296 2024
27 6760.66015412236 2096
28 6734.23126523697 2170
29 6691.05262832341 2252
30 6688.12548391352 2324
31 6676.06352830603 2400
32 6652.73401028596 2483
33 6632.51018813988 2557
34 6633.59981795698 2637
35 6615.21774218594 2712
36 6617.11030401848 2790
37 6600.98655161018 2867
38 6588.88143081539 2942
39 6589.65760795161 3018
40 6580.25308101352 3093
41 6575.42759848978 3165
42 6572.14785446141 3245
43 6566.08369317134 3320
44 6562.64416600603 3393
45 6565.28294371211 3477
46 6557.24835239373 3549
47 6556.57552699083 3623
48 6556.2921132651 3698
49 6552.57838155919 3772
50 6551.56243669147 3856
51 6551.51714300641 3931
52 6545.30421309453 4004
53 6543.94890427567 4079
54 6543.50798879917 4155
55 6542.78292605466 4231
56 6541.36549610606 4304
57 6541.04011414207 4383
58 6540.78812390103 4459
59 6539.20663964545 4532
60 6536.02198487579 4605
61 6535.32588148788 4684
62 6535.91762035484 4759
63 6535.26191810804 4833
64 6533.4235941859 4906
65 6533.5233173779 4981
66 6531.04273541682 5058
67 6531.00342631217 5131
68 6530.72361670107 5203
69 6530.10415714769 5286
70 6529.79172302585 5360
71 6529.31080696098 5435
72 6529.49181607538 5511
73 6529.11742535595 5582
74 6528.86664966597 5658
75 6528.86258899779 5732
76 6527.53416281098 5804
77 6527.04008730189 5883
78 6527.47652427886 5955
79 6526.39717765172 6027
80 6527.29968195004 6102
81 6527.11130147023 6176
82 6525.73165462437 6252
83 6525.98825037104 6328
84 6525.39879421522 6401
85 6524.91077958469 6476
86 6525.2203786043 6550
87 6524.87995693488 6622

0 12138.0715711177 82
1 11872.0237250475 157
2 12055.9093476763 233
3 11461.343661735 310
4 11337.8808944127 382
5 11068.4342577378 459
6 10431.4327001759 532
7 10478.0275659997 606
8 9958.20264348383 686
9 9630.22210052833 760
10 9349.2350386093 832
11 8949.17222492385 906
12 9012.98683191519 982
13 8946.62941779497 1056
14 8336.24242595207 1130
15 7928.67298238647 1202
16 7579.19668589971 1280
17 7680.89201635688 1351
18 7512.32604900107 1423
19 7571.42985600385 1510
20 7303.80682658979 1582
21 7192.7691838086 1656
22 7069.68552949961 1731
23 6981.30968544888 1804
24 6902.76559364129 1880
25 6827.39752996689 1953
26 6784.40585446731 2029
27 6744.09939722029 2107
28 6745.01612474501 2183
29 6704.7179993576 2256
30 6679.90164846131 2335
31 6674.06355294499 2408
32 6647.95387875691 2483
33 6634.68305978794 2560
34 6628.7079143171 2633
35 6626.07320923884 2710
36 6617.99806167273 2783
37 6593.66317385369 2857
38 6598.11103344082 2941
39 6586.53840173965 3013
40 6581.80342581535 3090
41 6577.47141829051 3167
42 6573.77590071362 3240
43 6568.03354198257 3317
44 6565.58788545667 3395
45 6557.27422846117 3468
46 6559.84957314728 3542
47 6556.67174154521 3614
48 6554.5974489045 3689
49 6549.54677950349 3766
50 6549.63394782889 3839
51 6546.65314679596 3914
52 6544.2289280764 3987
53 6544.85337070287 4060
54 6545.8835024142 4136
55 6542.0475982547 4209
56 6543.49986618213 4282
57 6539.45698826014 4367
58 6536.67275568531 4438
59 6536.59048459825 4514
60 6537.73244631885 4588
61 6536.60040507748 4661
62 6533.99137200437 4739
63 6533.74102674764 4812
64 6533.09672139013 4887
65 6533.37309696874 4962
66 6531.87388808017 5039
67 6532.34789313201 5114
68 6530.15962576691 5186
69 6530.70680400755 5259
70 6530.76276542573 5336
71 6529.7319588194 5409
72 6529.5430854377 5481
73 6528.84451405749 5558
74 6529.31203714683 5632
75 6528.39134261979 5706
76 6528.92467256602 5786
77 6527.61912927379 5859
78 6526.14547944728 5936
79 6526.67561032308 6008
80 6526.71668201714 6081
81 6525.96453161402 6157
82 6526.21529183349 6232
83 6525.23701264031 6306
84 6525.44540547096 6381
85 6525.00422211793 6458
86 6525.11574929157 6530
87 6524.61660523053 6603

0 11483.7146273766 74
1 11503.0176226695 151
2 11887.018584615 223
3 12007.9564173993 297
4 11722.886305563 372
5 11363.0267921536 446
6 10574.5342949073 519
7 10227.9753305631 598
8 10104.4127811076 671
9 9587.12790764506 745
10 9371.12600130713 818
11 9073.31678245887 891
12 8653.66252801442 964
13 8666.65995592999 1037
14 8285.42822187154 1109
15 7968.40449968555 1186
16 7749.56738299748 1262
17 7702.93107158608 1333
18 7645.19189757553 1407
19 7654.92856926415 1480
20 7452.65686571618 1556
21 7180.50730846914 1632
22 7013.95696078473 1707
23 6977.61068466259 1784
24 6925.74984867816 1864
25 6857.3224517142 1940
26 6804.05117901623 2022
27 6754.92982317659 2096
28 6739.47535219224 2177
29 6707.7519883145 2252
30 6686.3173592164 2325
31 6660.38440502528 2405
32 6660.96046870222 2478
33 6654.77143149181 2554
34 6622.23412101668 2631
35 6613.55991844694 2704
36 6596.75949031593 2779
37 6601.33598969785 2853
38 6606.72993747591 2926
39 6590.7157474077 3004
40 6582.58723729275 3077
41 6577.94476294602 3153
42 6575.58043761182 3228
43 6564.83891604974 3304
44 6568.51680132106 3380
45 6563.53930569245 3455
46 6558.83280040366 3528
47 6554.95528195018 3609
48 6554.76808887871 3681
49 6553.07629020775 3753
50 6550.76322671358 3829
51 6552.77391482801 3904
52 6544.61563779491 3979
53 6544.94470713165 4056
54 6543.8451680532 4129
55 6542.72405467894 4205
56 6543.91730060774 4278
57 6539.88804215056 4351
58 6537.89152358287 4426
59 6537.51376461334 4501
60 6537.48190300277 4574
61 6536.29242180425 4647
62 6533.5294618255 4720
63 6533.97963781116 4795
64 6532.86047421186 4872
65 6532.10160603746 4945
66 6533.47725977373 5023
67 6531.93363208381 5097
68 6531.20917401111 5173
69 6530.65370320966 5249
70 6530.4239744636 5320
71 6529.71108692364 5394
72 6529.11949556197 5470
73 6529.50522694566 5542
74 6529.26439796191 5618
75 6529.04267472552 5691
76 6528.41941063774 5763
77 6527.65310706185 5845
78 6527.1037829268 5918
79 6526.95203459973 5992
80 6526.198843569 6066
81 6525.79830657312 6143
82 6525.9210709156 6221
83 6526.13655100694 6301
84 6525.53091327182 6376
85 6525.1995920494 6453
86 6525.18884131856 6525
87 6525.11005754853 6600

0 11953.0521117433 77
1 11393.8939544794 149
2 11810.0523925796 222
3 11528.7204106716 297
4 11899.8307135557 370
5 11448.5359863694 445
6 10545.3788485774 518
7 10594.3875893835 592
8 10633.1217413438 671
9 9631.53665699935 745
10 9668.35357898969 817
11 9163.06133965934 891
12 8991.80493605282 963
13 8954.95322800574 1039
14 8200.35281302243 1113
15 7976.21811079744 1186
16 7754.83258558574 1260
17 7582.52634160452 1332
18 7575.21098821886 1404
19 7587.99692107715 1480
20 7390.38207514713 1553
21 7138.8209971977 1626
22 7040.24363046767 1704
23 6952.96601986761 1776
24 6883.04817837463 1854
25 6834.59511895531 1927
26 6803.02485335314 1999
27 6744.03400098927 2077
28 6727.27303353033 2154
29 6707.79038386345 2227
30 6688.79512792559 2301
31 6667.56520001482 2376
32 6650.13695471272 2450
33 6628.83682778671 2528
34 6633.87889094201 2600
35 6608.60416479204 2677
36 6601.6940796293 2749
37 6602.15218855587 2820
38 6591.20012199464 2900
39 6586.10527463056 2972
40 6583.12968089154 3049
41 6575.78087216799 3126
42 6574.9580218787 3199
43 6566.61548116756 3276
44 6565.66472804313 3350
45 6559.13095344952 3426
46 6562.29060627593 3502
47 6554.38712641611 3579
48 6553.57623652473 3656
49 6550.78481279879 3731
50 6549.81358461822 3803
51 6549.34246279522 3882
52 6545.24515805692 3959
53 6544.29721385041 4033
54 6543.24597718719 4110
55 6541.87617796073 4182
56 6541.48270463964 4254
57 6539.97943182365 4330
58 6538.61696966111 4407
59 6536.64504183658 4482
60 6537.45849070883 4556
61 6536.75994938624 4630
62 6535.37889970603 4707
63 6532.2251049838 4781
64 6533.60590706802 4854
65 6532.82379441721 4931
66 6532.33715755222 5003
67 6530.51212345026 5077
68 6530.57804146878 5152
69 6529.82318703917 5224
70 6529.94021681617 5308
71 6530.10288371365 5380
72 6528.98669031817 5452
73 6529.49045805065 5529
74 6528.28148916103 5602
75 6527.69015921942 5676
76 6526.86751245893 5750
77 6527.80392160882 5824
78 6527.36368638421 5898
79 6526.27563258448 5970
80 6525.69173595794 6043
81 6526.34611473991 6119
82 6525.61705487607 6191
83 6525.34140704812 6265
84 6525.76846912098 6340
85 6525.53212786305 6413
86 6524.86407861499 6487
87 6524.69799781983 6564

0 12036.4221766205 74
1 12176.2330682274 150
2 11803.9217008716 228
3 11330.3662617799 299
4 11461.1095016472 379
5 11319.5236697578 453
6 10233.7226442248 525
7 10507.4529758747 601
8 10195.4851482226 675
9 9479.08270793858 749
10 9550.40722515085 821
11 8837.43115736272 893
12 9118.91805693553 970
13 8999.76077849677 1043
14 8305.45760527746 1115
15 7954.23656631377 1194
16 7718.76596720347 1267
17 7697.29311669061 1340
18 7458.26307101626 1415
19 7812.96138022701 1489
20 7316.76391074494 1568
21 7181.88529573458 1653
22 7084.83354828799 1729
23 6942.6143691646 1807
24 6892.45745177851 1880
25 6829.48169901529 1956
26 6823.0820239172 2031
27 6761.65640294641 2106
28 6724.55900404647 2182
29 6719.57436447898 2253
30 6674.80133919639 2328
31 6665.9905488626 2405
32 6669.33729690014 2479
33 6641.52507107107 2551
34 6633.31797409181 2629
35 6608.57315918131 2701
36 6603.48870350765 2776
37 6597.26140711488 2848
38 6596.65515607428 2923
39 6588.94837075218 3005
40 6578.55818642383 3080
41 6579.10271535781 3154
42 6568.9140329538 3237
43 6572.64392437019 3310
44 6568.09106039267 3386
45 6558.6552577796 3461
46 6554.59979665133 3534
47 6555.95960715235 3613
48 6555.93376000732 3687
49 6552.18691436645 3767
50 6550.50006079828 3845
51 6549.14818252028 3920
52 6550.72994983716 4000
53 6545.64160969435 4079
54 6542.13862391472 4156
55 6540.65815290474 4241
56 6538.75773869958 4317
57 6540.66033118543 4394
58 6538.8413782156 4472
59 6538.78850378635 4546
60 6537.31353599792 4623
61 6537.13284354871 4696
62 6535.13723742736 4768
63 6533.99601725581 4845
64 6532.52046732972 4918
65 6533.31923750316 4993
66 6532.63012944022 5069
67 6532.53565976032 5142
68 6530.99202993009 5217
69 6530.4400690784 5292
70 6530.04491997418 5366
71 6529.07922648989 5444
72 6529.22953293838 5517
73 6528.34912260836 5589
74 6527.11524023453 5667
75 6527.02006982351 5740
76 6527.2333077309 5816
77 6526.83304220094 5896
78 6527.29000037038 5975
79 6526.69372897393 6061
80 6527.32342613389 6133
81 6526.33325214552 6207
82 6526.00799782955 6283
83 6526.14866760073 6355
84 6525.72151314449 6429
85 6525.48470192519 6510
86 6525.6581445991 6588
87 6524.9672220638 6667

0 12022.0825352789 74
1 11469.1347063594 146
2 11610.3256249391 222
3 11593.7963450905 297
4 11230.4326263753 373
5 11250.3628002086 446
6 10740.0422402405 518
7 10860.7092392676 599
8 9733.14875320691 671
9 9624.28296665713 745
10 9555.45089362473 820
11 9215.56588588145 893
12 8934.11135184243 968
13 8811.72495955216 1044
14 8079.25742723809 1116
15 7955.72597963702 1192
16 7751.73006919839 1266
17 7508.67837564404 1339
18 7597.8067104323 1416
19 7628.23167535782 1487
20 7385.63212846706 1559
21 7126.92940860531 1636
22 6997.24807061542 1715
23 6954.12466832544 1788
24 6895.10665028251 1863
25 6868.46393705433 1937
26 6783.8907879822 2017
27 6755.3650807808 2095
28 6718.97383779897 2168
29 6694.18842674192 2246
30 6676.60828634612 2319
31 6664.07190214476 2393
32 6646.26392505822 2469
33 6638.61563632886 2541
34 6634.53624886762 2619
35 6613.69669868443 2693
36 6602.21611547543 2769
37 6600.18279391241 2844
38 6593.569426985 2918
39 6589.09673859054 2990
40 6590.02944388721 3066
41 6572.99846279347 3140
42 6571.97480064024 3214
43 6570.36456030977 3290
44 6566.30989878989 3363
45 6564.76079922662 3446
46 6565.07115237746 3519
47 6556.30465817173 3594
48 6555.10334095524 3673
49 6551.89704845044 3745
50 6550.1774769988 3819
51 6547.55021213352 3893
52 6546.28670281163 3967
53 6543.8078474057 4047
54 6542.16563704125 4120
55 6543.14298552619 4193
56 6540.17038133198 4269
57 6539.29722252962 4345
58 6536.78728129769 4419
59 6537.76730393862 4495
60 6537.77750675379 4569
61 6536.06665512011 4646
62 6533.9529780425 4723
63 6533.04790826361 4796
64 6532.72233785039 4876
65 6532.21328220899 4948
66 6531.67093550789 5022
67 6531.3747374072 5101
68 6531.6009080123 5176
69 6531.44347551526 5250
70 6530.71121872947 5328
71 6529.74351669905 5400
72 6529.60846601442 5478
73 6528.5757249322 5554
74 6528.36496440982 5629
75 6528.17486161984 5703
76 6527.54026412622 5776
77 6527.31255327425 5852
78 6527.29443140862 5928
79 6526.54718871686 6002
80 6526.02221655276 6079
81 6526.25196723348 6153
82 6525.84678652357 6229
83 6526.23439972043 6312
84 6525.80511453158 6385
85 6525.00167208536 6460
86 6525.06394090912 6532
87 6525.0880875026 6604

0 12475.0693932038 76
1 11701.9634660848 147
2 11634.1066414986 219
3 11924.5366669205 295
4 11628.1952960845 367
5 10929.2241210082 440
6 10984.7872322663 522
7 10409.9627816066 595
8 9827.57763840311 670
9 9902.75684076467 744
10 9510.37095180027 830
11 9121.13636342774 913
12 8943.2189927666 984
13 8856.95860961943 1059
14 8209.11994282189 1136
15 7958.42439861861 1208
16 7661.3950376381 1285
17 7632.83055044576 1362
18 7499.53583759396 1435
19 7576.06517866833 1512
20 7339.42412051871 1589
21 7185.32737229525 1665
22 7050.62824394629 1740
23 6978.14929593283 1816
24 6908.74711805698 1893
25 6865.66752906748 1970
26 6817.52805788643 2042
27 6783.46379946055 2123
28 6726.60514408981 2199
29 6700.09153810638 2274
30 6689.59047947066 2352
31 6667.12906971533 2424
32 6641.99788136404 2501
33 6639.26269394676 2576
34 6625.85076941568 2650
35 6606.29779230759 2730
36 6606.28373851792 2802
37 6597.68094562385 2875
38 6601.17578642612 2952
39 6590.77093162888 3025
40 6581.50484693298 3100
41 6579.51672920154 3173
42 6574.61587029206 3246
43 6568.12430349416 3321
44 6560.80632757607 3393
45 6561.36609191318 3465
46 6560.48913146826 3541
47 6558.9716988214 3614
48 6556.22648903784 3688
49 6551.61721039327 3762
50 6554.41143881651 3836
51 6549.61774291562 3912
52 6546.47416240146 3997
53 6543.97349590295 4074
54 6545.88138158718 4151
55 6543.12282801216 4224
56 6540.62709927358 4298
57 6540.77188429922 4377
58 6538.58591178747 4450
59 6537.98874091055 4526
60 6537.27121686376 4600
61 6534.89541287494 4673
62 6534.6411495279 4747
63 6535.16244492336 4820
64 6533.14641219968 4892
65 6533.3346725809 4969
66 6532.73274145077 5041
67 6533.48795906666 5120
68 6532.00574337515 5195
69 6531.27834876729 5268
70 6529.81933789784 5350
71 6529.8110662802 5423
72 6528.91345940179 5495
73 6528.56597389613 5581
74 6528.86884995311 5654
75 6527.45350490092 5728
76 6528.46148877072 5802
77 6527.42314322561 5875
78 6526.59471032021 5952
79 6526.59890348511 6029
80 6526.08537329717 6105
81 6526.08398112937 6182
82 6525.18935033634 6259
83 6525.67677278446 6332
84 6525.21113856596 6410
85 6525.61191795346 6483
86 6525.23641671074 6559
87 6525.37443040042 6633

0 11987.2609715965 75
1 11778.3601161581 159
2 12281.8826677056 231
3 11474.5886277308 304
4 11492.3214588924 393
5 11125.1898846961 474
6 11026.5170050075 552
7 10354.4041174992 627
8 9903.80968018977 700
9 9683.82058163162 779
10 9187.60877031225 854
11 9007.28876081886 931
12 8840.62299580237 1006
13 9142.36985010902 1081
14 8231.5830333577 1162
15 7908.12551812972 1234
16 7796.12197113468 1306
17 7681.06411003667 1380
18 7583.2565926903 1454
19 7627.93457719302 1531
20 7324.51683402788 1608
21 7197.98419685796 1680
22 7091.59549114207 1759
23 6950.30173216539 1838
24 6903.58722779692 1913
25 6800.77184741054 1992
26 6803.41724897465 2067
27 6753.7502482551 2142
28 6722.19665397643 2216
29 6711.93299702397 2288
30 6680.6898401789 2364
31 6666.97099383448 2437
32 6653.33053250978 2512
33 6638.1101706421 2588
34 6626.96391264453 2661
35 6615.20652242224 2734
36 6613.86514553514 2809
37 6606.96372928489 2883
38 6599.03918563717 2959
39 6585.64632121716 3032
40 6584.85878288037 3107
41 6579.92831286349 3189
42 6573.93427545037 3261
43 6565.02419598036 3336
44 6566.97027158058 3412
45 6559.86588147004 3486
46 6560.75633779856 3565
47 6553.73588193153 3643
48 6555.38826052994 3718
49 6553.22776812233 3798
50 6550.8387847942 3873
51 6550.61105464319 3954
52 6546.73898260969 4028
53 6544.90388785387 4103
54 6542.57888378839 4182
55 6541.9949518602 4256
56 6541.25713514895 4328
57 6539.65836611034 4407
58 6539.03506709713 4484
59 6538.890038396 4562
60 6537.7846485711 4642
61 6535.95081674987 4718
62 6534.31017518659 4793
63 6534.38023159294 4867
64 6534.09990839918 4940
65 6532.71474161276 5020
66 6532.00719849995 5095
67 6531.3425201778 5168
68 6532.02902822401 5247
69 6531.09636291245 5320
70 6530.31863009142 5394
71 6530.08873897967 5468
72 6529.42665554649 5540
73 6528.96779555723 5617
74 6528.29744296863 5690
75 6528.45693512462 5762
76 6527.81573656851 5843
77 6527.86545240508 5915
78 6526.81772712517 5989
79 6526.8760817864 6064
80 6527.13118681395 6137
81 6526.08430744437 6213
82 6525.77760506057 6287
83 6526.12667887501 6358
84 6525.33056069575 6434
85 6525.06603299697 6507
86 6524.58010044188 6581
87 6524.77847107499 6655

0 11859.423697483 74
1 11856.9057354463 148
2 11924.2055755557 222
3 12233.2130114811 297
4 10991.5945941151 376
5 10833.2832872238 450
6 10896.5568430875 527
7 10359.2426163942 613
8 9882.50379032477 686
9 9788.49276895589 762
10 9167.47370811747 835
11 9011.66450122512 908
12 8906.54573978856 989
13 8737.51080278663 1061
14 8292.36384455269 1135
15 7792.11762502505 1212
16 7874.41427643702 1287
17 7588.86250123849 1364
18 7528.42732666744 1439
19 7626.051084877 1517
20 7260.29057314414 1599
21 7198.64767408445 1675
22 6994.72057011116 1752
23 6983.69791223898 1834
24 6921.03510300758 1910
25 6829.05329644447 1989
26 6806.29487348544 2063
27 6751.57845324093 2136
28 6735.51802523937 2217
29 6704.1192877138 2295
30 6688.28623280749 2368
31 6659.35682726243 2444
32 6664.05415777576 2517
33 6628.79254456057 2593
34 6621.71422206995 2666
35 6621.47051102153 2740
36 6607.39560744955 2817
37 6593.90962680055 2890
38 6598.88032444137 2963
39 6586.83504190447 3041
40 6580.34956409229 3114
41 6574.89142606456 3192
42 6578.69868305425 3270
43 6567.65268893023 3344
44 6571.15839214641 3431
45 6567.48787274134 3504
46 6559.8820255337 3576
47 6557.37790332559 3654
48 6554.1346051366 3729
49 6551.31859056572 3802
50 6550.9754974392 3881
51 6548.32048297511 3956
52 6546.77501975235 4039
53 6543.96773874208 4116
54 6541.85638277111 4192
55 6542.00734950265 4269
56 6541.01488557052 4345
57 6540.41509547232 4422
58 6537.60635293162 4503
59 6536.14040551776 4579
60 6537.8449424295 4657
61 6535.32281807251 4731
62 6535.18528198406 4808
63 6534.53147864346 4887
64 6534.41143232402 4966
65 6533.01542777582 5048
66 6531.95625467622 5124
67 6531.49986190717 5198
68 6531.95848408431 5277
69 6530.96463091566 5351
70 6529.86483409046 5432
71 6529.02947286786 5505
72 6529.83279878785 5580
73 6528.63231598508 5658
74 6529.76846132322 5734
75 6527.92630111152 5812
76 6528.17797924524 5888
77 6527.71415485161 5961
78 6527.0738618355 6037
79 6526.4214956649 6116
80 6525.95577583036 6191
81 6526.88107959137 6277
82 6525.93735102978 6350
83 6525.57041518637 6423
84 6525.50409586364 6503
85 6525.86252894947 6576
86 6525.06242719143 6652
87 6524.8130473738 6727

0 11880.9247469944 75
1 11950.1862104751 151
2 11611.0599634792 224
3 11520.9893181831 300
4 11290.4763475504 380
5 11354.8162485197 454
6 10939.1121879577 528
7 10893.3580837112 608
8 9931.50132373302 680
9 10011.7426256344 758
10 9486.19396046644 830
11 8886.55267618389 903
12 8717.18729046867 984
13 9193.00856268069 1056
14 8239.92286519498 1129
15 7888.24252452202 1202
16 7718.11648294963 1273
17 7506.24002906127 1354
18 7630.08739880497 1425
19 7598.91595113487 1500
20 7449.31415005003 1579
21 7221.94459091349 1652
22 7049.9901254821 1730
23 6954.90439286779 1804
24 6883.62982637961 1880
25 6821.64491928408 1956
26 6811.60695573305 2028
27 6740.33505243649 2102
28 6752.66202189741 2182
29 6718.32297389426 2254
30 6686.98420263673 2331
31 6666.07812511974 2416
32 6640.76702439863 2489
33 6638.08590746936 2564
34 6630.01868004508 2638
35 6618.29669386237 2711
36 6611.74031298471 2788
37 6600.68465342351 2863
38 6596.64670084933 2939
39 6588.11878520914 3014
40 6579.81456231888 3091
41 6577.29718584367 3171
42 6571.39571577032 3248
43 6572.09772473955 3321
44 6565.79975097137 3401
45 6562.18695144179 3477
46 6556.99204858123 3551
47 6560.16055446592 3628
48 6553.22653359454 3705
49 6550.4729062082 3789
50 6553.05752725221 3865
51 6549.17001830468 3937
52 6546.73176203699 4015
53 6545.80321349988 4089
54 6545.17667107126 4164
55 6540.27068966036 4237
56 6542.90417824261 4312
57 6540.23969829478 4395
58 6538.11425966252 4471
59 6537.76131243713 4544
60 6538.69706823614 4624
61 6535.30837227165 4700
62 6534.72485092208 4776
63 6534.55631277117 4854
64 6532.94274499457 4930
65 6534.06320962109 5011
66 6532.85058796038 5088
67 6530.1043521182 5166
68 6530.88449308971 5251
69 6530.84994077777 5325
70 6530.7187100263 5406
71 6530.27276939983 5482
72 6529.6684804056 5557
73 6527.90066395915 5640
74 6528.75934023241 5713
75 6527.75868574469 5788
76 6527.79823509429 5862
77 6527.65986629327 5937
78 6527.04645336139 6016
79 6527.56599251325 6093
80 6527.28095342496 6168
81 6526.37299338405 6249
82 6525.93144703939 6323
83 6525.57222431788 6402
84 6525.40909947982 6476
85 6525.08803422758 6553
86 6524.91716980718 6637
87 6525.11060835564 6713

0 12247.2192063841 77
1 12143.6131947215 156
2 12004.4318972116 228
3 11787.824511801 302
4 11251.3799602136 376
5 11015.5169656772 452
6 10542.1641214728 534
7 10701.721118008 610
8 10110.6537953998 695
9 9588.40544733977 778
10 9314.50563040486 854
11 8869.41575151826 932
12 8873.38957264195 1012
13 8762.32699307691 1096
14 8398.13518755236 1184
15 8043.34054305198 1270
16 7735.87838220098 1357
17 7660.24679886141 1431
18 7591.71794162154 1504
19 7590.35686955679 1582
20 7395.09349308233 1658
21 7212.74829502834 1736
22 7021.70555035475 1813
23 6939.24808497874 1885
24 6895.25229423815 1971
25 6890.20456063761 2048
26 6801.6892375137 2127
27 6791.38599166765 2204
28 6748.55918770281 2280
29 6716.70988888179 2360
30 6683.70282809783 2436
31 6660.90482268281 2512
32 6658.11745260143 2589
33 6647.72066863965 2664
34 6620.47186187552 2750
35 6624.67366752865 2829
36 6607.75337304218 2900
37 6598.64594161401 2979
38 6590.43014789742 3056
39 6585.06747896866 3134
40 6579.23367467819 3215
41 6576.15328543538 3289
42 6568.48787839957 3371
43 6565.81526005049 3447
44 6564.08913748112 3520
45 6563.92011945152 3600
46 6558.09287668285 3676
47 6556.98548243424 3759
48 6551.78417220048 3839
49 6550.64205622665 3915
50 6550.7012620146 3995
51 6548.46289379552 4067
52 6548.00015602983 4145
53 6547.90204890387 4223
54 6542.71191711658 4298
55 6542.63786841984 4380
56 6541.04488137694 4457
57 6539.29537078291 4530
58 6539.18305520514 4609
59 6539.41169487421 4686
60 6537.2885699474 4765
61 6535.46722562241 4840
62 6535.57672952834 4917
63 6533.60263605623 4998
64 6533.60517531457 5073
65 6532.0851461442 5146
66 6533.28959810604 5223
67 6531.75501249079 5299
68 6531.2636609822 5374
69 6531.68146380354 5453
70 6529.48581661744 5526
71 6529.83691992324 5609
72 6529.55119964149 5688
73 6528.79106217016 5768
74 6528.45107660096 5842
75 6527.72527343167 5915
76 6527.75153316224 5992
77 6527.81423227909 6066
78 6527.11102815141 6140
79 6527.22867607143 6221
80 6526.07791655377 6297
81 6525.56130466809 6375
82 6525.6053289592 6453
83 6525.70818677615 6531
84 6525.80925944312 6608
85 6525.30110513589 6681
86 6525.24321644376 6757
87 6525.02044162484 6837

0 11888.1201260874 75
1 11940.4216118652 150
2 11800.8153997408 227
3 11794.8116561529 301
4 11803.9712936563 384
5 11145.8973114828 457
6 10473.9752023604 530
7 10333.0849495988 608
8 9812.80693653712 684
9 9873.95202051802 757
10 9182.96419180543 830
11 8821.34908939925 901
12 8914.34699333388 981
13 9057.25279586337 1054
14 8161.43938295003 1129
15 7860.9574172277 1209
16 7721.95675554101 1281
17 7584.70514549515 1354
18 7564.29523117671 1430
19 7521.93582502642 1502
20 7393.9522315851 1579
21 7177.16774640379 1656
22 7014.56651037134 1729
23 6995.25022616706 1812
24 6895.58830303466 1885
25 6837.39501554601 1958
26 6811.20803395338 2033
27 6760.58722161391 2111
28 6727.51364531953 2189
29 6690.82892494806 2261
30 6694.06446121187 2334
31 6678.98965660569 2412
32 6665.09417562476 2484
33 6639.11958404014 2557
34 6630.08130254845 2639
35 6622.83922289842 2716
36 6608.25765875819 2794
37 6601.78176062386 2873
38 6594.72102648242 2949
39 6594.12623220142 3034
40 6579.72791409696 3110
41 6570.66214689215 3187
42 6571.30319476108 3263
43 6568.19550815995 3337
44 6570.53710047778 3412
45 6560.83780757311 3487
46 6557.01038823256 3562
47 6557.1586989987 3640
48 6554.2890804717 3712
49 6551.40236382692 3787
50 6547.40019842896 3862
51 6545.92742687326 3935
52 6545.43963312936 4013
53 6544.07411929847 4087
54 6544.40226876131 4162
55 6542.39396541462 4242
56 6541.83548607274 4316
57 6540.99878280367 4392
58 6538.03384665849 4476
59 6537.80306812219 4553
60 6536.31649411408 4633
61 6534.08906515475 4706
62 6534.35966443151 4779
63 6534.51450466418 4855
64 6533.87044731533 4926
65 6533.6444208331 5001
66 6532.20865002664 5075
67 6532.47288095 5149
68 6532.21046423346 5223
69 6530.61987259925 5298
70 6530.50274355583 5370
71 6529.73795263079 5447
72 6530.489183045 5521
73 6528.4249047509 5595
74 6527.97103957176 5672
75 6528.37544811204 5744
76 6527.35727879339 5816
77 6528.13602880352 5895
78 6528.22976026475 5968
79 6526.98334187557 6045
80 6526.99358669804 6119
81 6526.76356654197 6194
82 6526.41556964931 6273
83 6526.13455531923 6350
84 6525.31203741395 6424
85 6525.8092457361 6504
86 6525.23977564512 6578
87 6524.96421350905 6658

0 11773.736861811 76
1 11958.1323617447 149
2 11815.8428624816 228
3 11251.6087428807 302
4 11677.1853960117 379
5 11411.963136356 453
6 11196.2092264992 533
7 10561.7780066794 616
8 10015.0851971304 690
9 9550.74819078388 763
10 9546.63521931901 840
11 8971.06802504978 913
12 8640.80137531773 986
13 9039.99523810908 1064
14 8386.24421368946 1135
15 8032.32860826493 1213
16 7806.84718873917 1286
17 7641.74846162605 1362
18 7562.67606171794 1440
19 7526.04226879855 1513
20 7301.19179834937 1589
21 7134.54831028163 1667
22 7010.53759680377 1742
23 6977.16259050605 1820
24 6864.020524722 1898
25 6841.43752244459 1971
26 6800.16206432087 2055
27 6739.92072077721 2128
28 6729.00474943572 2202
29 6699.76880854382 2273
30 6692.67715189013 2345
31 6652.96710626101 2422
32 6653.24639936421 2496
33 6634.98683882917 2568
34 6636.20472298868 2649
35 6620.22090092515 2722
36 6603.37789281599 2794
37 6605.87595717551 2873
38 6588.64206431391 2946
39 6580.74111873989 3021
40 6578.63421592944 3097
41 6577.20542182979 3171
42 6570.98434643323 3248
43 6563.97771917117 3320
44 6566.63931887419 3393
45 6560.26238043154 3479
46 6562.27942539912 3552
47 6556.20171465211 3624
48 6551.56661505318 3698
49 6552.18054931364 3774
50 6550.64371799951 3850
51 6547.59600576605 3926
52 6544.10729627977 4002
53 6545.2250727727 4080
54 6545.69428050586 4152
55 6540.25090138788 4227
56 6541.71647553461 4304
57 6540.78520358009 4380
58 6539.32378575954 4460
59 6537.36253050832 4532
60 6535.7696031189 4609
61 6535.75535956249 4689
62 6534.68097180597 4762
63 6535.41732966846 4840
64 6533.241338016 4919
65 6533.52536981755 4991
66 6532.04530811424 5071
67 6531.42532611137 5148
68 6530.67142491057 5222
69 6530.08050084722 5300
70 6529.82220136917 5375
71 6528.56777979246 5454
72 6529.06283671091 5537
73 6529.15891256432 5610
74 6528.72472860866 5685
75 6528.18996337483 5758
76 6528.20132087346 5831
77 6527.3872654239 5906
78 6527.78626048193 5978
79 6526.61685849011 6052
80 6526.29407352485 6133
81 6526.11521307552 6207
82 6525.64752764957 6287
83 6525.06502486831 6359
84 6524.80265670906 6432
85 6524.9050187996 6508
86 6524.48140805983 6582
87 6525.02769710711 6654

0 12053.758249786 76
1 12114.4525365908 148
2 12484.3451476096 221
3 11780.6285210716 293
4 11554.316647853 366
5 10758.9485260675 440
6 10560.4325149896 513
7 10160.7945993794 587
8 10228.9306681087 668
9 9941.64016976615 740
10 9305.26123381522 818
11 8902.38683702763 897
12 8673.94118178646 970
13 8912.23853234691 1051
14 8209.1446427511 1127
15 8027.80493299557 1202
16 7746.05382168601 1281
17 7714.93494634876 1353
18 7650.79945570096 1431
19 7494.14874433648 1512
20 7316.63694736748 1586
21 7220.14631903301 1667
22 7090.62631672003 1741
23 6956.26418258514 1815
24 6887.75225228648 1894
25 6816.75088199733 1967
26 6824.09840200066 2047
27 6754.21553536033 2124
28 6728.59223716336 2202
29 6715.6419558268 2285
30 6687.06914373727 2358
31 6667.48716537754 2432
32 6652.10150171242 2512
33 6639.24767161343 2585
34 6624.69550841145 2659
35 6616.5372241122 2732
36 6607.58159681442 2806
37 6601.09358408634 2886
38 6590.00932994621 2964
39 6588.60520460395 3040
40 6571.39767371479 3117
41 6574.1501428653 3192
42 6573.24286537849 3270
43 6564.8932578711 3348
44 6565.92587687711 3422
45 6564.10605711371 3501
46 6559.62824473085 3574
47 6556.82272619172 3647
48 6556.78878739017 3730
49 6553.52322530475 3805
50 6551.72211996871 3892
51 6549.08085568347 3965
52 6546.91013412061 4041
53 6544.29352659024 4119
54 6542.03764128231 4195
55 6541.93274036069 4270
56 6540.04066781032 4346
57 6539.48456486844 4417
58 6538.89745084477 4494
59 6538.47299205754 4567
60 6537.1404402845 4642
61 6534.99085676318 4720
62 6535.75195438215 4793
63 6533.68631418774 4870
64 6533.57387557383 4943
65 6533.2637921745 5016
66 6532.28936318287 5090
67 6531.12992056326 5164
68 6531.86872451677 5237
69 6529.23662599789 5313
70 6530.64821082183 5386
71 6529.99813388007 5460
72 6528.99627247689 5536
73 6528.4768909303 5608
74 6528.16873143995 5681
75 6528.4780727898 5754
76 6527.80336087195 5828
77 6527.11364758019 5905
78 6527.48809113845 5978
79 6526.72672027932 6050
80 6527.14748586042 6127
81 6526.53756876739 6200
82 6525.45213867931 6273
83 6525.91158560835 6349
84 6525.518071996 6421
85 6525.21993723414 6493
86 6525.0397418664 6572
87 6524.48312254627 6645

0 11731.2243694583 75
1 11951.7576692092 146
2 11573.8760540612 218
3 11475.631606906 295
4 11566.3021421737 368
5 11143.1225946251 440
6 10720.137630373 515
7 10222.7929292824 589
8 9755.42619459927 662
9 9899.621823294 738
10 9390.41561634685 812
11 9070.01562679626 889
12 8640.45390058845 966
13 8728.01210304847 1039
14 8323.02430414272 1115
15 7931.76721762313 1189
16 7698.27969746857 1261
17 7675.28161976901 1341
18 7692.68351496643 1413
19 7552.99170911599 1487
20 7309.52155357454 1562
21 7137.44414781174 1637
22 7071.01469536367 1715
23 6982.95577027552 1791
24 6907.95346936798 1866
25 6843.63592026417 1947
26 6802.10496948152 2020
27 6756.75134035895 2097
28 6712.15865684359 2173
29 6702.89650259422 2253
30 6669.23755052804 2329
31 6657.9139538826 2403
32 6654.14907229209 2475
33 6635.97928174974 2548
34 6623.17171107441 2622
35 6604.7903744816 2699
36 6611.67772507125 2775
37 6604.63971486019 2848
38 6589.14613681569 2924
39 6582.90128603163 3000
40 6582.31154682916 3076
41 6577.46726708817 3153
42 6575.04172474739 3226
43 6570.10439476587 3302
44 6562.44618221952 3374
45 6563.31612382939 3445
46 6561.28290312509 3520
47 6556.67214361245 3594
48 6554.17488989071 3667
49 6554.00775157269 3749
50 6555.51266250243 3825
51 6547.62079540775 3899
52 6545.2836991482 3973
53 6545.4400952862 4046
54 6544.45677658658 4122
55 6540.16241107652 4197
56 6541.59123585724 4271
57 6540.68417258705 4348
58 6539.03236320175 4421
59 6539.4232642088 4495
60 6536.48936074063 4571
61 6536.40840447904 4643
62 6535.44067910868 4720
63 6534.28500524182 4794
64 6534.47433502552 4868
65 6532.55151990022 4947
66 6533.2564719913 5024
67 6531.70864402453 5097
68 6530.82833204637 5174
69 6530.60239549323 5247
70 6530.46472785119 5321
71 6529.95146362731 5398
72 6528.90735101657 5471
73 6528.56970852576 5554
74 6528.82873624095 5632
75 6527.05356241386 5705
76 6527.25667936777 5785
77 6526.59455425334 5857
78 6527.30421455845 5933
79 6526.42666020042 6014
80 6526.8094757603 6090
81 6525.94070250781 6169
82 6525.30840954768 6246
83 6525.08191049631 6323
84 6525.28739119183 6399
85 6525.43179058956 6476
86 6524.73627517148 6551
87 6524.8665227196 6628

0 12019.7306569946 76
1 11752.0574899319 155
2 12230.6430539095 230
3 11826.9048973973 304
4 11904.5838845162 385
5 11052.4319363438 459
6 10259.8316702336 535
7 10248.7800550126 612
8 9996.79628831036 693
9 9738.39774017805 782
10 9187.76021532824 862
11 9029.58217676511 938
12 8925.69392724638 1012
13 9168.95572379066 1085
14 8369.86815255155 1161
15 8021.08512734566 1236
16 7615.41719570196 1310
17 7567.09542791633 1385
18 7583.45778688769 1458
19 7655.24216635686 1535
20 7302.10354167877 1612
21 7155.12848838366 1687
22 7064.60251326203 1774
23 7001.89546230979 1846
24 6920.39488677966 1919
25 6827.05000615509 2000
26 6827.19166017424 2075
27 6736.68402655975 2150
28 6703.81443602252 2226
29 6707.00029708754 2299
30 6692.82393829534 2376
31 6675.64753582842 2453
32 6644.59248830885 2526
33 6627.63242185736 2606
34 6623.21418380131 2682
35 6610.34762437271 2758
36 6607.13230258355 2833
37 6594.68118937513 2910
38 6595.11594379492 2991
39 6588.36624535248 3063
40 6584.06568535119 3141
41 6578.47609235383 3226
42 6570.80423203018 3299
43 6574.16258240521 3374
44 6560.37027809221 3453
45 6560.3130706747 3527
46 6557.67311441083 3604
47 6557.14780885479 3679
48 6555.76433836907 3755
49 6551.19470554707 3832
50 6551.26913166097 3908
51 6545.1088082032 3985
52 6547.06322897491 4062
53 6546.36241010422 4139
54 6543.2617140643 4218
55 6539.82431308746 4292
56 6538.93523877773 4369
57 6540.77895208618 4445
58 6540.21365524168 4520
59 6537.62590409067 4595
60 6537.73790664637 4674
61 6539.6692274717 4748
62 6536.83614013236 4829
63 6535.19522179964 4903
64 6532.30466744616 4978
65 6532.5304370152 5058
66 6532.78943222727 5135
67 6531.72490887619 5212
68 6531.31765089529 5290
69 6530.91657275693 5366
70 6530.87909537059 5447
71 6529.07298810803 5523
72 6529.3477728383 5599
73 6529.06267539401 5682
74 6528.946298461 5763
75 6527.80083316489 5848
76 6527.89572228042 5920
77 6527.6554424758 5993
78 6527.40140765715 6070
79 6527.56401110242 6145
80 6526.45753430598 6224
81 6526.25764889833 6298
82 6526.26000116853 6373
83 6525.35630715662 6452
84 6525.80827697434 6525
85 6525.56262384631 6600
86 6524.92308337124 6678
87 6524.84574928913 6753

0 12058.4998194361 79
1 12557.9944350021 151
2 11911.7313764725 225
3 11796.2918199732 305
4 11454.3062625879 380
5 11259.6431676943 454
6 10738.48748922 532
7 10476.1935301881 607
8 9914.94355791295 690
9 9506.31296728381 762
10 9707.05381033419 837
11 8891.18533198719 919
12 8788.43941005175 995
13 9074.78532070206 1072
14 8297.83542811288 1149
15 8049.36328777983 1225
16 7754.18112601487 1305
17 7717.87094564782 1379
18 7640.8511456391 1454
19 7529.28562196174 1531
20 7365.13578859022 1604
21 7246.06301101366 1681
22 7100.05576494966 1756
23 6943.19093188441 1830
24 6895.1051892591 1909
25 6844.90840109679 1987
26 6765.62632277549 2061
27 6748.79323663147 2146
28 6741.29507128198 2219
29 6720.62341363912 2294
30 6691.48780984992 2368
31 6670.61263509452 2442
32 6641.04637888184 2521
33 6642.94363341063 2593
34 6621.91833359458 2666
35 6610.4954708216 2745
36 6608.0597232411 2823
37 6614.0438913375 2900
38 6598.3543737266 2976
39 6588.4866279358 3050
40 6584.43182720671 3129
41 6574.60568849555 3207
42 6572.13474607946 3285
43 6573.63695784818 3362
44 6567.9975874659 3436
45 6561.22807167938 3511
46 6563.94490078864 3587
47 6553.95690135797 3662
48 6556.55517029132 3740
49 6550.56617938639 3821
50 6548.51626511388 3909
51 6549.2967315857 3992
52 6547.63656023572 4064
53 6546.24371607288 4144
54 6545.00255222695 4218
55 6541.03008940194 4293
56 6540.87897260309 4370
57 6539.17161392275 4442
58 6539.83385051367 4515
59 6538.73384041363 4588
60 6537.51922793271 4665
61 6535.70167893182 4744
62 6533.53537007004 4826
63 6534.96143058226 4906
64 6532.82227564619 5002
65 6532.39430536986 5075
66 6530.17433865921 5152
67 6531.25579385367 5224
68 6531.28644620535 5299
69 6530.01861698143 5378
70 6529.35509642995 5449
71 6529.7796586666 5527
72 6528.98393519108 5605
73 6529.1915576358 5677
74 6528.44240997932 5759
75 6528.37578644763 5832
76 6527.35554777042 5905
77 6527.16896499139 5981
78 6526.83998258079 6054
79 6526.54221033941 6128
80 6526.30836299154 6201
81 6525.86975525912 6273
82 6526.34118806033 6351
83 6525.79704900539 6425
84 6525.63169707071 6500
85 6525.37423431974 6580
86 6524.7375223552 6656
87 6524.63775379893 6730

0 11884.7580905067 80
1 11989.9160847451 152
2 11627.85990765 224
3 12090.4448705559 302
4 11628.4191818413 376
5 10976.5533617571 459
6 10660.8327759607 538
7 10405.0323099931 613
8 9937.88979395151 690
9 9539.93889516642 764
10 9176.51668389583 843
11 9215.53213461563 918
12 8921.64967706906 993
13 8784.14598250232 1077
14 8259.86768817178 1152
15 7938.79128509554 1229
16 7729.20142531271 1308
17 7579.88357723787 1384
18 7557.92132842041 1465
19 7621.58030152984 1536
20 7307.15737829175 1608
21 7161.15238950181 1687
22 7039.01218130652 1761
23 6938.84141357675 1834
24 6942.26716310384 1909
25 6837.32255224985 1984
26 6799.12817341603 2061
27 6759.32955865331 2137
28 6729.01253507399 2212
29 6693.06917765859 2296
30 6684.35065832604 2368
31 6668.01178097453 2444
32 6641.8572870289 2520
33 6629.02055215729 2594
34 6631.01728495224 2673
35 6626.68341014858 2747
36 6606.05038205827 2820
37 6603.43838649624 2897
38 6592.0284293257 2968
39 6596.31782891277 3040
40 6582.8868219219 3116
41 6568.5219638469 3188
42 6575.35126397051 3263
43 6568.05742382992 3340
44 6565.74244650595 3415
45 6565.00968184246 3494
46 6560.79586541912 3568
47 6558.13524345233 3641
48 6556.01661345055 3716
49 6549.52250684153 3789
50 6551.40628842775 3863
51 6551.98436797269 3940
52 6548.41296315226 4013
53 6543.5331690401 4088
54 6541.62314926401 4163
55 6541.25057757455 4234
56 6539.67348045467 4309
57 6539.89640388699 4383
58 6539.53501028551 4458
59 6538.21502570206 4534
60 6538.30978925128 4607
61 6535.82796122477 4681
62 6535.45156021963 4754
63 6533.77365130394 4827
64 6532.6027909491 4900
65 6533.18706004517 4973
66 6532.1753039083 5048
67 6530.90584952712 5123
68 6530.86557896504 5198
69 6530.55683521727 5271
70 6530.78321763309 5351
71 6528.95050688888 5423
72 6528.32252597483 5499
73 6528.18125639871 5572
74 6527.8199314407 5645
75 6527.25300616937 5722
76 6527.21221530364 5795
77 6527.21088329941 5867
78 6526.64538002043 5946
79 6526.72348934796 6022
80 6526.67210467479 6097
81 6526.60164065162 6175
82 6525.60193526826 6249
83 6525.8653165853 6327
84 6525.45453254503 6400
85 6525.36976825643 6474
86 6525.04658791325 6553
87 6524.8352659707 6626

0 12314.2635717702 75
1 12108.0807658771 149
2 11506.8349455737 222
3 11638.7417066488 295
4 11339.1750444076 369
5 11088.84021435 443
6 10622.9271958279 518
7 10939.752149002 591
8 9832.40826145162 670
9 9951.82625901334 745
10 9439.12511491367 820
11 8924.80788340979 894
12 9209.08120636485 968
13 8753.92388464511 1040
14 8129.96238751606 1116
15 8077.02537186369 1189
16 7826.35744456575 1262
17 7710.72415201639 1339
18 7686.74891834144 1411
19 7570.43897007979 1485
20 7375.97899180603 1564
21 7176.85731540457 1637
22 7015.33264684908 1717
23 6972.97495358266 1790
24 6914.23738829619 1862
25 6887.75693323882 1942
26 6810.53665464409 2015
27 6742.46837261639 2087
28 6763.28734566476 2168
29 6699.36972697436 2240
30 6682.64470826942 2317
31 6663.16879096549 2392
32 6651.65281788498 2468
33 6632.78716545503 2543
34 6622.46838755936 2616
35 6613.32874136556 2693
36 6605.82581861436 2769
37 6598.74879635108 2844
38 6591.1497810432 2918
39 6585.25367480535 2995
40 6589.16619684681 3067
41 6577.84961137145 3145
42 6571.55188907397 3218
43 6568.88968214924 3292
44 6566.53896887088 3370
45 6562.86618798822 3445
46 6563.3477266025 3519
47 6556.10875495126 3601
48 6554.73031057426 3675
49 6553.00709569792 3753
50 6548.45310243208 3830
51 6549.92712389128 3905
52 6544.8872356991 3985
53 6546.8000072118 4059
54 6545.07794993094 4135
55 6540.86402669146 4209
56 6542.68234228202 4284
57 6539.07310412107 4362
58 6538.0576535508 4435
59 6536.93531256881 4509
60 6536.47746316412 4594
61 6536.70756342641 4669
62 6534.98274191212 4743
63 6533.68178420073 4820
64 6532.72755471317 4894
65 6533.29111487432 4972
66 6533.035416501 5046
67 6531.22776718357 5120
68 6531.1042858202 5199
69 6529.47859876234 5271
70 6529.72162569193 5344
71 6530.49503164398 5417
72 6529.64127783381 5491
73 6528.55157689635 5566
74 6528.69340692409 5643
75 6528.3293149932 5720
76 6527.49749726761 5803
77 6526.52710057465 5876
78 6526.96335182967 5952
79 6526.2758308773 6032
80 6526.86592964569 6105
81 6526.11397315995 6179
82 6525.88792044198 6253
83 6525.53458544976 6328
84 6526.18610042064 6407
85 6525.41670782615 6479
86 6524.60598502679 6552
87 6524.66471761272 6630

0 12078.6690927845 72
1 11761.9322086113 146
2 11824.9130866828 221
3 11826.3769711963 295
4 11370.2178590654 376
5 11178.9862141893 449
6 10977.353156552 526
7 10639.3576765873 610
8 10159.8099625007 687
9 9579.40154747309 766
10 9528.75928318274 840
11 8974.68520848686 913
12 8820.36657911393 991
13 8814.56735791496 1063
14 8310.00198567899 1137
15 8013.21537953901 1215
16 7647.33377952675 1286
17 7518.91422182484 1360
18 7567.42010146679 1435
19 7624.73814487366 1508
20 7361.7759373452 1587
21 7180.72869786464 1662
22 7031.7239456067 1738
23 6936.99475240258 1817
24 6900.42323109643 1891
25 6854.34105097711 1968
26 6778.73052575293 2046
27 6761.98782424292 2121
28 6741.00755627948 2198
29 6716.56636865636 2271
30 6686.7070148778 2346
31 6664.51063982294 2425
32 6651.84872670703 2498
33 6629.24780226716 2573
34 6617.61741372989 2646
35 6618.05736212121 2720
36 6603.02652243876 2796
37 6599.48162202955 2870
38 6595.20642103583 2943
39 6591.8528178862 3022
40 6580.79864244689 3098
41 6576.45028492417 3172
42 6574.22628423665 3249
43 6565.35584442897 3325
44 6565.48831690219 3403
45 6562.0333660884 3479
46 6561.90215597289 3552
47 6554.48436718153 3630
48 6556.7196764742 3703
49 6554.95495416759 3776
50 6546.71065463025 3853
51 6552.05373276805 3925
52 6548.48376002528 3999
53 6544.83796633039 4083
54 6542.96932805035 4158
55 6541.31522788466 4233
56 6542.10789732209 4306
57 6541.58183641114 4378
58 6538.34476848091 4456
59 6538.27038218685 4529
60 6538.11456102616 4604
61 6534.1482615482 4687
62 6535.6697729209 4759
63 6535.13147921514 4839
64 6534.44866024189 4911
65 6533.64718796508 4985
66 6531.6510067293 5062
67 6532.90774840386 5136
68 6529.68964997716 5210
69 6530.62330649451 5288
70 6530.61689308104 5364
71 6529.76220238166 5446
72 6529.77423429129 5521
73 6529.2750881361 5593
74 6528.58192213503 5673
75 6528.07999091082 5745
76 6528.26441268655 5819
77 6527.96776289892 5894
78 6526.58916937448 5969
79 6526.60123075208 6049
80 6526.4905971746 6125
81 6526.10310491302 6200
82 6525.792667139 6283
83 6525.66699291612 6357
84 6525.40990860987 6436
85 6525.0628594186 6509
86 6525.03151356557 6580
87 6524.19761337355 6656

0 11667.4578708453 74
1 11736.7515201876 149
2 11958.9888711369 227
3 11406.3127294428 300
4 11627.8583245577 373
5 10879.0902741784 447
6 10690.3753103784 521
7 10616.1870243033 597
8 9968.00293679074 670
9 9720.25736251706 742
10 9369.96009177164 826
11 9038.41508214429 901
12 8845.55196941953 974
13 8637.1229008238 1050
14 8276.13196337181 1125
15 7894.55112432939 1198
16 7783.96792667622 1270
17 7694.69550843459 1343
18 7708.07412907538 1422
19 7599.16746514588 1498
20 7359.1680381498 1575
21 7204.84930711907 1652
22 7046.17288200261 1727
23 6946.62338014707 1803
24 6881.87267818392 1879
25 6846.90049128352 1951
26 6802.44777698061 2031
27 6761.9694608549 2106
28 6724.50633419263 2183
29 6720.2339988895 2271
30 6685.62923524888 2348
31 6658.79027094564 2429
32 6647.38165952752 2501
33 6653.02868614993 2575
34 6635.00629589788 2654
35 6607.1791001855 2730
36 6621.59305308294 2804
37 6599.33298850187 2883
38 6586.83507501357 2956
39 6585.49489634145 3031
40 6576.91240474386 3108
41 6572.86861920244 3183
42 6569.85068628282 3259
43 6568.07345510044 3334
44 6567.99673001853 3408
45 6562.9440263905 3483
46 6558.96814437824 3556
47 6558.64848884002 3632
48 6553.57497514049 3708
49 6550.79046714483 3780
50 6552.37496776266 3859
51 6549.75112131413 3933
52 6545.80264605682 4008
53 6546.86654514403 4089
54 6542.41105046173 4166
55 6543.32074883695 4244
56 6540.03787540461 4322
57 6536.71856990882 4398
58 6537.92537142457 4477
59 6536.10802920817 4553
60 6536.74353619809 4632
61 6535.86068166112 4710
62 6533.92382390539 4788
63 6535.24277257045 4869
64 6533.26565123018 4943
65 6533.2987435725 5019
66 6533.11000162899 5102
67 6532.87152717563 5174
68 6531.24426928443 5250
69 6530.75268305563 5323
70 6529.68192685826 5398
71 6530.09497432657 5478
72 6529.18923522523 5552
73 6529.77058241327 5626
74 6528.51471704924 5704
75 6528.79131974069 5778
76 6527.65279748054 5852
77 6526.60569922187 5926
78 6527.34195833351 6003
79 6526.70181920129 6079
80 6526.31991178996 6152
81 6526.61894489275 6225
82 6526.23939109528 6303
83 6525.90762811836 6375
84 6525.21221401377 6449
85 6525.10878205725 6534
86 6525.48909204086 6610
87 6525.07707618917 6689

0 11599.533160215 75
1 12043.3213389399 148
2 11672.9200412488 228
3 11581.4131032853 305
4 11467.9295563896 382
5 11047.4950945755 456
6 10575.7049289535 534
7 10266.1367927642 612
8 9959.95760283192 685
9 9931.73064959421 762
10 9256.24699060016 843
11 8960.77471692381 916
12 8927.01334103231 993
13 9074.76969187429 1069
14 8358.14926597963 1141
15 8128.3891320449 1223
16 7605.31770331654 1296
17 7602.26778635018 1368
18 7592.10766097203 1445
19 7658.92513171719 1517
20 7415.89035764134 1589
21 7103.52914737988 1668
22 7064.60721777093 1742
23 6968.44593857327 1816
24 6893.7907368279 1894
25 6865.12100044127 1967
26 6800.16692123966 2044
27 6789.36928232485 2126
28 6731.67831829189 2201
29 6689.05742846679 2279
30 6667.3049022595 2355
31 6653.90361442746 2433
32 6648.75493894153 2507
33 6633.9370971819 2580
34 6631.88697326724 2666
35 6611.4109855019 2743
36 6614.28608180345 2823
37 6603.34339386408 2898
38 6587.57471455293 2973
39 6589.73795941335 3051
40 6581.8087166519 3125
41 6579.40404232592 3197
42 6569.89234489208 3277
43 6568.14197645446 3354
44 6563.18357956758 3428
45 6561.4354651197 3504
46 6561.46574518406 3577
47 6557.66578762343 3653
48 6557.15425256755 3729
49 6550.73549633205 3805
50 6553.82172715017 3883
51 6547.58920277874 3957
52 6548.14026356499 4031
53 6548.05783208351 4114
54 6543.94860521082 4187
55 6542.08538131546 4264
56 6540.90262672085 4340
57 6539.83111678154 4413
58 6539.11384362267 4487
59 6536.55768038215 4560
60 6535.80283764404 4632
61 6536.87450241074 4708
62 6534.43803616284 4781
63 6533.6436247251 4859
64 6533.52825708861 4935
65 6532.33999538827 5010
66 6532.57242085972 5087
67 6531.31002541301 5162
68 6530.47373408718 5234
69 6530.54568337161 5313
70 6530.34140279734 5385
71 6529.75086819436 5460
72 6530.32342614379 5544
73 6528.91624222445 5618
74 6528.48727788265 5703
75 6528.77173523145 5779
76 6528.24536666919 5853
77 6526.84381092748 5930
78 6526.90196179468 6007
79 6526.85477379695 6082
80 6525.97630140794 6154
81 6526.76256172042 6227
82 6525.7152758131 6304
83 6525.75993856956 6378
84 6525.22876096116 6451
85 6525.23202325982 6527
86 6525.22262654265 6600
87 6524.58785962332 6674

0 11641.0878181696 76
1 11791.5928128546 148
2 11882.1330861058 225
3 11624.01530999 299
4 10748.3174809777 373
5 11240.2043711983 448
6 10988.8189161389 526
7 10448.7911377809 598
8 9724.33366972527 675
9 9747.5988176041 747
10 9309.97750870357 819
11 8901.34166086658 897
12 9181.86372221026 972
13 8902.94519277 1051
14 8317.50596185061 1123
15 7964.13344328984 1199
16 7672.39966993506 1277
17 7644.93740780202 1350
18 7518.82247498363 1425
19 7665.46145898128 1501
20 7252.67685337396 1572
21 7234.04990654281 1650
22 7048.46970609083 1728
23 7000.56835432492 1801
24 6885.61686547361 1878
25 6830.56506132824 1950
26 6803.28962748723 2024
27 6744.01771292973 2105
28 6725.87541442697 2179
29 6698.39212196033 2259
30 6659.6519885822 2336
31 6670.1708574274 2410
32 6647.17845582322 2488
33 6634.34828686557 2561
34 6626.3410873062 2639
35 6622.7736950007 2716
36 6612.46334374076 2789
37 6596.40891729787 2865
38 6591.03311323235 2941
39 6591.27462903632 3016
40 6586.07614174075 3099
41 6581.3515539166 3176
42 6573.22954989983 3250
43 6566.73191141205 3329
44 6566.0958556558 3403
45 6561.64211722527 3480
46 6560.08704747116 3552
47 6563.28528060761 3625
48 6554.56877938041 3703
49 6550.23551723933 3776
50 6549.91675154117 3848
51 6545.6221071243 3923
52 6546.57304243616 3996
53 6545.15843302196 4073
54 6543.49287397569 4156
55 6544.14572699002 4230
56 6542.49823899202 4306
57 6541.79211384478 4383
58 6540.37105821417 4457
59 6538.46618491104 4536
60 6537.03709668139 4610
61 6534.38175036544 4690
62 6533.28287194703 4764
63 6535.21516214239 4837
64 6534.5151189494 4913
65 6532.12671562787 4985
66 6531.41889330476 5057
67 6530.30044018095 5134
68 6531.86970621675 5206
69 6530.78492152004 5282
70 6529.74388301566 5358
71 6530.13686566371 5433
72 6529.88818797532 5507
73 6529.48928712306 5582
74 6527.72521260985 5657
75 6527.58366650986 5734
76 6527.64504377871 5807
77 6526.52542308472 5881
78 6527.1340376705 5962
79 6526.55775601295 6039
80 6526.29906267829 6114
81 6526.11742208989 6191
82 6526.0324201851 6265
83 6526.38399861021 6342
84 6525.77754627091 6415
85 6525.08534215399 6489
86 6525.08360731851 6565
87 6524.72019833651 6639

0 11840.5990290833 78
1 11598.7346966986 152
2 12340.7083134206 225
3 11851.0328457098 304
4 11915.1938296947 377
5 11256.2359784099 450
6 10428.4044168557 525
7 10647.3554043985 600
8 9975.0644949476 677
9 9873.85550871179 750
10 9637.91920037064 823
11 8898.98449238981 902
12 9235.10573489095 977
13 8924.97862124264 1054
14 8289.26260749238 1136
15 7929.98898364667 1210
16 7673.07152745137 1285
17 7737.68387899572 1358
18 7537.70876840731 1434
19 7629.48476068319 1509
20 7341.79026060319 1581
21 7191.44766510657 1657
22 7027.24402335241 1737
23 6978.59915241581 1814
24 6876.48427239844 1891
25 6847.74117492576 1970
26 6811.76077312433 2045
27 6738.304409428 2133
28 6717.44071256853 2207
29 6690.02786336931 2285
30 6693.98994412802 2366
31 6670.94240012938 2440
32 6653.39492931908 2522
33 6629.90319624676 2597
34 6636.62335661082 2670
35 6619.27722763952 2748
36 6607.32442615135 2821
37 6604.94670694983 2897
38 6592.30266567177 2973
39 6582.59626223695 3051
40 6581.2286454439 3131
41 6575.66736184333 3205
42 6571.79206025413 3278
43 6574.20635677915 3357
44 6567.15479933774 3432
45 6561.65577332252 3507
46 6556.97223642971 3590
47 6551.08231779047 3663
48 6553.64912579784 3742
49 6553.46335474011 3818
50 6549.29935055884 3891
51 6547.72139444374 3968
52 6550.72906168904 4041
53 6544.00973102318 4118
54 6544.78186270439 4194
55 6541.78105637659 4270
56 6541.37094309755 4345
57 6537.54964394122 4418
58 6536.19764944366 4492
59 6538.71553061214 4569
60 6537.95498756181 4646
61 6534.6908366716 4724
62 6533.52354145427 4804
63 6534.81286603092 4879
64 6532.96888697197 4962
65 6532.9192064821 5040
66 6532.45798454205 5113
67 6531.85818620868 5193
68 6530.43468664171 5269
69 6530.9662320952 5346
70 6529.89300927996 5423
71 6530.32815249438 5499
72 6528.90633811436 5578
73 6529.18326048 5651
74 6527.98457947605 5726
75 6527.65768742437 5802
76 6527.54597806448 5875
77 6527.15277412186 5950
78 6527.02760907315 6029
79 6527.21479746393 6102
80 6526.47580019709 6183
81 6526.50052845306 6258
82 6526.09087124969 6331
83 6525.54798493934 6415
84 6525.44149504858 6491
85 6525.17992213147 6572
86 6525.71825796418 6645
87 6525.46476038582 6718

