0 65892.3316824896 102
1 59344.0609921995 200
2 56478.9309778921 307
3 52559.7858408401 410
4 45782.7538106321 522
5 31662.74307428 628
6 25687.2636327578 733
7 21443.9399074991 834
8 19773.0528845762 934
9 18826.3325422372 1032
10 18551.6645950099 1134
11 18329.9829744516 1233
12 18232.2515154445 1335
13 18212.515554818 1438
14 18207.6996446611 1540
15 18206.2478013778 1642
16 18205.6718001776 1745
17 18205.4100882602 1851
18 18205.2843960641 1956
19 18205.2219072601 2056

0 68851.5450120123 102
1 60909.7291539447 205
2 56540.2988325028 310
3 50637.7209118732 417
4 47553.1552924231 520
5 32555.6909309976 625
6 25574.5934007328 726
7 21361.9282279641 830
8 19655.7643462194 931
9 18854.920333277 1034
10 18551.2234096725 1135
11 18342.8638988634 1248
12 18231.7918828731 1349
13 18212.4769763361 1460
14 18207.7789966288 1561
15 18206.2191455993 1674
16 18205.6024717947 1778
17 18205.324319284 1888
18 18205.1906540356 1992
19 18205.1242650979 2098

0 65834.2486281023 103
1 58049.6020796669 208
2 58358.1262277222 311
3 49996.3797416425 417
4 46603.7305579103 519
5 34373.3305165741 624
6 25317.6122598282 727
7 21524.7842130332 831
8 19638.6682313543 933
9 18883.2207998425 1036
10 18533.4031322876 1138
11 18331.3751910025 1239
12 18231.7885301311 1341
13 18212.4801093498 1443
14 18207.9489419796 1542
15 18206.5330340133 1645
16 18205.9728501785 1747
17 18205.718795499 1849
18 18205.5964314078 1958
19 18205.5355419194 2060

0 67420.7829714925 106
1 58513.7289199558 210
2 53132.4746069637 319
3 56536.4454773688 423
4 44169.2995093513 530
5 34524.6302614713 633
6 25175.2291370087 738
7 21538.5536638785 838
8 19796.9380734463 943
9 18902.6684222448 1044
10 18585.7954657248 1148
11 18341.2379430713 1249
12 18231.9000982087 1365
13 18212.8097253642 1467
14 18208.2551209803 1575
15 18206.8452023654 1675
16 18206.2915631221 1783
17 18206.0411105811 1884
18 18205.9213919605 1991
19 18205.8617529637 2089

0 67788.8535366978 102
1 60373.6345958143 206
2 55586.9804080238 312
3 49846.6021663117 414
4 47578.1710011126 517
5 34021.7187167186 617
6 25624.515326509 722
7 21681.0513991451 823
8 19745.3173392754 928
9 18889.069782537 1027
10 18516.4207099029 1130
11 18334.810359023 1235
12 18233.409138882 1343
13 18212.2630451301 1449
14 18207.7870270496 1555
15 18206.3345896909 1659
16 18205.7616823268 1761
17 18205.5005956662 1866
18 18205.3756395086 1968
19 18205.313389037 2077

0 63644.08209176 101
1 59732.8196902581 212
2 53157.4322167292 315
3 53034.4075290326 421
4 48843.6989128396 525
5 34042.403574132 634
6 25340.0610963535 735
7 21591.1992285668 840
8 19806.4506753671 939
9 18862.2887612277 1044
10 18535.9336179738 1145
11 18351.1310356901 1257
12 18235.9851116186 1357
13 18214.9185153056 1470
14 18210.01227042 1571
15 18208.4585967474 1681
16 18207.835041989 1781
17 18207.5513844165 1886
18 18207.4144108488 1986
19 18207.3463984049 2091

0 67230.6796722499 105
1 58563.1979921521 210
2 58661.5123585118 312
3 53286.7362095756 415
4 47192.101505012 519
5 33958.7356867788 623
6 25349.4417752346 734
7 21475.524905826 839
8 19736.0094511292 943
9 18882.7312279882 1060
10 18558.7026649251 1183
11 18335.5726457285 1301
12 18231.4562741869 1422
13 18212.1290140953 1546
14 18207.8046567649 1661
15 18206.4273886809 1785
16 18205.8694214149 1901
17 18205.614611172 2021
18 18205.4923267898 2150
19 18205.4316228301 2268

0 64932.7181859245 128
1 57000.8907072866 246
2 53417.2174592143 368
3 55967.8267172734 481
4 51073.3089217069 601
5 34521.7730511676 713
6 26345.7671638644 818
7 21941.7138016167 928
8 19712.1749508335 1029
9 18901.469615994 1133
10 18538.028485144 1236
11 18331.5217325811 1346
12 18229.2011468901 1448
13 18211.424835315 1559
14 18207.3156343793 1659
15 18205.9951710581 1766
16 18205.4634015439 1866
17 18205.2245166372 1973
18 18205.1093424239 2072
19 18205.0517301853 2180

0 65225.5447278393 110
1 58804.2921872582 216
2 57748.836663495 317
3 52310.2385644728 421
4 47229.1459423559 523
5 34151.5212776465 629
6 25197.6477003328 734
7 21511.7361643065 837
8 19701.7308256052 938
9 18974.5860574861 1041
10 18547.6340201457 1147
11 18341.5390582042 1252
12 18231.0040653117 1355
13 18212.5783759863 1458
14 18207.7587806039 1563
15 18206.2935709064 1663
16 18205.705867498 1778
17 18205.4392150263 1879
18 18205.3113925969 1987
19 18205.247667827 2089

0 64385.9445941171 109
1 61042.3035538333 212
2 55569.7647773879 320
3 55811.610308885 423
4 47602.9318542208 531
5 34749.445664712 634
6 24924.2957946292 741
7 21596.6450488057 845
8 19753.7928158803 951
9 18888.2474434854 1051
10 18515.744181889 1162
11 18326.9266742286 1263
12 18228.2239140632 1366
13 18210.8366063993 1464
14 18206.8643049875 1569
15 18205.5597658841 1671
16 18205.0404716489 1770
17 18204.8072928233 1868
18 18204.6955518685 1972
19 18204.6400601375 2073

0 66142.1634135928 110
1 60616.2448404883 214
2 55719.8764358292 324
3 50752.3794268298 439
4 49988.0236947109 540
5 34295.7475184438 647
6 25333.3974358956 748
7 21421.5220857048 853
8 19864.8907503654 954
9 18881.5100910264 1057
10 18555.9833755007 1158
11 18334.3244958205 1260
12 18231.6933663752 1361
13 18211.9838167341 1465
14 18207.7225063777 1566
15 18206.2841115905 1677
16 18205.7032465543 1778
17 18205.4428258441 1893
18 18205.3181786358 1995
19 18205.2562697352 2102

0 66031.2095434415 102
1 58635.0344303738 210
2 55369.3821009067 312
3 53056.1927751397 421
4 48480.4490553344 523
5 33599.1716206918 629
6 25438.4901920147 729
7 21546.9753277727 835
8 19760.4880476029 937
9 18883.8502992257 1048
10 18530.9314544644 1149
11 18322.1434419146 1253
12 18230.8993511073 1354
13 18212.0393350621 1458
14 18207.4760828722 1564
15 18206.0698915383 1665
16 18205.5008195534 1767
17 18205.2475787101 1872
18 18205.1259131223 1977
19 18205.0655322321 2079

0 66963.2567219236 106
1 58320.0806262144 209
2 58089.0610372798 327
3 53440.8642435544 432
4 47834.7453901691 540
5 34463.3940597335 641
6 25020.0652737907 749
7 21523.7875310465 851
8 19781.3976205155 958
9 18903.4097703327 1057
10 18539.1611495448 1164
11 18353.1786393398 1265
12 18231.4121406935 1373
13 18211.9204241036 1480
14 18207.5576411283 1594
15 18206.1109255568 1699
16 18205.528809534 1804
17 18205.2672086828 1904
18 18205.1395615763 2008
19 18205.0762585916 2107

0 64842.8952896454 106
1 62372.0562625093 205
2 53913.4057646127 311
3 52946.1839435647 418
4 48617.7228550191 523
5 34313.9053561361 626
6 25436.6901259597 729
7 21593.8418485656 838
8 19748.5878821838 940
9 18937.7805000015 1048
10 18533.5650535026 1151
11 18342.8593495384 1257
12 18233.8748644925 1361
13 18213.1990452145 1471
14 18208.3549807962 1572
15 18206.9146727215 1677
16 18206.3245865514 1779
17 18206.0633361159 1884
18 18205.936862047 1985
19 18205.8742077133 2090

0 60947.552702059 102
1 61000.3609762305 219
2 55211.8456838971 327
3 55315.8846185183 436
4 47580.4431392365 539
5 32989.8477449393 643
6 25578.7002039375 745
7 21524.3940151958 851
8 19698.2816910971 951
9 18944.045735552 1056
10 18537.7253650058 1157
11 18338.5685129677 1261
12 18232.8212846811 1366
13 18213.66006873 1469
14 18209.138677523 1575
15 18207.6452657019 1679
16 18207.0557565979 1786
17 18206.7878681162 1887
18 18206.6591170966 1989
19 18206.5950771447 2090

0 65126.0461093309 108
1 61634.3643702621 211
2 57168.2950243399 322
3 56754.213394306 425
4 50840.462404596 532
5 33548.4659666566 633
6 26031.7446157311 740
7 21432.5088846975 842
8 19797.4743048671 951
9 18890.8537514124 1054
10 18551.8599376263 1173
11 18343.3681271491 1278
12 18232.8309807222 1390
13 18212.8482060405 1494
14 18208.1718071944 1599
15 18206.6643806373 1698
16 18206.0564373709 1802
17 18205.7849455048 1902
18 18205.6539625976 2006
19 18205.5888746421 2106

0 64526.768975921 101
1 55814.0322211658 208
2 57860.1277123607 313
3 52366.6175362319 417
4 48450.244187869 525
5 34788.2328593358 631
6 24870.6083445789 733
7 21550.4381090379 837
8 19802.4145584308 939
9 18920.5916031571 1043
10 18548.7199740095 1145
11 18343.2230893505 1257
12 18230.0450550169 1359
13 18211.5458092107 1463
14 18207.157841227 1565
15 18205.7304504312 1676
16 18205.1802261138 1777
17 18204.9310253982 1886
18 18204.8115391476 1986
19 18204.7518985199 2095

0 63137.8508626719 105
1 59800.1395309937 214
2 54186.9570847676 316
3 53278.8478455072 425
4 49466.877513662 527
5 32573.4477232679 631
6 25271.1791932908 733
7 21319.8174950127 837
8 19834.8877892701 939
9 18899.5871622121 1043
10 18521.1615109255 1149
11 18331.3141934684 1254
12 18231.8861170089 1357
13 18211.4908247833 1459
14 18207.1166199675 1562
15 18205.7328762909 1665
16 18205.1954294313 1768
17 18204.9527003975 1870
18 18204.8360732752 1973
19 18204.7778767014 2075

0 63631.9222860632 112
1 62749.7993716011 215
2 53894.6951646487 331
3 51412.2519083041 434
4 46088.0252141674 541
5 33474.8410638619 645
6 25400.5108372179 761
7 21687.8069509602 865
8 19878.141950058 976
9 18888.5200281359 1080
10 18536.6293092893 1186
11 18337.4412548618 1284
12 18230.6462106754 1390
13 18211.5362376014 1490
14 18207.3390442144 1595
15 18205.9620735879 1697
16 18205.4274571588 1802
17 18205.1837197038 1901
18 18205.0664518205 2005
19 18205.0081529897 2109

0 64623.6690780705 106
1 62232.5142500695 209
2 55800.0695008105 317
3 53464.5194857316 425
4 46897.6950067318 528
5 32023.7532172147 636
6 25520.2252598262 740
7 21574.297826706 849
8 19656.2029894334 954
9 18895.4949521196 1070
10 18556.8075256583 1173
11 18333.3450806493 1281
12 18229.8332799836 1381
13 18211.5357326491 1489
14 18207.1903591375 1590
15 18205.8849969761 1698
16 18205.356096097 1802
17 18205.1210845074 1911
18 18205.0082805576 2015
19 18204.952243686 2123

0 70711.7606057768 109
1 58205.0415033868 214
2 54475.2087278702 319
3 48687.4043732316 425
4 47479.9903219935 529
5 33666.1362068772 632
6 24765.4332412954 735
7 21653.244216684 841
8 19702.8189918933 951
9 18868.5487344898 1055
10 18551.5991561865 1163
11 18338.6223900627 1264
12 18231.785845379 1372
13 18212.2167548952 1476
14 18207.5907821109 1590
15 18206.1528685163 1691
16 18205.5789871914 1801
17 18205.3196471876 1904
18 18205.1953902932 2011
19 18205.1334655513 2112

0 65816.5891909707 115
1 56881.6352701135 230
2 56289.4995981846 339
3 53155.5850527967 446
4 45274.536305356 553
5 31929.5988714945 663
6 25201.0626037936 776
7 21805.0926382133 891
8 19762.3084664852 993
9 18894.0524618204 1100
10 18505.2987219999 1201
11 18332.3425980897 1307
12 18230.9721763326 1408
13 18211.8070125469 1517
14 18207.3042496546 1619
15 18205.9182268723 1726
16 18205.37351373 1828
17 18205.128685138 1937
18 18205.0110026515 2037
19 18204.9524854656 2146

0 64022.0225180592 104
1 59838.5021242786 211
2 57080.8815990364 312
3 49917.382316564 418
4 46549.6688579177 518
5 32861.0543570932 622
6 25177.1255890889 723
7 21479.5890138123 826
8 19761.4181255421 925
9 18845.1136820668 1028
10 18549.6786984067 1125
11 18328.9421935046 1229
12 18231.7647465471 1330
13 18211.7811950248 1433
14 18207.3670634364 1530
15 18205.959585343 1636
16 18205.3988818852 1737
17 18205.1479235936 1841
18 18205.0273057354 1940
19 18204.9673767101 2043

0 64727.8295189013 105
1 61692.1951434143 208
2 55661.6978655957 311
3 51962.1298397248 415
4 47943.6975917869 517
5 33914.2513903315 620
6 25703.0351761613 726
7 21510.571598817 830
8 19760.4431876808 935
9 18907.6726135647 1036
10 18553.264563178 1138
11 18345.3231132007 1238
12 18232.0123581477 1339
13 18211.8547370561 1440
14 18207.4586267935 1542
15 18206.0382316246 1644
16 18205.4695534209 1766
17 18205.210148472 1874
18 18205.0858092351 1987
19 18205.0237957681 2091

0 63137.8124508791 118
1 61640.1780057514 220
2 54688.6542994933 331
3 52011.2874378512 434
4 47371.631594763 538
5 33190.4626769814 642
6 25202.2982939872 745
7 21643.2860809271 844
8 19659.3471854587 948
9 18862.2438739263 1047
10 18536.5552614874 1151
11 18330.3011445748 1251
12 18229.7768064242 1354
13 18212.2453064278 1454
14 18207.8728204163 1561
15 18206.4788869851 1667
16 18205.9143303247 1769
17 18205.6602763794 1871
18 18205.5387981236 1975
19 18205.4781519301 2077

0 68409.2718889942 103
1 61948.7319887627 208
2 57387.6042603283 311
3 51146.4675903419 413
4 47039.2182477578 517
5 33594.2708036356 629
6 25178.8286825855 730
7 21604.3591301735 843
8 19830.2666055111 944
9 18890.9916792926 1049
10 18551.8973265058 1150
11 18321.4302443448 1256
12 18230.355311182 1357
13 18212.1111088855 1475
14 18207.7092457783 1588
15 18206.2950716035 1694
16 18205.7404343716 1793
17 18205.4904592118 1899
18 18205.3700784324 2000
19 18205.3102979477 2107

0 67962.7520338738 107
1 61205.5796621656 211
2 53284.0550668536 314
3 49486.5484770194 419
4 46106.8170719683 525
5 33202.9897303776 629
6 25734.8272358316 732
7 21716.7647555929 835
8 19733.8349868391 936
9 18928.781577517 1038
10 18561.8955685634 1145
11 18330.6015836921 1249
12 18232.2500397581 1356
13 18212.4162950319 1464
14 18207.6515085515 1583
15 18206.0866706566 1684
16 18205.4556949973 1791
17 18205.1758900233 1893
18 18205.0419147931 2000
19 18204.9754242642 2100

0 63598.4872950791 110
1 60217.2896668025 211
2 55612.8131821949 319
3 54597.3738562509 428
4 48424.2945661711 534
5 33326.6541194509 635
6 25791.4907916403 743
7 21569.3030010339 858
8 19769.4145669609 961
9 18889.8119493796 1069
10 18533.0202960607 1173
11 18330.1238435313 1278
12 18230.781807114 1381
13 18211.3566896011 1491
14 18206.9623535522 1591
15 18205.5794704299 1693
16 18205.0207675348 1796
17 18204.7708712979 1901
18 18204.6519047455 2003
19 18204.592650928 2109

0 63928.3406289837 101
1 60266.0471972168 215
2 56042.2696063423 323
3 54533.9739191166 441
4 48194.7210986677 547
5 34945.6190440241 651
6 25091.1818328749 749
7 21544.1841482983 854
8 19685.2904373578 952
9 18919.20305779 1056
10 18554.3133117091 1155
11 18340.919383614 1262
12 18231.5893434019 1364
13 18213.1336853454 1464
14 18208.4163863289 1564
15 18206.8653648183 1668
16 18206.2605567004 1767
17 18205.9863760325 1874
18 18205.8554206922 1974
19 18205.790528304 2078

0 63969.7342458043 103
1 59386.8308830293 208
2 55104.3096976973 316
3 53114.3305304711 422
4 45242.8106506604 526
5 34455.2767261049 628
6 25059.8448128814 731
7 21503.1668354864 833
8 19726.2821264645 942
9 18872.2019012639 1044
10 18531.0621415943 1149
11 18333.4812382426 1251
12 18228.2923544502 1360
13 18211.6844580271 1461
14 18207.3502561302 1564
15 18206.047223379 1665
16 18205.5196454547 1770
17 18205.2796335499 1873
18 18205.1646894749 1978
19 18205.1073442443 2078

0 63808.6922809677 111
1 59010.1857550526 216
2 55507.0276802037 333
3 53447.8549824038 436
4 49659.2123097574 542
5 34194.4755278169 642
6 25499.8765156182 751
7 21624.3724889399 853
8 19834.8455038355 961
9 18904.780272031 1063
10 18548.0603254848 1168
11 18337.1966324214 1274
12 18231.4275071063 1377
13 18211.5655654185 1482
14 18207.1756961024 1583
15 18205.7938109953 1690
16 18205.2375729456 1792
17 18204.9884563953 1899
18 18204.8682491144 2002
19 18204.8086624074 2110

0 62970.8364266466 103
1 55833.323268518 215
2 54176.792418374 319
3 51858.2132223713 429
4 44920.3222968386 532
5 34184.0468492076 639
6 26067.2155453466 740
7 21610.6235972139 848
8 19691.9627360341 953
9 18865.3109133241 1065
10 18537.8205645052 1168
11 18338.6860113213 1274
12 18230.1829778988 1374
13 18211.9493321568 1479
14 18207.6380215304 1579
15 18206.2216879411 1682
16 18205.6518349024 1781
17 18205.3964368366 1886
18 18205.2733378738 1986
19 18205.2121044576 2088

0 70669.8768623733 107
1 61323.4725865873 211
2 53181.5842706233 331
3 50913.6399825564 435
4 48765.4862660643 538
5 36023.0122514272 639
6 25759.4042452031 741
7 21211.0294979194 841
8 19786.5458695979 943
9 18908.0497097366 1044
10 18512.3788387994 1155
11 18333.6774753095 1257
12 18229.2855605856 1360
13 18211.4189708821 1461
14 18207.1198240166 1571
15 18205.6735830847 1671
16 18205.1156188199 1784
17 18204.8651558252 1886
18 18204.7451659799 1992
19 18204.6854161487 2094

0 61648.5403922566 108
1 62432.5506435981 210
2 58517.7517903915 327
3 52768.3312722774 442
4 48383.0712354844 556
5 33602.1017922173 665
6 25059.2877457621 766
7 21709.0029596485 876
8 19798.9772791131 984
9 18907.5865287096 1103
10 18536.3278217271 1207
11 18338.3625109028 1316
12 18230.3971417537 1423
13 18212.3942383571 1534
14 18207.871768267 1638
15 18206.4364164624 1745
16 18205.8631121007 1846
17 18205.6033561965 1951
18 18205.4791860064 2056
19 18205.4173700201 2161

0 62546.4267504878 102
1 60259.3974404167 207
2 57196.0990081722 312
3 52618.0163731625 423
4 46537.704773156 528
5 32349.8795370845 630
6 25580.1840282891 732
7 21641.6021802714 834
8 19665.8335009385 941
9 18908.2315266337 1044
10 18568.7617257179 1147
11 18336.1502134897 1256
12 18231.2806998435 1369
13 18212.2802147991 1475
14 18207.6877645445 1582
15 18206.2041070045 1683
16 18205.6280302121 1797
17 18205.3639602352 1900
18 18205.2376445917 2009
19 18205.1749611862 2108

0 65010.5749121626 106
1 58311.3594633952 211
2 53785.4598481185 327
3 52384.2722805419 432
4 47753.352433319 537
5 32914.3869821045 638
6 25442.2193059799 742
7 21215.6740846959 850
8 19771.3977548827 953
9 18901.5535779461 1060
10 18536.0135899983 1164
11 18335.3825923062 1268
12 18230.5016901945 1371
13 18212.028442783 1476
14 18207.8823599464 1577
15 18206.5010325833 1687
16 18205.9608988704 1790
17 18205.7158932345 1905
18 18205.5973624826 2006
19 18205.5382411283 2112

0 61158.9686754449 102
1 57550.9533452357 215
2 56334.648419815 319
3 53808.4535223512 427
4 47823.3339127139 526
5 33349.2712745569 632
6 25224.6236024323 734
7 21440.739945182 841
8 19640.8840934597 941
9 18905.9184088679 1047
10 18553.4388153188 1149
11 18339.2285749832 1256
12 18234.2298474649 1357
13 18212.9159674908 1461
14 18208.1395097401 1564
15 18206.5399442739 1669
16 18205.9138585399 1777
17 18205.6333181407 1879
18 18205.499182103 1981
19 18205.432752128 2083

0 66089.151890917 107
1 57358.6124039439 210
2 54678.0095248049 315
3 52466.4501201551 419
4 47893.4234496905 522
5 32966.2762018821 626
6 25410.5606909619 736
7 21743.6137962129 837
8 19848.374665187 949
9 18885.1349496501 1050
10 18575.2982344458 1159
11 18336.0328017246 1264
12 18232.5806687193 1372
13 18212.3236809568 1473
14 18207.5193586664 1580
15 18206.0880215329 1683
16 18205.509751838 1789
17 18205.2502710455 1887
18 18205.1253520378 1996
19 18205.063223934 2097

0 66601.9724763776 109
1 59553.5597245866 210
2 55016.4264689062 316
3 55980.094051371 418
4 47386.9054148666 525
5 32840.6789233675 630
6 25403.9259539201 734
7 21648.2232070241 837
8 19668.6660033077 940
9 18936.458608641 1042
10 18532.1162622478 1144
11 18324.3460737312 1251
12 18232.2192454157 1357
13 18211.6770604441 1465
14 18207.3560618165 1568
15 18205.9285885358 1688
16 18205.3621651088 1789
17 18205.1080590565 1895
18 18204.9855345084 1996
19 18204.9246426927 2103

0 62882.967412195 103
1 58923.0464921832 213
2 56858.46917465 316
3 55987.4787231233 425
4 46509.3053242394 528
5 34543.5824392453 636
6 25839.8743709704 738
7 21646.8216014965 845
8 19727.0827559571 952
9 18899.9057081114 1057
10 18557.850090309 1159
11 18329.872083585 1262
12 18232.0034589538 1363
13 18212.1419803595 1465
14 18207.703881033 1582
15 18206.288148863 1684
16 18205.7206434693 1786
17 18205.4666887847 1889
18 18205.344645305 1994
19 18205.284050844 2096

0 64638.2582039599 115
1 66317.1550470711 218
2 57834.7512518146 329
3 54744.3534829526 433
4 47087.0682976936 544
5 35996.8979105437 645
6 25103.5683499405 752
7 21343.9564617865 852
8 19673.5294043848 961
9 18905.6917313386 1061
10 18535.8200045668 1168
11 18336.1317214441 1268
12 18231.082527369 1373
13 18211.5233292763 1476
14 18207.44327183 1583
15 18206.0954874761 1683
16 18205.5521626894 1789
17 18205.3081043254 1888
18 18205.1917275833 1992
19 18205.1339008776 2092

0 65553.7932661612 101
1 57709.3171492939 202
2 56647.6206199408 310
3 52148.4520747535 416
4 50796.3908795497 521
5 33887.2954388424 632
6 25053.1310859007 739
7 21350.3111326923 844
8 19735.763371209 946
9 18911.7806286302 1050
10 18527.3394931336 1152
11 18342.82026694 1254
12 18230.5339541074 1355
13 18212.3020213003 1465
14 18207.8412802299 1565
15 18206.494034753 1668
16 18205.9438090364 1768
17 18205.6975711614 1872
18 18205.5787465563 1972
19 18205.5195980928 2084

0 62888.7158050818 101
1 59290.1340042505 208
2 54097.6165749558 312
3 54293.3428818985 424
4 49466.7348276447 527
5 33460.8499889618 634
6 25353.2421719831 732
7 21436.5641003755 838
8 19792.413725001 938
9 18892.3532816623 1044
10 18551.753594861 1144
11 18335.0692714568 1249
12 18231.2761182333 1352
13 18211.7416794414 1457
14 18207.2424144906 1557
15 18205.7928801537 1662
16 18205.2205407144 1764
17 18204.9670183573 1869
18 18204.8446142396 1968
19 18204.7837378669 2072

0 66951.8676432427 107
1 59067.3245073571 211
2 56085.7983317079 318
3 55599.6046792813 424
4 50775.2285698023 540
5 32809.4505133107 650
6 25499.2016910918 765
7 21545.7420240191 867
8 19764.5623160302 976
9 18893.8311584326 1079
10 18578.4975574167 1188
11 18330.9614846082 1291
12 18230.9172683764 1399
13 18211.6774565856 1497
14 18207.4689574974 1604
15 18206.0708011744 1703
16 18205.5139963175 1810
17 18205.2639780162 1909
18 18205.1433900218 2013
19 18205.0835014141 2114

0 65489.9711738042 112
1 59785.9230952959 222
2 55526.3894103915 332
3 51287.9629294893 445
4 52247.5810155042 550
5 33934.0125135305 654
6 25185.9086359254 764
7 21391.6295529311 868
8 19713.0438267717 968
9 18942.5861847043 1071
10 18519.7427654559 1173
11 18333.1804994992 1290
12 18231.0121614198 1390
13 18211.3941217823 1496
14 18207.2124021451 1598
15 18205.8230872625 1705
16 18205.2633044512 1807
17 18205.0100712103 1915
18 18204.8892842867 2016
19 18204.8291757089 2122

0 67852.9765457202 107
1 63214.348481216 212
2 56556.2307587245 312
3 52355.7551332361 420
4 49076.9057597225 523
5 35276.2925797803 630
6 26116.1717340335 730
7 21600.459709563 834
8 19680.2490793153 933
9 18900.5438643227 1036
10 18526.042717219 1138
11 18336.4599968514 1242
12 18231.3657675038 1342
13 18212.6835298901 1446
14 18208.4370814587 1548
15 18207.046813196 1653
16 18206.5105159786 1756
17 18206.2678111529 1861
18 18206.1509810739 1963
19 18206.0929767381 2066

0 61849.6889185791 115
1 63500.0378043603 217
2 54006.7100522063 322
3 52513.632950792 424
4 48146.2389318744 529
5 34250.1819178008 630
6 25665.4806486168 734
7 21848.8415400137 835
8 19866.4116544361 941
9 18922.814102458 1043
10 18556.6325509833 1162
11 18353.6339304597 1262
12 18240.6071011361 1369
13 18221.4439049674 1470
14 18216.719599609 1575
15 18215.1577603378 1674
16 18214.5412739192 1780
17 18214.2570665417 1882
18 18214.119797061 1995
19 18214.0512112777 2100

0 66857.1790896834 107
1 61499.157990527 211
2 55075.5117680598 317
3 50993.8453720197 424
4 46996.8314719612 530
5 33919.2852052539 632
6 25406.7925913789 736
7 21526.2146906365 841
8 19724.9235851208 944
9 18925.8122789135 1054
10 18544.3569909925 1155
11 18347.6280662098 1264
12 18232.3360288027 1365
13 18212.2501760676 1468
14 18207.6371350539 1571
15 18206.2296600127 1676
16 18205.6770554076 1779
17 18205.4270546051 1894
18 18205.3068271866 1998
19 18205.2471815051 2109

0 66208.6049658421 103
1 61586.2622921787 212
2 59219.2561360044 316
3 52287.1023001859 422
4 47492.0667342139 522
5 34167.7340814871 628
6 25863.6386944765 726
7 21538.0218614232 830
8 19723.0538679718 932
9 18915.2391223156 1040
10 18535.4026169182 1143
11 18334.728306748 1247
12 18229.7784609954 1348
13 18212.0180733865 1453
14 18207.6788454474 1553
15 18206.3113382963 1658
16 18205.7754695819 1758
17 18205.5319429188 1862
18 18205.4147236094 1970
19 18205.3565959478 2071

0 63352.8669655329 107
1 58627.6793005934 212
2 56206.9734001353 326
3 54962.2908259071 430
4 47024.6482694754 535
5 34322.5183301775 639
6 25297.8425509691 745
7 21585.6999014347 854
8 19766.7237093941 963
9 18973.338139431 1063
10 18565.6182506557 1171
11 18336.6768383493 1271
12 18230.7896461789 1386
13 18212.0662369851 1489
14 18207.7320682846 1598
15 18206.3013470294 1703
16 18205.7416656876 1808
17 18205.4843620148 1915
18 18205.3612565544 2019
19 18205.3001352673 2122

