0 14107.2339041523 10
1 11100.745234794 20
2 10747.8302660354 30
3 10517.7405772381 40
4 10900.8673755961 50
5 8178.6187237855 60
6 6920.19080878184 70
7 6078.31134899904 80
8 4850.27609687128 90
9 4255.28304442054 100
10 3893.01437084103 109
11 3210.92098032234 119
12 2848.90482344118 129
13 2542.19978060132 139
14 2459.79200853236 148
15 2314.89233758726 158
16 2190.14096517319 167
17 2133.06161330402 176
18 2075.87529777901 185
19 2039.43230490384 195
20 2019.11685604335 204
21 2008.44327996557 213
22 1986.8879141816 223
23 1967.85409536609 232
24 1963.78424958258 242
25 1960.66335532187 251
26 1957.20697393631 260
27 1956.62246587331 270
28 1955.1146768802 280
29 1954.79937833847 289
30 1954.2831236515 299
31 1954.07681159786 308
32 1953.64966973549 317
33 1953.52980107889 327
34 1953.34618101488 337
35 1953.26348157425 347
36 1953.2065810053 356
37 1953.14721625263 366
38 1953.06200395359 375
39 1953.06525026396 384
40 1953.00106054963 394
41 1952.96016749635 404
42 1952.95859809598 413
43 1952.93957978846 422
44 1952.93439005019 431
45 1952.91932106664 441
46 1952.89948678391 450
47 1952.89093617892 460
48 1952.88497796015 469
49 1952.86953559221 478
50 1952.8752776155 487
51 1952.86088538663 497
52 1952.85046391461 506
53 1952.84924420603 515
54 1952.84267848438 525
55 1952.83853685936 535
56 1952.83330361467 544
57 1952.83046812319 554
58 1952.82277592746 563

0 11332.6978555664 9
1 12808.1701064575 18
2 11042.3012119789 27
3 11883.3803293538 37
4 8800.66186326589 46
5 8345.53563662968 55
6 7236.66724413964 64
7 6428.72554201414 73
8 4818.44004906584 82
9 4295.53737254886 92
10 3844.92957619481 101
11 3212.25081438852 110
12 2869.4823847658 120
13 2692.7116669365 129
14 2446.36680278944 138
15 2333.14370863436 147
16 2245.87644005268 156
17 2142.56093003935 166
18 2102.6215992899 177
19 2036.56067002193 187
20 2021.65617249279 198
21 2018.58337166039 207
22 1988.80621214211 217
23 1970.56142888189 226
24 1963.61171572952 235
25 1959.47956932718 245
26 1957.45207812365 254
27 1956.12136102183 263
28 1955.45652823901 273
29 1954.62168963768 282
30 1954.21569748292 291
31 1953.9263750355 301
32 1953.51280391584 310
33 1953.54613362676 319
34 1953.27909355521 329
35 1953.23424620367 338
36 1953.19535893168 347
37 1953.09812592509 357
38 1953.06698637536 367
39 1953.05901903351 377
40 1952.97551406555 388
41 1952.927143296 399
42 1952.88871772911 408
43 1952.86833839629 418
44 1952.85383579773 427
45 1952.84499684743 436
46 1952.81853886797 445
47 1952.81684505604 455
48 1952.81036895605 464
49 1952.80685638014 473
50 1952.78863044765 482
51 1952.79351029535 492
52 1952.78866833436 501
53 1952.7839811584 510
54 1952.78026647457 521
55 1952.76952649295 530
56 1952.75930145043 539
57 1952.75194277692 548
58 1952.74653438463 558
59 1952.74724689373 567
60 1952.73955451804 577
61 1952.7401766351 586

0 10180.171385281 9
1 10078.6221976257 18
2 12571.188816753 28
3 13247.6696168867 37
4 10137.8417228356 46
5 11412.1836225944 55
6 6349.19607899221 65
7 5879.56616687304 74
8 4523.31013832823 83
9 4072.3680135821 93
10 3507.67775162244 102
11 3553.17535589054 111
12 2851.94671229102 121
13 2747.38233869909 130
14 2499.15539954336 140
15 2351.78710889493 149
16 2226.12339228307 158
17 2164.92656457636 167
18 2084.38337502144 176
19 2035.52299329039 186
20 2020.54529889384 196
21 2006.27680621339 205
22 1983.10552872596 214
23 1972.25126674033 224
24 1963.2902820501 233
25 1959.52911528781 242
26 1957.22985232839 252
27 1956.55442720785 261
28 1955.50348881499 270
29 1954.51916405978 279
30 1954.16804548058 288
31 1953.84999779146 298
32 1953.67213152964 307
33 1953.56577893445 316
34 1953.42506771317 325
35 1953.33123891323 335
36 1953.27537685063 344
37 1953.21307308716 353
38 1953.10858935058 362
39 1953.04345069475 372
40 1953.02669972659 381
41 1952.99672662838 391
42 1952.93046188088 401
43 1952.93742405256 411
44 1952.92068285939 420
45 1952.89540040368 429
46 1952.84655487116 438
47 1952.84910991995 448
48 1952.82936049993 457
49 1952.82240750716 466
50 1952.81250548363 476
51 1952.80223645807 485
52 1952.80081811528 494
53 1952.79393680143 503
54 1952.78666933574 514
55 1952.78575097264 523
56 1952.78360795129 532
57 1952.7836933194 542

0 13620.7357469745 9
1 10909.3751168998 18
2 10624.7111559184 27
3 9843.63014174113 36
4 10833.1469042256 46
5 10262.8592645476 56
6 9258.75328195869 65
7 6716.54408755443 75
8 5157.44096456098 84
9 4460.01238716062 93
10 3729.78430682872 102
11 3278.48986330247 112
12 2757.93118566933 121
13 2567.47694994314 130
14 2445.36261458677 139
15 2277.01493224037 148
16 2191.8952242932 158
17 2151.29476916674 167
18 2067.19633889157 176
19 2033.80586042324 185
20 2022.77828756824 194
21 2000.49421606841 204
22 1985.39056654103 213
23 1968.23202563898 222
24 1963.52306598695 232
25 1959.22746653834 241
26 1957.91236581619 251
27 1956.09762130871 261
28 1955.16144263653 271
29 1954.42442308258 280
30 1954.04076092168 290
31 1953.93382131941 299
32 1953.62638505164 309
33 1953.43226308132 318
34 1953.40888255195 327
35 1953.22941934426 337
36 1953.19792629 346
37 1953.09600632499 355
38 1953.03626838454 365
39 1952.97027151778 374
40 1952.91888487274 383
41 1952.90799074946 393
42 1952.88358834081 402
43 1952.86226096417 411
44 1952.8510981536 421
45 1952.8404695301 430
46 1952.82923642451 439
47 1952.81901853329 449
48 1952.82021846378 458
49 1952.8063312627 468
50 1952.80351888462 479
51 1952.78692437192 489
52 1952.77877406699 500
53 1952.76931970067 509
54 1952.76521879006 519
55 1952.76465010725 528
56 1952.76099269149 537
57 1952.75548610987 547
58 1952.75038546728 556
59 1952.74802235418 565
60 1952.74245993962 575
61 1952.74198290098 584

0 10859.1482509218 10
1 11937.5714418664 19
2 10202.337914345 28
3 11230.6308562577 37
4 8413.58662641755 46
5 7715.78699625633 56
6 7770.88298841755 65
7 6137.17040126754 75
8 4971.56131177764 85
9 3818.99741147078 94
10 3704.87146908138 104
11 3171.69514406757 113
12 2862.32966501406 123
13 2653.71787725401 132
14 2422.13672552738 141
15 2265.66330836332 150
16 2229.23139641935 159
17 2128.63937410933 168
18 2067.32988199088 177
19 2046.22924580331 187
20 2021.85891923186 196
21 1995.42980742833 205
22 1985.93238953648 215
23 1970.97088218092 224
24 1963.80462195046 233
25 1959.36167028083 242
26 1957.28313833093 252
27 1955.83779198873 261
28 1955.06549467016 271
29 1954.66719887984 281
30 1954.17428132579 291
31 1953.89559658927 300
32 1953.60438692439 309
33 1953.59144971809 319
34 1953.29935349065 328
35 1953.17356920492 338
36 1953.14358251217 347
37 1953.1140437517 356
38 1953.05535029905 365
39 1953.01102808711 375
40 1952.98567442244 384
41 1952.96765423057 393
42 1952.89340351555 402
43 1952.88396765079 412
44 1952.86942360135 422
45 1952.85078849631 432
46 1952.82940615076 441
47 1952.82207702603 450
48 1952.81084082189 460
49 1952.80186428526 469
50 1952.79905134845 479
51 1952.79500882045 488
52 1952.78782206469 498
53 1952.78479036364 508
54 1952.778668923 517
55 1952.78464085554 528
56 1952.77686851958 537
57 1952.76715921326 546
58 1952.76530732824 555
59 1952.75922822783 565
60 1952.75693642102 574

0 11178.4424429443 9
1 10196.4797456942 18
2 13728.3336336596 28
3 10036.4648247588 37
4 10560.4129414551 46
5 8201.7661171346 55
6 7382.46059893278 64
7 5236.99081784053 73
8 5589.26817283562 83
9 3937.77717149703 92
10 3795.77615628321 102
11 3211.97317312069 111
12 2910.46999695943 121
13 2682.32545412331 130
14 2479.71309619791 139
15 2307.00225372882 149
16 2179.8406100834 158
17 2148.5173538723 167
18 2079.27869529976 177
19 2049.73848021668 186
20 2018.92671840269 195
21 2017.99803366056 204
22 1980.14541444259 214
23 1965.90056984831 223
24 1964.08707419209 232
25 1959.99078611719 242
26 1957.38851256007 251
27 1955.89627109376 261
28 1955.10775167042 270
29 1954.42008485866 279
30 1954.05978515951 289
31 1953.75476505953 298
32 1953.50048467565 308
33 1953.45658672369 317
34 1953.38302331214 326
35 1953.21582384341 336
36 1953.13851047636 345
37 1953.13351765753 354
38 1953.0324957918 364
39 1952.95113342697 373
40 1952.94943114488 382
41 1952.9539105723 391
42 1952.92529467433 401
43 1952.89206267265 410
44 1952.87197505737 420
45 1952.8468193497 429
46 1952.83748731893 439
47 1952.83323238426 448
48 1952.83267990608 457
49 1952.81411701385 466
50 1952.81152361731 475
51 1952.7961197546 485
52 1952.79239597552 494
53 1952.78554805024 504
54 1952.78895735406 513
55 1952.78248556273 523
56 1952.7768525661 533
57 1952.77424436278 542
58 1952.76494952239 551
59 1952.75806004036 561
60 1952.7525331978 570
61 1952.7532541799 579
62 1952.74731577894 589

0 10453.7249667658 9
1 11052.3864521241 18
2 11274.5795696575 27
3 9922.45744280348 36
4 9750.89444440439 46
5 8562.46170155642 55
6 6879.75935423038 64
7 7277.08148583142 73
8 5247.41798405108 82
9 3985.69148381365 92
10 3426.20218786785 101
11 3035.14662987587 110
12 3021.9033396202 119
13 2583.48471493359 129
14 2459.48318655787 139
15 2307.01611028492 150
16 2199.29331211892 160
17 2170.19912895882 170
18 2076.90133793697 179
19 2050.91944205895 188
20 2024.36122580972 197
21 2011.9514331026 206
22 1986.37704689675 216
23 1968.79500155718 225
24 1963.7516553713 234
25 1959.82654664598 243
26 1957.66180088624 253
27 1955.84750193436 262
28 1955.20593413015 273
29 1954.6004076455 282
30 1954.38546110245 292
31 1954.00047673209 301
32 1953.72453537763 310
33 1953.5276813584 319
34 1953.48809658632 329
35 1953.28121137603 339
36 1953.18167243874 349
37 1953.13697299205 359
38 1953.11186364792 369
39 1952.9979181206 379
40 1952.98889238032 388
41 1952.93471618479 397
42 1952.90273832815 407
43 1952.88560931345 416
44 1952.88224297938 425
45 1952.84960453666 434
46 1952.82629612814 444
47 1952.82531711859 453
48 1952.80974314729 462
49 1952.80206347001 471
50 1952.79910127708 481
51 1952.78584220817 490
52 1952.78038865013 499
53 1952.77825045657 508
54 1952.77239488177 517
55 1952.75990418237 527
56 1952.76130553249 536
57 1952.75588976712 546
58 1952.75336569108 556
59 1952.75253292196 565
60 1952.74936466107 574
61 1952.75035912086 585

0 12840.5737794275 9
1 11735.2856767323 18
2 11224.8797680625 27
3 9816.61408588617 36
4 11365.2038218656 46
5 11687.7162910678 55
6 7585.8498737045 64
7 5784.11419213609 73
8 5812.16581123522 83
9 4526.26767825799 93
10 3663.08022973842 102
11 3415.16953724431 111
12 2864.46459894814 120
13 2539.19526531878 129
14 2517.8386322305 139
15 2303.99376488359 148
16 2192.55365241599 158
17 2138.47556348508 167
18 2086.85379145882 177
19 2041.68848876259 186
20 2021.28256792729 195
21 2012.82224353736 204
22 1984.05266379451 213
23 1969.89419208258 223
24 1963.3092409376 232
25 1959.9739750486 241
26 1957.27423804249 251
27 1955.93301135599 261
28 1955.18772006838 270
29 1954.78757550059 279
30 1954.19740682999 289
31 1953.7594828332 298
32 1953.64951607805 307
33 1953.48090151446 317
34 1953.33015385759 326
35 1953.2812418618 335
36 1953.22328948434 345
37 1953.14921041294 355
38 1953.05624927874 364
39 1953.05307520826 374
40 1953.00580980203 383
41 1952.9489859122 393
42 1952.92455791063 402
43 1952.91859788992 411
44 1952.88143123987 421
45 1952.88820689241 430
46 1952.86205997365 440
47 1952.85361033767 449
48 1952.82220717102 458
49 1952.82637332464 467
50 1952.81691600992 477
51 1952.80579398179 486
52 1952.80422591427 495
53 1952.79867184409 504
54 1952.79164896482 514
55 1952.78167987329 523
56 1952.77889767741 532
57 1952.77411194014 542
58 1952.7736489385 551
59 1952.76956684935 561
60 1952.76665064701 570
61 1952.76183278345 580

0 10682.754244011 9
1 11109.2524698156 18
2 10894.0216332171 28
3 12190.6752483168 37
4 10865.2235100419 46
5 9175.68012119554 55
6 7694.26504858485 65
7 6607.11122630709 74
8 5596.99474362277 83
9 4234.73931527234 92
10 3783.80937788917 101
11 3185.02810452757 110
12 2818.11616176348 121
13 2564.06215019766 130
14 2469.43901349333 140
15 2334.86362412555 149
16 2237.23222727585 158
17 2118.66083590392 167
18 2083.50924324655 177
19 2034.33766450732 186
20 2013.02767144577 196
21 2013.49662641043 205
22 1985.38822450652 214
23 1969.34917129292 224
24 1965.15245925226 233
25 1959.05653110579 242
26 1957.49334393315 252
27 1956.11114897913 261
28 1955.25045903725 270
29 1954.66129678296 279
30 1954.0134921685 289
31 1953.9289773746 298
32 1953.67510007602 307
33 1953.59349927285 317
34 1953.39216255873 326
35 1953.32683629683 335
36 1953.15392940081 344
37 1953.13864650717 354
38 1953.05312146864 363
39 1953.00006791771 373
40 1952.95980960057 383
41 1952.96318426729 394
42 1952.92576285901 404
43 1952.91229526987 415
44 1952.87526210164 425
45 1952.87398990634 435
46 1952.85859489908 444
47 1952.84980548484 455
48 1952.8339886433 465
49 1952.83421497138 474
50 1952.82150524215 483
51 1952.81160460768 493
52 1952.81473292345 502
53 1952.80884069636 511
54 1952.79503880244 521
55 1952.79742724175 530
56 1952.79409197663 539
57 1952.79282369654 549
58 1952.78839021739 558
59 1952.78187240445 567

0 13473.2512571493 9
1 11209.2887188986 19
2 10683.3260615329 29
3 11901.7715435537 38
4 9210.34651343535 48
5 7785.38005782348 57
6 7530.74753771803 67
7 5790.04451671052 76
8 4907.55373807759 85
9 4006.38143153979 94
10 3615.96627336592 104
11 3143.76597406547 114
12 3035.13958931519 123
13 2710.52784536669 132
14 2461.53798314422 141
15 2326.90882653374 150
16 2210.40142658237 160
17 2167.38225400949 169
18 2103.7288809293 178
19 2058.81522745397 187
20 2020.0865516509 196
21 2008.13638494538 205
22 1978.90235928037 215
23 1969.87992556254 224
24 1961.89919163211 234
25 1958.95013022001 243
26 1957.57331489937 253
27 1955.81644620486 262
28 1955.39863166394 271
29 1954.53280669009 281
30 1954.27926717215 290
31 1953.88091500529 299
32 1953.65867623195 309
33 1953.40230810721 318
34 1953.39046485448 327
35 1953.27345470345 337
36 1953.22312308579 346
37 1953.1568237472 355
38 1953.07634651603 364
39 1953.03104297674 374
40 1952.99058240695 383
41 1952.9495920947 392
42 1952.95348195889 402
43 1952.89695307815 411
44 1952.86823747484 421
45 1952.84140273609 430
46 1952.85450778134 440
47 1952.84229898188 449
48 1952.81467080923 459
49 1952.80438332094 468
50 1952.79804603187 477
51 1952.79381710285 487
52 1952.78231107266 496
53 1952.77711473447 506
54 1952.76414210846 515
55 1952.7531380165 524
56 1952.75328126615 534
57 1952.75640732107 543
58 1952.7551535753 552
59 1952.74958236532 561
60 1952.74731121646 571

0 11695.0457289884 9
1 11870.406378082 18
2 11090.7090390768 28
3 11516.7025877083 37
4 9740.13174666334 47
5 9534.46906846042 57
6 7668.79577435737 66
7 5989.05764147547 76
8 4822.47879488258 85
9 4346.35905479518 94
10 3548.07276873429 103
11 3217.64322586801 113
12 2794.0893845679 122
13 2652.18943775692 131
14 2390.43617980283 140
15 2302.56981182227 150
16 2202.79307797079 159
17 2126.71970565657 168
18 2075.32573035752 177
19 2040.97078554893 186
20 2021.82973236786 195
21 2009.04789478313 204
22 1986.04491548439 215
23 1969.36930643566 225
24 1964.0071251065 235
25 1959.02802118315 244
26 1957.55189903673 254
27 1955.96433541821 263
28 1955.29557218464 273
29 1954.72776398303 283
30 1954.24649371032 292
31 1953.98829717819 301
32 1953.63807348043 311
33 1953.42695305878 320
34 1953.33330157509 329
35 1953.28262998677 339
36 1953.17929601124 348
37 1953.1802806945 358
38 1953.07767585581 367
39 1953.06292010298 376
40 1952.98837615298 386
41 1952.95128544758 395
42 1952.94695714465 404
43 1952.91956695436 413
44 1952.91542017774 423
45 1952.90963913288 432
46 1952.87763535915 441
47 1952.84472296071 451
48 1952.84012402403 461
49 1952.83203676018 471
50 1952.83265446632 480
51 1952.82222459228 490
52 1952.82369769086 500
53 1952.81581570655 510
54 1952.81449475354 519
55 1952.80599675279 528
56 1952.80278979971 538
57 1952.80037935965 547
58 1952.79665473416 557
59 1952.79402478019 566
60 1952.78770341082 575

0 12241.4276638734 9
1 12783.0104789163 18
2 13921.0564923937 27
3 10407.7136451343 37
4 10606.1451406808 46
5 9312.38969602477 55
6 7712.35782409321 64
7 5922.72077954033 74
8 5628.17183873977 85
9 4283.23483568022 95
10 3852.14983103664 106
11 3332.56628898469 115
12 2821.59250732266 124
13 2697.98789078115 134
14 2529.35381170598 143
15 2337.48813778612 152
16 2203.3776324927 161
17 2166.17730074747 170
18 2079.78047611014 179
19 2051.70096305169 188
20 2009.9548005323 197
21 2017.26233422258 206
22 1983.61333021236 216
23 1971.83372918105 225
24 1962.49827563119 234
25 1958.84346846691 243
26 1957.4999117083 253
27 1956.18305548086 262
28 1954.95327591693 271
29 1954.83603088519 280
30 1954.37326053771 291
31 1953.81486526897 300
32 1953.71596861204 311
33 1953.47326196758 320
34 1953.42709364199 329
35 1953.22789873289 339
36 1953.1970288198 348
37 1953.11704967071 357
38 1953.05477555348 367
39 1952.99401281549 376
40 1952.95697928327 385
41 1952.92743520505 394
42 1952.91276492678 404
43 1952.88199405347 413
44 1952.8944961701 422
45 1952.86287218231 432
46 1952.83796393348 441
47 1952.8236142041 450
48 1952.80741508662 459
49 1952.8066135287 469
50 1952.78915349365 478
51 1952.78726383315 488
52 1952.77982573329 497
53 1952.77364191648 507
54 1952.77257321018 517
55 1952.76226840479 526
56 1952.75915221453 535
57 1952.76027896039 544
58 1952.75678896269 554
59 1952.75100163927 563
60 1952.74789526789 572
61 1952.74644739882 582
62 1952.74268477855 591

0 11224.0480869686 9
1 10431.9594619826 19
2 13358.5298707601 28
3 11230.3317006818 37
4 8608.67003185917 46
5 9296.25762339473 56
6 7580.76408125043 65
7 6605.20512935442 74
8 5445.07337402579 83
9 4580.24215729589 93
10 3993.46490498345 103
11 3296.4047498803 112
12 2863.91769317844 122
13 2556.63563162332 131
14 2400.88523767073 142
15 2344.94499715763 151
16 2203.78419212987 160
17 2168.42289372926 169
18 2088.60006153861 179
19 2039.00400499077 188
20 2019.49701797493 197
21 2016.98360094996 206
22 1992.71068708065 215
23 1968.53256429095 224
24 1964.31661467665 233
25 1960.0208981303 243
26 1957.83123900061 252
27 1956.22775954094 262
28 1955.16262433872 271
29 1954.73196150528 281
30 1954.35164234068 290
31 1953.86429845585 300
32 1953.6028495457 309
33 1953.4400404438 318
34 1953.38496585297 329
35 1953.29839268071 339
36 1953.11442240647 348
37 1953.06055668476 357
38 1953.060467263 367
39 1953.02613650933 376
40 1952.9899348996 385
41 1952.96310845992 395
42 1952.89572707727 404
43 1952.900769392 413
44 1952.87852537564 423
45 1952.83603416584 432
46 1952.83671637927 441
47 1952.8245089126 450
48 1952.80526747415 460
49 1952.80031790948 469
50 1952.80235518719 478
51 1952.79461188375 487
52 1952.78252930832 497
53 1952.77668374598 507
54 1952.77858897886 516
55 1952.77372918883 526
56 1952.77071424579 535
57 1952.7654351767 545
58 1952.76247959115 554
59 1952.75912612113 563
60 1952.75510646494 573
61 1952.75265471008 582

0 12259.2687190652 9
1 13575.7147109475 18
2 10452.028680718 27
3 8988.60580247727 37
4 11561.0663615965 46
5 8316.5675004127 55
6 7640.67645559621 64
7 5602.17125213193 73
8 6156.65455259676 83
9 4311.38095163315 92
10 3531.63079328271 101
11 3122.97195128255 110
12 2964.50103290046 120
13 2528.25030620926 130
14 2418.31705452852 139
15 2307.26314069297 148
16 2257.69216862772 158
17 2138.97677967398 167
18 2092.0560330305 176
19 2045.89889659842 185
20 2011.72364403774 194
21 2015.58154432315 203
22 1984.67252244946 212
23 1971.42771725509 222
24 1962.21905044004 231
25 1958.21686249731 240
26 1956.98684454906 249
27 1956.05732408171 259
28 1955.16245547591 268
29 1954.70990749089 278
30 1954.35216018186 287
31 1953.88363934165 296
32 1953.78474117028 305
33 1953.44300436634 314
34 1953.38946757348 324
35 1953.22799902707 334
36 1953.09297541648 345
37 1953.11059972557 355
38 1953.11384463473 365
39 1952.97987939662 375
40 1952.95373436563 384
41 1952.91555656577 394
42 1952.89308971984 403
43 1952.90435685254 412
44 1952.90330526643 421
45 1952.84577410044 431
46 1952.82919008799 440
47 1952.82588210897 449
48 1952.81937597436 458
49 1952.8193944064 468
50 1952.79407951854 477
51 1952.79438151127 486
52 1952.78339247757 496
53 1952.78049569963 505
54 1952.77227873603 514
55 1952.76616224437 523
56 1952.75997437772 533
57 1952.75596817955 543
58 1952.75389514684 554
59 1952.7514973273 563
60 1952.75120579024 573
61 1952.74688026156 582
62 1952.74584001284 591

0 12413.5565770093 9
1 13439.9796018426 18
2 9517.98513364375 27
3 9975.58598759825 37
4 10236.5194798625 46
5 8270.95838458057 55
6 7675.29093821247 64
7 6371.51437663441 74
8 5606.22589595083 83
9 4360.48641349164 92
10 3537.36746598043 101
11 2929.78828129311 110
12 2823.329454077 120
13 2705.62229904535 129
14 2392.6446232169 138
15 2304.4004421064 148
16 2217.12433530898 157
17 2152.64015666402 167
18 2069.9539168645 176
19 2047.05151516658 185
20 2019.35341517652 195
21 2010.14168370902 204
22 1991.23963066779 213
23 1972.1399977299 222
24 1963.1806050099 232
25 1959.56664626701 241
26 1957.89991487146 251
27 1956.10675320955 260
28 1955.17076062417 270
29 1954.75592999761 279
30 1954.06889101865 288
31 1953.8223949156 298
32 1953.57851119457 307
33 1953.43926307715 316
34 1953.3220159436 326
35 1953.29031445682 335
36 1953.1813462775 345
37 1953.06809904945 354
38 1953.01632540707 364
39 1952.9854855233 373
40 1952.93305944685 383
41 1952.93602396474 392
42 1952.90719944029 401
43 1952.89738199585 410
44 1952.8667022818 420
45 1952.84435669039 429
46 1952.84389251767 438
47 1952.81722099003 448
48 1952.8114938648 457
49 1952.80320048606 466
50 1952.80117605556 475
51 1952.79527118796 485
52 1952.78802240231 494
53 1952.78293770631 504
54 1952.77718406801 513
55 1952.77756556828 522
56 1952.77442010769 532
57 1952.76420990516 542
58 1952.7658351514 551
59 1952.76491519386 561
60 1952.75850758934 570
61 1952.75538476428 580

0 11216.5009370228 9
1 12735.6919833409 18
2 12637.2403241094 27
3 13033.1808701038 37
4 11007.5069645046 46
5 11197.9926624312 55
6 6739.34562439745 64
7 6535.16741269574 73
8 5295.09916423811 84
9 4302.04607675819 93
10 3644.7028862963 103
11 3281.79895563997 112
12 2936.50745371282 121
13 2581.29639121874 130
14 2456.80613940928 139
15 2312.58398578368 149
16 2246.93307365293 158
17 2152.65477696601 168
18 2082.54788887428 177
19 2049.42036581745 186
20 2016.32687464348 196
21 2011.17226005186 205
22 1986.53580530686 215
23 1970.17030382901 224
24 1963.86798543539 233
25 1959.91902485331 243
26 1957.68110709649 252
27 1955.81265441094 262
28 1955.42670939463 271
29 1954.76058565627 280
30 1954.48228976328 289
31 1953.85372551475 299
32 1953.72401827682 308
33 1953.38587882691 318
34 1953.48597166406 327
35 1953.28017814227 336
36 1953.21266817365 346
37 1953.12811940955 355
38 1953.09334851996 365
39 1953.03518831691 375
40 1953.02116623296 385
41 1952.96398867492 395
42 1952.92831742004 404
43 1952.92243390501 413
44 1952.89478204965 423
45 1952.88973978965 432
46 1952.88028166387 442
47 1952.85761758951 451
48 1952.83875331826 460
49 1952.84332873745 469
50 1952.83112137135 479
51 1952.82526901492 489
52 1952.8203351706 499
53 1952.81667606295 508
54 1952.80746154277 517
55 1952.79756411459 526
56 1952.7992498797 535
57 1952.7965009847 545
58 1952.78948438222 554
59 1952.78952862411 563
60 1952.78554645372 574

0 14984.267330999 10
1 10570.5216433172 20
2 13513.1022875625 30
3 10595.0393337936 41
4 10788.9828298755 50
5 9826.43748908093 59
6 6980.45328092219 68
7 5837.76829463363 77
8 5388.48868814209 87
9 4494.75091315205 96
10 3563.82974233167 105
11 3265.20956269661 114
12 2919.70261879047 123
13 2591.50636148455 132
14 2475.21211543525 141
15 2357.86789557643 150
16 2199.2484417379 160
17 2168.53039705702 169
18 2081.84927341701 178
19 2047.74835701236 187
20 2012.08109592638 196
21 2011.47234211758 205
22 1986.52355072887 215
23 1972.07161805596 226
24 1965.72135784288 236
25 1960.31328594663 245
26 1957.49010645201 254
27 1956.15397505452 263
28 1955.45343514155 273
29 1954.63440742955 282
30 1954.30806489376 291
31 1954.02404405669 300
32 1953.61824790805 310
33 1953.43591066294 319
34 1953.37293507342 328
35 1953.28797546356 337
36 1953.17850252392 346
37 1953.14716724096 355
38 1953.14480499882 364
39 1953.07401748481 374
40 1953.0088614308 383
41 1952.98163456798 392
42 1952.97074439619 401
43 1952.94467608255 411
44 1952.93564422088 420
45 1952.92065013957 430
46 1952.90573296009 440
47 1952.88821464904 449
48 1952.88581706702 458
49 1952.87492605675 467
50 1952.86019494942 476
51 1952.84719691304 485
52 1952.84895415325 495
53 1952.84176319111 504
54 1952.83568905756 513
55 1952.83348331225 524
56 1952.82530336727 533
57 1952.8251213509 542

0 13770.4349025135 9
1 9918.9527589465 18
2 11149.0850659932 27
3 10428.5426109698 36
4 10156.041716303 45
5 8466.65330918751 55
6 7938.23991432262 65
7 6123.76168512522 74
8 5851.53295107339 85
9 5157.64860107408 95
10 3862.4916568041 104
11 3523.15649180912 113
12 2846.21088281062 122
13 2606.62738404415 131
14 2403.72044147994 140
15 2301.36601435794 149
16 2220.63413007214 158
17 2126.19250269881 168
18 2076.62483624124 177
19 2037.58766248301 186
20 2015.65831838362 195
21 2010.85697211359 204
22 1985.34899761444 213
23 1970.44650557306 222
24 1963.4107423815 232
25 1959.55675546213 241
26 1956.92843976023 250
27 1955.97718942892 259
28 1955.349460379 269
29 1954.60688806107 279
30 1953.98161861591 290
31 1953.97949660612 299
32 1953.7395039512 308
33 1953.58139580834 318
34 1953.2717418105 327
35 1953.24296861297 336
36 1953.16081883897 345
37 1953.11339192792 354
38 1953.0946935004 364
39 1953.02246778279 373
40 1952.97193518907 382
41 1952.92156629336 392
42 1952.93162493842 401
43 1952.92171626873 410
44 1952.90642780448 419
45 1952.89557318188 429
46 1952.87076253324 438
47 1952.84933827697 447
48 1952.83176916484 456
49 1952.82427915301 466
50 1952.81823975421 475
51 1952.81772696452 485
52 1952.81101120916 495
53 1952.80949279026 504
54 1952.80312555967 514
55 1952.79100403844 523
56 1952.78570006775 532
57 1952.78489082539 541
58 1952.78298375858 550
59 1952.78228996424 560
60 1952.78031785968 569

0 10141.8954196108 9
1 11572.8241919572 18
2 10921.1743062953 27
3 10718.4217793918 36
4 10381.3130371714 45
5 10692.1030771949 55
6 7422.34248529519 64
7 5501.00125263505 73
8 5489.03257286899 82
9 4627.3766233629 91
10 4099.20117387072 101
11 3145.79785132734 111
12 2960.52469702406 120
13 2689.12235325539 130
14 2329.95032774437 139
15 2334.0734075988 148
16 2233.51244633274 157
17 2172.94308734054 166
18 2100.27470780091 175
19 2047.89052571514 184
20 2013.18853185464 193
21 2010.42546101745 202
22 1982.5289347878 212
23 1968.95148401536 221
24 1964.20601317354 230
25 1959.11667748451 240
26 1956.59204468657 249
27 1955.70593935908 258
28 1955.18302548409 267
29 1954.90653368906 276
30 1954.45559486096 286
31 1953.99668093875 295
32 1953.75130963704 305
33 1953.50498336008 315
34 1953.29272919538 326
35 1953.23746902272 335
36 1953.14592311275 346
37 1953.09345311981 356
38 1953.05306650994 365
39 1953.02767253762 374
40 1952.97395841419 384
41 1952.92771530616 393
42 1952.90767177911 402
43 1952.91690946121 411
44 1952.91223321861 421
45 1952.88567506677 431
46 1952.859855085 441
47 1952.84484509065 450
48 1952.83168830262 459
49 1952.82682825421 468
50 1952.81871600677 478
51 1952.80846255148 487
52 1952.79394152214 496
53 1952.789162596 505
54 1952.78042105941 515
55 1952.77723389738 527
56 1952.77995010946 537
57 1952.78033132884 546
58 1952.77200396497 556
59 1952.76354570384 565
60 1952.75835340237 574
61 1952.76095732759 584

0 10171.3095531181 9
1 12308.4418196786 18
2 10512.4151077313 28
3 11511.5839320098 38
4 9310.57716524947 48
5 9268.18289668259 58
6 7657.75725885367 67
7 6038.70437735242 76
8 5324.00616565993 85
9 4389.07387790742 95
10 3645.33395966452 104
11 3271.45857139294 113
12 2833.63004100645 122
13 2572.03421857162 132
14 2438.64447128871 142
15 2246.39925634181 153
16 2209.07526601221 162
17 2163.51593920913 171
18 2077.79582882489 180
19 2049.03839142427 190
20 2019.74505936902 199
21 2006.94835775201 208
22 1983.175484782 217
23 1970.62855962265 226
24 1965.13480333022 235
25 1959.74569344124 245
26 1957.8412846067 255
27 1956.35939665951 264
28 1955.22609581943 274
29 1954.98558301601 283
30 1954.30656827615 292
31 1953.84087301005 301
32 1953.62053812446 311
33 1953.36836605118 320
34 1953.32841380537 330
35 1953.26911678391 340
36 1953.21887318112 350
37 1953.07793082555 359
38 1953.07423214358 369
39 1953.02725401182 378
40 1952.98771147383 388
41 1952.94158029074 397
42 1952.93353648171 406
43 1952.88716421984 415
44 1952.88072372478 425
45 1952.84427243491 434
46 1952.83183071804 444
47 1952.83774058822 453
48 1952.81130414443 462
49 1952.80645895602 471
50 1952.80259006271 480
51 1952.79820178794 490
52 1952.7938715927 499
53 1952.77668004563 508
54 1952.77191528671 517
55 1952.76998786417 527
56 1952.76578718719 536
57 1952.76496450582 546
58 1952.75724896996 556
59 1952.74797726595 565
60 1952.74598301033 574
61 1952.74256453804 584
62 1952.74659738423 593

0 12170.4643967853 9
1 12608.095635611 18
2 12825.9981008381 27
3 13391.5709732646 37
4 8886.73194044994 46
5 9033.14776625775 55
6 7768.64252886742 64
7 6022.74499483479 74
8 5504.39862739748 83
9 4403.53016249311 92
10 3765.05286551887 101
11 3324.85342222778 111
12 2777.77368536877 120
13 2595.68305337886 129
14 2420.19890163536 139
15 2289.75304211552 148
16 2243.70252258499 158
17 2116.61215202795 167
18 2073.91914646307 177
19 2041.03011758526 186
20 2022.0050933586 195
21 2007.19431455349 204
22 1988.39646992755 213
23 1969.64008589604 223
24 1963.39207351344 233
25 1959.88174927438 242
26 1958.24407271749 251
27 1956.39336222648 262
28 1955.56256497487 271
29 1954.42235413832 280
30 1954.26887119152 290
31 1953.91127773448 299
32 1953.64428267676 309
33 1953.53014823448 318
34 1953.34524129019 327
35 1953.16548015655 336
36 1953.17387942834 346
37 1953.09319039085 356
38 1953.08543143327 365
39 1953.0065358267 375
40 1952.99125068403 384
41 1952.94606130104 394
42 1952.93782970046 403
43 1952.90590747171 412
44 1952.87335722467 422
45 1952.85287111483 431
46 1952.83131665845 440
47 1952.83097431112 449
48 1952.81210585313 458
49 1952.80367406135 469
50 1952.79675953085 478
51 1952.79372582643 487
52 1952.79181536412 497
53 1952.78411579893 506
54 1952.77838331714 515
55 1952.77492648315 524
56 1952.77106601334 534
57 1952.76657817834 543
58 1952.76212063292 553
59 1952.75293919186 565
60 1952.75092565971 575

0 11482.3482883948 11
1 10995.8442281579 20
2 11336.1104192992 29
3 11942.4672453478 38
4 10338.9227575132 48
5 9301.85922373526 57
6 10481.2279154096 66
7 6542.47598259429 75
8 5183.50450051998 85
9 4162.84120185341 94
10 3465.39342008675 103
11 3102.37839559589 112
12 2869.15912734268 122
13 2577.99173868478 131
14 2456.5249574414 140
15 2273.09147260236 149
16 2181.64972106913 158
17 2139.63280537448 168
18 2057.30680474015 178
19 2039.70128993313 187
20 2031.53477163533 197
21 2011.6137575344 207
22 1983.66498720526 216
23 1970.53995852289 226
24 1963.17779901698 235
25 1959.52969544934 244
26 1956.93253091377 253
27 1956.81350594657 263
28 1955.49873943602 272
29 1954.43573833228 281
30 1954.04012412388 291
31 1953.77482957413 300
32 1953.62972232052 309
33 1953.42625773522 318
34 1953.36933922998 328
35 1953.21671264949 337
36 1953.09543606024 346
37 1953.06383504614 355
38 1952.99157380315 364
39 1952.9936090631 374
40 1952.98149858487 384
41 1952.96682727631 393
42 1952.91525663826 403
43 1952.86018035989 412
44 1952.83681186702 421
45 1952.8533696622 431
46 1952.84079679767 440
47 1952.81725427092 449
48 1952.820380984 459
49 1952.8125883167 468
50 1952.80801964569 478
51 1952.79646056299 487
52 1952.78864810432 496
53 1952.77590118307 506
54 1952.76028240142 515
55 1952.76468396247 524
56 1952.76102772775 534
57 1952.75888802124 543
58 1952.75298017364 552
59 1952.74930870589 561
60 1952.75003983574 571
61 1952.74406634926 582

0 10576.6415690875 10
1 9452.51240721478 19
2 10105.3618113621 28
3 11357.1181370556 37
4 10835.1394078821 46
5 8041.09082940682 56
6 6563.88076210387 65
7 6184.82608774139 74
8 5179.76583297873 84
9 4285.24070999084 94
10 3691.29819875626 103
11 3128.14294203264 112
12 2883.47931971272 122
13 2622.12218056003 131
14 2459.94110400365 140
15 2339.10710695457 149
16 2176.6250834691 158
17 2163.85256520595 167
18 2086.38332348873 176
19 2036.72189448113 185
20 2010.4681223086 195
21 2003.27846981205 204
22 1986.23079078047 214
23 1969.94760912806 223
24 1964.32642847783 232
25 1959.28451166362 242
26 1957.20539712249 251
27 1956.0969299082 260
28 1955.2604337318 269
29 1954.57080818718 279
30 1954.25294313504 288
31 1953.82012892371 297
32 1953.65295696027 308
33 1953.55378579747 317
34 1953.35871360721 326
35 1953.23430676798 335
36 1953.11084454759 345
37 1953.08041286659 354
38 1953.04421850153 363
39 1952.97522268423 373
40 1952.97984797374 382
41 1952.98729660396 391
42 1952.92598979317 401
43 1952.90845316569 412
44 1952.90204634929 421
45 1952.89018981235 431
46 1952.85402775289 440
47 1952.85654902736 449
48 1952.82990259814 459
49 1952.81704439014 468
50 1952.82137221529 477
51 1952.81332641835 486
52 1952.80354149019 496
53 1952.79857616216 505
54 1952.7934118393 514
55 1952.78735515781 523
56 1952.7809256229 533
57 1952.77658308113 542
58 1952.77612975814 551
59 1952.77215473177 560
60 1952.76602894205 570

0 15537.4320587623 9
1 9212.4975055026 20
2 11038.1701658322 29
3 10850.0213612069 39
4 9767.08393855311 49
5 8743.84735990155 59
6 7853.6111081271 68
7 7406.84993695013 77
8 4616.18597359962 87
9 3999.17943618501 96
10 3864.93450002472 105
11 3358.00784878047 114
12 2994.79428404539 123
13 2620.31269226552 132
14 2504.56283689207 141
15 2360.4889085519 151
16 2227.80976188508 160
17 2155.90146611711 169
18 2106.0389966069 178
19 2053.28445100665 187
20 2023.22359159818 196
21 2010.12024665202 205
22 1984.68287996621 214
23 1969.83227440156 223
24 1964.82006718031 233
25 1959.34835159525 242
26 1957.57278049987 253
27 1956.24508522265 263
28 1955.06805259072 273
29 1954.59617978993 283
30 1954.17238124485 293
31 1953.94394946523 302
32 1953.65219798002 311
33 1953.47804922244 321
34 1953.43659738402 330
35 1953.2828432273 340
36 1953.14128367683 349
37 1953.09431554783 358
38 1953.08065101345 368
39 1953.05245952184 377
40 1952.99806282529 386
41 1952.98353681622 395
42 1952.99227179854 405
43 1952.98091794999 414
44 1952.9646525696 423
45 1952.90366499328 433
46 1952.91392499108 443
47 1952.90471166889 453
48 1952.8963706131 463
49 1952.88230046664 472
50 1952.87034738699 482
51 1952.85133720776 491
52 1952.84458770123 500
53 1952.8440853024 510
54 1952.83922979695 519
55 1952.8376473407 529
56 1952.83474153045 539
57 1952.83362910305 548
58 1952.82896526541 557

0 13249.3999434543 9
1 9184.45308556692 18
2 12620.7496003481 27
3 10828.5733632095 36
4 8608.13341169899 46
5 9758.97452633712 55
6 8156.63460036356 64
7 6719.49736786912 73
8 4825.34605037783 83
9 4405.04207547751 93
10 3767.05061224721 102
11 3189.28654583999 111
12 2823.71561072478 120
13 2674.71738203821 130
14 2441.89753529872 139
15 2332.68988339505 148
16 2194.99812959463 157
17 2137.6333491196 167
18 2083.89200250233 176
19 2038.74993618683 185
20 2017.7017904478 194
21 2007.35319288027 203
22 1984.08270635362 213
23 1969.77316377565 222
24 1963.75390646906 231
25 1959.13916975168 240
26 1957.22459725294 250
27 1956.31527386377 259
28 1955.23760460134 268
29 1954.50823341752 278
30 1954.40479251619 288
31 1953.91539061109 298
32 1953.65612787133 307
33 1953.37505080127 317
34 1953.28034571753 326
35 1953.27124494008 335
36 1953.13628636184 345
37 1953.08316023776 354
38 1953.05808280569 363
39 1953.03516798293 373
40 1952.9634555859 382
41 1952.93069444889 391
42 1952.90536314254 400
43 1952.86371365285 410
44 1952.85419280225 419
45 1952.83423163953 428
46 1952.81947470624 437
47 1952.82833122158 446
48 1952.82049267014 456
49 1952.81098633427 467
50 1952.79508974732 476
51 1952.79258855906 486
52 1952.7868116285 495
53 1952.77512728845 505
54 1952.7637513049 514
55 1952.75891302903 524
56 1952.75760791197 533
57 1952.75862100724 542
58 1952.75666894577 551
59 1952.75569714967 561
60 1952.74923664763 570
61 1952.74127115049 579

