0 230.15706330767 0
1 6.08468212225798 0
2 8.91016382992221 0
3 9.72388491178408 0
4 9.51908697420528 0
5 6.98730644450446 0
6 7.43129890987148 0
7 10.4542771878475 0
8 9.44150685673579 0
9 10.6067045179529 0
10 6.50166995233293 1
11 7.02399485475573 1
12 8.01839284906493 1
13 5.80013109237559 1
14 7.04639973365998 1
15 6.62346122414359 1
16 6.36888432203492 1
17 5.19506461317367 1
18 4.74971863784448 1
19 4.02499135147138 1
20 4.09390924126573 1
21 3.95604755863618 2
22 3.95475557845361 2
23 3.94547478101246 2
24 3.90571147939006 2
25 3.86978378867878 2
26 3.87210187898354 2
27 3.84021066688844 2
28 3.85293087667938 2
29 3.84207834395649 2
30 3.84365414210707 2
31 3.83778747632688 3
32 3.83539912641573 3
33 3.83467189838901 3
34 3.8343972943478 3
35 3.83447680304613 3
36 3.83357533982577 3
37 3.83216082322171 3
38 3.83254651213306 3
39 3.83193282339343 3
40 3.83184059958911 3

0 14.6691313830436 0
1 7.38584575467925 0
2 8.08924495144847 0
3 9.85660605723144 0
4 10.6643376441133 0
5 7.7835776888889 0
6 6.71160009046201 0
7 9.40667078567223 0
8 8.49727657622397 0
9 9.5889589164236 1
10 7.99925761020213 1
11 6.91709109570378 1
12 10.2110541601947 1
13 5.96816637765277 1
14 6.75882574088343 1
15 6.79911464547833 1
16 5.99426947836977 1
17 5.21073423919173 1
18 4.71163665113881 1
19 4.44032491437484 1
20 4.05538702437074 1
21 3.96933874386091 2
22 3.91036501343154 2
23 3.95461605243509 2
24 3.91475047966202 2
25 3.88322591971634 2
26 3.86567807368499 2
27 3.84118940030474 2
28 3.85287089990742 2
29 3.84565685211945 2
30 3.84838311022451 2
31 3.83493803956812 2
32 3.8371953965981 2
33 3.83557306416974 2
34 3.83280584461667 2
35 3.83490460869531 3
36 3.83241173758209 3
37 3.83197700019404 3
38 3.83199955811246 3
39 3.83126479638761 3
40 3.83194840719503 3

0 7.80035892444963 0
1 5.52339817234489 0
2 6.90398670204016 0
3 8.15438122252678 0
4 7.22469468642708 0
5 8.31484986916272 0
6 6.66994394586051 0
7 14.0483880822961 0
8 8.06634394286579 0
9 7.80641701656867 0
10 10.7894343952646 0
11 7.73048764992054 0
12 11.8999576393215 0
13 12.3349321669517 0
14 9.66661992651197 0
15 5.502689691805 1
16 5.63031379069514 1
17 5.11933722237087 1
18 4.42760871385664 1
19 4.41148061276092 1
20 4.12496251876644 1
21 4.00743085205676 1
22 3.92328852692972 1
23 3.93305745162346 1
24 3.87228839202467 1
25 3.88790906073904 1
26 3.87556160943908 1
27 3.86583764502841 1
28 3.85267457353555 1
29 3.85275416393583 1
30 3.85264762281649 2
31 3.84459792269723 2
32 3.8426470498665 2
33 3.84299025507432 2
34 3.84468510857916 2
35 3.84202966587071 2
36 3.83745051578324 2
37 3.83764214385657 2
38 3.83572508827285 2
39 3.83477540367845 2
40 3.83425785270797 2
41 3.83293671532243 2

0 8.45642577847817 0
1 5.12155662014268 0
2 6.87665127813189 0
3 10.1522127549266 0
4 7.00070262473093 0
5 8.60597064256658 0
6 6.92901392612113 0
7 12.6201325942904 0
8 8.5254946589865 0
9 7.86764226091491 0
10 7.58090430821751 0
11 8.0609762344731 0
12 10.198780390101 0
13 12.2438545554075 0
14 8.36227687544399 0
15 5.37021577394644 1
16 5.42333687132818 1
17 5.01938869135712 1
18 4.54853413446039 1
19 4.44121960799521 1
20 4.25398923181869 1
21 3.97045661559036 1
22 3.92644329333014 1
23 3.93633445405136 1
24 3.87177608301853 1
25 3.8839681712905 1
26 3.8753541096471 1
27 3.87393323227468 1
28 3.85667147976898 1
29 3.85372344970077 1
30 3.85359463267837 2
31 3.84362134877561 2
32 3.84077987116498 2
33 3.84085639215285 2
34 3.84308023771546 2
35 3.84046528747058 2
36 3.83601213063854 2
37 3.83737348623536 2
38 3.83481655133169 2
39 3.8339260560002 2
40 3.83375233830422 2
41 3.83243153819075 2

0 12.1328094444976 0
1 5.36580183068397 0
2 7.13307124041382 0
3 9.04575651746667 0
4 6.87109701118676 0
5 8.62478097285415 0
6 6.94130816709347 0
7 12.6376082800636 0
8 8.50140914750527 0
9 7.86135644030189 0
10 7.60893012568015 0
11 8.06267810206563 0
12 10.2518362239088 0
13 12.1864497959774 0
14 8.36580019314421 0
15 5.372443380828 1
16 5.42317083920943 1
17 5.01890275718149 1
18 4.54867291766691 1
19 4.4410916676705 1
20 4.25405044944603 1
21 3.97055547840926 1
22 3.9265137269798 1
23 3.93646745460894 1
24 3.87190290695781 1
25 3.88409518040165 1
26 3.87547415712814 1
27 3.87403930170688 1
28 3.85678519657248 1
29 3.85383395815652 1
30 3.85369548805343 2
31 3.84372352167131 2
32 3.84088002038852 2
33 3.84095237273947 2
34 3.8431803325883 2
35 3.84055926897867 2
36 3.8361064307187 2
37 3.83746571228013 2
38 3.83490798383552 2
39 3.83401690355372 2
40 3.83384211443154 2
41 3.83251969254568 2

0 7.87824719068275 0
1 5.45740374501362 0
2 7.39473677302201 0
3 8.63576739390975 0
4 6.27010921244382 0
5 6.78735869271618 0
6 9.1442708611343 0
7 18.3984679583245 0
8 7.36742836168787 0
9 9.25717251881579 0
10 9.2023130634462 0
11 8.05701810365068 0
12 13.6684319412705 0
13 8.79543172905671 0
14 7.37296619723893 0
15 5.0433251321194 1
16 5.3999465480255 1
17 4.91680320586039 1
18 4.57706004236032 1
19 4.38774560011343 1
20 4.21885877806381 1
21 4.03457329022823 1
22 3.96523777535215 1
23 3.91874218596527 1
24 3.89801017885055 1
25 3.87247075577993 1
26 3.87135353457192 1
27 3.87183282472068 1
28 3.85601818167511 1
29 3.84791921150946 2
30 3.85440454251015 2
31 3.84841752072622 2
32 3.84461687955836 2
33 3.84484430099398 2
34 3.84574185272906 2
35 3.84148506214964 2
36 3.83783528790046 2
37 3.83815045246023 2
38 3.8370416888008 2
39 3.83648973805116 2
40 3.83460688830346 2
41 3.83596479563684 2

0 11.2465491925553 0
1 4.95345142846601 0
2 6.23997955817067 0
3 9.09841340672378 0
4 7.22821582129098 0
5 8.692554337393 0
6 8.36879631950582 0
7 13.2339288819931 0
8 9.06907139194181 0
9 7.74248607473918 0
10 7.60242282677209 0
11 7.77823643996992 0
12 18.6273125316193 0
13 8.97465462677483 0
14 7.83582632510529 0
15 4.87760588320546 1
16 5.02851641115162 1
17 4.6536574466191 1
18 4.58628733293228 1
19 4.16826106971817 1
20 4.22673293096391 1
21 4.03296826672242 1
22 3.99286981238384 1
23 3.9056083296116 1
24 3.89021425776455 1
25 3.89057677678047 1
26 3.85499318493982 1
27 3.85934505568566 1
28 3.85473652982191 1
29 3.84537977664468 1
30 3.84533228263991 2
31 3.84070272508063 2
32 3.8354484895105 2
33 3.83714119292373 2
34 3.83676169765148 2
35 3.83534576499181 2
36 3.83242423367486 2
37 3.83371333960355 2
38 3.83253741513039 2
39 3.83176986487101 2
40 3.830810350852 2

0 152.015239857269 0
1 15.6978079408984 0
2 12.1170065809465 0
3 4.70873177705204 0
4 9.03659888879726 0
5 8.38673580604025 0
6 16.3480692127041 0
7 5.25691644639712 0
8 14.8067555375213 0
9 11.6319725317543 0
10 12.0407080600484 0
11 8.24320550770356 0
12 12.4712990876767 0
13 12.0314601206226 0
14 7.19905168469773 0
15 7.25276561317508 1
16 5.3107650049379 1
17 4.28423830298354 1
18 4.6069137546115 1
19 4.17238256172853 1
20 4.15679122264064 1
21 4.11134335913638 1
22 3.96074367696506 1
23 3.91143773779373 1
24 3.89395119036681 1
25 3.86093056879199 1
26 3.87671101983451 1
27 3.85929746828944 1
28 3.84475415824272 1
29 3.84695401847832 1
30 3.84969125264219 2
31 3.83930933018234 2
32 3.84054841300777 2
33 3.83793223813801 2
34 3.83361115926035 2
35 3.83299007641309 2
36 3.83431533202454 2
37 3.83324271105902 2
38 3.83225308897321 2
39 3.83344695524827 2
40 3.83285105390763 2
41 3.83037957467228 2

0 21.204611624462 0
1 17.4803965974521 0
2 11.6349188743843 0
3 6.10110850770476 0
4 8.6241037775112 0
5 9.78364703947167 0
6 13.3694965147044 0
7 6.02915867331307 0
8 17.1930453618123 0
9 11.958763273129 0
10 14.0126611127459 0
11 7.09260645449973 0
12 11.0016608483524 0
13 12.022408576736 0
14 8.45566557656736 0
15 6.5193730283289 1
16 4.78092276851141 1
17 4.74893397587039 1
18 4.48491995601462 1
19 4.27013469019741 1
20 4.17611405094654 1
21 4.05020888137586 1
22 3.94935036555259 1
23 3.89947573218529 1
24 3.88622369105292 1
25 3.87593467348887 1
26 3.86288945558459 1
27 3.85868460086334 1
28 3.8530328161773 1
29 3.85321494232609 1
30 3.84218957487142 1
31 3.84042722073101 2
32 3.84016852253732 2
33 3.83820353056032 2
34 3.83491618229398 2
35 3.83889059988091 2
36 3.84019577611513 2
37 3.83749858168235 2
38 3.83697163521057 2
39 3.83786324543217 2
40 3.83573421419962 2
41 3.83324974342891 2

0 9.27155465224346 0
1 20.8964984554549 0
2 8.53381514825697 0
3 5.21726972472355 0
4 6.55790687190283 0
5 9.64023222853118 0
6 15.9730716318888 0
7 6.08304004520675 0
8 14.843573428655 0
9 13.7859738590555 0
10 9.1646207227759 0
11 6.16501200696165 0
12 10.6835530588918 0
13 11.9457782987537 0
14 7.40032086318477 0
15 7.51902704683445 1
16 4.99590899426442 1
17 4.83378153597219 1
18 4.470665048695 1
19 4.40498659423927 1
20 4.1304288326504 1
21 4.02484314842496 1
22 3.9007944158414 1
23 3.89655122881513 1
24 3.9066042420554 1
25 3.86313733575534 1
26 3.86275076631922 1
27 3.85332319680031 1
28 3.84831689523143 1
29 3.84610790249929 1
30 3.84005476004328 1
31 3.83813406662047 2
32 3.83940190545972 2
33 3.83618762839306 2
34 3.83420197452908 2
35 3.83461241788064 2
36 3.83349465402345 2
37 3.83303133434767 2
38 3.83256002955795 2
39 3.83335587818326 2
40 3.8321144486231 2
41 3.83081182280067 2

0 10.9439036816196 0
1 17.7833557115984 0
2 10.9126274260482 0
3 4.80558900922213 0
4 5.86443010383631 0
5 8.10591725204169 0
6 21.0115203993157 0
7 5.8520418971776 0
8 16.7698103478292 0
9 9.65342475198025 0
10 12.2787393033563 0
11 7.64726631891671 0
12 10.7239758722918 0
13 11.3391272499693 0
14 9.00948935705433 0
15 7.33489142472725 1
16 5.33310744840608 1
17 4.48006327427038 1
18 4.68899346597058 1
19 4.23673588756655 1
20 4.19256159218076 1
21 4.05104085370953 1
22 3.94117830089995 1
23 3.90585332132397 1
24 3.89131501549921 1
25 3.87827211993328 1
26 3.8782967160509 1
27 3.85706484831476 1
28 3.85607123537918 1
29 3.84727130067501 1
30 3.84695087349226 1
31 3.83976867355554 2
32 3.84133735732337 2
33 3.83858516631113 2
34 3.83406192458502 2
35 3.83305407119866 2
36 3.83418870496971 2
37 3.83349562929385 2
38 3.83286838360547 2
39 3.83334171484657 2
40 3.83313600040792 2
41 3.83052873277549 2

0 13.7678111527608 0
1 14.5568963564042 0
2 11.3700943981256 0
3 4.90367092086614 0
4 6.5090408506369 0
5 10.2569088898102 0
6 13.5531640918352 0
7 5.55079661899498 0
8 14.1311652144687 0
9 9.06103928602597 0
10 12.7309507012327 0
11 6.14888979139252 0
12 10.7931386616234 0
13 11.8639992686349 0
14 7.5236827601959 0
15 8.37672803699149 1
16 4.84089529487393 1
17 4.48753135669593 1
18 4.22487743569323 1
19 4.20235208115024 1
20 4.10876906522875 1
21 4.09836568615526 1
22 3.94654363840347 1
23 3.89549609572833 1
24 3.88054627180201 1
25 3.86771276980508 1
26 3.86645267579127 1
27 3.85368703771721 1
28 3.84274655949773 1
29 3.84651680328207 1
30 3.84290608384283 1
31 3.83849162226504 2
32 3.84195739593861 2
33 3.8388351747092 2
34 3.83338591523069 2
35 3.83443604653297 2
36 3.83327459973775 2
37 3.83165362397364 2
38 3.83126243480964 2
39 3.8325945262746 2
40 3.83130569545046 2
41 3.82975751058715 2

0 7.90142051243217 0
1 13.9386151174574 0
2 9.15559886111296 0
3 5.18533911232401 0
4 8.46121289839639 0
5 11.3528952775985 0
6 16.3254598689301 0
7 7.84992452128799 0
8 18.3640573633518 0
9 10.7932470108124 0
10 12.8349169859285 0
11 7.89300684322413 0
12 10.4763995342244 0
13 12.0490132056841 0
14 7.01427288024377 0
15 7.3514433913514 1
16 4.75087237711963 1
17 4.59796185519295 1
18 4.26274356842272 1
19 4.29463979208279 1
20 4.10834169655684 1
21 4.02635864057561 1
22 3.96758362508136 1
23 3.89681139658073 1
24 3.88466209170466 1
25 3.89005213860659 1
26 3.86466401639187 1
27 3.85841607944162 1
28 3.85549557106905 1
29 3.85397908121013 1
30 3.84694796530162 2
31 3.84302446066249 2
32 3.8428851849954 2
33 3.8430849747348 2
34 3.83715446277252 2
35 3.84060924759348 2
36 3.83926842931901 2
37 3.83651454838906 2
38 3.83567753083673 2
39 3.83695807582334 2
40 3.83478207500809 2
41 3.83308256181769 2

0 11.9135865279718 0
1 8.78801964613838 0
2 9.67124408321977 0
3 6.75342233418814 0
4 6.587503248369 0
5 11.005869693179 0
6 11.1641097743654 0
7 8.59904259522408 0
8 7.92962134945165 0
9 5.78942957273476 0
10 5.38727972728397 0
11 7.71221468860637 0
12 11.835931991409 0
13 10.9433136496128 0
14 7.59812053152078 0
15 5.64428738387257 1
16 5.72138724567514 1
17 4.22215411650466 1
18 4.56668346917627 1
19 4.55719818782126 1
20 4.11818360917609 1
21 3.99800316374344 1
22 4.0019835039175 1
23 3.93069105697697 1
24 3.88864437252248 1
25 3.87295062838335 1
26 3.85969909434331 1
27 3.84554988886374 1
28 3.85033228060795 1
29 3.8502052972717 1
30 3.84574176678826 1
31 3.84185646805533 2
32 3.83835591607451 2
33 3.84053889456205 2
34 3.84120512336784 2
35 3.83658461740115 2
36 3.83340145697303 2
37 3.8316252732911 2
38 3.83065484953281 2
39 3.83276267376958 2
40 3.83241487331703 2

0 12.3421912306979 0
1 8.86088980792187 0
2 8.73073937685241 0
3 7.14403542580082 0
4 7.36124469165986 0
5 8.3339634535508 0
6 11.8356526756514 0
7 9.63192917384275 0
8 8.49724206411997 0
9 5.63866766161169 0
10 5.98677631774421 0
11 8.07100525512202 0
12 13.0162446982496 0
13 9.91947159356221 0
14 8.07009921240005 0
15 5.40772573038515 1
16 4.92571202755825 1
17 4.2983308662074 1
18 4.76086836757458 1
19 4.56649300367863 1
20 4.12779300147145 1
21 4.02137873339868 1
22 4.00698440193553 1
23 3.89170098643914 1
24 3.89169106865889 1
25 3.87306705945181 1
26 3.87437237497321 1
27 3.84821794076329 1
28 3.85227779615264 1
29 3.84752950213451 1
30 3.84127721058228 1
31 3.8409382150198 2
32 3.83795017068992 2
33 3.84020139083403 2
34 3.83577281954205 2
35 3.83599695269287 2
36 3.83448481151719 2
37 3.83409892141002 2
38 3.83272255289337 2
39 3.83443726857723 2
40 3.83178972046105 2

0 16.6923311108758 0
1 9.05184698653953 0
2 9.69601627017749 0
3 7.29043510295549 0
4 7.45438529970124 0
5 8.30968463195698 0
6 11.848281990435 0
7 9.65477635701626 0
8 8.49598275548501 0
9 5.63709977949761 0
10 5.98815660956961 0
11 8.07138858346455 0
12 13.0180096265019 0
13 9.91917587603015 0
14 8.07001470188682 0
15 5.40768588092569 1
16 4.92573944295463 1
17 4.29832442790992 1
18 4.76085332377268 1
19 4.56649070319116 1
20 4.12777899771661 1
21 4.02137603949949 1
22 4.00698208162377 1
23 3.89169866324579 1
24 3.89168776348406 1
25 3.87306435644275 1
26 3.87437053202569 1
27 3.84821572136861 1
28 3.85227566950252 1
29 3.84752693687479 1
30 3.84127514550028 1
31 3.84093608150372 2
32 3.83794812641505 2
33 3.84019915369191 2
34 3.83577083239448 2
35 3.83599501983477 2
36 3.83448291351228 2
37 3.83409705660311 2
38 3.83272078647384 2
39 3.83443547742067 2
40 3.83178804983342 2

0 15.6433650286178 0
1 9.30011567898498 0
2 7.60218958041462 0
3 7.73084184992667 0
4 6.27312789052332 0
5 10.1458426233044 0
6 11.7943844192226 0
7 9.38163009618937 0
8 8.19270310619212 0
9 6.78049189222063 0
10 5.91278419862832 0
11 9.53183472738456 0
12 9.5318794028516 0
13 9.9243453530357 0
14 7.40054553022898 0
15 6.11688301015653 1
16 4.95706222456438 1
17 4.76418290395689 1
18 4.76598473684838 1
19 4.59665659778239 1
20 4.09712308875525 1
21 4.07236367982557 1
22 3.9725137804437 1
23 3.89436388445414 1
24 3.9010992740406 1
25 3.88587448930077 1
26 3.87213340527643 1
27 3.85512330996721 1
28 3.85026813277291 1
29 3.84938521362228 1
30 3.84499628896373 1
31 3.841944884324 2
32 3.83964335215883 2
33 3.84064118534361 2
34 3.8372706449463 2
35 3.83799220125611 2
36 3.83622348288731 2
37 3.83557276891718 2
38 3.83373648407356 2
39 3.83430371974913 2
40 3.83285678396198 2

0 13.1072135644947 0
1 7.47469786372969 0
2 6.80773244020077 0
3 7.74309205850565 0
4 6.57046320712391 0
5 12.2377398929651 0
6 10.1277112678529 0
7 9.38848430501661 0
8 8.96656317318529 0
9 6.32617319860123 0
10 5.39191685905669 0
11 7.45196467941977 0
12 8.46591210751465 0
13 8.71929852251531 0
14 6.36309356677691 0
15 6.54399956509846 1
16 6.02676910884174 1
17 5.17155942527736 1
18 4.60943145454154 1
19 4.18864653347203 1
20 4.0255512685734 1
21 4.02906870511728 1
22 3.99007942743776 1
23 3.91661501046393 1
24 3.8959713995011 1
25 3.87019733824069 1
26 3.86412951620669 1
27 3.84637195897869 1
28 3.8567437352423 1
29 3.84116546449611 1
30 3.84119880987083 1
31 3.83945323261178 2
32 3.83633753085578 2
33 3.84261258291279 2
34 3.83765351467144 2
35 3.83830284318656 2
36 3.83440196760405 2
37 3.83363617791661 2
38 3.83365813489008 2
39 3.83419910406556 2
40 3.8334672060779 2

0 11.4284991043975 0
1 10.889077515458 0
2 6.73186156509013 0
3 7.47208927424875 0
4 6.73829225431663 0
5 11.4211456964584 0
6 11.3418685942161 0
7 10.1303271470295 0
8 7.93326309452448 0
9 6.43529074199995 0
10 5.03764598523741 0
11 8.50835245732012 0
12 14.4553935883438 0
13 11.9216246474464 0
14 8.23316043201229 0
15 6.97082478755234 1
16 5.47940656219604 1
17 4.61638453671732 1
18 4.56815256280953 1
19 4.20668554624819 1
20 4.17863018666084 1
21 4.0376702228919 1
22 3.98942421645461 1
23 3.9250979975931 1
24 3.90905365680833 1
25 3.87880207603948 1
26 3.85749219450443 1
27 3.85439324701144 1
28 3.86047285795708 1
29 3.84261467691242 2
30 3.8448232738506 2
31 3.8412156791763 2
32 3.83603176835663 2
33 3.83851753417356 2
34 3.83740664840467 2
35 3.83730417516684 2
36 3.83338863115534 2
37 3.83250222218418 2
38 3.83178061167742 2
39 3.8335659463964 2
40 3.83312071289293 2

0 22.4784051714851 0
1 13.080247206366 0
2 8.77013531282501 0
3 6.97349076837179 0
4 8.70254236693715 0
5 9.99418113007994 0
6 7.41078993081607 0
7 11.7670048572085 0
8 12.8154593730783 0
9 13.2395166883114 0
10 9.24147511299209 0
11 7.16344152455948 0
12 7.0750582015078 0
13 8.20027238725539 1
14 6.82052252259275 1
15 6.25153505854476 1
16 5.35234218530039 1
17 4.90655492358582 1
18 4.26072600710563 1
19 4.5243888467267 1
20 4.15381856417008 1
21 3.97611846900945 1
22 3.93486337405156 1
23 3.85619038065759 1
24 3.86588291572345 1
25 3.85753397307962 1
26 3.84194107689822 1
27 3.8483189802795 2
28 3.84275383924625 2
29 3.84024947199931 2
30 3.83834696280897 2
31 3.83754348936991 2
32 3.83688247864917 2
33 3.83459586604954 2
34 3.83253421041912 2
35 3.83390133956016 2
36 3.8341235621961 2
37 3.83402356889475 2
38 3.83260200946515 2
39 3.83129574819874 2
40 3.83182221782397 2

0 15.0299970201912 0
1 8.93623253837684 0
2 8.03604715295716 0
3 6.14309923493849 0
4 7.77863496053434 0
5 8.0646119861021 0
6 7.92292197666265 0
7 12.2059874905483 0
8 11.6002734057263 0
9 10.6342349481434 0
10 7.01826297142202 0
11 6.74245150073478 0
12 6.64951316019304 0
13 8.92787425543127 1
14 6.73735056750665 1
15 6.75106966781069 1
16 5.37756073686343 1
17 4.96687402853149 1
18 4.51619242244064 1
19 4.65727441709037 1
20 4.30397353092609 1
21 4.01394073644533 1
22 3.92842608478138 1
23 3.87013329957462 1
24 3.8437054426818 1
25 3.84742992632737 1
26 3.85338435738302 1
27 3.85005381248518 1
28 3.84755174991605 2
29 3.83735377802581 2
30 3.83464821277993 2
31 3.83422013783919 2
32 3.838074793327 2
33 3.83118452372954 2
34 3.83129193076276 2
35 3.83114216494411 2
36 3.83145535824939 2
37 3.83179332540128 2
38 3.83082437633994 2
39 3.83059726316316 2
40 3.83090912703255 2
41 3.82902099191952 2

0 9.17260182922652 0
1 11.9873521636511 0
2 9.51655765865603 0
3 7.93920218920315 0
4 6.68273219314772 0
5 10.4621225639108 0
6 6.72713084716134 0
7 8.55943563396145 0
8 12.5908023008647 0
9 10.6041735518373 0
10 7.37087427594335 0
11 6.50688728815137 0
12 7.42794393843935 0
13 9.2802564415301 0
14 6.35789455140469 1
15 6.88588875941424 1
16 5.59419933348085 1
17 4.38935075949562 1
18 4.82318873756965 1
19 4.61201660572754 1
20 4.15291234155667 1
21 4.01219889812117 1
22 3.9520947603943 1
23 3.88439529507267 1
24 3.87272769108768 1
25 3.87078690836037 1
26 3.84707834806272 1
27 3.83876552859427 1
28 3.84587111037299 2
29 3.83890642819025 2
30 3.83594563606162 2
31 3.8345061926647 2
32 3.83391443892106 2
33 3.83296946621606 2
34 3.83075739353726 2
35 3.83139519328913 2
36 3.83538597763679 2
37 3.83515706317497 2
38 3.83386565831826 2
39 3.83262807599798 2
40 3.83194233821837 2

0 13.0067288375241 0
1 11.2045152932717 0
2 10.2914312497472 0
3 6.21149412966028 0
4 10.3084721921245 0
5 11.7109338073505 0
6 7.8803726210659 0
7 10.0067285163999 0
8 12.8567211347307 0
9 12.0111779542438 0
10 7.40820974513445 0
11 6.40502177733584 0
12 7.44759083639852 0
13 8.89444269087476 0
14 6.54961614755971 1
15 6.27594674219645 1
16 5.34141729991755 1
17 4.89244042174832 1
18 4.26276381650818 1
19 4.5309272164558 1
20 4.15547521403506 1
21 3.97429149448284 1
22 3.93396443767703 1
23 3.85496837723333 1
24 3.8647288182518 1
25 3.85647543568576 1
26 3.84090729438131 1
27 3.84724428432845 1
28 3.84189116662041 2
29 3.83908826120555 2
30 3.83738640073506 2
31 3.83656875784258 2
32 3.83590746581071 2
33 3.83359699251712 2
34 3.83153772004721 2
35 3.83290094030663 2
36 3.83312244679649 2
37 3.8330422028107 2
38 3.83162885656916 2
39 3.83032906703916 2
40 3.83087754451181 2

0 11.8360129484836 0
1 11.1446182000957 0
2 11.673951724134 0
3 7.03835612632689 0
4 7.29118875305445 0
5 10.366363864771 0
6 7.24357741091023 0
7 9.5157977932065 0
8 12.2730638869242 0
9 12.0206799288126 0
10 7.46247499085435 0
11 7.11907345737868 0
12 7.25441948163641 0
13 8.371803671363 1
14 6.61151462094318 1
15 6.55670650681943 1
16 5.70835994799097 1
17 4.80921997783151 1
18 4.28972807940776 1
19 4.55445541006887 1
20 4.2413340416865 1
21 3.9921862615273 1
22 3.9187776586623 1
23 3.85935384202945 1
24 3.85780378984637 1
25 3.86004898821305 1
26 3.83804087016176 1
27 3.84692790299532 1
28 3.84336490514531 2
29 3.83927015820494 2
30 3.83481954097222 2
31 3.8342548178218 2
32 3.83637947897255 2
33 3.83120779704672 2
34 3.83105405596458 2
35 3.83188353519043 2
36 3.83407779952096 2
37 3.83317282474356 2
38 3.831614504737 2
39 3.83105864031115 2
40 3.83089546353183 2

0 13.52501449196 0
1 15.2503235495402 0
2 8.08065615418858 0
3 5.78926163653491 0
4 5.39041290812354 0
5 11.8012184074165 0
6 7.64186695991173 0
7 10.6809619622266 0
8 6.49778044113504 0
9 8.37144019522509 0
10 11.3284753716863 0
11 12.7031989214823 0
12 7.28768872352173 0
13 6.291608057867 1
14 8.64074982899655 1
15 4.71305948212835 1
16 4.87303694735347 1
17 4.99159376580674 1
18 4.68041593130026 1
19 4.33649841359153 1
20 4.40017868233294 1
21 3.98211368564606 1
22 3.93214742463246 1
23 3.91936746153728 1
24 3.88944800737691 1
25 3.87360345998188 1
26 3.86091079556916 1
27 3.85998197451385 1
28 3.8503907409411 2
29 3.85004647310826 2
30 3.84113896572184 2
31 3.84028366377896 2
32 3.84076226662661 2
33 3.83701755651357 2
34 3.83543699119477 2
35 3.83657742519888 2
36 3.83738084487558 2
37 3.83584572041212 2
38 3.8360080991319 2
39 3.83516150079826 2
40 3.83510150735716 2
41 3.83554759580401 3

