0 3.69006882613812 0
1 4.7823575906261 0
2 1.68264425826913 0
3 7.00419992275708 0
4 2.05385442941367 0
5 1.6426660039777 0
6 1.78490883582251 0
7 1.33818161844094 0
8 1.35889448043585 1
9 1.26660109329438 1
10 1.2645255169905 1
11 1.25444410180809 1
12 1.24797306107369 1
13 1.24499981745565 1
14 1.24339910315471 1
15 1.24257361883723 1
16 1.24196449557641 2
17 1.2416261534 2
18 1.2413534609932 2
19 1.24120062815062 2

0 7.23675473702463 0
1 5.36412499516114 0
2 1.76191337265093 0
3 6.94407437856707 0
4 1.99454412069262 0
5 1.6746170798534 0
6 1.77575925480657 0
7 1.32654449009575 0
8 1.35456860191224 1
9 1.26576029824995 1
10 1.26392950021063 1
11 1.25412609908594 1
12 1.24773657819942 1
13 1.24481063943823 1
14 1.24324033621678 1
15 1.24243567649973 1
16 1.24183587925529 2
17 1.24150392026638 2
18 1.24123548280023 2
19 1.24108541040526 2

0 18.3218473194842 0
1 8.26701745142016 0
2 1.83554204156936 0
3 6.14506623398889 0
4 2.03447977103046 0
5 1.61752717562902 0
6 1.45334270835008 0
7 1.32642897740226 0
8 1.36453640268162 1
9 1.2754154311757 1
10 1.26868388167008 1
11 1.25811609113361 1
12 1.25066949242372 1
13 1.24739423536601 1
14 1.2456913006049 2
15 1.24480830977291 2
16 1.24416415822899 2
17 1.24379161067596 2
18 1.24349886378327 2
19 1.24333056657875 2

0 4.44960694400982 0
1 6.08731379092559 0
2 1.84353499772297 0
3 6.53085197030452 0
4 1.95112833165056 0
5 1.9900465505276 0
6 1.8691467352428 0
7 1.72163119728483 0
8 1.51155324968909 1
9 1.29971678697451 1
10 1.27680689180813 1
11 1.26237379891792 1
12 1.25285611965107 1
13 1.24792594422742 1
14 1.2460710302249 1
15 1.24507138534003 2
16 1.24441527956373 2
17 1.2440132895296 2
18 1.24371034492211 2
19 1.2435283610166 2

0 5.13408656511777 0
1 4.23286651259502 0
2 1.78488512846378 0
3 6.85600750897946 0
4 2.00524659538568 0
5 1.6576844084978 0
6 1.7920091501257 0
7 1.33826265971016 1
8 1.3563167907344 1
9 1.26609118385975 1
10 1.26422823672074 1
11 1.25428794269894 1
12 1.24788859806436 1
13 1.24493826185765 1
14 1.24334803496111 1
15 1.24253015093931 2
16 1.2419223591533 2
17 1.24158581256184 2
18 1.24131401711297 2
19 1.24116183104199 2

0 6.36029785712918 0
1 5.5608822068435 0
2 4.21554400303492 0
3 3.68200571038287 0
4 2.12052870205083 0
5 1.72285252211896 0
6 1.71601895585155 0
7 1.48900431507028 0
8 1.45252011442333 1
9 1.33687428058791 1
10 1.26849591835397 1
11 1.25909003407223 1
12 1.2549926493229 1
13 1.25067155832724 1
14 1.24885079613216 1
15 1.24794762334194 1
16 1.24734378318647 2
17 1.24700448740267 2
18 1.24675180477831 2
19 1.24658189276771 2

0 6.25731581518832 0
1 5.49157037990358 0
2 2.4582524375824 0
3 4.8413856716438 0
4 2.26823084313445 0
5 2.11887102335766 0
6 1.38148951906146 0
7 1.32901867288995 0
8 1.31065990366637 1
9 1.31189277860655 1
10 1.24967769147841 1
11 1.24413474068624 1
12 1.24346199317008 1
13 1.24131800049241 1
14 1.24036619833455 1
15 1.23990704422143 1
16 1.23962404080447 2
17 1.23945123709986 2
18 1.2393415019686 2
19 1.23926849415792 2

0 3.53691262996911 0
1 2.2089489608661 0
2 4.64873767003929 0
3 4.39354694822693 0
4 2.34048849703961 0
5 2.13890182635306 0
6 1.38073710520907 0
7 1.32871470356592 0
8 1.31075730464328 1
9 1.31182599202588 1
10 1.24966281203036 1
11 1.24410218652662 1
12 1.24342702103495 1
13 1.24128232665248 1
14 1.24033175840689 1
15 1.23987267630094 1
16 1.23958977492476 2
17 1.23941719972173 2
18 1.23930754757469 2
19 1.2392346052881 2

0 2.19312282241473 0
1 2.58386516160499 0
2 1.8201306950595 0
3 3.56852981532966 0
4 2.22122640018387 0
5 1.4782087369744 0
6 1.70334035850728 1
7 1.51137862005438 1
8 1.47395338635175 1
9 1.34027361186848 1
10 1.2572534675267 1
11 1.25766337013632 1
12 1.2527550000666 1
13 1.24830004211291 2
14 1.24641195583468 2
15 1.24522465975634 2
16 1.2446641973284 2
17 1.24426892558512 2
18 1.24400851418018 2
19 1.24381664533197 2

0 2.78391925889096 0
1 3.25820134203356 0
2 2.91575424164712 0
3 3.78193595411213 0
4 2.11890888360139 0
5 1.7272905563892 0
6 1.71615187581962 0
7 1.48854722694687 0
8 1.45217788010251 1
9 1.33657077339134 1
10 1.26827538186194 1
11 1.25889084183621 1
12 1.25480937098938 1
13 1.25049713531143 1
14 1.24868257568357 1
15 1.24778305263602 2
16 1.2471818376325 2
17 1.24684426336392 2
18 1.24659279646444 2
19 1.24642371085374 2

0 3.55312710683139 0
1 4.19467002711596 0
2 4.68007914339582 0
3 3.5447235953005 0
4 2.64828507831035 0
5 1.67660361303785 0
6 1.55098732651493 0
7 1.38760155293332 0
8 1.33236601930106 1
9 1.28532567756989 1
10 1.25169218310721 1
11 1.25195020891786 1
12 1.24902221249962 1
13 1.24625398502501 1
14 1.24509364459976 1
15 1.24422320396531 1
16 1.24388059940308 2
17 1.24361305295035 2
18 1.24344817781638 2
19 1.24332123413489 2

0 64.8301121752928 0
1 7.19232198445871 0
2 3.22540823965652 0
3 2.53445824650796 0
4 2.90915789296862 0
5 1.76308037656702 0
6 2.07771577315912 0
7 1.71205697759569 0
8 1.44697313942001 1
9 1.38262528589047 1
10 1.34471820449213 1
11 1.30342683324921 1
12 1.28742079385254 1
13 1.27930624609908 1
14 1.27529908370184 1
15 1.27209225454349 1
16 1.27026579129846 2
17 1.26908276876555 2
18 1.26826739757565 2
19 1.26769638793936 2

0 15.3561108757369 0
1 6.54540291329599 0
2 2.71935118212075 0
3 2.08708364293927 0
4 2.95619526294629 0
5 1.75942411220557 0
6 2.07859779284361 0
7 1.71986371683348 0
8 1.46343052308486 1
9 1.40473865288891 1
10 1.37706566675318 1
11 1.33649442593032 1
12 1.31847440579622 1
13 1.30887446404719 1
14 1.30357284347813 1
15 1.29921061402165 1
16 1.29659862711691 2
17 1.29484962902905 2
18 1.29363850847909 2
19 1.29278322630776 2

0 13.06297332044 0
1 4.71032780062213 0
2 2.93497902335697 0
3 2.11698332411715 0
4 2.93625560901527 0
5 1.75533740371447 0
6 2.07972994378226 0
7 1.72580838975357 0
8 1.46737240282435 1
9 1.41203410265296 1
10 1.39756450444135 1
11 1.3703567759409 1
12 1.3625317994461 1
13 1.35856128429943 1
14 1.35664223707013 2
15 1.35442763882539 2
16 1.35311671752325 2
17 1.35218551633823 2
18 1.35152597362242 2
19 1.35104641178141 2

0 25.2858382779856 0
1 5.64215983969286 0
2 3.06130892858768 0
3 2.1011101008766 0
4 2.91182949055376 0
5 1.75391272721761 0
6 2.07997172769338 0
7 1.73318028355356 1
8 1.45282493657599 1
9 1.39730654275081 1
10 1.38402639688281 1
11 1.34537896345934 1
12 1.33119358375294 1
13 1.32135991011156 1
14 1.31577631220498 1
15 1.31116765510922 2
16 1.3083552207821 2
17 1.30644618251899 2
18 1.30515004409848 2
19 1.30423501468286 2

0 23.23577684087 0
1 5.88986849798827 0
2 3.01163863881954 0
3 2.06633265642248 0
4 2.92597132822062 0
5 1.75340549849753 0
6 2.08036833973621 0
7 1.73206275353896 1
8 1.45846071900337 1
9 1.40321983843259 1
10 1.39183773954325 1
11 1.35761330961467 1
12 1.34645657912909 1
13 1.33839169706657 1
14 1.33381917425726 2
15 1.32974063406951 2
16 1.32724671765638 2
17 1.32550063747011 2
18 1.32430152535461 2
19 1.32344496166738 2

0 13.1336283190623 0
1 2.60067653106866 0
2 5.12447584404664 0
3 4.42837574068757 0
4 2.53390026364625 0
5 1.88156317323574 0
6 1.51634764610879 0
7 1.46267865234435 0
8 1.27093869704736 1
9 1.25597385193968 1
10 1.24918487708131 1
11 1.24215652541155 1
12 1.24091882464808 1
13 1.2403848467738 1
14 1.2400141461167 1
15 1.23974400058645 1
16 1.23962021098172 2
17 1.23949168134868 2
18 1.23941399708348 2
19 1.2393627629063 2

0 5.10162326820347 0
1 1.77156770064995 0
2 6.89654864395013 0
3 4.08556554754355 0
4 1.80026949313767 0
5 1.56558627288066 0
6 1.49839317438033 0
7 1.49830126452555 0
8 1.27845081569028 1
9 1.27608889790132 1
10 1.2637155232459 1
11 1.24702933441621 1
12 1.24336440265092 1
13 1.24191634953455 1
14 1.2413491933225 1
15 1.24105653451859 1
16 1.24082127906323 2
17 1.24061240339596 2
18 1.2404877468351 2
19 1.24040679012902 2

0 6.04114658169716 0
1 1.88364199841 0
2 6.89304615423034 0
3 4.272257915156 0
4 2.50396698726302 0
5 1.86558881672419 0
6 1.51371229960266 0
7 1.46340016442299 0
8 1.27056778030102 1
9 1.25536571545618 1
10 1.24871333961838 1
11 1.24167385656721 1
12 1.24046942171489 1
13 1.23994729421528 1
14 1.23959412373329 1
15 1.23933717279186 1
16 1.23922224556848 2
17 1.23909953269089 2
18 1.23902577759193 2
19 1.23897735009492 2

0 5.0410925846855 0
1 2.28992772830506 0
2 4.5331139758239 0
3 4.34285798586161 0
4 2.39508380468656 0
5 1.85046122209441 0
6 1.51697465293111 1
7 1.46697040021415 1
8 1.27178529083506 1
9 1.25510102956121 1
10 1.24844443009529 1
11 1.24132151016305 1
12 1.24012230294923 1
13 1.23958468796999 2
14 1.2392405670954 2
15 1.23899359263601 2
16 1.23888481395625 2
17 1.23876642506177 2
18 1.23869542071603 2
19 1.23864907490535 2

0 13.8840663522743 0
1 2.85997473781087 0
2 6.96076951532789 0
3 6.94154780320025 0
4 2.03779983760215 0
5 2.11038750572369 0
6 1.49899006955314 0
7 1.52813891413846 1
8 1.27544401624298 1
9 1.27596063704313 1
10 1.26429066905835 1
11 1.24716652719389 1
12 1.24324487822725 1
13 1.24172158950603 1
14 1.24109084610708 1
15 1.24077319365722 2
16 1.24051925986529 2
17 1.24029926595077 2
18 1.2401669697138 2
19 1.24008152439702 2

0 7.69821642842264 0
1 4.82511136032611 0
2 3.13828412207081 0
3 4.09894021311178 0
4 2.38573596949857 0
5 1.50499650393574 0
6 2.35654634485082 0
7 1.39714023330247 0
8 1.35903555828309 1
9 1.25184707697883 1
10 1.24504943089891 1
11 1.24153639141258 1
12 1.23992809025468 1
13 1.2397473742302 1
14 1.23951038563788 1
15 1.2392066669349 1
16 1.23904418221265 2
17 1.23894368420846 2
18 1.23888253462553 2
19 1.23883458998193 2

0 6.17952469275938 0
1 7.01627006491188 0
2 6.88914786756614 0
3 3.1018488796694 0
4 1.91146862841645 0
5 1.57130676220415 0
6 1.85875500730158 0
7 1.48004062588327 0
8 1.40877852398345 1
9 1.28160532081238 1
10 1.26415609803605 1
11 1.25964354415788 1
12 1.25126018981761 1
13 1.24915844651858 1
14 1.24819552584807 1
15 1.24759801780282 2
16 1.2471516288797 2
17 1.24686387507756 2
18 1.2466610924816 2
19 1.24652590276568 2

0 13.5047225402409 0
1 10.384327804818 0
2 4.08555885834819 0
3 4.02732054835591 0
4 2.31120034510835 0
5 1.50387478918166 0
6 2.35451248979196 0
7 1.40032561130191 0
8 1.35616125858996 1
9 1.25135715879395 1
10 1.24472811219999 1
11 1.24130343659357 1
12 1.23971490195958 1
13 1.23954666829497 1
14 1.23931915768767 1
15 1.23902120330639 1
16 1.23886255399957 2
17 1.23876461254231 2
18 1.23870524426351 2
19 1.23865855982061 2

0 29.7785148992715 0
1 7.35586660271047 0
2 3.92379884682743 0
3 3.23316981044131 0
4 1.87424590308754 0
5 1.57036610100376 0
6 1.85875279921153 0
7 1.4795545732273 0
8 1.4082141433751 1
9 1.2813552816484 1
10 1.26396622317042 1
11 1.25949620907579 1
12 1.25112467200005 1
13 1.2490315916538 1
14 1.24807428923372 2
15 1.24748042179193 2
16 1.24703647992934 2
17 1.24675034873676 2
18 1.2465486874504 2
19 1.24641426470636 2

0 8.84384960414089 0
1 6.22513965053027 0
2 4.61985040963597 0
3 2.79608285813736 0
4 1.83994704000635 0
5 1.60879835305716 0
6 1.86884961547934 0
7 1.47016011229206 1
8 1.40076878333173 1
9 1.27828980146305 1
10 1.26156142970082 1
11 1.25765040790761 1
12 1.2494272951686 1
13 1.24744041830427 1
14 1.24654998358252 1
15 1.24599922683776 2
16 1.24558455063832 2
17 1.24531770492492 2
18 1.24512942660798 2
19 1.24500416927504 2

0 9.14213982513239 0
1 2.96653547964945 0
2 5.10026569290204 0
3 1.73456939938246 0
4 1.94457345336979 0
5 2.80651333521833 0
6 1.79599800004946 0
7 1.40126660291555 1
8 1.3311386064617 1
9 1.26688737739828 1
10 1.26385303649855 1
11 1.25842691287605 1
12 1.25150394906653 1
13 1.24746963548192 1
14 1.24559340879526 1
15 1.24443738240777 2
16 1.24388317080379 2
17 1.24351550972312 2
18 1.24327458250071 2
19 1.24310421727623 2

0 6.21874548151454 0
1 2.66690732136206 0
2 4.96594440344319 0
3 1.76290068147126 0
4 1.95655419271979 0
5 2.81165306972529 0
6 1.79643331187454 0
7 1.40163786055508 0
8 1.33140534094018 1
9 1.26695856852418 1
10 1.26389097346623 1
11 1.25846014452843 1
12 1.25153171511591 1
13 1.2474923018442 1
14 1.24561397689021 1
15 1.2444564782492 1
16 1.24390139913766 2
17 1.24353320111873 2
18 1.24329192430205 2
19 1.2431213210904 2

0 8.8214477347009 0
1 2.57568384979106 0
2 4.9060632492071 0
3 1.76922964566576 0
4 1.95872525129682 0
5 2.81105413988373 0
6 1.79673875905334 0
7 1.40163618366343 1
8 1.33139973295716 1
9 1.26694552826713 1
10 1.26387901935996 1
11 1.25844981661603 1
12 1.25152251371833 1
13 1.24748358451029 1
14 1.24560566916277 1
15 1.24444845594085 2
16 1.24389356819501 2
17 1.24352550482512 2
18 1.24328431908841 2
19 1.24311377810849 2

0 5.8799408959139 0
1 5.63641309858222 0
2 4.20533841593506 0
3 1.73749364548212 0
4 1.99571664461215 0
5 2.18701442561929 0
6 1.83287946323748 0
7 1.3317631866432 0
8 1.32276386475534 1
9 1.27691667534497 1
10 1.26090978443776 1
11 1.25018483659154 1
12 1.2448387906786 1
13 1.24197397356075 1
14 1.2405476764648 1
15 1.23978707107151 1
16 1.23949497838027 2
17 1.23926506850885 2
18 1.23912636980678 2
19 1.23902336293154 2

0 22.3721074937827 0
1 3.99746187338438 0
2 4.40024014328898 0
3 1.57184284075221 0
4 1.9590146584692 0
5 2.18579514095272 0
6 1.84436138481565 1
7 1.33643247803611 1
8 1.32465088323949 1
9 1.27735556928825 1
10 1.26132412456222 1
11 1.25048272285464 1
12 1.24513064375741 1
13 1.24224270667097 2
14 1.24079529580694 2
15 1.24002549408118 2
16 1.2397280609737 2
17 1.23949493128476 2
18 1.23935400279994 2
19 1.23924957596836 2

0 29.2474755373475 0
1 7.99402297318277 0
2 2.39162821166162 0
3 5.90820251616298 0
4 2.11566065330775 0
5 1.57043055648462 0
6 1.8556540935414 0
7 1.59374801028707 1
8 1.30851737036472 1
9 1.30924396626125 1
10 1.26082622466668 1
11 1.25930255898518 1
12 1.25543581206612 1
13 1.25338925096131 1
14 1.25178000846668 1
15 1.25084072635446 2
16 1.25006282195635 2
17 1.24962392469962 2
18 1.24930015340887 2
19 1.24909353082704 2

0 7.9914698454116 0
1 6.05330919117737 0
2 1.72528537074531 0
3 2.5772894017418 0
4 2.54836485146231 0
5 1.71203987800215 0
6 1.7392190803676 0
7 1.48913967271555 1
8 1.34393600775962 1
9 1.28065537116279 1
10 1.26447954198158 1
11 1.25301134448166 1
12 1.24846049627975 1
13 1.24607842249678 1
14 1.24434505234144 1
15 1.24333804314709 2
16 1.24258194694813 2
17 1.24214618002747 2
18 1.24184202057033 2
19 1.2416364252997 2

0 17.7554240152042 0
1 8.60006823777469 0
2 2.86298489694277 0
3 3.35555849778114 0
4 5.0446289723154 0
5 2.22393169047518 0
6 1.97101083040261 0
7 1.4024935841557 1
8 1.30984040119501 1
9 1.29955821372798 1
10 1.2483500494795 1
11 1.24848044331136 1
12 1.24546477040351 1
13 1.24387210816092 1
14 1.24259742895096 1
15 1.24193494499441 2
16 1.24133803152525 2
17 1.24102614355932 2
18 1.24078932655405 2
19 1.24064161648627 2

0 11.4573719753163 0
1 7.68800716274552 0
2 2.81240715222533 0
3 5.53632100466252 0
4 1.89225145611887 0
5 1.50389684468929 0
6 1.89685600829511 0
7 2.00697697441353 0
8 1.43389473928813 1
9 1.3481647637631 1
10 1.29266866725643 1
11 1.27549451514503 1
12 1.26700285076671 1
13 1.26192535369939 1
14 1.25871443745123 1
15 1.25667263535735 1
16 1.25527760471169 2
17 1.25441822731051 2
18 1.2538325542556 2
19 1.25343953528737 2

0 19.3965310636463 0
1 7.75420490926263 0
2 2.62744117067203 0
3 3.44771599919329 0
4 5.1548670714029 0
5 2.14717484143348 0
6 1.96801714148966 0
7 1.40955284565586 0
8 1.31256302868889 1
9 1.3005720950453 1
10 1.24852034299807 1
11 1.24862296578028 1
12 1.24555037405867 1
13 1.24392399583484 1
14 1.24263201921529 2
15 1.24196474947224 2
16 1.24136401933093 2
17 1.24105013393792 2
18 1.24081195763161 2
19 1.24066323882563 2

0 5.89363456237273 0
1 2.08332832371493 0
2 1.6796299729593 0
3 3.75957053471357 0
4 2.57842510665536 0
5 2.15802974182367 0
6 1.63054864460049 0
7 1.35723425539646 0
8 1.32769087937438 1
9 1.27927869500117 1
10 1.25944918164487 1
11 1.24776035419869 1
12 1.24519346262271 1
13 1.24377541078406 1
14 1.24256809054059 1
15 1.24209445001485 2
16 1.24166565813524 2
17 1.24139408366733 2
18 1.24123358549276 2
19 1.2411248784302 2

0 15.2837073845647 0
1 2.72338137563476 0
2 1.97547118522551 0
3 2.94444062566166 0
4 4.73985909433435 0
5 2.16790184210394 0
6 1.43544474926786 0
7 1.40037689193584 1
8 1.34316710026348 1
9 1.24973227432367 1
10 1.24590282671683 1
11 1.24380098456246 1
12 1.24198499252639 1
13 1.2410378036149 1
14 1.24018220051702 1
15 1.23978917782312 2
16 1.23951204962497 2
17 1.2393220586943 2
18 1.23921731037791 2
19 1.23914057223478 2

0 9.18489564864744 0
1 1.81011462210265 0
2 1.78347193533955 0
3 3.76385817011054 0
4 2.55874708011896 0
5 2.15928976355514 0
6 1.63106314769044 0
7 1.35656148097774 0
8 1.32752497946935 1
9 1.27908735170565 1
10 1.25930232370075 1
11 1.24765460435865 1
12 1.24510107004847 1
13 1.24368899186778 1
14 1.24248648776203 1
15 1.24201602618222 2
16 1.24158939545739 2
17 1.24131916551283 2
18 1.24115962187315 2
19 1.24105157018611 2

0 12.4021634806084 0
1 2.07660325264696 0
2 1.70854517516889 0
3 3.72273874421082 0
4 2.57354568915836 0
5 2.15790395169348 0
6 1.63052940043926 0
7 1.35725782648714 0
8 1.32769958232731 1
9 1.27928744215182 1
10 1.25945610172838 1
11 1.24776708139418 1
12 1.24519937029668 1
13 1.24378068141419 1
14 1.24257297555009 1
15 1.24209903865238 1
16 1.24167006548141 2
17 1.24139837063641 2
18 1.24123778950173 2
19 1.24112902718007 2

0 6.00992342930265 0
1 1.86767601736851 0
2 1.83872596700582 0
3 3.9051413875558 0
4 2.54956031535993 0
5 2.16015591147463 0
6 1.63143712513382 0
7 1.35607178772025 0
8 1.32739936892777 1
9 1.27895480851303 1
10 1.2592004396736 1
11 1.2475787881751 1
12 1.24503486805722 1
13 1.2436275821084 1
14 1.24242869871867 1
15 1.24196070854159 1
16 1.24153571887494 2
17 1.24126652024647 2
18 1.24110770509968 2
19 1.24100014996027 2

0 15.5249908208455 0
1 5.4895847408599 0
2 2.51421550914824 0
3 4.62495608363225 0
4 1.90065315815868 0
5 2.35995974018895 0
6 1.4947246381662 1
7 1.46852878981332 1
8 1.51421228818175 1
9 1.27790126314436 1
10 1.25163663079627 1
11 1.24700818989485 1
12 1.24547403337919 1
13 1.24373928862903 1
14 1.24262748963419 2
15 1.24208143582456 2
16 1.24166586346293 2
17 1.24141420428453 2
18 1.24125825221149 2
19 1.24116000147025 2

0 8.46921705080602 0
1 7.01637747862949 0
2 2.15277352508625 0
3 3.31436553203149 0
4 2.24376420559846 0
5 3.07991408299413 0
6 1.65822461270585 0
7 1.40621064594724 1
8 1.47226430135434 1
9 1.25858903393908 1
10 1.24903454413196 1
11 1.24563681525991 1
12 1.24427015331819 1
13 1.24253842201627 1
14 1.24171610993257 1
15 1.24116569201024 2
16 1.24083489815889 2
17 1.24065406027579 2
18 1.24052768630799 2
19 1.24044740041523 2

0 10.2914049600486 0
1 7.11257073433131 0
2 2.64833546095856 0
3 3.00458467060471 0
4 1.7292319967739 0
5 2.71066936514115 0
6 1.51582192563626 0
7 1.42952500522795 0
8 1.40442292699912 1
9 1.27898842997652 1
10 1.25360604822012 1
11 1.24979203145957 1
12 1.24676842821477 1
13 1.2448964349784 1
14 1.24354854927407 1
15 1.24297001552692 1
16 1.2425313059149 2
17 1.2422380179767 2
18 1.24205207824271 2
19 1.24193919254339 2

0 7.97570798202634 0
1 4.85178844359541 0
2 1.8990695130355 0
3 3.06138625213718 0
4 1.85255229862812 0
5 2.52713733829508 0
6 1.48193219438139 0
7 1.33165288787917 0
8 1.33558736944548 1
9 1.26938512713528 1
10 1.25369819537681 1
11 1.25109601378552 1
12 1.24604012823743 1
13 1.24450512083066 1
14 1.24306271073295 1
15 1.24229724912832 1
16 1.24175656853504 2
17 1.24145037356666 2
18 1.24124185130731 2
19 1.2411120371883 2

0 8.58807287803001 0
1 6.35450811313424 0
2 2.27698297003742 0
3 3.1052646061798 0
4 2.18633518224603 0
5 3.18433538781522 0
6 1.65663187138996 0
7 1.42605832818902 0
8 1.48041193544305 1
9 1.25990407626437 1
10 1.25011159519881 1
11 1.24664011920785 1
12 1.24514855469631 1
13 1.24334041939918 1
14 1.24247495052702 1
15 1.24189303864437 1
16 1.24154230136691 2
17 1.24134710129264 2
18 1.24121089315991 2
19 1.2411239327209 2

0 5.89032296272824 0
1 7.56815040628397 0
2 3.06442604233921 0
3 3.7504059686176 0
4 3.71533843181572 0
5 2.93082627277461 0
6 1.52533181343099 0
7 1.47252088850705 0
8 1.39194856174037 1
9 1.28901099854205 1
10 1.26088808685095 1
11 1.2574154336332 1
12 1.25424504216846 1
13 1.25198176433398 1
14 1.25052427823728 2
15 1.24982543535284 2
16 1.24931007123744 2
17 1.24897054556386 2
18 1.24875132560777 2
19 1.24861322652903 2

0 3.5908600265954 0
1 5.19859546879103 0
2 1.84104447857484 0
3 3.73247886011085 0
4 4.12405652641178 0
5 1.70836900101365 0
6 1.46078075633828 0
7 1.54250621491 0
8 1.27515105143924 1
9 1.298560925673 1
10 1.26215011024198 1
11 1.25482485217133 1
12 1.24825034502288 1
13 1.24498965703461 1
14 1.24355563387862 1
15 1.24240610176413 2
16 1.24195931590148 2
17 1.24161742834262 2
18 1.24140444876628 2
19 1.24125791346977 2

0 1.88916252060203 0
1 7.05748248628699 0
2 2.3474425173979 0
3 5.28163866812311 0
4 3.32536914751708 0
5 1.64218599748251 0
6 1.48377539890772 0
7 1.44044221861404 1
8 1.27662587634637 1
9 1.26847113172885 1
10 1.25406816604662 1
11 1.24487662274277 1
12 1.24208096280118 1
13 1.2408391599585 1
14 1.24044021717857 1
15 1.24002813193222 2
16 1.23982649353225 2
17 1.23968999895277 2
18 1.23959966365387 2
19 1.23952978708216 2

0 14.8333221356315 0
1 6.51883053496049 0
2 1.63545610069414 0
3 3.8978150039215 0
4 4.08298195263987 0
5 1.7086800838999 0
6 1.46133679232015 0
7 1.54219358449169 0
8 1.27506236977399 1
9 1.29840598254791 1
10 1.26205332062555 1
11 1.25475710217688 1
12 1.24818706652999 1
13 1.2449320366545 1
14 1.24349965545567 1
15 1.24235207685637 1
16 1.24190625141053 2
17 1.24156506829271 2
18 1.24135254029889 2
19 1.24120632709442 2

