0 213.591480258932 3
1 205.927816356031 6
2 219.691937467697 10
3 210.459320242936 14
4 197.442355456207 17
5 173.17517229321 21
6 180.444110912099 24
7 177.610211087318 28
8 165.992101427524 31
9 182.656371240371 34
10 183.342219474146 38
11 149.335056419981 41
12 143.739687014122 44
13 139.278639843994 48
14 138.135720792839 51
15 137.693989339836 54
16 137.548339250564 57
17 137.476243191468 61
18 137.440966808723 64
19 137.422991772231 67

0 227.805115629588 3
1 194.777598452357 6
2 215.608505050228 10
3 211.810424547385 13
4 191.944512850373 16
5 182.556366899521 20
6 177.351654119628 23
7 158.009419215424 26
8 176.709883963619 29
9 180.504861453332 33
10 196.71200743728 36
11 155.937247886417 39
12 145.538945578584 43
13 139.154731518079 46
14 137.91640276674 49
15 137.543063372279 52
16 137.401401626845 56
17 137.335269410865 59
18 137.301001716141 62
19 137.282433692267 66

0 219.890240304588 3
1 194.676540250702 6
2 229.843865666688 10
3 208.957556130971 13
4 190.839494876806 16
5 189.711270257637 20
6 193.594325122976 23
7 190.911862818456 26
8 178.012565962172 29
9 193.124436086117 33
10 167.475698720283 36
11 158.717620565958 39
12 142.423020462977 43
13 139.560464474007 46
14 138.197295919781 49
15 137.788524362636 52
16 137.6300417725 59
17 137.562107266636 62
18 137.528484272792 65
19 137.510403851282 68

0 203.813378116105 3
1 213.245110057337 7
2 199.42309864073 10
3 217.147001063443 14
4 185.701691899222 17
5 185.848141163748 21
6 168.447223723381 24
7 179.884573299643 27
8 180.028415876839 31
9 173.234438089917 34
10 169.821187122023 37
11 158.045612758284 40
12 143.650612052424 44
13 139.434873598901 47
14 138.219887833594 50
15 137.823972461741 53
16 137.682315412624 57
17 137.62300979903 60
18 137.594573841213 64
19 137.578360598322 67

0 243.877978341529 3
1 202.48004166205 6
2 215.095341761591 9
3 210.36618859661 13
4 197.303918289795 16
5 177.921753866341 19
6 171.120332740634 22
7 188.54462565779 25
8 168.422559660581 29
9 187.90510851657 32
10 170.98553414531 35
11 160.537185808339 39
12 143.843837969012 42
13 139.394654908684 45
14 138.108590931784 48
15 137.697056952312 52
16 137.556288430304 55
17 137.486423773663 58
18 137.451157280113 61
19 137.432496148331 64

0 211.806913801302 3
1 197.133963044738 6
2 211.696635228164 9
3 215.984351303452 13
4 203.474973697595 16
5 180.86834552758 19
6 194.985137444282 22
7 177.176318564761 25
8 187.165216269326 29
9 188.066445098273 32
10 193.94564141831 35
11 159.662972626418 38
12 144.364137181355 42
13 139.733268108062 45
14 138.490393694035 48
15 138.032042291459 51
16 137.855097970699 54
17 137.771920333812 58
18 137.72800481546 61
19 137.704662926131 64

0 209.725261219205 3
1 225.362462757352 6
2 209.867000787231 10
3 200.183380835394 13
4 184.208454401196 17
5 191.375344302906 20
6 180.632859760212 23
7 170.634414658036 27
8 176.783606357408 30
9 171.799519370543 33
10 199.964937127787 37
11 152.748805635867 40
12 145.787368413443 43
13 139.751109544938 46
14 138.400934334049 49
15 137.957796115272 53
16 137.797630583475 56
17 137.726644224025 59
18 137.690169645596 62
19 137.670682433889 65

0 213.1438178489 3
1 192.492054499913 7
2 198.656019524379 10
3 235.626138044922 13
4 192.880234567563 16
5 200.900826608318 20
6 171.906342155831 23
7 181.601997232512 26
8 165.874524992379 29
9 184.746702140841 32
10 182.883368525251 36
11 152.893906095438 39
12 145.002294912354 42
13 139.549782842388 45
14 138.245428781181 48
15 137.840591936706 52
16 137.674460085187 55
17 137.591501788621 58
18 137.551737357278 63
19 137.529585071858 66

0 204.940591324285 3
1 221.808380548832 6
2 208.354153980839 9
3 210.055907136627 13
4 199.388333022024 16
5 192.555536830695 19
6 172.615706712967 22
7 173.788630439409 26
8 173.694526438141 29
9 187.38274372067 32
10 191.789661093951 35
11 162.21785349699 39
12 144.162507028566 42
13 139.554044327303 45
14 138.33550179357 48
15 137.791957989403 51
16 137.581362780402 55
17 137.496164805173 58
18 137.45237462854 61
19 137.429090205629 64

0 208.524760022815 3
1 222.740137628078 6
2 224.91303708861 10
3 205.933262963379 14
4 201.102862937924 17
5 183.156127018333 21
6 165.492719289796 24
7 174.700265708465 27
8 182.753521975987 31
9 176.721424816337 34
10 175.42019362729 38
11 156.525324777926 41
12 144.312095276148 44
13 139.398693824952 48
14 138.06114431826 51
15 137.677721882903 54
16 137.515316489437 58
17 137.442973270569 61
18 137.40826698709 64
19 137.390217904769 68

0 220.958533908317 3
1 209.969398171157 6
2 198.414987312466 11
3 204.187668008837 14
4 196.025331391345 18
5 194.780153790901 21
6 202.39552174096 24
7 199.251513235299 28
8 168.317552159427 31
9 179.336296319957 34
10 181.580562597406 37
11 150.983020688075 41
12 143.360492771328 44
13 139.710009242581 47
14 138.34002810147 51
15 137.916154667956 54
16 137.752396849557 57
17 137.682293981841 60
18 137.64703964021 63
19 137.62744230452 67

0 216.640552692519 3
1 195.182805047999 6
2 199.732594579149 9
3 197.799742202402 13
4 185.644630801718 16
5 171.825043323924 19
6 167.960277865494 23
7 178.216331829178 26
8 172.746838247575 29
9 194.47811289518 32
10 197.785557920718 36
11 158.157482802041 39
12 142.941097834678 42
13 139.695703525829 45
14 138.308190845745 48
15 137.864335590101 51
16 137.698374648118 55
17 137.630342837181 58
18 137.593002261893 61
19 137.573137762207 64

0 208.27308674224 3
1 196.48051860979 6
2 215.034496330419 10
3 194.968764803679 13
4 204.220152299457 17
5 183.064346380016 20
6 167.595108657312 24
7 173.023293181242 27
8 185.056224149873 31
9 180.869772304992 34
10 166.437704311627 37
11 152.716732303852 41
12 142.960624332995 44
13 139.843571286052 47
14 138.611216332917 51
15 138.102038192527 54
16 137.932169045341 57
17 137.853549546985 61
18 137.815046022976 64
19 137.794360839005 67

0 219.315651378567 3
1 217.360293546311 6
2 223.531036490763 9
3 192.19441665568 13
4 187.824743931988 16
5 179.792347557625 19
6 184.056187858109 23
7 187.960540194589 26
8 177.532914493626 29
9 184.626693743164 32
10 166.577320885914 36
11 157.002463580635 39
12 144.903772869854 42
13 139.407144420589 45
14 138.197924455885 48
15 137.855699421271 52
16 137.693118556744 55
17 137.624127828955 58
18 137.587644130768 61
19 137.568688634442 65

0 206.081806803426 3
1 200.640218770916 6
2 201.127055394561 10
3 208.997573895143 13
4 178.66520912548 16
5 185.737489345633 20
6 176.453673096134 23
7 181.793535230849 26
8 173.138383031966 30
9 196.336134789193 33
10 169.742845565139 36
11 151.708388930551 40
12 144.90651275137 43
13 139.906256750801 47
14 138.865609738509 50
15 138.413633474859 53
16 138.226927073774 56
17 138.135233611225 60
18 138.086068506146 63
19 138.058965888625 66

0 203.193597276841 3
1 217.542981267494 6
2 224.619353430076 10
3 195.774661434736 13
4 193.961891836479 17
5 182.135978729512 20
6 177.740269936246 23
7 181.725273750615 27
8 179.662162723681 30
9 183.479562177477 33
10 182.638138001521 37
11 155.605366437517 40
12 143.308568284427 44
13 139.569033379984 47
14 138.037953334269 50
15 137.613496530374 53
16 137.461868208827 57
17 137.388971078251 60
18 137.353621440978 63
19 137.334466798026 67

0 218.022631547273 3
1 223.269156721639 6
2 212.639214738321 10
3 189.427464938308 13
4 185.502344145726 16
5 172.500085131002 20
6 182.928820048132 23
7 168.003962904246 26
8 166.966740008466 30
9 200.923484050172 33
10 173.913680120189 36
11 155.352384649012 40
12 142.95896478151 43
13 139.690676664987 46
14 138.164629971756 50
15 137.802465884357 53
16 137.66769595322 56
17 137.609745012733 60
18 137.580325290895 63
19 137.564921743253 66

0 220.817851929878 3
1 217.146174902272 6
2 195.588171923127 10
3 192.273124802334 13
4 196.264915928687 16
5 179.841905632986 19
6 201.355383056875 23
7 178.035051918506 26
8 170.170680522563 29
9 194.361903767379 33
10 187.798896303587 36
11 151.691255679322 39
12 144.922524168979 42
13 139.700957967106 46
14 138.266801590431 49
15 137.809720238886 52
16 137.647530239999 56
17 137.577948329047 59
18 137.540274941727 62
19 137.519817180314 65

0 218.275309808947 3
1 216.254500594498 6
2 202.718859546766 10
3 194.104110646878 14
4 184.921630996302 17
5 207.893849991016 21
6 170.116648599779 24
7 170.912749560571 27
8 179.224209391329 31
9 168.941509661849 34
10 169.995232204224 38
11 156.92511309569 41
12 144.891080307002 45
13 139.528088446115 48
14 138.066606398435 52
15 137.680051868904 55
16 137.527181054774 59
17 137.456764015915 62
18 137.419752819803 65
19 137.400591980553 69

0 214.088907435693 3
1 214.409798809044 6
2 207.855546090558 10
3 193.78158956305 13
4 190.916036276144 16
5 192.079459178232 20
6 177.919321042236 23
7 174.954688378552 26
8 176.158231046304 29
9 183.233566606503 33
10 177.318162336558 36
11 154.463372621804 39
12 142.347336939483 43
13 139.358787650443 46
14 138.074449451087 49
15 137.655272148643 52
16 137.516647061612 56
17 137.453667024437 59
18 137.42079331813 62
19 137.402670941541 66

0 217.440400175567 3
1 203.76834097424 6
2 199.361558192976 10
3 216.168919751611 13
4 192.75088295218 16
5 174.637283451547 19
6 176.778799047219 23
7 185.821532557395 26
8 180.10642638496 29
9 182.081490740712 32
10 172.653942842696 36
11 150.58633715647 39
12 144.376991309979 42
13 139.454848683537 46
14 138.177197493512 49
15 137.771800673309 52
16 137.61535121339 56
17 137.538926756366 59
18 137.500164141744 62
19 137.479766456881 65

0 209.604604760799 3
1 212.22753039577 6
2 213.250552644719 10
3 213.853003055126 13
4 205.279072833089 16
5 180.654228540115 20
6 196.563742229834 24
7 176.245352325337 27
8 173.075760084168 31
9 218.295120460375 34
10 165.077802676998 37
11 151.511313190066 40
12 143.855485027144 44
13 139.481517258176 47
14 138.140182579625 50
15 137.749465799331 53
16 137.592313613326 57
17 137.511506268356 60
18 137.471039737165 63
19 137.449582716936 67

0 217.9607539023 3
1 221.489805299226 6
2 207.964448286745 10
3 195.237229154823 13
4 205.296071263797 16
5 192.677380427564 20
6 166.398423170336 23
7 178.617274723659 26
8 199.250388452638 30
9 187.043198216783 33
10 170.227626826776 36
11 152.82061484805 40
12 144.352822302595 43
13 139.883112944694 46
14 138.633413033151 50
15 138.040244870025 54
16 137.816331966867 58
17 137.717683694038 61
18 137.669200153074 64
19 137.642845870456 68

0 224.832193879086 3
1 197.655260717084 6
2 210.660187760461 10
3 210.184925765846 13
4 194.513524739967 16
5 195.785968876773 20
6 172.759187474799 23
7 179.504453480843 26
8 168.940625014761 30
9 171.650974623671 33
10 188.098765846239 36
11 154.13315584567 39
12 144.195425865432 43
13 139.635267197812 46
14 138.102209398922 49
15 137.662612222231 53
16 137.494670021169 56
17 137.417547083292 59
18 137.378829692394 62
19 137.35808704338 66

0 230.942215695939 3
1 218.284039154962 6
2 207.37652130444 10
3 213.521174419548 13
4 193.287423908269 16
5 170.17270377208 20
6 191.682388429227 23
7 166.142505745403 27
8 179.829234811589 30
9 189.921275521439 33
10 175.547028099681 37
11 160.256754418397 40
12 144.438946162528 44
13 139.284259298402 47
14 138.071671116735 50
15 137.688574058775 53
16 137.537150726586 57
17 137.474750987138 60
18 137.444144363181 63
19 137.427895939837 67

0 221.267441320309 3
1 199.687141995968 6
2 207.644436579009 10
3 209.545358393227 13
4 191.272026838702 16
5 194.377459571427 19
6 172.372254928397 23
7 171.788612996672 26
8 161.335313189819 29
9 173.363320869824 33
10 194.372323503407 36
11 152.581835333052 39
12 144.547754164092 42
13 139.612300303575 46
14 138.516408694374 49
15 138.071400319957 52
16 137.930897708837 56
17 137.859822617365 59
18 137.82247656338 62
19 137.802824976642 65

0 226.71623536265 3
1 217.585087815327 6
2 202.827622866046 10
3 192.117549761219 13
4 193.468044236508 16
5 173.04121691477 19
6 167.924471814318 23
7 183.622371769382 26
8 174.801885326289 29
9 171.870597011825 33
10 177.386864414062 36
11 157.325958408896 39
12 143.441427768691 42
13 139.005871736445 46
14 137.891404114011 49
15 137.605612472558 52
16 137.468572679232 55
17 137.407229756802 59
18 137.376628110401 62
19 137.359702420529 65

0 222.609367907563 3
1 210.558890230316 6
2 209.667033663632 10
3 223.162999996162 13
4 205.801790922442 16
5 187.667346488331 20
6 186.494138952471 23
7 184.201647030448 27
8 161.807560143216 30
9 174.660021624405 33
10 188.912008697221 37
11 158.356299101321 40
12 142.735230659198 43
13 139.175292492764 46
14 138.059200192048 50
15 137.747247043634 53
16 137.615732138534 57
17 137.560299055368 60
18 137.531843397539 63
19 137.515923169275 66

0 235.898165619187 3
1 205.83514396161 6
2 226.830386132884 9
3 215.017227755133 13
4 195.740826250268 16
5 169.719659657083 19
6 173.848799768305 23
7 168.469545707261 26
8 168.208946236761 29
9 187.945230645386 33
10 188.670434702015 36
11 152.497106564999 39
12 144.767346553106 43
13 139.609391558835 47
14 138.10406596322 50
15 137.746938195386 53
16 137.605718938313 56
17 137.536085109546 59
18 137.500684439315 63
19 137.481793338573 66

0 212.31557117755 3
1 217.129248534303 6
2 217.830492378676 9
3 205.974151683438 13
4 190.490827365675 16
5 183.233170800161 19
6 168.906373988883 22
7 186.083640745112 26
8 174.9738311934 29
9 186.765633855065 33
10 167.395458084986 36
11 160.751716987131 39
12 144.495176934945 43
13 139.639484912682 46
14 138.350790191098 49
15 137.895507419183 53
16 137.719563622992 56
17 137.645460063175 59
18 137.607028354134 62
19 137.586750579269 66

0 207.576163854732 3
1 221.576663064001 6
2 197.437195440978 10
3 192.240714906954 13
4 191.806051887674 17
5 173.345321988633 21
6 167.406385792425 24
7 174.361137439482 27
8 180.310964179286 31
9 182.979043919868 34
10 189.285048857415 37
11 157.690433989265 41
12 143.576866178466 44
13 139.312575493954 48
14 138.131481237306 51
15 137.71170682241 55
16 137.565559598555 58
17 137.501246526147 62
18 137.467581255906 65
19 137.44969690545 68

0 231.637326754128 3
1 232.985120498547 6
2 189.808016928662 10
3 210.067905145169 13
4 180.010491258866 16
5 179.620486089195 19
6 185.297445799183 23
7 177.426702608872 26
8 172.54752350277 29
9 187.249635110537 32
10 183.795319853665 36
11 153.084749072648 39
12 142.287121258763 42
13 139.07853650356 45
14 138.094152866727 49
15 137.700587653124 52
16 137.558303138756 55
17 137.491440581776 59
18 137.45915094196 62
19 137.442615409915 65

0 202.544269794501 3
1 198.701191313526 6
2 193.31974622736 9
3 212.331069078495 13
4 192.790123175778 16
5 188.406704631797 19
6 175.72661780897 22
7 185.98465756582 26
8 182.500827561693 29
9 181.668968985733 32
10 188.140252972589 35
11 155.034367345523 39
12 143.119041929657 42
13 139.011787073554 45
14 138.012988924934 48
15 137.630281099698 51
16 137.483299130575 55
17 137.417845498611 58
18 137.383922144349 61
19 137.365655775783 64

0 221.896913912871 3
1 206.634098076101 6
2 208.821111711436 9
3 209.091577011976 13
4 198.967385554258 16
5 166.138394968202 20
6 167.46625639855 23
7 172.42174588969 26
8 166.721340606362 30
9 185.198222834326 33
10 179.615465394113 37
11 150.654004838798 40
12 142.837544197335 43
13 139.340665539436 46
14 137.917100354411 50
15 137.586399775993 53
16 137.434311036304 56
17 137.369640635162 59
18 137.335963441729 63
19 137.317736363756 66

0 219.923168819051 3
1 204.073792483676 6
2 221.609659256258 10
3 234.908924554704 13
4 202.189135512828 17
5 191.299346932187 20
6 179.47377223414 23
7 170.669745877806 27
8 176.811467484693 30
9 200.964327021569 33
10 162.096215260267 36
11 153.997097157477 40
12 142.94487599456 43
13 139.441922698168 46
14 138.138839036352 50
15 137.739166505237 53
16 137.591713198242 56
17 137.517855975504 60
18 137.483665891563 63
19 137.464833943814 66

0 222.775133583489 3
1 214.840077243032 6
2 198.130882874436 9
3 209.602864639937 13
4 189.354979412015 16
5 175.138093579419 19
6 158.920866097153 23
7 168.59564033221 26
8 167.342060292436 29
9 215.611257829062 32
10 184.60214831882 36
11 153.338852324458 39
12 142.704012154202 42
13 138.811848789382 45
14 137.870275751102 49
15 137.528359846742 52
16 137.388981033853 55
17 137.334873896596 58
18 137.30612953883 62
19 137.291196021229 65

0 209.664204243401 3
1 219.607985427439 6
2 207.3885256875 9
3 200.321076128482 13
4 185.28582157924 16
5 180.612822865601 20
6 165.842318180446 23
7 188.503569792746 26
8 179.731070794464 30
9 170.348190834965 33
10 169.633954134284 37
11 158.719234023926 40
12 143.143068623607 43
13 139.357843626623 47
14 138.240371790711 50
15 137.803403718794 53
16 137.651670813235 56
17 137.578429677481 60
18 137.540749294543 63
19 137.5200259268 66

0 222.038185676995 3
1 220.397340482475 6
2 226.360299598956 10
3 205.690413145215 13
4 184.065934191975 16
5 189.064028951866 20
6 171.524707966629 23
7 165.871157656722 26
8 199.898709843713 30
9 188.505326337578 33
10 184.098067995398 36
11 156.88514930184 40
12 144.1681714355 43
13 139.687426228039 48
14 138.177804762529 51
15 137.753721512371 54
16 137.589521576483 57
17 137.513672935664 61
18 137.476319943046 64
19 137.456421633037 67

0 218.836824055497 3
1 215.202099200004 6
2 195.805930072778 10
3 221.745854170575 13
4 192.81595048047 16
5 167.838759880839 21
6 169.742510897467 24
7 176.250292427816 27
8 165.259795081023 31
9 193.663497885713 34
10 195.424340182888 37
11 156.228491924384 41
12 142.406410125606 44
13 139.294461570187 47
14 138.085649055464 50
15 137.739834693907 53
16 137.618160063399 57
17 137.565504495108 60
18 137.539211321632 63
19 137.525050235098 66

0 207.451497071214 3
1 224.109372871641 6
2 200.043002865967 10
3 202.136245420035 13
4 195.203015558423 17
5 186.075059522792 20
6 175.446617480252 24
7 179.610393042576 27
8 166.032704361313 30
9 179.649467178798 34
10 185.082249488659 37
11 157.154606139339 40
12 143.778954941088 43
13 139.294142350915 47
14 138.248034940455 51
15 137.809654201056 54
16 137.623006594254 57
17 137.53709312692 62
18 137.492887313251 65
19 137.469179776807 69

0 231.19943279757 3
1 195.059857794948 6
2 210.722054232895 10
3 215.865198795579 13
4 194.621027395479 16
5 188.588612415161 20
6 186.450352347496 23
7 166.990059958466 26
8 183.551422240458 30
9 178.080835079492 33
10 165.525389326729 36
11 155.427252742116 40
12 144.370777582951 43
13 139.898847969313 46
14 138.188735413671 49
15 137.737301918559 53
16 137.570400724094 56
17 137.498182356289 59
18 137.463821970975 62
19 137.445214164206 66

0 188.69297967303 3
1 214.630306816763 6
2 215.662517223394 9
3 219.585289701014 13
4 202.237323242768 16
5 181.537160059123 19
6 176.326623726722 23
7 165.250157123767 26
8 172.445880948399 29
9 184.533333570529 33
10 180.94462623469 36
11 158.338459664529 39
12 143.570809199695 42
13 139.392926179464 46
14 138.296946823492 49
15 137.936126669737 52
16 137.792077658557 56
17 137.73127146792 59
18 137.700901028426 62
19 137.684674668629 66

0 201.800508781168 3
1 211.394237499564 6
2 198.679359113945 10
3 200.93053557112 13
4 202.252351092791 16
5 188.431409695112 19
6 186.057359207699 23
7 179.59969328868 26
8 184.45766483198 30
9 170.332666241407 33
10 186.224703776962 36
11 157.227011253781 40
12 144.220187455531 43
13 139.66358349082 47
14 138.484529207628 50
15 138.013481039197 53
16 137.8203919277 56
17 137.746175228616 60
18 137.707223286699 63
19 137.686575587771 66

0 217.010627068426 3
1 217.471335195558 6
2 196.672195688903 9
3 205.360558700294 13
4 201.365208975798 16
5 173.512510216637 19
6 190.289040193452 23
7 164.677446428213 26
8 191.27211414867 29
9 173.153649038274 32
10 187.884803757492 36
11 151.87865927123 39
12 144.126801854842 42
13 139.495208795676 45
14 138.065892220575 48
15 137.680007143095 52
16 137.539223948711 55
17 137.469364221734 58
18 137.435402403226 61
19 137.417041898604 65

0 216.748441631336 3
1 217.354537026888 6
2 229.950154715206 10
3 199.539001786789 13
4 192.802399285401 16
5 179.282795283884 20
6 178.228042490152 23
7 184.554904783127 26
8 169.01239154426 30
9 183.17359838715 33
10 181.725615077886 36
11 153.77274219389 40
12 145.015838687325 43
13 139.687785085353 47
14 138.352932388174 50
15 137.900766244385 53
16 137.707282720466 56
17 137.625822487451 60
18 137.582362060289 63
19 137.559051414638 66

0 217.356356609776 3
1 213.957402237717 6
2 218.744712356905 10
3 206.809022179922 13
4 186.245147208246 16
5 172.770095742492 19
6 191.541520532136 23
7 185.825211494186 26
8 172.053879403036 30
9 187.555578716188 33
10 187.414924478323 36
11 152.222768414015 40
12 142.608229245359 43
13 139.109262960555 47
14 138.013949380833 50
15 137.653741300484 53
16 137.509107752078 56
17 137.448025741728 60
18 137.41748771273 63
19 137.401452767531 66

0 213.740962523029 3
1 214.746935116926 6
2 218.770675020237 9
3 194.230108883542 13
4 205.297680966651 16
5 181.630737738941 20
6 183.985385635756 23
7 165.350668649177 26
8 181.634438958292 30
9 190.194624500434 33
10 195.185201533656 36
11 153.52796843111 40
12 145.465778216832 43
13 139.68173248179 46
14 138.365829715485 49
15 137.870714114306 53
16 137.711119995689 56
17 137.635063057292 59
18 137.59646636297 63
19 137.575382681425 66

0 211.08735442919 3
1 214.281930549176 6
2 210.688672180937 10
3 201.560992755411 13
4 201.521420920274 16
5 196.736543458457 19
6 166.222101759839 23
7 172.174961372764 26
8 183.616728036225 30
9 178.350859621958 33
10 186.726076540272 36
11 155.255770882005 39
12 144.705977724394 43
13 139.526672106941 46
14 138.189712144897 49
15 137.784188161351 53
16 137.629258257223 56
17 137.559253444757 59
18 137.525593930969 63
19 137.506805710636 66

0 206.311026027946 3
1 199.698327788308 6
2 219.085576535598 10
3 194.476602110885 13
4 186.619439840649 16
5 180.05996337526 20
6 176.358987825696 23
7 176.470368937589 27
8 165.670892875802 30
9 199.133324373313 34
10 177.795079742288 37
11 150.847475806568 40
12 143.536454500333 44
13 139.667702347352 47
14 138.116738035622 50
15 137.706741079127 53
16 137.553857798101 57
17 137.486508463951 60
18 137.452324270913 63
19 137.433600255914 67

0 220.388613852793 3
1 208.953743285214 6
2 218.074522038606 10
3 189.987255057802 13
4 193.174372081479 16
5 183.041569411757 19
6 171.199410228834 23
7 169.568575399357 26
8 185.941095314086 29
9 183.099968541475 32
10 181.167637456433 36
11 154.23928364519 39
12 144.089992674881 42
13 139.789664589758 45
14 138.444659276045 48
15 138.000037716897 52
16 137.832734460602 55
17 137.759180260101 58
18 137.721407793686 61
19 137.70148572095 64

