0 174532.282503768 469
1 105911.808206521 535
2 67346.9462375501 603
3 47957.8262664647 670
4 34856.429631523 736
5 26568.8724603558 803
6 21166.2062472316 871
7 17713.3303164834 937
8 15515.2132436747 1003
9 14058.3089174607 1070
10 13030.3282407779 1136
11 12263.4245007855 1202
12 11664.3341400775 1270
13 11179.4265607761 1336
14 10777.2562412349 1402
15 10438.076399151 1470
16 10148.2064891197 1537
17 9896.27857162708 1603
18 9675.42390296012 1671
19 9480.00341841041 1738
20 9306.30508863928 1804
21 9151.29764423212 1872
22 9012.46918806227 1938
23 8886.36858233972 2004
24 8770.6517862513 2072
25 8663.47716967452 2138
26 8563.11782044096 2204
27 8467.23994252871 2276
28 8376.15904891941 2342
29 8290.16449491385 2409
30 8209.65749986495 2477
31 8135.07385659911 2548
32 8066.82546406249 2614
33 8004.49788576112 2682
34 7946.97791573863 2748
35 7894.20558819176 2814
36 7846.25897927758 2881
37 7802.91821760797 2947
38 7763.86121325661 3013
39 7728.62360133808 3080
40 7697.08011533974 3147
41 7668.6884879945 3213
42 7643.48498304829 3281
43 7621.13397275444 3348
44 7601.15732346132 3414
45 7583.07921846632 3481
46 7566.81392541467 3548
47 7552.12427745998 3614
48 7538.74539260948 3683
49 7526.47519580466 3751
50 7515.20248604381 3817
51 7504.85421976487 3885
52 7495.34284023117 3951
53 7486.57679021512 4017
54 7478.47145980226 4085
55 7470.95200448988 4151
56 7463.95941164871 4217
57 7457.45178985587 4285
58 7451.39479291408 4350
59 7445.75587609112 4417
60 7440.50087918813 4484
61 7435.59041765471 4550
62 7430.97952471338 4616
63 7426.63376173859 4684
64 7422.52762962127 4750
65 7418.62558366106 4817
66 7414.88008224345 4883
67 7411.23017006553 4949
68 7407.62578669783 5015
69 7404.10156573615 5082
70 7400.73370765577 5149
71 7397.5472174715 5214
72 7394.50963580376 5282
73 7391.55402514955 5350
74 7388.38079136313 5416
75 7385.0007291514 5484
76 7381.29359984813 5550
77 7377.23333085054 5617
78 7372.96145395927 5683
79 7368.46383966386 5751
80 7363.75367533939 5816
81 7358.47665698053 5883
82 7352.47437216176 5949
83 7345.86297711223 6015
84 7337.70647825223 6081
85 7326.89079412093 6148
86 7313.87007809686 6214
87 7302.19973365317 6280
88 7293.09706624733 6348
89 7286.44090258834 6414
90 7281.69951961713 6479
91 7278.33782556591 6549
92 7275.9320909814 6616
93 7274.17654281423 6682
94 7272.85900243036 6750
95 7271.83366807969 6817
96 7271.00703420557 6884
97 7270.32288279182 6951
98 7269.74226114234 7017
99 7269.23765739844 7084
100 7268.79034484525 7152
101 7268.38766005144 7219
102 7268.02093493559 7285
103 7267.6841112814 7353
104 7267.37284172659 7418
105 7267.08391005589 7484
106 7266.81485701549 7551
107 7266.56373789592 7617
108 7266.32896466101 7683
109 7266.10920243794 7751
110 7265.90330107422 7817
111 7265.71024938843 7883
112 7265.52914417693 7952
113 7265.35916885787 8018
114 7265.19957844793 8084
115 7265.04968873407 8154
116 7264.90886824746 8220
117 7264.77653213228 8287
118 7264.65213731139 8355
119 7264.53517856219 8422
120 7264.42518523743 8489
121 7264.32171845956 8557
122 7264.22436866881 8623
123 7264.13275345063 8689
124 7264.04651557599 8757
125 7263.96532122696 8823
126 7263.88885837151 8889
127 7263.81683526752 8957

0 176966.754081483 469
1 110616.927782662 535
2 50792.8932042292 602
3 28075.3479166144 668
4 20792.2393957024 734
5 17126.4890452059 802
6 14685.1451601573 866
7 12905.7303928765 931
8 11578.8322176662 998
9 10582.5192707758 1064
10 9822.58016963417 1130
11 9226.25667367728 1198
12 8742.69921607845 1264
13 8335.87532543955 1331
14 7978.62198260578 1397
15 7677.19609191565 1462
16 7432.18813667755 1529
17 7241.66011810941 1595
18 7093.11537653037 1662
19 6975.98020188354 1728
20 6879.9047882126 1796
21 6798.50609266276 1864
22 6727.06146426073 1930
23 6662.48011432299 1997
24 6601.59443435235 2064
25 6544.01935353958 2129
26 6489.94008274031 2195
27 6438.91665905361 2262
28 6390.86971708109 2328
29 6345.29979662489 2395
30 6303.15619186657 2461
31 6264.32501830648 2527
32 6227.76020556671 2594
33 6195.80502659178 2661
34 6168.22816603844 2727
35 6144.10013722947 2792
36 6122.6716103652 2860
37 6103.38903508726 2927
38 6085.99886318055 2993
39 6070.1413998449 3060
40 6055.53268713936 3125
41 6042.08400934876 3191
42 6029.59941014059 3260
43 6017.37987777739 3326
44 6006.07803475693 3393
45 5995.66164654661 3462
46 5985.63281444164 3528
47 5976.75877832327 3593
48 5968.37077964294 3660
49 5960.91612876626 3726
50 5954.22354410504 3792
51 5948.82325872301 3860
52 5944.40528560322 3926
53 5940.97511989903 3991
54 5938.4015443956 4059
55 5936.4545701156 4125
56 5934.94458707606 4191
57 5933.7373595473 4258
58 5932.74302352477 4323
59 5931.90281522702 4388
60 5931.17823300671 4455
61 5930.54341694115 4520
62 5929.98027314804 4586
63 5929.47540244959 4654
64 5929.0177636766 4720
65 5928.59543552607 4786
66 5928.18722529855 4854
67 5927.74493951877 4920
68 5927.21192666717 4986
69 5926.62955747059 5053
70 5926.10164592383 5119
71 5925.66714168281 5185
72 5925.31657014434 5252
73 5925.03189571734 5318
74 5924.79730928712 5384
75 5924.60059882703 5451
76 5924.43277020556 5517
77 5924.28731948739 5584
78 5924.15954856766 5652
79 5924.04603447533 5718
80 5923.94424707411 5784
81 5923.85228150852 5851
82 5923.76867349935 5918
83 5923.69227279327 5984
84 5923.62215662811 6050
85 5923.55757028884 6119
86 5923.49788578079 6186
87 5923.44257254171 6253

0 174192.75163876 468
1 105939.152284555 534
2 62753.9578556086 599
3 46025.1913662076 665
4 37422.0024205016 732
5 32130.8199198073 797
6 27916.1155226079 864
7 24000.5975118436 929
8 20463.3762313862 994
9 17594.9834691511 1063
10 15268.4449582002 1130
11 13335.5273925531 1196
12 11769.3920606512 1265
13 10520.8419414367 1331
14 9558.74728589273 1397
15 8826.5529210431 1466
16 8260.96621077183 1533
17 7820.92484421606 1600
18 7481.26691086898 1667
19 7220.28236291288 1733
20 7019.31533262531 1799
21 6863.59933582454 1866
22 6741.17235543889 1933
23 6642.51814422776 2000
24 6560.55875779602 2068
25 6490.74283990717 2134
26 6430.60115173631 2201
27 6379.0683552263 2268
28 6334.14949407831 2335
29 6294.56206597482 2401
30 6255.03368595689 2469
31 6214.23391617185 2535
32 6173.07338449989 2601
33 6133.42218079568 2670
34 6096.87638504173 2737
35 6064.57085214051 2803
36 6036.82825176691 2872
37 6013.54155978062 2937
38 5994.32437779133 3003
39 5978.66815177673 3072
40 5966.06212232318 3139
41 5956.05240481244 3205
42 5948.22594406366 3273
43 5942.14849748783 3339
44 5937.55519359122 3408
45 5933.93390593211 3479
46 5930.95826198542 3547
47 5928.50739147143 3612
48 5926.33428324015 3681
49 5924.25200491908 3747
50 5922.29793876756 3813
51 5920.55035286672 3881
52 5919.04259036314 3947
53 5917.80986511521 4013
54 5916.79063262557 4082
55 5915.92128585665 4149
56 5915.17092504148 4215
57 5914.53133601085 4282
58 5913.98886861018 4348
59 5913.51110922362 4414
60 5913.08924118235 4482
61 5912.72366570681 4547
62 5912.40455957463 4613
63 5912.12241866274 4681
64 5911.86993844611 4747
65 5911.64150544087 4814
66 5911.43252348688 4891
67 5911.23898645786 4957
68 5911.05740564097 5022
69 5910.88513769668 5090
70 5910.72083641157 5155
71 5910.5644137114 5220
72 5910.41634305352 5287
73 5910.27689780147 5353
74 5910.14579883491 5422
75 5910.02219595464 5489
76 5909.9047756494 5556
77 5909.79200671366 5622
78 5909.68270691005 5690
79 5909.57675225773 5757
80 5909.47507176323 5822
81 5909.37872758237 5890
82 5909.28818865928 5956
83 5909.20333672521 6023
84 5909.12375478645 6090
85 5909.04893967428 6156
86 5908.97840216349 6222
87 5908.91170607806 6288
88 5908.84848218917 6354
89 5908.78843197885 6420
90 5908.73132588978 6486

0 170594.886110035 470
1 88530.1856957543 536
2 42833.1516464874 603
3 29363.3652919697 671
4 23329.0441441905 738
5 19824.2027251387 805
6 17123.4230856437 872
7 14745.5395340657 938
8 12850.0078981987 1005
9 11481.9604648126 1071
10 10506.9234534757 1138
11 9766.92105837694 1204
12 9168.33671471005 1271
13 8679.55611412089 1337
14 8281.56127494343 1404
15 7948.5495414806 1470
16 7666.51203564951 1537
17 7428.80922259337 1604
18 7229.02578891226 1671
19 7061.05584629333 1738
20 6919.00283390606 1803
21 6797.80384093542 1872
22 6694.6756784279 1938
23 6606.84839941524 2005
24 6531.64053374413 2074
25 6466.75049648688 2139
26 6410.3254492751 2205
27 6361.09674836189 2272
28 6317.83148530456 2339
29 6279.56783629894 2405
30 6245.38268719898 2472
31 6214.02345179927 2539
32 6183.88570489112 2604
33 6155.24120647894 2672
34 6129.69098055598 2737
35 6107.24716873469 2803
36 6087.45066960027 2871
37 6070.36962465335 2937
38 6055.37085912462 3004
39 6042.01340392903 3073
40 6030.1513736632 3139
41 6019.48295098077 3206
42 6009.88572583136 3275
43 6001.23644795698 3342
44 5993.51895401506 3410
45 5986.73990252406 3479
46 5980.71299388994 3545
47 5975.36943885272 3610
48 5970.57680346258 3679
49 5966.32346371531 3745
50 5962.5606391037 3811
51 5959.07486282095 3880
52 5955.95107126732 3946
53 5953.16896602152 4013
54 5950.66894962622 4081
55 5948.41707818159 4148
56 5946.35008289268 4214
57 5944.44198090454 4281
58 5942.74142063594 4347
59 5941.22471812741 4413
60 5939.77103104393 4480
61 5938.32633209423 4546
62 5937.0303866398 4611
63 5935.91025763306 4679
64 5934.92993609543 4746
65 5934.04499028528 4812
66 5933.22162468351 4880
67 5932.44730135573 4952
68 5931.75153462742 5019
69 5931.18232040246 5086
70 5930.74749038487 5152
71 5930.41500778097 5219
72 5930.145732799 5286
73 5929.90863801835 5352
74 5929.6830247754 5418
75 5929.45887747996 5486
76 5929.23442734086 5553
77 5929.01024342686 5619
78 5928.78561976103 5686
79 5928.55542074416 5754
80 5928.28451771862 5821
81 5927.90919372268 5888
82 5927.5056134212 5955
83 5927.13504995922 6021
84 5926.80565899388 6088
85 5926.51626972828 6156
86 5926.26339906085 6222
87 5926.04149937431 6289
88 5925.84375097032 6357
89 5925.66311961109 6423
90 5925.49341760463 6490
91 5925.33040664461 6557
92 5925.17264208115 6623
93 5925.02123537512 6690
94 5924.87828395569 6757
95 5924.74513911646 6823
96 5924.62173258869 6890
97 5924.50686169297 6957
98 5924.39872709705 7025
99 5924.29536150793 7092
100 5924.19493195797 7159
101 5924.09596995187 7225
102 5923.99754165554 7292
103 5923.8993276027 7358
104 5923.80157344116 7425
105 5923.70489143975 7491
106 5923.60992071757 7560
107 5923.5168880551 7627
108 5923.42507436973 7693
109 5923.33190834595 7761
110 5923.2307656264 7828
111 5923.10684744567 7895
112 5922.93875323685 7963
113 5922.71847773306 8029
114 5922.46248289552 8095
115 5922.19375849378 8162
116 5921.92063440437 8228
117 5921.62623285388 8294
118 5921.23765434555 8361
119 5920.67165062524 8427
120 5920.11401144917 8493
121 5919.70652170239 8559
122 5919.42071363487 8624
123 5919.20979385233 8689
124 5919.04024685093 8757
125 5918.88211291443 8823
126 5918.70556140553 8890
127 5918.49394278991 8961
128 5918.25940255415 9028
129 5918.02507737182 9094
130 5917.79827343315 9163
131 5917.57495486154 9231
132 5917.3532101666 9297
133 5917.13267462448 9365
134 5916.91116828778 9432
135 5916.69689627646 9499
136 5916.51273609009 9567
137 5916.37156523896 9634
138 5916.26485030678 9701
139 5916.17591143137 9769
140 5916.08980321719 9836
141 5915.99421699536 9904
142 5915.87887379043 9972
143 5915.73906692656 10039
144 5915.58420608722 10106
145 5915.43980777823 10175
146 5915.33003798245 10242
147 5915.2599622291 10309
148 5915.21980350794 10379

0 170261.470772415 474
1 99620.1829889383 543
2 59574.6265388624 610
3 44843.7025440556 677
4 36237.5758005035 743
5 28661.292226547 811
6 22148.9153074763 877
7 17289.2889222681 943
8 13766.2246603762 1012
9 11372.9526359345 1078
10 9909.16537101823 1144
11 8966.05868029584 1212
12 8315.56797297806 1278
13 7852.01012732005 1345
14 7517.14568018894 1416
15 7269.87116571242 1483
16 7082.24360916562 1549
17 6936.29197991574 1617
18 6820.14433694667 1684
19 6725.96189056441 1751
20 6647.65677404901 1819
21 6581.50753198515 1886
22 6524.87562157433 1953
23 6474.66461141872 2021
24 6428.90619690391 2086
25 6386.54905730634 2153
26 6347.01689396933 2221
27 6309.74548293262 2288
28 6274.79131458095 2353
29 6242.95273770217 2421
30 6214.36527569071 2487
31 6187.81462091192 2554
32 6163.46522924834 2621
33 6141.13572292388 2688
34 6119.92405152893 2755
35 6100.67629202793 2825
36 6083.50032428368 2892
37 6068.50169608349 2958
38 6055.22242083563 3026
39 6043.31047109187 3093
40 6032.56103198847 3159
41 6022.80598246898 3227
42 6013.92491776033 3293
43 6005.78089788754 3360
44 5998.28955696732 3428
45 5991.43205547677 3494
46 5985.08940571678 3561
47 5979.20381320542 3628
48 5973.60521198534 3694
49 5968.41522528188 3761
50 5963.69254462949 3828
51 5959.39077190931 3895
52 5955.52253689481 3962
53 5952.006451357 4030
54 5948.83215454034 4097
55 5945.99479347717 4164
56 5943.35530377936 4233
57 5940.86764282692 4301
58 5938.63194376719 4366
59 5936.59988486822 4434
60 5934.73651386643 4501
61 5933.02463472218 4567
62 5931.42485977688 4635
63 5929.93073491251 4700
64 5928.57935611445 4767
65 5927.36522314197 4834
66 5926.21518154319 4900
67 5925.00813734055 4966
68 5923.84294610933 5034
69 5922.76974381001 5101
70 5921.73783936277 5167
71 5920.67761099142 5233
72 5919.62979754724 5300
73 5918.69111858426 5367
74 5917.89764498908 5433
75 5917.24004521246 5500
76 5916.69588993819 5566
77 5916.24135929413 5633
78 5915.85697557837 5702
79 5915.53221607726 5768
80 5915.26256655925 5835
81 5915.04254588105 5902
82 5914.86374562399 5969
83 5914.71723266343 6035
84 5914.5955406508 6102
85 5914.49305819115 6168
86 5914.40568159975 6234
87 5914.33038685488 6302
88 5914.2649072525 6368
89 5914.20751551835 6435

0 173984.770071927 471
1 107390.303811312 537
2 63425.9716420319 603
3 45298.2281921571 673
4 35238.6067870805 739
5 28864.5597115856 805
6 24858.7581187872 873
7 22504.6220771861 939
8 20915.152083935 1005
9 19658.6236974903 1072
10 18582.5778225292 1139
11 17523.073412817 1206
12 16558.8744143131 1273
13 15868.0812214519 1340
14 15374.7852572161 1406
15 15007.757518265 1474
16 14726.5198369543 1539
17 14502.4251862215 1605
18 14309.0017741771 1673
19 14135.0955933402 1739
20 13977.5748118396 1805
21 13834.6704994956 1872
22 13707.128148246 1939
23 13595.5289010288 2005
24 13499.0164150906 2077
25 13416.3485676896 2143
26 13345.3838798036 2210
27 13283.7327241439 2278
28 13229.2104778889 2344
29 13180.0587872585 2411
30 13135.1834004347 2479
31 13094.0043975854 2545
32 13056.0164846929 2611
33 13020.5847938366 2679
34 12987.4442959172 2744
35 12956.390355789 2810
36 12927.2154205629 2877
37 12899.4099708548 2943
38 12873.0591119119 3009
39 12848.1822274811 3076
40 12824.4426511207 3142
41 12801.6896628335 3209
42 12779.6853807737 3277
43 12758.2014993818 3343
44 12736.8943868776 3410
45 12715.4072447997 3479
46 12693.0063116049 3544
47 12668.7097002017 3610
48 12641.4392322028 3678
49 12614.1146245515 3744
50 12589.0650101579 3810
51 12566.9622729021 3878
52 12547.8122297716 3942
53 12531.1073031502 4008
54 12516.277374417 4075
55 12502.8220009812 4141
56 12490.3693668299 4207
57 12478.6962954413 4274
58 12467.5874743509 4340
59 12456.7991278094 4406
60 12446.313510209 4472
61 12436.042248841 4539
62 12425.8355562902 4606
63 12415.5592267997 4672
64 12405.0369797413 4739
65 12394.1254772382 4806
66 12382.5376253312 4875
67 12370.0899785713 4943
68 12356.5134223893 5009
69 12341.3603960637 5076
70 12324.1011771325 5142
71 12303.8001424856 5209
72 12278.7297070234 5275
73 12248.3162907441 5341
74 12212.3857881202 5407
75 12170.7509127389 5474
76 12123.6749134908 5542
77 12071.3514173804 5608
78 12013.2116698391 5673
79 11951.7125898949 5740
80 11887.7823218013 5805
81 11822.1060626097 5872
82 11755.9794812105 5940
83 11690.2899800204 6005
84 11625.3807226876 6071
85 11561.5870338244 6139
86 11498.2657725256 6205
87 11434.4190254722 6271
88 11367.9379860362 6342
89 11296.0756649012 6409
90 11213.0051505566 6476
91 11112.6766897806 6543
92 10993.382528123 6609
93 10856.318407586 6675
94 10703.3343523593 6742
95 10536.5619666666 6809
96 10357.9698542593 6874
97 10168.3000403897 6942
98 9965.61381843271 7009
99 9753.92707807905 7075
100 9550.99483859575 7143
101 9365.67921287984 7209
102 9200.66914501213 7275
103 9053.42333420676 7343
104 8922.11239263932 7409
105 8804.5859670601 7475
106 8698.74237332318 7541
107 8603.26474757075 7606
108 8517.65366949927 7673
109 8440.62455012408 7741
110 8370.55639478766 7807
111 8305.83611147827 7873
112 8243.61771543028 7941
113 8181.81816753319 8008
114 8119.33391349882 8074
115 8057.55147206488 8141
116 7997.74012499361 8209
117 7940.29577918351 8275
118 7885.28947498634 8342
119 7832.1669278436 8408
120 7780.25490882819 8474
121 7730.19336728067 8541
122 7681.67962435106 8608
123 7633.50765271619 8675
124 7585.21529563859 8742
125 7535.541745097 8809
126 7483.83147210165 8875
127 7430.30555025397 8942
128 7376.07078416795 9009
129 7321.69655284622 9074
130 7264.99784788874 9141
131 7197.22581804565 9210
132 7108.97251518346 9276
133 6988.66011011578 9343
134 6827.65328677626 9409
135 6635.42726196425 9475
136 6447.52252254948 9542
137 6286.18775351961 9610
138 6159.70447191484 9676
139 6065.86993538864 9742
140 5998.39199815689 9809
141 5950.84222209025 9874
142 5917.20376890592 9940
143 5893.61404603678 10007
144 5876.82735960168 10072
145 5864.56033277295 10138
146 5855.63224388826 10206
147 5849.07051708857 10272
148 5844.21179555492 10339
149 5840.55343815614 10406
150 5837.58602653524 10473
151 5835.18118345529 10539
152 5833.27277218443 10609
153 5831.73715858985 10675
154 5830.48224396967 10740
155 5829.45783338185 10810
156 5828.63238925831 10876
157 5827.97337805298 10943
158 5827.44576783704 11012
159 5827.0178762194 11079
160 5826.66475755969 11146
161 5826.36835553619 11213
162 5826.11622197417 11280
163 5825.89992425451 11347
164 5825.71356620683 11414
165 5825.55262915633 11481
166 5825.4132690054 11549
167 5825.29205165518 11616
168 5825.18595064169 11682
169 5825.09240833287 11749
170 5825.00935205966 11819
171 5824.93514933183 11885
172 5824.86852796541 11951
173 5824.8084893491 12021
174 5824.75423212334 12088

0 172656.547978783 473
1 101796.389184081 542
2 55908.172756879 608
3 36128.2768342517 673
4 27293.4420818215 741
5 22617.3937854471 807
6 19625.8852222988 875
7 17383.0126766273 943
8 15457.3364867411 1009
9 13869.3617573865 1076
10 12617.9872013164 1145
11 11652.0394237713 1213
12 10885.2403927079 1278
13 10253.9678595748 1350
14 9720.29334828225 1416
15 9265.52492403582 1484
16 8874.11050067682 1552
17 8535.60765986478 1618
18 8244.32161501867 1684
19 7992.41832629632 1752
20 7771.9217901488 1820
21 7576.60487056728 1887
22 7402.92758996009 1953
23 7252.2389275781 2019
24 7122.22810043069 2085
25 7008.77965169314 2154
26 6909.20570807607 2220
27 6821.10255522463 2287
28 6742.47412769017 2357
29 6672.08947165986 2423
30 6608.73579083394 2490
31 6550.87356797139 2558
32 6496.9528063821 2626
33 6446.06992063309 2693
34 6397.44005130455 2763
35 6351.96720242899 2830
36 6309.83587023628 2898
37 6271.12087341759 2968
38 6235.66342619844 3034
39 6203.10566152954 3100
40 6173.13390076282 3168
41 6145.60239542206 3233
42 6120.26699628468 3300
43 6096.89553398426 3370
44 6075.34120042923 3437
45 6055.4882551557 3504
46 6037.27286792972 3571
47 6020.47486128167 3638
48 6005.02638325562 3706
49 5990.71373698942 3774
50 5977.52859163988 3840
51 5965.31413912462 3907
52 5954.04289700858 3975
53 5943.54308207654 4042
54 5933.82940789677 4107
55 5924.79756158287 4177
56 5916.40389853738 4244
57 5908.68416313674 4311
58 5901.56867664195 4378
59 5895.10765948859 4445
60 5889.19273605509 4511
61 5883.73049194623 4579
62 5878.7265100052 4645
63 5874.11132873412 4711
64 5869.89367320827 4779
65 5866.06426413615 4847
66 5862.43359550731 4913
67 5859.07916131105 4981
68 5856.03133712852 5047
69 5853.2368677596 5114
70 5850.6635231387 5180
71 5848.28679105074 5247
72 5846.07712092476 5313
73 5844.06449054097 5380
74 5842.26532153193 5447
75 5840.59436631576 5516
76 5838.93079228011 5584
77 5837.40962246505 5651
78 5836.04923931906 5720
79 5834.82918065425 5789
80 5833.74266039106 5856
81 5832.79425476432 5922
82 5831.98040411619 5990
83 5831.28500241696 6056
84 5830.68726638816 6123
85 5830.16829422467 6191
86 5829.71313015201 6257
87 5829.31047169723 6323
88 5828.95178776795 6391
89 5828.63052215514 6458
90 5828.3415149934 6526
91 5828.08060915573 6594
92 5827.84438486207 6660
93 5827.62997833989 6727
94 5827.43495561399 6795
95 5827.25722319801 6861
96 5827.09496389094 6927
97 5826.94658960903 6995
98 5826.81070556736 7063
99 5826.68608183835 7130
100 5826.57162968851 7197
101 5826.46638114892 7263
102 5826.36947101188 7329
103 5826.28012086567 7395
104 5826.19762492179 7462
105 5826.12133731297 7528
106 5826.05066031372 7594
107 5825.98503255442 7661
108 5825.92391572022 7728
109 5825.86677719393 7794

0 172369.102210735 470
1 86194.7320695239 536
2 39538.3632175296 602
3 26863.1309391973 671
4 21861.4867701554 738
5 19081.6018423235 805
6 17339.2773280489 871
7 16160.853806156 938
8 15318.9049307295 1004
9 14758.4505843921 1070
10 14407.2961852701 1137
11 14177.9746421285 1203
12 14021.6920275435 1271
13 13906.6374699587 1338
14 13817.3212331659 1404
15 13746.0505891315 1471
16 13687.8327900078 1537
17 13638.8116130826 1604
18 13596.4586460155 1672
19 13559.175042388 1738
20 13525.9215898845 1805
21 13496.1429296529 1872
22 13469.2552557147 1938
23 13444.5608807574 2004
24 13421.7157345161 2074
25 13400.3856680514 2140
26 13379.9129139079 2207
27 13360.0841550976 2274
28 13340.9373379343 2341
29 13322.1523994289 2407
30 13303.3981372642 2474
31 13284.1222269797 2541
32 13263.9955042779 2608
33 13242.6027566298 2677
34 13219.6153555587 2743
35 13195.1372739368 2810
36 13169.1471907532 2877
37 13141.7199547623 2943
38 13112.7022880253 3009
39 13081.9344401479 3077
40 13049.4130591491 3143
41 13015.1426347253 3209
42 12979.2484589948 3278
43 12941.9148747086 3345
44 12903.3107748272 3411
45 12863.6593198698 3482
46 12823.2066866599 3547
47 12782.1355450768 3613
48 12740.7071768891 3682
49 12699.1530307707 3748
50 12658.1955856271 3813
51 12618.6603849774 3880
52 12581.1257217452 3946
53 12546.2592958822 4013
54 12514.3406374182 4082
55 12485.5175643019 4147
56 12459.8892920824 4214
57 12437.3898116873 4282
58 12418.0315196511 4348
59 12401.4315157872 4414
60 12387.124175128 4481
61 12374.6172035522 4547
62 12363.5970956465 4615
63 12353.9053013622 4683
64 12345.279923546 4750
65 12337.3940849054 4817
66 12330.2350143958 4886
67 12323.6521127449 4953
68 12317.6498514471 5020
69 12312.1287134903 5088
70 12306.9859262081 5155
71 12302.2155121091 5221
72 12297.8477803317 5288
73 12293.8059377296 5354
74 12289.9923328292 5420
75 12286.3163242073 5487
76 12282.69840313 5553
77 12279.0937496129 5619
78 12275.4926799853 5686
79 12271.8790700007 5752
80 12268.2074008369 5818
81 12264.4142112089 5885
82 12260.4599478894 5953
83 12256.2563884935 6019
84 12251.7519219642 6086
85 12246.933810479 6152
86 12241.6832216544 6219
87 12235.9204126255 6285
88 12229.633480753 6354
89 12222.733193802 6419
90 12215.1053511296 6485
91 12206.6628306775 6552
92 12197.2771918931 6618
93 12186.8986765615 6685
94 12175.0703370203 6752
95 12161.9285717503 6818
96 12147.1951769645 6885
97 12130.3179834505 6951
98 12110.9128545294 7017
99 12088.5160962128 7084
100 12062.3042907302 7151
101 12032.5254459108 7217
102 12000.4850432521 7282
103 11966.6479572526 7349
104 11931.6496088906 7416
105 11895.7651325247 7481
106 11858.3802643751 7549
107 11821.2505026982 7615
108 11784.5368388932 7681
109 11748.2038671004 7753
110 11712.317871283 7819
111 11676.6055608695 7885
112 11641.0689435402 7953
113 11605.7251244983 8019
114 11570.618664624 8086
115 11535.46437465 8154
116 11499.9747583711 8221
117 11463.8815330758 8287
118 11426.6258643435 8356
119 11387.882227958 8423
120 11346.9242275203 8489
121 11302.7912151123 8556
122 11254.1343994412 8622
123 11198.8587190156 8688
124 11134.1984852818 8755
125 11056.3858464614 8821
126 10957.4200775577 8887
127 10833.0940383535 8954
128 10684.3689091584 9020
129 10514.2389867211 9086
130 10325.0511106938 9156
131 10125.434242435 9223
132 9924.41964038174 9289
133 9727.33926053847 9357
134 9539.21522029631 9424
135 9363.89414805062 9489
136 9203.10240779865 9557
137 9056.80091141992 9623
138 8923.11940831885 9689
139 8800.22728848649 9757
140 8686.23565221933 9823
141 8579.73779710845 9889
142 8479.86925194557 9957
143 8385.71351094762 10023
144 8296.45534757848 10089
145 8210.63378264194 10156
146 8127.81051931105 10223
147 8048.89290106688 10289
148 7974.34473178512 10356
149 7904.43488533914 10422
150 7839.62823061201 10488
151 7779.80061722639 10557
152 7724.67033080226 10624
153 7674.03281992418 10691
154 7627.75299281476 10758
155 7585.03105770592 10825
156 7545.12705382452 10891
157 7507.44937304712 10957
158 7471.56341323024 11023
159 7436.21331284277 11089
160 7400.15925595249 11156
161 7360.89862249095 11223
162 7313.14228667597 11290
163 7253.04964552157 11356
164 7176.94676142311 11422
165 7079.59032430822 11489
166 6954.55088221502 11555
167 6801.28577977348 11621
168 6643.69748742357 11687
169 6500.76061814777 11754
170 6380.89712265395 11820
171 6285.67613704764 11886
172 6212.48537393266 11953
173 6157.11369105479 12022
174 6115.31412283806 12088
175 6083.5444756716 12155
176 6059.10091313462 12223
177 6040.02113177658 12288
178 6024.91021962449 12355
179 6012.75821186079 12423
180 6002.83153415354 12488
181 5994.59745381449 12554
182 5987.66914381284 12622
183 5981.76675431639 12689
184 5976.6867737473 12756
185 5972.27721418752 12823
186 5968.4207709589 12889
187 5965.02477812801 12955
188 5962.01469332012 13022
189 5959.32958129838 13089
190 5956.92006815581 13155
191 5954.74864280614 13222
192 5952.7882063354 13287
193 5951.01733943086 13355
194 5949.41684293723 13426
195 5947.96894325271 13493
196 5946.65745194395 13559
197 5945.46787914094 13626
198 5944.38732885459 13692
199 5943.40396459179 13758
200 5942.50015896831 13825
201 5941.63021139449 13891
202 5940.81932764466 13957
203 5940.07929826001 14024
204 5939.40413191022 14090
205 5938.78676500934 14155
206 5938.22072285748 14222
207 5937.70018984271 14289
208 5937.21982946345 14355
209 5936.77460701852 14421
210 5936.35967911153 14487
211 5935.97038964329 14553
212 5935.60232770667 14619
213 5935.25114812665 14686
214 5934.91159105694 14751
215 5934.57533510888 14819
216 5934.2289216596 14887
217 5933.85826568197 14953
218 5933.46767107349 15020
219 5933.08937382743 15086
220 5932.75155655927 15152
221 5932.45431993294 15220
222 5932.18308196882 15287
223 5931.92293399352 15353
224 5931.66157112329 15421
225 5931.38962260542 15488
226 5931.10460933485 15554
227 5930.81732949194 15622
228 5930.54918091365 15688
229 5930.31517788801 15755
230 5930.1122111455 15822
231 5929.92387307036 15888
232 5929.72874623099 15955
233 5929.50698946786 16022
234 5929.25298461906 16089
235 5928.98290327691 16155
236 5928.71696148578 16224
237 5928.46140647639 16293
238 5928.20964447393 16359
239 5927.9471888578 16426
240 5927.65271675407 16492
241 5927.30384216669 16559
242 5926.89699747623 16625
243 5926.45659026383 16692
244 5926.0042127015 16759
245 5925.48627732935 16824
246 5924.6236350414 16891
247 5923.54696968946 16957
248 5922.44017076107 17023
249 5921.33965719053 17091
250 5920.2974162719 17156
251 5919.38723340242 17223
252 5918.63856303978 17291
253 5918.03190305985 17358
254 5917.53426522032 17424
255 5917.11877197981 17491
256 5916.76707925773 17557
257 5916.4666294184 17622
258 5916.20813482582 17694
259 5915.98423374115 17762
260 5915.7888924005 17828
261 5915.61707953402 17895
262 5915.46444273978 17961
263 5915.32672562354 18027
264 5915.19814924761 18094
265 5915.06684315986 18161
266 5914.91370743211 18226
267 5914.73923001869 18294
268 5914.56547793402 18369
269 5914.40305202462 18436
270 5914.25142168266 18503
271 5914.10716267854 18569
272 5913.96661415173 18635
273 5913.82621559366 18703
274 5913.68258531355 18769
275 5913.53283558921 18835
276 5913.37504194173 18902
277 5913.20851155769 18968
278 5913.03360631133 19034
279 5912.85129262868 19105
280 5912.662771747 19171
281 5912.46928921833 19237
282 5912.2718234597 19304
283 5912.07007571057 19370
284 5911.86007597114 19437
285 5911.6299211454 19504
286 5911.35699088465 19570
287 5911.02340710877 19636
288 5910.65394821697 19705
289 5910.30761179078 19771
290 5910.01917807584 19837
291 5909.78939976759 19905
292 5909.60682832967 19970
293 5909.45985073403 20037
294 5909.33949111894 20105
295 5909.23923311591 20172
296 5909.15435710726 20238
297 5909.08139356834 20313
298 5909.0177474306 20379
299 5908.96144956807 20445

0 175423.478067979 473
1 108980.76827404 539
2 59135.5092764344 605
3 38931.8830060881 672
4 29991.662213691 738
5 25272.4343057963 805
6 21987.2084915757 873
7 19219.5693197349 939
8 16404.8359963669 1006
9 13833.647151182 1073
10 12067.8391303027 1138
11 10930.9295858668 1205
12 10138.698398695 1272
13 9396.77987832753 1338
14 8676.50417398829 1404
15 8174.18374831912 1472
16 7895.92143799527 1539
17 7738.55359898444 1606
18 7635.80225713547 1675
19 7557.45346258069 1741
20 7490.41891339258 1806
21 7426.09480670093 1874
22 7354.85344911657 1941
23 7266.36295222901 2007
24 7156.97726770688 2074
25 7018.81829531176 2139
26 6845.7082168473 2205
27 6663.34490657018 2272
28 6495.70994952198 2339
29 6356.02283011273 2405
30 6248.30248250514 2472
31 6169.95458342979 2538
32 6114.72492312474 2605
33 6075.91353687047 2671
34 6048.12738130783 2737
35 6027.81452334471 2802
36 6012.58628327541 2868
37 6000.86412383006 2937
38 5991.57664095942 3003
39 5984.08564694565 3070
40 5977.95074993258 3138
41 5972.83968482127 3205
42 5968.51077639662 3272
43 5964.79050789531 3339
44 5961.55935729701 3405
45 5958.7347556859 3471
46 5956.25501909695 3537
47 5954.07008127676 3603
48 5952.13700558119 3669
49 5950.41811986829 3736
50 5948.8807869915 3802
51 5947.49847558151 3868
52 5946.25173133622 3935
53 5945.12648039129 4000
54 5944.11079803192 4066
55 5943.19315540236 4133
56 5942.36212679791 4200
57 5941.60629310712 4267
58 5940.91360183939 4337
59 5940.26937106878 4403
60 5939.6498213822 4470
61 5939.01543237701 4537
62 5938.35038631884 4603
63 5937.67221562854 4669
64 5937.02521181403 4736
65 5936.45133596371 4803
66 5935.94940064679 4869
67 5935.49205249038 4936
68 5935.05053748531 5001
69 5934.60196660558 5067
70 5934.13691126533 5135
71 5933.67482341506 5201
72 5933.25862020516 5268
73 5932.91485998418 5337
74 5932.63755654311 5402
75 5932.40826390435 5468
76 5932.21173160962 5536
77 5932.03842764986 5602
78 5931.88273722284 5669
79 5931.74122701008 5739
80 5931.61162687803 5806
81 5931.49230261794 5872
82 5931.38198917082 5940
83 5931.27965312021 6008
84 5931.18441891104 6074
85 5931.09552705722 6141
86 5931.01230896127 6207
87 5930.93417084537 6273
88 5930.86058314503 6342
89 5930.79107361677 6407
90 5930.72522327804 6473
91 5930.66266461201 6541
92 5930.60308137675 6607
93 5930.54620910258 6674

0 175612.285912667 467
1 103727.401660956 533
2 54343.2455984441 600
3 34830.483761288 666
4 26207.7279314816 734
5 22059.3620141655 801
6 19750.0980169133 868
7 18301.9459011525 935
8 17302.2052111627 1002
9 16554.8081745709 1069
10 15952.0430671004 1135
11 15448.6920096369 1203
12 15001.061130797 1270
13 14571.4188900544 1335
14 14146.6224546401 1401
15 13729.423552825 1467
16 13322.0777341609 1534
17 12919.2876617784 1600
18 12490.9970742785 1666
19 12037.4423786987 1733
20 11586.6914671176 1799
21 11236.0982629642 1866
22 10989.2428646106 1935
23 10791.1489228445 2000
24 10607.368845918 2067
25 10420.3427675797 2135
26 10215.4612656157 2203
27 9968.74114373242 2269
28 9643.02120180572 2336
29 9223.13998984776 2403
30 8765.72772000965 2469
31 8322.09730150209 2536
32 7926.74669604376 2602
33 7595.70119267863 2668
34 7330.41442506602 2735
35 7121.25164287616 2801
36 6956.30764038746 2866
37 6826.32965315431 2933
38 6723.32335245614 2998
39 6638.65952943066 3065
40 6565.87052361844 3133
41 6501.8963203967 3200
42 6445.09707555703 3265
43 6393.87974883107 3337
44 6347.65175893271 3403
45 6306.23251355949 3469
46 6269.3906516765 3538
47 6236.68017598628 3604
48 6206.75049086152 3670
49 6178.94165266983 3737
50 6153.09118666665 3803
51 6128.55443791026 3869
52 6105.79690766507 3938
53 6085.27430290698 4004
54 6066.66448379846 4071
55 6049.71203175117 4139
56 6034.02842815786 4205
57 6019.53526431674 4272
58 6006.05193551896 4341
59 5993.38825563281 4407
60 5981.56688541702 4473
61 5970.09874980344 4541
62 5958.84368372728 4606
63 5948.41612278948 4672
64 5939.01405460917 4742
65 5930.65536737874 4809
66 5923.12864817334 4875
67 5916.32148236125 4944
68 5910.12097694906 5010
69 5904.2795072151 5077
70 5898.89826594702 5143
71 5893.94420896073 5210
72 5889.35301833786 5276
73 5885.08931609645 5345
74 5881.10671111525 5412
75 5877.38551097623 5478
76 5873.9682552441 5546
77 5870.82407152572 5613
78 5867.78954106138 5679
79 5864.92668777639 5746
80 5862.30189302382 5812
81 5859.89968362435 5879
82 5857.70608405433 5947
83 5855.72221514908 6014
84 5853.94294509935 6081
85 5852.34835909463 6149
86 5850.91204320964 6216
87 5849.60939929144 6282
88 5848.42052831232 6350
89 5847.33000715397 6417
90 5846.32583828709 6483
91 5845.39847738536 6550
92 5844.54012653739 6616
93 5843.74425719368 6683
94 5843.00529209529 6750
95 5842.31838960157 6817
96 5841.6792929823 6883
97 5841.08422155166 6950
98 5840.52978962602 7016
99 5840.01294472832 7083
100 5839.5309195367 7149
101 5839.08119386674 7216
102 5838.66146403318 7282
103 5838.26961765003 7349
104 5837.90371247068 7415
105 5837.56195829748 7482
106 5837.24270131902 7549
107 5836.94441046714 7619
108 5836.66566553116 7685
109 5836.40514682687 7751
110 5836.16162625764 7819
111 5835.93395958525 7886
112 5835.72107974276 7953
113 5835.52199101679 8020
114 5835.33576393387 8087
115 5835.16153071119 8153
116 5834.99848114593 8221
117 5834.84585884401 8288
118 5834.70295770801 8353
119 5834.56911861984 8421
120 5834.44372627148 8487
121 5834.32620609912 8553
122 5834.21602128908 8619
123 5834.1126698118 8687
124 5834.01568143958 8753
125 5833.92461467649 8820
126 5833.83905349971 8887
127 5833.75860374535 8953
128 5833.68288887664 9023
129 5833.61154467609 9089
130 5833.54421208948 9156
131 5833.48052680844 9224
132 5833.42010297716 9291
133 5833.36250591245 9356

0 173122.230867669 469
1 102031.602929918 535
2 53876.2258456628 601
3 33269.030482346 668
4 24248.6357845339 733
5 19364.769545969 799
6 16813.9337340311 868
7 15595.1930814245 933
8 14952.6049352586 999
9 14596.6345596953 1071
10 14381.3616941475 1136
11 14229.8234535305 1203
12 14112.0547278984 1271
13 14013.3310776927 1336
14 13925.5100802523 1402
15 13844.4452401945 1470
16 13768.8867312039 1536
17 13697.4720143165 1602
18 13628.3708376654 1670
19 13560.7338606291 1736
20 13494.2208495662 1803
21 13427.2725569307 1871
22 13359.1617473238 1937
23 13290.8118941747 2004
24 13221.7361692217 2073
25 13151.5032774899 2138
26 13079.6121640997 2204
27 13004.8986682612 2272
28 12926.3628920428 2338
29 12842.4720367974 2403
30 12751.2010420926 2472
31 12649.7648865114 2538
32 12534.1848273764 2605
33 12400.5936518316 2672
34 12247.4256883845 2739
35 12071.2684431683 2806
36 11864.0003241763 2875
37 11608.7221043262 2939
38 11304.6728984783 3004
39 10963.6788636935 3071
40 10601.6255626418 3137
41 10230.7640224153 3203
42 9861.57632936314 3270
43 9499.71870762943 3336
44 9145.94762406154 3402
45 8799.19446845427 3468
46 8465.38239001133 3535
47 8165.26639041831 3601
48 7908.11016457661 3667
49 7693.27563435834 3734
50 7517.90783353326 3800
51 7375.42035372518 3868
52 7256.35571489968 3937
53 7153.88448078086 4003
54 7062.6231863776 4070
55 6978.92335060516 4137
56 6902.27552689509 4204
57 6832.52814339358 4271
58 6768.68159705094 4338
59 6710.00227776203 4404
60 6655.54380835775 4470
61 6604.00613382236 4536
62 6554.88777819594 4602
63 6506.58373031295 4669
64 6459.2011644998 4736
65 6413.40278523363 4802
66 6369.81327007434 4868
67 6328.45342421566 4937
68 6289.15788160101 5003
69 6251.18693753309 5069
70 6215.92264132335 5136
71 6183.58808667998 5203
72 6153.42788612077 5269
73 6125.32562020711 5338
74 6098.6314003805 5403
75 6072.41539547787 5469
76 6046.65406773406 5537
77 6021.57239290275 5603
78 5996.8381994989 5669
79 5975.14890680123 5736
80 5958.42838531163 5802
81 5949.20601231532 5867
82 5944.0342420237 5935
83 5940.49313619603 5999
84 5937.70636354146 6065
85 5935.46734800124 6133
86 5933.55488135837 6199
87 5931.72951133106 6264
88 5929.96949611513 6333
89 5928.18192891162 6398
90 5926.39919849965 6464
91 5924.56506344253 6531
92 5922.50971673717 6596
93 5920.12450775888 6663
94 5917.48352466817 6733
95 5914.35442648703 6800
96 5910.53639523527 6866
97 5906.01656496508 6933
98 5900.41825849161 6999
99 5893.32920555318 7065
100 5883.96175287276 7132
101 5872.45102478812 7199
102 5861.41820942731 7266
103 5852.25060915246 7333
104 5845.25423993049 7399
105 5840.18087459991 7464
106 5836.60996308535 7531
107 5834.13309521288 7596
108 5832.41604963027 7662
109 5831.19967566589 7728
110 5830.2740123331 7795
111 5829.50966744095 7862
112 5828.90008497086 7928
113 5828.44791236964 7993
114 5828.12404044758 8059
115 5827.89451124983 8126
116 5827.73154804202 8194
117 5827.61464774646 8260
118 5827.52940749025 8326
119 5827.46598264353 8394
120 5827.4177285367 8460

0 168571.952427212 469
1 76985.4214445738 537
2 42961.0983282169 603
3 32071.3166059336 669
4 25835.9439103858 737
5 22007.2705556452 803
6 19518.6877048462 869
7 17764.325845995 937
8 16477.4408285124 1003
9 15511.5515584608 1070
10 14735.8434007415 1140
11 14065.9915757144 1206
12 13453.870454519 1272
13 12873.803842257 1341
14 12314.8153353779 1407
15 11793.6690898621 1474
16 11295.1168381597 1541
17 10779.5737759529 1607
18 10234.2465678252 1672
19 9707.65745729912 1747
20 9229.9508903326 1816
21 8808.70324000556 1884
22 8441.01620684395 1958
23 8127.23132734301 2028
24 7855.77100661057 2095
25 7619.00365086239 2163
26 7417.86815542584 2234
27 7249.24550263829 2302
28 7106.81411766102 2368
29 6985.86778028104 2434
30 6882.89842685955 2501
31 6794.18276368272 2570
32 6717.8057870143 2635
33 6649.81035798436 2702
34 6588.45416853569 2770
35 6533.76107616063 2836
36 6484.51386219874 2902
37 6439.63651371212 2969
38 6398.69493695882 3035
39 6361.20124536531 3101
40 6326.56438349962 3167
41 6294.8287311124 3233
42 6265.73815065901 3298
43 6239.03728226567 3367
44 6214.51747056659 3433
45 6191.60336741585 3499
46 6170.50463976653 3567
47 6150.76952834372 3632
48 6132.25876392748 3699
49 6115.13042455757 3767
50 6099.00727649132 3833
51 6083.69083268975 3899
52 6069.36371486753 3970
53 6056.25117726758 4036
54 6044.20239610421 4103
55 6033.20122345607 4171
56 6023.28807130938 4236
57 6014.49376761645 4302
58 6006.47777019685 4370
59 5999.22752781144 4435
60 5992.62695303954 4501
61 5986.57615182194 4569
62 5981.03358933428 4636
63 5975.90883173444 4702
64 5971.25461865595 4770
65 5967.02288687185 4836
66 5963.03497209731 4902
67 5959.43283107173 4969
68 5956.1632395456 5034
69 5953.17725905533 5100
70 5950.45064723202 5166
71 5947.92808380163 5233
72 5945.60964449625 5298
73 5943.53837410222 5367
74 5941.67013396064 5434
75 5939.87238897198 5503
76 5938.19013772127 5571
77 5936.68156217132 5638
78 5935.33254473239 5704
79 5934.12067856138 5771
80 5933.03947838183 5837
81 5932.08947578653 5903
82 5931.26390234324 5976
83 5930.54502281654 6043
84 5929.90517996223 6109
85 5929.29914291509 6176
86 5928.65818849949 6242
87 5927.95999665235 6309
88 5927.28954070484 6377
89 5926.7174444734 6444
90 5926.24798782884 6511
91 5925.8626335065 6579
92 5925.54244467536 6644
93 5925.2723433617 6711
94 5925.04110926519 6779
95 5924.84055294529 6846
96 5924.66467473319 6912
97 5924.50901811351 6979
98 5924.37021523906 7046
99 5924.24567347832 7112
100 5924.13335848047 7180
101 5924.03164309887 7246
102 5923.93920155751 7312
103 5923.85493476903 7378
104 5923.77791707024 7445
105 5923.707357706 7513
106 5923.64257252392 7579
107 5923.58296280558 7645
108 5923.52799915809 7712

0 170075.876098688 470
1 101330.665414038 538
2 70049.4469296631 604
3 56137.0167780672 671
4 43765.2310066088 738
5 31233.3934231328 804
6 20761.3823168553 871
7 14836.0147132956 938
8 11759.7968790052 1004
9 9774.89311038391 1071
10 8349.91792774944 1137
11 7466.45076079083 1204
12 6962.25030130164 1270
13 6655.70447170549 1336
14 6457.89420862004 1402
15 6326.22679559491 1468
16 6234.26346194153 1535
17 6167.9785349164 1601
18 6118.76497128293 1668
19 6081.65471158296 1736
20 6053.1828932788 1802
21 6030.80394786367 1869
22 6013.0183566687 1938
23 5998.81206777856 2004
24 5987.29760634231 2072
25 5977.90225422965 2140
26 5970.07065865358 2207
27 5963.36063229654 2273
28 5957.47145132529 2339
29 5952.39767164849 2404
30 5947.83853905332 2470
31 5943.50086778966 2537
32 5939.60976332656 2604
33 5935.37367952926 2670
34 5931.41870536945 2737
35 5928.06055529663 2803
36 5925.46971663526 2869
37 5923.61572478202 2937
38 5922.25394008734 3002
39 5921.21678204773 3069
40 5920.38432545398 3138
41 5919.68816098469 3204
42 5919.08766181039 3271
43 5918.55781483233 3340
44 5918.08308683684 3407
45 5917.65367902276 3473
46 5917.26288099958 3542
47 5916.90532757028 3607
48 5916.57603421779 3673
49 5916.26977508209 3742
50 5915.97972893738 3808
51 5915.68871650972 3875
52 5915.37228237106 3943
53 5915.022901745 4010
54 5914.63011523674 4078
55 5914.22531799873 4145
56 5913.8557450012 4211
57 5913.53853577532 4279
58 5913.26821772316 4348
59 5913.03475615498 4415
60 5912.82979491057 4481
61 5912.64720086538 4549
62 5912.48242408169 4617
63 5912.33162256353 4683
64 5912.18868471853 4752
65 5912.04208167094 4820
66 5911.89672721955 4887
67 5911.75937016279 4958
68 5911.63032245479 5025
69 5911.50879701059 5092
70 5911.39410492063 5163
71 5911.28571676577 5228
72 5911.18319525868 5296
73 5911.08611198546 5364
74 5910.99395781327 5430
75 5910.90602819592 5497
76 5910.8211915506 5564
77 5910.73707365166 5633
78 5910.64710679548 5699
79 5910.54201049992 5766
80 5910.42224831458 5832
81 5910.28317109928 5899
82 5910.10867052556 5966
83 5909.88292398626 6032
84 5909.61863248193 6101
85 5909.36359511661 6172
86 5909.15110934113 6239
87 5908.97489764726 6305
88 5908.81268214122 6379
89 5908.64264653191 6446
90 5908.44428596868 6512
91 5908.2002686928 6581
92 5907.91286271394 6648
93 5907.62730936552 6715
94 5907.39804182826 6782
95 5907.23479755294 6847
96 5907.11681575008 6915
97 5907.02274347625 6983
98 5906.93898572554 7050
99 5906.85672501833 7115
100 5906.76736302333 7183
101 5906.65825764554 7249
102 5906.51087361619 7315
103 5906.3099386469 7385
104 5906.06210291225 7451
105 5905.79183654724 7517
106 5905.52098343915 7586
107 5905.26140056853 7652
108 5905.02298629203 7718
109 5904.81834919375 7786
110 5904.65479923999 7854
111 5904.52926688022 7922
112 5904.43243321586 7989
113 5904.35454859778 8056
114 5904.2880351074 8124
115 5904.22746615183 8192
116 5904.16840720855 8258
117 5904.10579502725 8324
118 5904.03441515413 8391
119 5903.95499933037 8458
120 5903.87409132799 8525
121 5903.79675461782 8591
122 5903.72526623057 8659
123 5903.66042003848 8724
124 5903.60217241997 8793

0 171706.669927952 475
1 93288.1961834497 540
2 56164.0986888706 607
3 43360.289444589 674
4 35648.1591343056 741
5 28881.3355143955 810
6 22611.0957815219 875
7 17546.0967687562 942
8 14010.5635470705 1008
9 11739.2449348373 1074
10 10346.2255582925 1139
11 9427.93305116652 1206
12 8775.71068817797 1273
13 8288.46667951473 1339
14 7909.66807881539 1405
15 7608.57369592888 1471
16 7364.24664513908 1537
17 7161.42244341879 1603
18 6990.43962162753 1673
19 6844.80561664669 1739
20 6720.42161446413 1804
21 6613.33472155113 1871
22 6521.1094116162 1938
23 6441.2062769172 2003
24 6372.16326395119 2070
25 6313.0048928494 2135
26 6261.74838449165 2201
27 6217.22666138129 2267
28 6177.88533928891 2333
29 6142.10340341984 2398
30 6109.20645386541 2464
31 6079.0494907008 2530
32 6050.70579695675 2597
33 6025.17215270468 2664
34 6003.16210753788 2729
35 5984.10905839948 2795
36 5967.79439731628 2862
37 5953.78957413434 2928
38 5941.77602889203 2994
39 5931.36337310345 3064
40 5922.25017587332 3130
41 5914.20264211104 3196
42 5907.17760590344 3265
43 5900.97124570957 3331
44 5895.42062141947 3398
45 5890.41897407985 3466
46 5885.91370219726 3532
47 5881.87389510731 3598
48 5878.2612544134 3665
49 5875.02753417694 3731
50 5872.12069693258 3797
51 5869.49087878371 3864
52 5867.1064007214 3930
53 5864.93974967577 3997
54 5862.96744095569 4064
55 5861.17173617033 4130
56 5859.53671266612 4197
57 5858.04657007486 4264
58 5856.68567138056 4331
59 5855.43835076274 4396
60 5854.28731224903 4464
61 5853.20654954449 4532
62 5852.13340686029 4597
63 5851.01569199959 4665
64 5849.86759913619 4732
65 5848.76178680104 4797
66 5847.77698637164 4864
67 5846.92781264839 4930
68 5846.19013934076 4996
69 5845.53008454697 5063
70 5844.91577015843 5129
71 5844.32457993563 5195
72 5843.75301454991 5263
73 5843.21650205047 5329
74 5842.72945280636 5395
75 5842.29153935096 5461
76 5841.89336667034 5527
77 5841.52444723332 5594
78 5841.17535037894 5659
79 5840.83697549677 5725
80 5840.50007980767 5791
81 5840.15741378005 5858
82 5839.81022186916 5928
83 5839.47430898188 5995
84 5839.17262191136 6060
85 5838.91724892392 6129
86 5838.7039948267 6195
87 5838.52166484705 6262
88 5838.36034405918 6329
89 5838.21356315836 6395
90 5838.07756101679 6461
91 5837.95020729792 6529
92 5837.83027839836 6594
93 5837.71705263086 6660
94 5837.61008774415 6728
95 5837.50909104691 6794
96 5837.41383933085 6861
97 5837.32413014039 6930
98 5837.23975498351 6996
99 5837.16048763324 7064
100 5837.0860817492 7131
101 5837.01627323687 7197
102 5836.95078415164 7264
103 5836.88932614455 7335
104 5836.83160231232 7401

0 173690.719510275 470
1 107944.541157196 536
2 69206.3150059074 601
3 51787.6122474731 667
4 38407.3730319351 735
5 26979.2335246183 800
6 19440.4690341931 867
7 15481.8948265542 935
8 13262.6148620335 1001
9 11802.8947845444 1067
10 10784.3261061308 1135
11 10036.363050549 1201
12 9454.72903644786 1267
13 8981.37232732975 1336
14 8584.90639088238 1403
15 8244.80256270276 1469
16 7952.36298748224 1535
17 7700.69035570582 1602
18 7484.17707849694 1668
19 7296.88930442469 1735
20 7133.74666755922 1800
21 6990.71130997907 1867
22 6865.06151082353 1934
23 6754.31797952836 2000
24 6656.85914062223 2066
25 6571.55281479466 2133
26 6496.57501181682 2199
27 6431.19767612356 2266
28 6373.80689931147 2333
29 6323.55776187471 2398
30 6279.17156887937 2465
31 6240.10777924752 2533
32 6205.73741703523 2598
33 6175.43745797971 2664
34 6148.43562626079 2731
35 6124.42274392459 2800
36 6102.80916536531 2868
37 6083.20012217355 2935
38 6065.53894216435 3001
39 6049.80939357267 3067
40 6035.23618197485 3135
41 6023.09322937605 3203
42 6012.80885264943 3270
43 6002.83107806099 3335
44 5995.04475723811 3402
45 5988.97907385453 3469
46 5983.83646832372 3535
47 5979.25383362633 3601
48 5975.10371562405 3666
49 5971.33199024325 3731
50 5967.89112341391 3799
51 5964.70976624667 3865
52 5961.70298600891 3932
53 5958.82013539427 3998
54 5956.0822951663 4063
55 5953.5148242818 4129
56 5951.05643157955 4199
57 5948.63697669791 4265
58 5946.28962476586 4330
59 5944.10664694218 4399
60 5942.09488601042 4465
61 5940.20891992559 4531
62 5938.43783315191 4598
63 5936.76844873887 4664
64 5935.17447113384 4729
65 5933.67419063479 4796
66 5932.32216128725 4863
67 5931.14812079501 4929
68 5930.14122076914 4997
69 5929.27511597027 5064
70 5928.52369872592 5130
71 5927.86519540747 5198
72 5927.28230608162 5264
73 5926.76140828625 5331
74 5926.29171270258 5399
75 5925.86457032923 5466
76 5925.47293246028 5532
77 5925.11091115999 5602
78 5924.77335531591 5669
79 5924.45529328837 5736
80 5924.1509346736 5805
81 5923.85160951847 5871
82 5923.54211067552 5939
83 5923.19959533656 6007
84 5922.81285006973 6073
85 5922.41573209689 6139
86 5922.05795022485 6206
87 5921.74930293701 6272
88 5921.47101456117 6338
89 5921.2028633217 6406
90 5920.9315158169 6472
91 5920.65397194817 6538
92 5920.38185136625 6606
93 5920.13644333451 6671
94 5919.9317669968 6738
95 5919.76558070843 6805
96 5919.62663198357 6871
97 5919.50399713634 6938
98 5919.39051334293 7008
99 5919.28253559571 7074
100 5919.17881172803 7140
101 5919.07939097069 7208
102 5918.98476777442 7275
103 5918.89536072827 7342
104 5918.81131335484 7409
105 5918.7324940282 7476
106 5918.65856530251 7542
107 5918.58904671451 7609
108 5918.52334264428 7675
109 5918.46072766233 7740
110 5918.40028401818 7808
111 5918.34078504122 7874
112 5918.28054429354 7941
113 5918.21737189749 8009
114 5918.14902794228 8076
115 5918.07449710707 8142
116 5917.99520557918 8208
117 5917.91443601475 8275
118 5917.83534976104 8340
119 5917.75978344495 8407
120 5917.68835174214 8475
121 5917.62098113322 8540
122 5917.55730271649 8607
123 5917.49684580824 8674
124 5917.4391184282 8740

0 171371.657884348 468
1 85988.4672298628 535
2 41800.5882949841 601
3 29156.4735306193 669
4 24009.3576941252 736
5 21326.4856274116 803
6 19545.0435319929 870
7 18220.4625066488 937
8 17187.5743604805 1004
9 16310.0150356892 1069
10 15508.9653010542 1139
11 14787.0884335906 1206
12 14136.4324368127 1272
13 13539.9207152289 1341
14 12996.9819828418 1407
15 12508.7962703827 1472
16 12071.8249025988 1539
17 11681.4467881038 1605
18 11335.3543650872 1671
19 11030.4758321489 1739
20 10758.3845263409 1806
21 10510.452103814 1872
22 10281.3602195231 1940
23 10060.4180008208 2007
24 9830.04157412135 2073
25 9560.13118523459 2140
26 9218.02069990576 2206
27 8786.90247618693 2272
28 8309.92975213207 2340
29 7849.0150194449 2406
30 7443.68169256893 2472
31 7114.18261222444 2543
32 6858.93960185901 2610
33 6665.38445483098 2675
34 6518.04377100237 2746
35 6405.46125168288 2818
36 6321.92624524472 2885
37 6256.51927210605 2951
38 6202.33653919149 3018
39 6155.96209394638 3084
40 6116.80473728408 3151
41 6085.75929110489 3217
42 6060.80986731602 3285
43 6040.33081922994 3352
44 6022.58768467484 3418
45 6006.51829170542 3484
46 5991.63593688887 3553
47 5977.64935830717 3619
48 5964.51706180107 3685
49 5952.33462822145 3754
50 5941.10011383661 3820
51 5930.855049228 3886
52 5921.48310198065 3956
53 5911.90830548345 4023
54 5903.24534171067 4090
55 5895.14444637655 4159
56 5888.27692290953 4224
57 5882.6499710933 4291
58 5877.55916351465 4359
59 5872.78094633668 4425
60 5869.05927638687 4491
61 5866.10808240213 4559
62 5863.56821085477 4625
63 5861.30004027478 4692
64 5859.25288139364 4760
65 5857.39283017263 4826
66 5855.68016616527 4892
67 5854.06369764134 4959
68 5852.52081701183 5025
69 5851.01351402332 5093
70 5849.50563548009 5161
71 5848.0074820483 5230
72 5846.53024671188 5297
73 5845.05453977651 5366
74 5843.62456190834 5434
75 5842.3418959195 5500
76 5841.24417691447 5568
77 5840.31117521755 5635
78 5839.51044405637 5701
79 5838.81376479659 5769
80 5838.19951566737 5835
81 5837.65168918 5901
82 5837.15837527561 5969
83 5836.71043774017 6034
84 5836.30051438482 6101
85 5835.92227691078 6169
86 5835.56987835913 6235
87 5835.23761768749 6303
88 5834.92009072529 6370
89 5834.61330939307 6436
90 5834.31663039404 6503
91 5834.03346103627 6570
92 5833.76876825113 6636
93 5833.52549377857 6702
94 5833.30340759446 6770
95 5833.10027280579 6840
96 5832.91327727966 6906
97 5832.73981147298 6974
98 5832.57771198961 7040
99 5832.42525886132 7106
100 5832.28109082659 7172
101 5832.14410427217 7238
102 5832.0133602241 7305
103 5831.88801075454 7371
104 5831.76725239714 7437
105 5831.65031318072 7504
106 5831.53647951065 7570
107 5831.4251659622 7637
108 5831.3160193159 7703
109 5831.20902428706 7770
110 5831.10455114967 7837
111 5831.00328229427 7903
112 5830.90600228814 7969
113 5830.81331729109 8036
114 5830.7254180769 8102
115 5830.64197088722 8168
116 5830.56214957942 8237
117 5830.48478543355 8303
118 5830.40862503635 8370
119 5830.33268525721 8439
120 5830.25660440694 8506
121 5830.18077890256 8572
122 5830.10615115596 8639
123 5830.03378401555 8705
124 5829.96450379255 8772
125 5829.89876081421 8839
126 5829.83666135029 8906
127 5829.77806073994 8972
128 5829.72264400682 9039

0 173331.030408964 470
1 98360.8208118214 537
2 58117.086999372 606
3 40642.0736987009 673
4 31501.220678704 739
5 26353.3108928574 807
6 22889.3296255269 874
7 20230.7559607028 939
8 17979.0496058996 1006
9 16091.6615010043 1072
10 14620.1881165464 1138
11 13494.3679204566 1205
12 12536.929600175 1272
13 11630.4337017055 1338
14 10713.6955813829 1405
15 9845.80402228989 1475
16 9125.09853965034 1542
17 8588.10112354219 1612
18 8197.7062871566 1677
19 7898.5430188386 1743
20 7659.18166493964 1812
21 7448.35273327997 1878
22 7227.77884643691 1944
23 7014.46781747065 2015
24 6843.68980932848 2082
25 6716.2294303113 2148
26 6622.58126451094 2219
27 6551.90467287843 2285
28 6495.63744215663 2352
29 6448.23128620639 2419
30 6407.23205508559 2485
31 6371.15773859554 2551
32 6338.23995195721 2618
33 6306.29161917331 2685
34 6271.89581504121 2751
35 6228.15856376028 2819
36 6179.97650822931 2886
37 6134.72371098041 2953
38 6095.3209660346 3021
39 6062.77966630405 3086
40 6036.64818179908 3153
41 6015.67342409242 3221
42 5999.20932155043 3287
43 5986.79816302283 3353
44 5977.54807770721 3421
45 5970.58894071269 3488
46 5965.38080590322 3554
47 5961.28539859763 3622
48 5957.90578618392 3689
49 5955.10268800076 3755
50 5952.65728278447 3823
51 5950.44083116795 3889
52 5948.47332776638 3955
53 5946.72360668191 4023
54 5945.20582949375 4090
55 5943.9495111873 4156
56 5942.90746878964 4224
57 5942.02680494832 4291
58 5941.26701650453 4358
59 5940.59671086959 4425
60 5939.98322454316 4492
61 5939.4029349812 4558
62 5938.86595702266 4625
63 5938.37597193025 4691
64 5937.92919657687 4759
65 5937.52046075512 4827
66 5937.14489910458 4893
67 5936.79817536436 4959
68 5936.47633055191 5027
69 5936.17556773107 5094
70 5935.89208350397 5160
71 5935.6220766274 5226
72 5935.36220607418 5294
73 5935.11077342354 5361
74 5934.86861411002 5428
75 5934.63773626519 5495
76 5934.41931447682 5561
77 5934.21337358128 5627
78 5934.01929817296 5693
79 5933.83621071318 5759
80 5933.66315051684 5825
81 5933.49915238648 5893
82 5933.3432797234 5959
83 5933.19463624995 6026
84 5933.05236700941 6094
85 5932.91565301212 6160
86 5932.78370046523 6226
87 5932.65572280935 6296
88 5932.53091009204 6362
89 5932.4083731703 6428
90 5932.28703519204 6496
91 5932.16540982237 6562
92 5932.04113581435 6628
93 5931.9100205622 6696
94 5931.76436810837 6762
95 5931.59170193829 6828
96 5931.37944243625 6896
97 5931.12887981922 6962
98 5930.85706527636 7028
99 5930.58008794709 7094
100 5930.30654004494 7160
101 5930.03221484434 7226
102 5929.74136305445 7295
103 5929.41043138897 7360
104 5929.01934576512 7427
105 5928.57399324656 7494
106 5928.10360240984 7560
107 5927.61925463384 7627
108 5927.00416962122 7698
109 5926.00122732338 7765
110 5924.87878689063 7830
111 5923.74549232041 7899
112 5922.6307110656 7964
113 5921.59981580581 8029
114 5920.71395307388 8097
115 5919.97066956795 8164
116 5919.35034168198 8230
117 5918.83089294969 8300
118 5918.38955765434 8366
119 5918.00953622911 8434
120 5917.67881447161 8502
121 5917.38834603127 8567
122 5917.13103929681 8633
123 5916.90121614158 8702
124 5916.6942337667 8768
125 5916.50607981107 8834
126 5916.33256969645 8901
127 5916.16424675316 8967
128 5915.96755892569 9033
129 5915.73894749217 9101
130 5915.49444935007 9168
131 5915.25748322676 9234
132 5915.03542983688 9302
133 5914.82621682409 9370
134 5914.62606877702 9437
135 5914.43133130991 9504
136 5914.23853452973 9571
137 5914.04439965833 9637
138 5913.84610767676 9705
139 5913.63770029159 9771
140 5913.3931580549 9838
141 5913.14388296881 9904
142 5912.89168367676 9970
143 5912.63722010644 10037
144 5912.38134777362 10104
145 5912.12477581095 10170
146 5911.86695013999 10238
147 5911.60357920301 10305
148 5911.32234709831 10372
149 5911.00025127884 10438
150 5910.61975093711 10507
151 5910.20499594332 10577
152 5909.78940001257 10643
153 5909.43455615206 10710
154 5909.14250152206 10778
155 5908.9009555638 10843
156 5908.69792596823 10910
157 5908.52427759459 10976
158 5908.37341210961 11041
159 5908.24055362381 11108
160 5908.12217924034 11174
161 5908.0156270266 11240
162 5907.91881869828 11307
163 5907.82992148188 11375
164 5907.74393943552 11441
165 5907.64403642841 11508
166 5907.54407193483 11577
167 5907.45083960729 11644
168 5907.36408025367 11710
169 5907.28310258111 11777
170 5907.20741255964 11843
171 5907.13666136081 11909
172 5907.07058457267 11980
173 5907.00895488189 12046
174 5906.95154533957 12114

0 162089.651170216 472
1 65707.8983427564 537
2 35574.5061618776 604
3 23076.0977718061 669
4 16502.7059348436 735
5 13279.7755948686 800
6 11657.6412776277 865
7 10719.5852048553 930
8 10112.644313267 996
9 9684.37565307143 1063
10 9371.23857574741 1129
11 9132.4813538842 1195
12 8942.39698497326 1266
13 8788.15850257051 1332
14 8663.80199207657 1399
15 8559.30220810701 1466
16 8470.60769464709 1532
17 8393.61276457713 1599
18 8325.53351556034 1666
19 8264.57515131762 1730
20 8209.14547718126 1796
21 8157.87801866695 1862
22 8109.55596609371 1928
23 8063.38759108595 1993
24 8019.06379805407 2060
25 7976.40657267103 2126
26 7935.60101611112 2192
27 7896.82059811351 2260
28 7860.00322993808 2325
29 7825.29658564935 2391
30 7792.70251260547 2457
31 7762.43103601786 2522
32 7734.37202818841 2589
33 7708.46052708273 2656
34 7684.88378202552 2723
35 7663.34956722536 2789
36 7643.8668456014 2856
37 7626.03397244139 2923
38 7609.66359849605 2988
39 7594.64456076836 3055
40 7580.88215779909 3120
41 7568.24359345951 3185
42 7556.52994927615 3252
43 7545.65446229158 3317
44 7535.48493101962 3382
45 7525.84057330432 3448
46 7516.7258129762 3515
47 7508.12201797236 3581
48 7500.00568322136 3648
49 7492.34836100888 3714
50 7485.09617988604 3779
51 7478.1406048252 3845
52 7471.54961112132 3912
53 7465.33328980131 3977
54 7459.45741058594 4042
55 7453.78031487249 4111
56 7448.14224971749 4177
57 7442.9217625524 4243
58 7437.95531398508 4310
59 7433.01167281282 4376
60 7428.4778328481 4444
61 7424.36337539011 4510
62 7420.55645205246 4575
63 7417.01510480504 4641
64 7413.70160451444 4708
65 7410.56195874417 4774
66 7407.5262700044 4840
67 7404.58289889481 4907
68 7401.71609294233 4972
69 7398.73330601222 5038
70 7395.7885730551 5105
71 7392.81122954277 5170
72 7389.77088950067 5236
73 7386.57270299325 5302
74 7382.98075075572 5368
75 7379.07741060512 5436
76 7374.66956117196 5505
77 7369.25634300174 5571
78 7362.55201141491 5636
79 7353.47452381111 5703
80 7341.67279000644 5769
81 7329.96223030515 5835
82 7319.95356297857 5902
83 7312.08551129268 5967
84 7306.18294339138 6033
85 7301.85572948797 6100
86 7298.70223982316 6167
87 7296.38141552772 6233
88 7294.62856817101 6300
89 7293.26153149218 6366
90 7292.17206350503 6433
91 7291.29156030199 6499
92 7290.56596135539 6567
93 7289.95215772929 6632
94 7289.41899435911 6698
95 7288.94623012306 6763
96 7288.52237117679 6829
97 7288.14186027816 6895
98 7287.80187909274 6963
99 7287.49976649324 7028
100 7287.23193276374 7093
101 7286.99405531581 7160
102 7286.78172676133 7226
103 7286.5909657308 7291
104 7286.41843748126 7358
105 7286.26145981452 7424
106 7286.11790745879 7491
107 7285.9860921166 7561
108 7285.86465475698 7627
109 7285.75248122553 7692
110 7285.64864045247 7759
111 7285.55234066386 7824
112 7285.46289870696 7890
113 7285.37971847678 7958
114 7285.30227550461 8023
115 7285.23010563664 8089

0 169754.459419642 475
1 95308.4333291812 541
2 47208.2770414419 607
3 32272.0383179659 673
4 25938.2278643274 740
5 22388.9971649208 806
6 20090.2070190181 873
7 18181.9608232417 939
8 16493.0213024937 1004
9 15276.3105671135 1071
10 14551.5594944788 1137
11 14093.7698895426 1202
12 13743.398036796 1270
13 13412.3721513345 1336
14 13080.2013864782 1404
15 12776.840529006 1473
16 12522.4512402635 1540
17 12317.0516898506 1606
18 12153.255047014 1678
19 12018.7034073731 1745
20 11902.7833014604 1811
21 11794.6725568828 1879
22 11695.6193759887 1946
23 11618.6076605591 2012
24 11549.9771589072 2080
25 11482.6026335635 2146
26 11413.0391070812 2212
27 11337.4394977504 2280
28 11251.2235196754 2346
29 11147.3712348947 2413
30 11017.4225768698 2481
31 10861.4141363271 2548
32 10681.544478659 2614
33 10480.2590939697 2681
34 10265.1768719936 2747
35 10045.7402083236 2813
36 9827.57222024127 2880
37 9614.24073893703 2947
38 9408.69841252407 3013
39 9214.36926049553 3084
40 9033.45153050002 3150
41 8866.16879100289 3216
42 8711.51321400361 3284
43 8567.84783571563 3351
44 8435.15565929174 3417
45 8312.38686282987 3485
46 8198.79868427589 3551
47 8093.5181760148 3617
48 7994.63047015275 3685
49 7902.59665591386 3751
50 7817.56171759879 3817
51 7739.54398438494 3885
52 7668.9276029716 3950
53 7605.38290473324 4016
54 7547.64618493842 4083
55 7495.88239949075 4150
56 7449.16458357745 4217
57 7406.81430311902 4282
58 7367.8436726367 4349
59 7331.46318980438 4416
60 7296.13280075296 4483
61 7260.06561856299 4552
62 7220.19298752287 4618
63 7169.88997307728 4684
64 7103.03703151629 4751
65 7014.10608814505 4817
66 6895.3675080273 4883
67 6739.63303417754 4950
68 6560.7752935596 5016
69 6391.18758066925 5082
70 6248.65343861277 5149
71 6139.06605368701 5215
72 6060.08241474114 5281
73 6005.23858336063 5349
74 5967.53295706768 5415
75 5941.3408304883 5481
76 5922.77544579917 5548
77 5909.31709164482 5614
78 5899.34542217369 5680
79 5891.79338112015 5747
80 5885.94505381349 5813
81 5881.31478547378 5880
82 5877.57214944829 5948
83 5874.49398778707 6015
84 5871.92913177821 6081
85 5869.77196559813 6149
86 5867.94517516349 6214
87 5866.38871873319 6280
88 5865.05286561758 6348
89 5863.89337148815 6414
90 5862.87005311334 6481
91 5861.9573388346 6549
92 5861.14552934511 6615
93 5860.42535572491 6681
94 5859.78547333281 6749
95 5859.21463422562 6814
96 5858.70266822973 6881
97 5858.24055603878 6949
98 5857.82013136489 7015
99 5857.433629328 7081
100 5857.07332733361 7149
101 5856.73200644274 7215
102 5856.4045776569 7281
103 5856.08851703662 7351
104 5855.78197384866 7417
105 5855.4834030672 7483
106 5855.19355443564 7551
107 5854.91576403253 7618
108 5854.65284166748 7683
109 5854.40397614301 7751
110 5854.16421439796 7818
111 5853.9250398734 7884
112 5853.67425040522 7951
113 5853.39653233161 8018
114 5853.08011101793 8084
115 5852.72873354054 8151
116 5852.36112474048 8217
117 5851.99653642052 8283
118 5851.64759379235 8350
119 5851.32084291035 8416
120 5851.01553266275 8482
121 5850.72070991017 8550
122 5850.42168510559 8616
123 5850.12365966922 8682
124 5849.85003318745 8752
125 5849.60499728123 8819
126 5849.37133645891 8885
127 5849.13491754604 8952
128 5848.89815786553 9018
129 5848.67228427313 9084
130 5848.46282994833 9150
131 5848.26648147742 9216
132 5848.07459657161 9283
133 5847.87484126961 9350
134 5847.65057422112 9416
135 5847.38296335555 9482
136 5847.06130349245 9549
137 5846.69106594984 9616
138 5846.27824402122 9682
139 5845.79307382788 9748
140 5845.09662370786 9815
141 5844.11531082413 9882
142 5843.05102304836 9947
143 5842.00216869598 10014
144 5840.98622987385 10080
145 5840.03288480547 10146
146 5839.16900846842 10217
147 5838.38631225977 10284
148 5837.67115510311 10350
149 5837.03023343679 10417
150 5836.46840157267 10484
151 5835.98106213464 10551
152 5835.56658557492 10617
153 5835.22539028819 10684
154 5834.95101728538 10750
155 5834.72926583973 10818
156 5834.54381255074 10884
157 5834.38050828939 10949
158 5834.22855333928 11017
159 5834.08038936066 11083
160 5833.93194448685 11149
161 5833.78328185103 11216
162 5833.63771219856 11283
163 5833.49808462196 11350
164 5833.3634576355 11417
165 5833.22992886045 11484
166 5833.09422817203 11550
167 5832.95663747692 11621
168 5832.82153546554 11688
169 5832.69533738303 11754
170 5832.58311268501 11823
171 5832.48641691759 11889
172 5832.40363717457 11955
173 5832.33169185654 12022
174 5832.26741980748 12088
175 5832.2081076819 12154
176 5832.15140981765 12221

0 167087.227727062 466
1 82243.5015811663 532
2 45128.4371875408 599
3 32895.3673924677 666
4 25406.1807372092 732
5 19689.5042434122 800
6 15938.0232802241 867
7 13584.8558672594 933
8 12049.0264388222 1001
9 11012.2011484256 1068
10 10280.0462640794 1134
11 9731.86029593402 1202
12 9298.99183843536 1269
13 8940.04988104734 1338
14 8628.38771311713 1405
15 8346.78137906529 1470
16 8084.59560993902 1536
17 7836.86164396204 1604
18 7603.07448246639 1669
19 7385.36170912933 1736
20 7186.98432093338 1803
21 7010.39813759163 1869
22 6856.40110844584 1935
23 6724.43060043241 2002
24 6612.25148707757 2068
25 6517.72915323198 2133
26 6438.08656750011 2201
27 6370.87453082267 2269
28 6314.01758985632 2336
29 6265.62893247461 2403
30 6224.18607293573 2470
31 6188.48212068936 2536
32 6157.4956627913 2603
33 6130.40313902401 2670
34 6106.65195257041 2736
35 6085.65494847573 2802
36 6066.9814208408 2869
37 6050.31341250268 2935
38 6035.29540864095 3002
39 6021.60794086402 3070
40 6009.11169446557 3137
41 5997.6777412598 3203
42 5987.4072267658 3271
43 5978.29930951228 3339
44 5970.289547441 3405
45 5963.29581098368 3472
46 5957.20459703466 3538
47 5951.8829968081 3605
48 5947.20737212069 3677
49 5943.07631829556 3743
50 5939.40957913948 3809
51 5936.14295119087 3876
52 5933.2238145462 3944
53 5930.60809254088 4010
54 5928.25836043115 4078
55 5926.14273721122 4145
56 5924.23423194625 4211
57 5922.51017992397 4278
58 5920.95142404305 4345
59 5919.54117186803 4414
60 5918.26385262009 4482
61 5917.1043534782 4549
62 5916.04765107866 4617
63 5915.0785592176 4686
64 5914.18148664235 4753
65 5913.34076701299 4819
66 5912.54255724589 4887
67 5911.77652356981 4954
68 5911.03046102036 5020
69 5910.28323445589 5089
70 5909.52537086171 5154
71 5908.7941093155 5220
72 5908.14676048215 5289
73 5907.60508557879 5358
74 5907.15612523012 5426
75 5906.77840780185 5492
76 5906.45437914602 5558
77 5906.17170196697 5628
78 5905.92183318931 5695
79 5905.69871969244 5761
80 5905.49794317789 5830
81 5905.316182852 5898
82 5905.15087206619 5964
83 5904.99997371268 6031
84 5904.86183052779 6099
85 5904.73506383491 6166
86 5904.61850409308 6232
87 5904.51114252319 6299
88 5904.41209678075 6366
89 5904.32058604864 6433
90 5904.23591248625 6502
91 5904.15744700537 6568
92 5904.08461803678 6635
93 5904.01690241075 6705
94 5903.95381781645 6773
95 5903.89491656827 6840

0 176543.795895006 469
1 114310.786320441 536
2 73845.628817632 602
3 58830.7652310467 671
4 49652.1117453573 737
5 42429.3013722261 803
6 35752.7660383522 870
7 29154.909462596 937
8 23655.1687551925 1005
9 19450.8932493923 1080
10 16543.8990082851 1146
11 14616.8754029468 1211
12 13187.8560787253 1279
13 12060.1162699261 1345
14 11175.9187097307 1412
15 10467.1418685463 1479
16 9863.02262058857 1545
17 9341.36024735269 1611
18 8908.64218864312 1679
19 8551.47266781981 1745
20 8255.37822258994 1811
21 8009.6817661838 1879
22 7804.85159472273 1945
23 7632.50455585666 2012
24 7487.78954647162 2080
25 7364.59310168558 2146
26 7258.23006922303 2212
27 7163.64642244304 2281
28 7077.66116271307 2347
29 6998.15706721492 2415
30 6925.2270963277 2483
31 6857.88905965572 2552
32 6794.33758027114 2619
33 6732.92524497397 2686
34 6671.42223045902 2751
35 6607.94913397778 2817
36 6542.08185064218 2886
37 6474.064491049 2952
38 6402.31294615649 3018
39 6324.57301694141 3085
40 6244.18670406688 3150
41 6174.87889094068 3217
42 6123.46615950857 3283
43 6087.80573131728 3349
44 6064.06301597876 3415
45 6046.66369558916 3482
46 6033.91595382822 3547
47 6024.05820458378 3613
48 6015.64264710722 3680
49 6008.25647582894 3746
50 6001.65337811115 3812
51 5995.64295550135 3881
52 5990.24413246399 3948
53 5985.25069777924 4014
54 5980.6579154841 4082
55 5976.47428194449 4149
56 5972.63914490427 4214
57 5969.11275989306 4280
58 5965.84190332499 4347
59 5962.83963047182 4413
60 5960.11916859396 4480
61 5957.52151967099 4546
62 5955.01453306808 4612
63 5952.71990982358 4679
64 5950.64643578987 4746
65 5948.80190152061 4813
66 5947.18923287265 4879
67 5945.78498168917 4945
68 5944.55224087907 5012
69 5943.45630277447 5078
70 5942.46961923229 5145
71 5941.57168792706 5211
72 5940.74711662996 5277
73 5939.98271320415 5347
74 5939.25841911362 5413
75 5938.52990554157 5480
76 5937.80300822893 5547
77 5937.02201261184 5613
78 5936.19397285365 5679
79 5935.37737785311 5746
80 5934.56489106675 5812
81 5933.74918073131 5877
82 5932.92640703368 5944
83 5932.07494338171 6010
84 5931.11671922001 6076
85 5930.0025198207 6143
86 5928.67614841063 6209
87 5927.2465769986 6274
88 5925.68778188068 6342
89 5923.94600503906 6408
90 5922.06522642856 6473
91 5919.89769612695 6541
92 5917.49281043398 6607
93 5914.80501585206 6674
94 5911.52101980645 6743
95 5907.58774431604 6811
96 5902.52418376489 6876
97 5895.89496395201 6945
98 5886.71172817849 7010
99 5875.53031306306 7076
100 5864.90083953264 7143
101 5856.06384501331 7210
102 5849.2910578581 7276
103 5844.35757795853 7343
104 5840.87821541047 7412
105 5838.47427213208 7477
106 5836.83421143083 7544
107 5835.72308534962 7610
108 5834.97224967503 7678
109 5834.46427359832 7745
110 5834.11896680244 7811
111 5833.88226587828 7876
112 5833.71802560808 7942
113 5833.60220641438 8009
114 5833.51886525046 8075
115 5833.45743767597 8143
116 5833.41091660835 8212

0 168511.967698845 469
1 83193.7605296149 535
2 38249.5737378645 602
3 26394.2051434541 667
4 22309.1999162009 733
5 20273.9693887282 799
6 18763.7546388598 865
7 17426.3808265608 932
8 16350.7005587247 997
9 15553.8913943051 1064
10 14960.3623329553 1130
11 14504.3654383817 1197
12 14145.8692823542 1263
13 13835.4303107044 1330
14 13549.8013828269 1398
15 13274.2179483193 1464
16 13007.5983927919 1531
17 12765.5356165063 1598
18 12553.7775022826 1664
19 12371.3491456994 1731
20 12216.8487958984 1798
21 12086.7158791136 1865
22 11976.711786723 1933
23 11882.4485101196 2001
24 11799.1329945041 2066
25 11725.4782177609 2132
26 11659.9451936051 2198
27 11600.3749846571 2264
28 11543.6083901635 2331
29 11488.1701288787 2398
30 11433.8803683753 2463
31 11380.2316861529 2530
32 11326.3824789892 2599
33 11271.7772487484 2665
34 11215.3521336 2731
35 11156.0401957173 2802
36 11091.9008219074 2868
37 11019.2186409696 2934
38 10933.038638021 3002
39 10829.043303272 3068
40 10694.8654249038 3133
41 10528.5287820156 3201
42 10332.7552084497 3267
43 10112.957939409 3333
44 9881.2708607649 3401
45 9651.18406069567 3466
46 9430.12770202383 3531
47 9224.29621534243 3599
48 9037.42318286291 3665
49 8870.70824592535 3731
50 8722.30367677611 3798
51 8589.07754284956 3863
52 8468.06919213901 3929
53 8357.17620262214 3997
54 8254.97830363008 4064
55 8160.10990019731 4130
56 8070.9777334673 4198
57 7985.85302135067 4265
58 7905.31052798992 4331
59 7829.77536934895 4397
60 7759.34164786085 4462
61 7694.37336612717 4528
62 7635.16635599248 4595
63 7580.85002176739 4662
64 7531.76147473228 4728
65 7487.2379372427 4796
66 7446.53994738941 4861
67 7409.13332323614 4927
68 7374.43554490815 4994
69 7341.61844668142 5060
70 7309.32719906128 5126
71 7276.18028980348 5193
72 7239.38350374979 5259
73 7193.49593616609 5326
74 7134.12784413933 5392
75 7057.32386588387 5458
76 6957.3776221543 5524
77 6827.18433190356 5593
78 6670.87101539506 5660
79 6513.91976990919 5726
80 6373.04045253542 5792
81 6255.7752152967 5858
82 6163.40152346534 5924
83 6093.28848114147 5989
84 6041.12559207249 6056
85 6002.50259891079 6122
86 5973.72985686291 6188
87 5952.02011557788 6256
88 5935.37953653172 6325
89 5922.39758717361 6392
90 5912.07423082287 6460
91 5903.70304275912 6527
92 5896.78952481313 6594
93 5890.992093735 6661
94 5886.07338923408 6727
95 5881.86011101417 6792
96 5878.21810653511 6859
97 5875.04112390174 6924
98 5872.24487186636 6990
99 5869.76167573719 7061
100 5867.5358551636 7127
101 5865.52403923037 7194
102 5863.6987824881 7261
103 5862.04245667279 7327
104 5860.53907131269 7393
105 5859.17286982687 7461
106 5857.92911854201 7526
107 5856.79451464663 7593
108 5855.75702918783 7660
109 5854.80510470923 7726
110 5853.92537772314 7792
111 5853.10060620939 7860
112 5852.32217244799 7925
113 5851.59718904595 7991
114 5850.92840765581 8060
115 5850.31241121292 8126
116 5849.74437562103 8192
117 5849.21965682594 8260
118 5848.73403125661 8325
119 5848.28366290884 8391
120 5847.86504318272 8461
121 5847.4749477298 8527
122 5847.1104128124 8593
123 5846.76871464696 8663
124 5846.44729703589 8729
125 5846.14348856476 8795
126 5845.85354271032 8863
127 5845.56978295207 8928
128 5845.27543192017 8993
129 5844.95108715093 9059
130 5844.61134550357 9124
131 5844.29997631066 9190
132 5844.0327441839 9257
133 5843.7986275723 9322
134 5843.58400601556 9388
135 5843.37819355161 9455
136 5843.17076865506 9520
137 5842.94892983072 9585
138 5842.69917360809 9651
139 5842.41681278647 9717
140 5842.11171446727 9783
141 5841.7939684509 9850
142 5841.4589424744 9917
143 5841.09327932673 9982
144 5840.69502405098 10049
145 5840.2808983104 10117
146 5839.860904393 10184
147 5839.42618208467 10250
148 5838.97554412336 10317
149 5838.52125893612 10383
150 5838.05549971996 10449
151 5837.44472121892 10516
152 5836.489531242 10583
153 5835.41965565403 10648
154 5834.33447127416 10715
155 5833.26319432223 10780
156 5832.26882973079 10846
157 5831.41657874601 10913
158 5830.72146860447 10978
159 5830.16038311749 11044
160 5829.70283193657 11111
161 5829.32364709715 11177
162 5829.0037409131 11244
163 5828.72833725496 11315
164 5828.48581973606 11381
165 5828.2675038266 11447
166 5828.06776821074 11514
167 5827.88372484097 11579
168 5827.71417940051 11644
169 5827.55848304942 11712
170 5827.41586943665 11778
171 5827.28529235024 11843
172 5827.16548044216 11910
173 5827.05497095829 11976
174 5826.95194727478 12042
175 5826.85352033375 12109
176 5826.7533685738 12174
177 5826.63779334901 12240
178 5826.49510314661 12308
179 5826.33695909512 12375
180 5826.1789162791 12441
181 5826.02274749587 12508
182 5825.86081841045 12574
183 5825.67989427977 12640
184 5825.46534152321 12708
185 5825.21511983715 12777
186 5824.95143549197 12842
187 5824.70052288425 12910
188 5824.46758976193 12976
189 5824.24264217683 13042
190 5824.01407168126 13110
191 5823.7728162866 13176
192 5823.51196875531 13241
193 5823.22768934206 13308
194 5822.92345507679 13374
195 5822.61363060556 13440
196 5822.31628527804 13507
197 5822.03596565669 13573
198 5821.75384485034 13640
199 5821.43784007925 13706
200 5821.0799158641 13774
201 5820.72227131845 13840
202 5820.41180514959 13905
203 5820.16093649955 13970
204 5819.9613618338 14036
205 5819.80117385636 14102
206 5819.67049626825 14170
207 5819.56204453865 14237
208 5819.47054159379 14303
209 5819.39212138505 14369
210 5819.32390331961 14436
211 5819.26370940041 14502
212 5819.20987766884 14569

0 172250.779716416 467
1 89094.0037593496 533
2 45793.278962408 599
3 30475.0982199018 665
4 22800.4104645377 732
5 18610.2230245111 798
6 16288.7174870791 864
7 14885.5572227914 929
8 13934.0394597125 1002
9 13240.5649836624 1068
10 12705.1893949903 1135
11 12270.8563950106 1203
12 11904.750591656 1268
13 11588.9592408394 1334
14 11308.8276093019 1401
15 11054.0244513376 1466
16 10813.6704112079 1532
17 10572.6444922587 1601
18 10307.2737964309 1668
19 9985.7869576883 1734
20 9581.41581132741 1802
21 9108.65186472946 1868
22 8636.06979803384 1935
23 8208.08252879399 2003
24 7845.54597235454 2070
25 7551.84467366231 2136
26 7320.43319305825 2202
27 7139.19967194572 2269
28 6997.04374686068 2335
29 6883.52370199717 2404
30 6789.11178826743 2471
31 6708.01809433359 2536
32 6636.69781499125 2604
33 6573.07317859213 2670
34 6516.17465728771 2736
35 6464.52251819218 2804
36 6417.51408974124 2871
37 6375.15144986552 2937
38 6336.71306736391 3004
39 6301.97101421503 3072
40 6270.31253251153 3138
41 6241.04518068197 3206
42 6213.90606736605 3272
43 6188.62650282474 3338
44 6164.86567724322 3404
45 6142.80534698359 3470
46 6122.10055935056 3537
47 6103.22157986736 3604
48 6086.1159668628 3671
49 6070.5287341604 3737
50 6056.32454954075 3807
51 6043.23620933143 3876
52 6031.20598528951 3942
53 6019.95323055054 4009
54 6009.78598946932 4076
55 6000.47617284478 4142
56 5991.60587430058 4210
57 5983.74096656941 4277
58 5976.96607590796 4343
59 5971.03354048621 4409
60 5965.6616055438 4477
61 5960.75765879376 4543
62 5956.28964242964 4610
63 5952.07596671381 4676
64 5948.12927153619 4743
65 5944.51241838642 4808
66 5941.17867927005 4875
67 5938.10689732483 4941
68 5935.2665736235 5008
69 5932.62716471168 5075
70 5930.24857957887 5142
71 5928.13267935303 5209
72 5926.15293929912 5278
73 5924.27104616035 5344
74 5922.58429094831 5410
75 5921.08842001308 5479
76 5919.75606505231 5545
77 5918.5816274237 5612
78 5917.57131904588 5679
79 5916.71865465785 5746
80 5916.00175994581 5811
81 5915.39455442489 5878
82 5914.87440190837 5945
83 5914.42390471517 6012
84 5914.03013605613 6079
85 5913.68342683266 6145
86 5913.37637938682 6212
87 5913.10318424214 6278
88 5912.85916724645 6345
89 5912.64048873745 6411
90 5912.44393895671 6479
91 5912.26679435209 6546
92 5912.10671297003 6612
93 5911.96165520254 6683
94 5911.82982075182 6748
95 5911.70959525085 6814
96 5911.59950139446 6883
97 5911.49815023937 6949
98 5911.40418885824 7015
99 5911.31624126986 7081
100 5911.23284118706 7147
101 5911.15235848414 7214
102 5911.07292743564 7282
103 5910.99239672521 7347
104 5910.90835410713 7413
105 5910.81837430288 7481
106 5910.72080020109 7547
107 5910.61623310827 7614
108 5910.50869139016 7681
109 5910.40407737702 7746
110 5910.30612190048 7813
111 5910.21428581755 7882
112 5910.12576729132 7948
113 5910.03878292959 8014
114 5909.95444804099 8084
115 5909.87652605884 8151
116 5909.80927723746 8218
117 5909.75493719088 8286

0 171042.169301553 468
1 99541.7959359161 534
2 55881.3653532591 601
3 40580.3725337929 667
4 32859.0607714328 733
5 27572.9491297673 800
6 22748.5941930544 866
7 18217.0365107359 934
8 15690.4642594284 1001
9 14601.758660328 1067
10 14024.5896481727 1133
11 13664.309662366 1201
12 13412.3306898863 1268
13 13219.8444983566 1333
14 13062.762285811 1401
15 12930.2803917025 1468
16 12819.7285143157 1534
17 12734.3232226737 1600
18 12665.8966299631 1667
19 12608.1952627563 1733
20 12557.6622084671 1800
21 12512.5548266503 1866
22 12470.3721923335 1932
23 12431.2470120151 1999
24 12393.1389413254 2067
25 12357.0739642381 2134
26 12322.5148898276 2200
27 12287.6990104275 2266
28 12250.8386066703 2332
29 12210.3684018045 2398
30 12162.7677967266 2466
31 12101.8262430715 2531
32 12022.7199472309 2597
33 11920.6424541597 2666
34 11790.5549078405 2732
35 11615.8587447161 2798
36 11382.6766874777 2866
37 11124.0910936399 2932
38 10868.7156582001 2999
39 10630.6331629253 3066
40 10415.0517116576 3132
41 10222.2892170206 3197
42 10049.3200614595 3265
43 9891.2454812655 3331
44 9743.38393302036 3397
45 9600.05242755006 3465
46 9456.16344086176 3531
47 9298.93355513049 3597
48 9106.79692119789 3664
49 8842.8620869458 3730
50 8470.18302010699 3797
51 8010.48833093367 3864
52 7550.1583263146 3930
53 7146.00674920529 3997
54 6823.10281594751 4067
55 6580.75072622236 4133
56 6405.00102664619 4199
57 6279.65568982876 4268
58 6191.83294668394 4334
59 6130.15565722762 4400
60 6084.44911008924 4468
61 6048.74155189312 4535
62 6019.75316525079 4601
63 5995.80501297886 4669
64 5976.41387709834 4735
65 5960.19242186437 4800
66 5946.07827544344 4869
67 5933.69249779109 4935
68 5922.5691177959 5002
69 5912.47190408886 5071
70 5903.17504267637 5136
71 5894.65332066709 5203
72 5886.86352173661 5269
73 5879.87046725181 5336
74 5873.63919351421 5402
75 5868.12000781431 5470
76 5863.05142000939 5537
77 5858.44321368041 5604
78 5854.21856731857 5672
79 5850.31266507848 5738
80 5846.26749884874 5805
81 5842.64999622085 5873
82 5839.6487786973 5939
83 5836.80230207924 6005
84 5834.09742761659 6073
85 5832.28756432221 6139
86 5831.12743999516 6205
87 5830.29545963359 6271
88 5829.64061674414 6337
89 5829.09789267172 6403
90 5828.63475932552 6470
91 5828.23241172052 6535
92 5827.87874954617 6601
93 5827.56533762154 6667
94 5827.28592958657 6734
95 5827.03568473866 6800
96 5826.81072138264 6866
97 5826.60784651932 6935
98 5826.42438418224 7002
99 5826.2580618378 7068
100 5826.10693211064 7135
101 5825.96931639178 7200
102 5825.84376217258 7265
103 5825.72900914991 7332
104 5825.62396113753 7397
105 5825.5276620727 7463
106 5825.43927514722 7529
107 5825.35806455723 7594
108 5825.28337960846 7660
109 5825.21464106447 7727
110 5825.15132965623 7793
111 5825.09297666606 7859
112 5825.03915643204 7928

0 172580.668405057 470
1 92307.9232345912 536
2 44242.2027584694 603
3 30465.6245241526 668
4 23553.5339432385 734
5 19706.5346938868 801
6 17340.3303678463 868
7 15588.4576725674 933
8 14196.9852452863 1002
9 13088.1368917225 1070
10 12121.6544444766 1137
11 11231.3735843844 1205
12 10367.811532924 1271
13 9544.40816173778 1337
14 8819.10789872119 1405
15 8247.19066400841 1471
16 7823.11453546309 1537
17 7506.93207419265 1605
18 7261.36578926037 1671
19 7049.70220388651 1736
20 6856.36655934443 1807
21 6699.76730775823 1872
22 6584.31269289619 1938
23 6498.0299479019 2006
24 6426.92473634954 2072
25 6366.48085710895 2139
26 6311.54894599536 2206
27 6259.98303478496 2273
28 6209.66935242727 2339
29 6162.25806602262 2407
30 6120.13355900974 2473
31 6084.01844193616 2539
32 6053.54606929404 2606
33 6027.62970272687 2672
34 6006.0768994476 2739
35 5988.1866461782 2806
36 5973.28283046103 2873
37 5960.74325439924 2939
38 5949.93465586009 3007
39 5940.14169820226 3074
40 5932.00750785078 3140
41 5926.08536952177 3209
42 5921.91711639381 3276
43 5918.99445747008 3342
44 5916.92652815779 3411
45 5915.43085164796 3478
46 5914.31545159623 3544
47 5913.45642237815 3611
48 5912.7756344861 3677
49 5912.22348692223 3742
50 5911.7674429606 3810
51 5911.3851842672 3875
52 5911.06075861356 3942
53 5910.78239734098 4008
54 5910.54121387943 4074
55 5910.33037867598 4140
56 5910.14456654905 4207
57 5909.9795682509 4274
58 5909.832003967 4340
59 5909.69909935392 4406
60 5909.57849719863 4472
61 5909.46808591371 4538
62 5909.36583254711 4604
63 5909.26961474436 4673
64 5909.17705835429 4740
65 5909.08541909836 4807
66 5908.9916213192 4875
67 5908.89268767976 4941
68 5908.78682807048 5007
69 5908.67499282203 5074
70 5908.56151434786 5140
71 5908.45206984799 5206
72 5908.34977708166 5273
73 5908.25283226566 5340
74 5908.15486472555 5407
75 5908.04601706354 5475
76 5907.91422461698 5541
77 5907.74991073826 5607
78 5907.55501161499 5675
79 5907.34642119054 5742
80 5907.14856199284 5808
81 5906.98240311548 5876
82 5906.85625400127 5941
83 5906.76603004873 6008
84 5906.70254044912 6078
85 5906.6571051717 6145

