0 22814.0951248849 54
1 20302.6762068528 67
2 16152.7426443517 80
3 11438.8679030119 94
4 7650.62806375381 107
5 5281.084864306 120
6 3950.63755593218 133
7 3180.43312038816 148
8 2698.23993906008 161
9 2370.33714641083 175
10 2126.32751528889 189
11 1928.13654559826 202
12 1767.58793678266 215
13 1633.50392880213 228
14 1521.78785470148 241
15 1427.78997162131 254
16 1348.56433792326 268
17 1286.65075378363 281
18 1241.57956754008 294
19 1211.64495478043 307
20 1192.3896301405 320
21 1180.44597767919 333
22 1173.29719680662 347
23 1168.96860934526 361
24 1166.21677817259 375
25 1164.37523524713 388
26 1163.09595147902 401
27 1162.18534689693 415
28 1161.52395214356 428
29 1161.03318956705 441
30 1160.66058265713 455
31 1160.37126758966 468
32 1160.1423001001 481
33 1159.95858510179 494
34 1159.80990198338 507
35 1159.68884114943 520
36 1159.58955775212 533
37 1159.50715707513 547
38 1159.43746503968 561
39 1159.37698128924 574
40 1159.32290195355 587
41 1159.27316979735 600
42 1159.2265308964 613
43 1159.18255199507 626
44 1159.14152036501 639
45 1159.10417090271 653
46 1159.07128862582 665
47 1159.04334385138 678
48 1159.02031550039 692
49 1159.00173683225 705
50 1158.98687509457 718
51 1158.97492630526 731
52 1158.96515280017 744

0 22565.9115250804 55
1 20041.9136558436 68
2 16273.8029569416 81
3 12097.4949168046 94
4 9332.14047161355 107
5 7922.97433738307 121
6 7162.22547574293 134
7 6673.00102662125 147
8 6324.64200083073 160
9 6038.23117651051 174
10 5786.15913922773 187
11 5551.60965895436 200
12 5312.9308021231 214
13 5056.64513522732 228
14 4774.11540263489 241
15 4465.4426841757 254
16 4137.58460440562 267
17 3806.94972208405 281
18 3488.47537457959 294
19 3194.69114966383 307
20 2931.44667535006 320
21 2695.9740557295 333
22 2500.62910883534 347
23 2348.58460838065 360
24 2228.82839600399 373
25 2131.42257018404 386
26 2049.58146508006 400
27 1979.04020167896 413
28 1915.64823909205 427
29 1855.67179633388 441
30 1799.77051311992 454
31 1745.52928036373 467
32 1691.79238129739 480
33 1635.78733143164 494
34 1574.90426686069 507
35 1513.11582338363 520
36 1449.75788938618 533
37 1384.84843775939 546
38 1323.115554541 559
39 1272.00548500768 572
40 1234.45420782288 585
41 1210.00614962364 598
42 1194.53775804197 611
43 1184.99220890183 625
44 1178.78573466844 638
45 1174.30572251863 652
46 1171.14897699436 665
47 1168.88311774989 678
48 1167.18781187838 691
49 1165.84733628222 704
50 1164.73501085586 717
51 1163.78794426755 731
52 1162.96430926263 744
53 1162.24434583609 758
54 1161.6374796097 771
55 1161.13728875461 784
56 1160.72603299455 797
57 1160.39064772491 811
58 1160.12146544963 824
59 1159.90801187337 839
60 1159.73911203652 853
61 1159.6046127549 868
62 1159.49607071338 881
63 1159.40654591827 894
64 1159.33032326554 907
65 1159.26289386402 920
66 1159.20115865259 933
67 1159.14367577529 946
68 1159.09065896278 959
69 1159.04344505854 972
70 1159.00350608436 986
71 1158.97154436636 999
72 1158.94718514078 1012
73 1158.92926484513 1026
74 1158.91633261877 1039
75 1158.90703558325 1053

0 23061.3405842493 54
1 21429.3094186002 67
2 18970.17530517 80
3 15567.3692238162 93
4 12094.1867463016 106
5 9559.25012547383 119
6 7914.65400919387 133
7 6802.73269055541 145
8 5971.1222347526 159
9 5324.66372673581 172
10 4818.86402283609 186
11 4433.71180192203 200
12 4132.49397697482 213
13 3892.02914974932 226
14 3694.93167585726 239
15 3528.90326056191 252
16 3383.63589467631 265
17 3248.35372183921 279
18 3117.20183443754 292
19 2989.45393563617 305
20 2865.11847674797 318
21 2740.8735153162 331
22 2613.58788260988 344
23 2483.12684104251 357
24 2349.59361558874 371
25 2213.64189045318 384
26 2071.587113839 398
27 1930.84624478986 411
28 1798.66340036915 424
29 1682.8971642155 437
30 1574.5195051189 450
31 1479.17665090431 463
32 1399.20250418901 476
33 1332.1711525768 489
34 1285.57909229779 503
35 1254.2267801775 516
36 1232.94822790532 528
37 1217.74340999909 541
38 1206.18479487809 555
39 1196.68633943829 568
40 1189.56425520262 582
41 1184.00670331987 595
42 1179.51939393734 609
43 1175.90291781228 622
44 1172.90410053282 635
45 1170.53006522311 648
46 1168.64884728923 661
47 1167.12483232806 674
48 1165.83884211943 687
49 1164.74157169857 701
50 1163.78382294349 714
51 1162.9774127174 727
52 1162.3399330209 740
53 1161.83633362721 753
54 1161.42586582097 766
55 1161.08038922761 780
56 1160.78248636209 794
57 1160.52546601665 807
58 1160.30973075905 820
59 1160.13524940384 833
60 1159.99682083416 846
61 1159.88505453764 860
62 1159.78980469715 873
63 1159.70298892681 886
64 1159.62028598197 899
65 1159.54167499796 913
66 1159.47020871986 926
67 1159.40929825456 939
68 1159.360437861 952
69 1159.32283852101 965
70 1159.2944339252 978
71 1159.27296842242 992
72 1159.25655682249 1006
73 1159.24379724901 1019
74 1159.23369030882 1033

0 22560.8865394064 53
1 20206.0445989861 67
2 16469.1852257705 80
3 12213.6731301942 93
4 9139.14006700687 106
5 7282.63387573661 119
6 6225.62276939123 132
7 5637.54861502163 146
8 5281.11274640064 159
9 5059.33413437797 174
10 4913.85249330871 188
11 4813.46962186494 202
12 4738.08615310996 215
13 4677.99748969214 228
14 4628.64099671609 241
15 4585.86161506933 254
16 4547.81454983356 268
17 4514.39830063949 281
18 4484.97476886887 294
19 4458.19420151288 307
20 4433.17489867031 320
21 4409.61016310958 333
22 4387.10740587263 346
23 4365.63719931803 360
24 4345.40586765701 374
25 4325.73005343481 388
26 4306.92563978008 401
27 4288.03561509504 414
28 4269.33807026623 427
29 4250.28953906315 440
30 4229.76008751124 453
31 4207.72182029199 466
32 4184.33305225943 479
33 4158.99498947377 492
34 4132.5515909234 505
35 4104.74958555848 519
36 4075.6922918503 532
37 4044.42921907729 545
38 4011.34402163175 559
39 3976.97450528064 572
40 3939.35823867187 586
41 3898.71284748289 600
42 3854.65883041187 613
43 3805.98053776634 626
44 3753.4731189638 639
45 3696.54689896951 652
46 3634.33935675869 665
47 3566.18441861177 679
48 3489.7891573713 692
49 3406.29168037308 705
50 3317.97518384958 718
51 3229.58340182973 731
52 3140.93980092585 744
53 3051.69383956687 758
54 2964.20613093069 771
55 2879.31815877195 784
56 2794.19841240893 798
57 2707.70360379495 811
58 2618.02289945146 824
59 2522.29625631499 837
60 2419.61101364547 850
61 2306.03334911008 863
62 2174.07836866335 876
63 2020.21767659163 889
64 1843.96271116988 903
65 1665.7805761048 916
66 1510.99411047337 929
67 1393.16814922578 942
68 1308.00416246309 956
69 1245.40250646207 969
70 1205.35255268027 983
71 1184.17471150894 997
72 1174.36844031226 1010
73 1169.30922220819 1023
74 1166.27080987897 1036
75 1164.27585443117 1049
76 1162.91570482093 1062
77 1161.97418189027 1075
78 1161.317382378 1088
79 1160.85618567382 1101
80 1160.52989595153 1114
81 1160.29701168909 1127
82 1160.12909529522 1140
83 1160.00654227076 1153
84 1159.91570062025 1166
85 1159.84692945755 1180
86 1159.79327961862 1194
87 1159.74957474285 1208
88 1159.71175033113 1221
89 1159.67637258051 1234
90 1159.64032792206 1247
91 1159.60076836584 1260
92 1159.55548904127 1274
93 1159.5038282221 1287
94 1159.44764937738 1300
95 1159.39127951573 1314
96 1159.33973569795 1327
97 1159.29640588721 1340
98 1159.26206133641 1353
99 1159.23551416972 1366
100 1159.21481075922 1380
101 1159.19804473203 1394
102 1159.18364351982 1407
103 1159.17035202783 1420
104 1159.15712242118 1433
105 1159.14301154454 1446
106 1159.12712239268 1459
107 1159.10860968757 1472
108 1159.08677319197 1486
109 1159.06125392804 1499
110 1159.03229670314 1512
111 1159.00094377228 1525
112 1158.96895893768 1538
113 1158.93838938124 1552
114 1158.91095034737 1565
115 1158.88759148914 1579
116 1158.86845221088 1594
117 1158.85311334124 1607
118 1158.84091645813 1622
119 1158.83119474889 1635

0 22709.7385027808 53
1 20602.480284015 67
2 17046.7111938947 80
3 12437.5361355097 93
4 8889.77407616666 106
5 6819.61893765284 119
6 5495.81034551326 132
7 4514.76257186787 146
8 3756.0092708126 160
9 3204.96422508188 173
10 2821.29535390829 187
11 2548.92795874496 201
12 2358.77725885505 214
13 2218.74568895266 227
14 2109.11734528076 240
15 2018.38151989619 254
16 1938.14092230806 266
17 1867.44401137821 280
18 1806.98659865555 292
19 1751.72060424404 306
20 1701.22681915934 319
21 1653.43944805302 332
22 1605.51333899019 346
23 1556.57821581486 359
24 1506.24534137732 373
25 1453.35592612642 386
26 1399.28222572832 399
27 1349.44116989893 412
28 1305.72263890274 425
29 1267.61984704115 438
30 1236.78178187257 451
31 1216.0232844053 465
32 1201.55691620833 478
33 1191.67876537014 491
34 1185.00734389334 504
35 1180.22573951701 517
36 1176.26785852356 530
37 1173.04433805448 544
38 1170.58647024713 557
39 1168.68514969946 571
40 1167.14486834969 584
41 1165.84289054992 597
42 1164.70844969993 610
43 1163.70839694667 623
44 1162.87010022311 636
45 1162.17820674835 649
46 1161.59137776706 663
47 1161.08848793251 676
48 1160.66611097591 689
49 1160.32397532665 702
50 1160.05694989083 715
51 1159.85436966478 728
52 1159.70320914961 741
53 1159.59108395917 755
54 1159.50771833276 768
55 1159.44523562098 782
56 1159.39787176026 795
57 1159.36150888607 808
58 1159.33322838035 821
59 1159.31095542774 834
60 1159.2932012577 847
61 1159.27888451002 860
62 1159.26720954578 873
63 1159.25758357501 887

0 21879.4467660439 53
1 18193.1241777518 67
2 12637.4122015483 80
3 7772.38214455298 93
4 4982.42840848585 106
5 3500.74672491976 120
6 2684.8131506954 133
7 2188.40739024723 146
8 1862.7642278966 159
9 1628.49904099768 172
10 1460.49250239138 185
11 1344.58415420166 199
12 1272.26059452689 212
13 1231.51838494117 225
14 1208.80651682014 238
15 1196.32347506785 252
16 1188.43390996135 265
17 1182.81883026648 279
18 1178.44504175177 292
19 1175.25804061247 306
20 1172.88388365591 319
21 1170.94934047847 332
22 1169.22111773612 345
23 1167.49638080216 358
24 1165.89104435819 372
25 1164.58699388098 385
26 1163.58411032745 397
27 1162.80194143666 410
28 1162.06313406404 423
29 1161.51541540454 436
30 1161.13895044751 450
31 1160.88195584007 463
32 1160.70203903343 477
33 1160.5698666669 491
34 1160.46683372241 505
35 1160.38165757502 520
36 1160.30765831957 534
37 1160.2410296171 547
38 1160.17982421412 561
39 1160.12329125595 574
40 1160.07131053423 587
41 1160.02384540094 600
42 1159.98048433251 613
43 1159.9401696645 626
44 1159.90113214788 639
45 1159.86098407205 652
46 1159.81697583928 665
47 1159.76656508874 680
48 1159.70846908947 693
49 1159.64390628758 706
50 1159.57688834505 719
51 1159.5125819904 733
52 1159.45472646803 746
53 1159.40432362498 759
54 1159.36028487487 772
55 1159.32086155953 785
56 1159.28468288539 798
57 1159.25110811376 812
58 1159.2201122642 825
59 1159.19198644839 838
60 1159.16704732305 851
61 1159.14545498001 864
62 1159.12715742712 878
63 1159.11192524992 892
64 1159.09942299814 905
65 1159.08927669607 919

0 22616.0812524174 53
1 20206.4904967282 66
2 15861.7922062969 79
3 10858.6821481272 92
4 7387.82841008059 105
5 5334.44557418609 118
6 4060.5732965164 132
7 3231.90877007378 145
8 2671.10952490574 159
9 2271.58897947934 172
10 1978.76893333226 185
11 1763.10864884765 199
12 1598.71787656922 212
13 1473.95312641198 225
14 1381.56322947883 238
15 1319.59068457861 251
16 1278.67617738315 264
17 1250.75818333392 277
18 1231.13411519482 291
19 1216.68512508803 304
20 1205.46090033651 317
21 1196.67284826417 330
22 1189.89131476451 343
23 1184.81438043844 356
24 1180.86184656746 370
25 1177.55768337014 384
26 1174.7800884934 397
27 1172.3743851309 410
28 1170.28242756089 423
29 1168.43862143046 436
30 1166.8195795581 449
31 1165.50130728531 462
32 1164.49962896553 475
33 1163.73275223402 488
34 1163.10599576084 501
35 1162.53052952688 515
36 1161.95274700989 528
37 1161.4120559451 541
38 1160.9363813028 555
39 1160.53391353987 568
40 1160.20666895972 582
41 1159.94948159048 595
42 1159.75096395022 609
43 1159.59775685506 622
44 1159.4777659484 635
45 1159.38126090116 648
46 1159.30089291908 661
47 1159.23146181005 674
48 1159.16967812205 687
49 1159.1139056369 701
50 1159.06379186228 714
51 1159.0197306143 726
52 1158.98224453688 739
53 1158.9515005621 752
54 1158.92712487468 766
55 1158.90830177901 779
56 1158.89400506489 793
57 1158.88321297378 806

0 22770.2079287682 53
1 21207.9668761085 66
2 19160.7825454054 79
3 16525.2671874563 93
4 13647.7378865506 105
5 11300.3160465342 119
6 9689.08390170814 132
7 8475.4440095993 145
8 7435.5457179275 158
9 6477.45447628998 173
10 5609.33274925653 186
11 4877.17918140291 201
12 4290.37307118711 214
13 3822.5344474996 228
14 3438.61948021736 241
15 3125.11555091635 254
16 2858.93103628983 267
17 2621.32174522331 280
18 2408.03199336851 293
19 2214.260570238 306
20 2038.16713545777 319
21 1877.18681756523 333
22 1732.20292897159 346
23 1601.76111372249 359
24 1484.25244555705 373
25 1381.79439037621 387
26 1299.21601013429 401
27 1246.52868256446 414
28 1217.83312247165 427
29 1202.15441438099 441
30 1192.67313969995 453
31 1186.16665316701 466
32 1181.20672429278 479
33 1177.19037050816 493
34 1174.04620847305 506
35 1171.5642518852 519
36 1169.38618635573 532
37 1167.3539261202 546
38 1165.5471772951 559
39 1164.03173679225 573
40 1162.82010662831 587
41 1161.88508472926 600
42 1161.17044531974 613
43 1160.61906371748 626
44 1160.19132089322 639
45 1159.86293755049 652
46 1159.61580881034 665
47 1159.4330518512 679
48 1159.29897010859 692
49 1159.20035092727 705
50 1159.12705227716 719
51 1159.0717574562 732
52 1159.02936160332 745
53 1158.99634252829 758
54 1158.97025927911 772
55 1158.9493965818 786
56 1158.93252668108 799
57 1158.9187534565 812
58 1158.90741060567 826

0 22484.8745023679 53
1 19724.1685712615 66
2 15184.6903000746 79
3 9992.10986383319 92
4 6271.8341955071 105
5 4085.19423154217 118
6 2847.95697609857 131
7 2157.97608754432 145
8 1766.9335242479 158
9 1536.41638792558 172
10 1397.77077996376 185
11 1312.00011238767 198
12 1261.21432505717 211
13 1231.23455243747 224
14 1211.90258167007 237
15 1198.47439210469 251
16 1189.11700638169 264
17 1182.3630317333 277
18 1176.99469662805 290
19 1173.08660497777 304
20 1170.01090134052 317
21 1167.45157112105 330
22 1165.58116787016 343
23 1164.24363136486 357
24 1163.26233544412 370
25 1162.51450548322 383
26 1161.92512995559 396
27 1161.44746998753 409
28 1161.05093371021 422
29 1160.71598790392 435
30 1160.43172316029 449
31 1160.19283496636 462
32 1159.99569766795 475
33 1159.83567328157 488
34 1159.70689260448 501
35 1159.60340543516 515
36 1159.52013953624 528
37 1159.45313148787 541
38 1159.39929809616 554
39 1159.35614095172 568
40 1159.32156818409 582
41 1159.29382698075 595
42 1159.27147957632 608
43 1159.25337707055 621
44 1159.23861996684 634
45 1159.2265118736 647
46 1159.21651503394 660

0 22085.614399171 53
1 18854.2658179305 66
2 14438.9015142533 79
3 10710.6222588513 92
4 8302.34417059656 108
5 6925.19771494548 121
6 6147.40197697692 136
7 5672.81182317248 149
8 5332.48698345439 162
9 5048.51492820695 175
10 4792.12047801225 188
11 4541.59182499713 201
12 4299.77687491138 214
13 4062.61468963785 227
14 3830.13052760204 240
15 3605.88786662175 254
16 3401.03663970891 267
17 3210.93892241679 280
18 3032.88319035617 293
19 2857.65670267028 307
20 2682.41332446266 321
21 2506.98892353468 334
22 2329.59406093211 347
23 2148.70131837065 360
24 1965.04630484261 373
25 1783.1631509818 386
26 1612.01635576326 400
27 1467.6324276153 413
28 1354.61343807076 426
29 1276.03099098845 439
30 1227.63005655958 452
31 1200.7253768242 465
32 1185.85608987346 478
33 1176.86861699591 491
34 1171.34196040017 505
35 1167.90556696604 519
36 1165.68099452609 532
37 1164.16245761167 545
38 1163.06035429586 558
39 1162.18289668789 571
40 1161.43748241092 584
41 1160.84101231056 597
42 1160.38828239821 610
43 1160.05400101178 623
44 1159.80959628977 637
45 1159.63037016506 650
46 1159.49791241688 663
47 1159.39944739406 676
48 1159.3261097313 689
49 1159.27149892284 704
50 1159.23082574905 717
51 1159.20046510517 731
52 1159.17769275179 744
53 1159.16048922534 757
54 1159.14737526732 770
55 1159.13727484333 783

0 23028.4932607792 55
1 21400.7404323484 68
2 18476.7937799473 81
3 14095.1895065662 94
4 10069.7559624419 107
5 7487.36788378748 121
6 5851.2736419613 135
7 4723.32943114585 148
8 3920.29528505573 161
9 3323.72069924088 174
10 2869.26285994813 187
11 2495.97788462248 200
12 2193.2330758313 213
13 1954.70092068509 226
14 1774.58756076931 239
15 1642.33773162559 252
16 1543.10328668724 266
17 1466.54344412604 279
18 1404.9226324002 292
19 1355.16899101817 305
20 1313.00026787853 319
21 1276.43400925846 333
22 1245.71228069756 346
23 1222.63217824021 359
24 1205.67248749993 372
25 1193.57449573971 385
26 1185.49297982174 398
27 1179.37843383937 411
28 1175.07322563159 424
29 1171.87690346155 438
30 1169.30757378553 451
31 1167.17028317465 464
32 1165.48073251285 477
33 1164.18011983202 490
34 1163.1694518912 503
35 1162.37225166856 517
36 1161.7338597057 530
37 1161.21358346991 544
38 1160.78871037965 558
39 1160.45091317928 571
40 1160.1923934052 584
41 1159.99926508835 597
42 1159.8550956278 610
43 1159.7455441604 623
44 1159.66000702308 636
45 1159.59122778834 649
46 1159.53435523437 662
47 1159.48612239251 676
48 1159.44428429519 689
49 1159.40726901705 702
50 1159.37396956204 715
51 1159.34361945908 729
52 1159.31571361703 743
53 1159.28994967914 757
54 1159.26617474174 770
55 1159.24433059597 784
56 1159.22439880937 798
57 1159.20635325004 811
58 1159.19012900196 824
59 1159.17561217267 838
60 1159.16264793033 851
61 1159.15105886395 865

0 22802.651402695 54
1 21261.4822583358 67
2 19173.2012194474 81
3 16570.9580460516 94
4 13967.2528114467 107
5 11811.1345309867 120
6 10134.5439956325 133
7 8781.53950439604 147
8 7656.84268961534 160
9 6759.0254833896 173
10 6045.62800088333 186
11 5474.51390947154 200
12 5044.69528316012 213
13 4743.39330116903 226
14 4537.14784031048 239
15 4393.709702719 252
16 4291.71276779475 265
17 4218.78615055716 279
18 4165.48516597479 292
19 4125.79661551608 306
20 4095.81486959318 319
21 4073.14671090177 332
22 4055.93772982599 345
23 4042.66469167252 358
24 4032.19635820343 371
25 4023.71857896306 385
26 4016.58532020447 399
27 4010.47564750237 413
28 4004.98787618187 427
29 3999.90800515349 440
30 3995.29048359377 454
31 3990.99586036402 467
32 3986.81232790635 481
33 3982.4069352547 494
34 3977.64878996179 507
35 3972.65027891388 520
36 3967.44219902116 533
37 3961.99919379994 546
38 3956.21776314672 559
39 3950.07197794324 573
40 3943.50360092958 586
41 3936.1327276718 599
42 3927.64005586632 611
43 3918.09881554441 625
44 3907.26863416655 638
45 3894.98564577398 651
46 3881.42617346171 664
47 3866.50787079849 678
48 3849.74178260659 692
49 3830.44343757044 706
50 3807.80281968601 719
51 3781.6331592621 732
52 3752.43394911555 746
53 3719.68487122586 759
54 3683.09784744952 772
55 3642.25936927401 785
56 3596.612099657 798
57 3547.62671257413 812
58 3495.2729700663 825
59 3439.6387615526 838
60 3380.99526785012 851
61 3319.02688910964 864
62 3256.04177142711 878
63 3190.720510141 892
64 3124.99782389298 906
65 3058.01252815701 919
66 2990.73616578881 932
67 2925.26271302776 945
68 2861.45034382915 959
69 2797.16895887112 972
70 2730.88304704725 985
71 2661.99008196884 998
72 2592.31332446133 1011
73 2522.4180281681 1024
74 2452.83923011021 1037
75 2383.92411981527 1050
76 2316.27383513707 1064
77 2247.28833694949 1077
78 2179.89872859188 1090
79 2113.47097616807 1104
80 2047.63879846582 1117
81 1981.97116954385 1131
82 1915.64255777103 1144
83 1848.78065598287 1157
84 1780.38438624093 1171
85 1711.93644271412 1184
86 1643.65966885229 1197
87 1575.97486394702 1211
88 1505.36155178537 1224
89 1434.20130607337 1237
90 1364.73575668276 1250
91 1301.2898483008 1264
92 1250.38956576841 1277
93 1215.97553224395 1291
94 1196.12635032902 1305
95 1184.00709950394 1319
96 1177.11188933917 1332
97 1172.76227453967 1345
98 1169.57792499678 1359
99 1167.21396043046 1372
100 1165.44660616181 1385
101 1164.13719877888 1398
102 1163.16611327789 1411
103 1162.42935423614 1424
104 1161.85030368172 1438
105 1161.38449481396 1451
106 1161.00441411798 1464
107 1160.68721141641 1478
108 1160.41447979166 1492
109 1160.17506426519 1507
110 1159.96621518028 1520
111 1159.79081971005 1534
112 1159.65140839633 1547
113 1159.54598736669 1560
114 1159.46860346057 1573
115 1159.4121768815 1586
116 1159.37057345879 1599
117 1159.33925423166 1612
118 1159.31511095187 1625
119 1159.29607517704 1639
120 1159.28076712777 1652
121 1159.26824693396 1665
122 1159.25785500207 1678

0 22535.0446106039 55
1 20028.2920593019 69
2 16007.6500818949 81
3 11700.9298777853 94
4 9142.15936241243 108
5 7947.70616465208 121
6 7300.71196921415 134
7 6864.77260098222 147
8 6511.59666709192 160
9 6162.33059609941 173
10 5772.3209294913 186
11 5339.77499514251 199
12 4911.35159322862 212
13 4529.46319183053 226
14 4215.73874417824 240
15 3973.713481172 253
16 3790.97054324224 268
17 3648.61170558806 281
18 3529.50144066726 295
19 3426.06183682086 308
20 3331.41225825869 323
21 3240.41121349388 339
22 3152.60910038117 352
23 3068.06089028794 366
24 2986.7884831884 379
25 2908.11716430446 394
26 2832.70017520411 407
27 2758.95935803466 421
28 2686.87979389716 437
29 2612.33556820881 450
30 2536.85642729896 463
31 2457.2975400125 477
32 2372.76315427678 490
33 2282.58866696183 503
34 2185.23213704276 516
35 2079.2819278118 530
36 1964.91259511701 543
37 1843.6743251286 557
38 1717.53947459297 570
39 1588.3931690938 584
40 1464.11226034458 598
41 1362.53155562724 612
42 1288.00126462421 627
43 1235.61793858907 641
44 1203.0254878163 655
45 1183.77116207329 673
46 1174.47392122461 686
47 1169.53241138007 699
48 1166.45703068264 712
49 1164.38081964139 725
50 1162.94316929276 738
51 1161.93768731004 752
52 1161.22815512041 765
53 1160.72251518937 779
54 1160.35850707421 793
55 1160.09380444569 806
56 1159.89932990761 820
57 1159.75485011164 834
58 1159.64609039832 848
59 1159.5628218533 861
60 1159.49756323746 874
61 1159.44467240136 888
62 1159.39968790562 901
63 1159.35884490573 914
64 1159.3187561965 927
65 1159.27634150786 940
66 1159.2291810598 953
67 1159.17639508228 967
68 1159.1196377447 980
69 1159.06309370749 993
70 1159.01175815044 1006
71 1158.96909900486 1020
72 1158.93600059131 1034
73 1158.91137763357 1048
74 1158.89337442878 1062
75 1158.88020721285 1076
76 1158.87047982219 1089

0 23072.6715696355 53
1 21396.7905980679 66
2 18884.5326477406 80
3 15629.1533387712 93
4 12264.2684623978 106
5 9421.17934273144 119
6 7310.62363195645 132
7 5918.74120512639 146
8 5026.81183765475 160
9 4427.67431418892 173
10 4000.19709234538 186
11 3666.06030552415 200
12 3387.72429941147 213
13 3133.21768637859 226
14 2881.84354267651 240
15 2617.94234846603 253
16 2352.43823854223 266
17 2122.64117548889 279
18 1934.43008845501 292
19 1779.80280619227 305
20 1651.83435490152 319
21 1542.20711110643 333
22 1449.68662941784 346
23 1369.03002015245 359
24 1299.45401138812 373
25 1245.07588365985 386
26 1211.17533343097 399
27 1192.76066485221 412
28 1181.46730107841 426
29 1174.19740970431 439
30 1169.52268473137 452
31 1166.42634836107 465
32 1164.34816083447 478
33 1162.92186955357 491
34 1161.91998616215 505
35 1161.21549927621 518
36 1160.72404861686 531
37 1160.38229169545 545
38 1160.14397792455 559
39 1159.97638436941 573
40 1159.85684036156 586
41 1159.76984023459 600
42 1159.7048252449 613
43 1159.65457108942 626
44 1159.61406050581 639
45 1159.57971276938 652
46 1159.54886367573 666
47 1159.51942310034 679
48 1159.48967363848 692
49 1159.45820951286 706
50 1159.42403909623 719
51 1159.38685411443 732
52 1159.34735878571 745
53 1159.30738221686 759
54 1159.26947770569 773
55 1159.23605700263 786
56 1159.20856757678 799
57 1159.18722100972 813
58 1159.17129614313 826
59 1159.15966003938 840
60 1159.15118121943 853

0 22517.3691732589 53
1 20718.5591349131 66
2 18196.4580304063 80
3 15216.9907888538 93
4 12487.3415759253 106
5 10373.3767891039 119
6 8801.94447555694 133
7 7631.51964760062 145
8 6761.27560594477 159
9 6109.28068610683 172
10 5603.60049127063 185
11 5191.62990958148 198
12 4844.02232448194 211
13 4530.15395621941 224
14 4246.92129895939 238
15 3983.87348568434 252
16 3724.98842217828 265
17 3470.75215516997 279
18 3228.41572137471 292
19 2995.79983430479 308
20 2774.6561044093 321
21 2561.17016759407 335
22 2357.38080432274 348
23 2160.8082427808 361
24 1976.26222490018 374
25 1807.83905107516 387
26 1658.32633120285 400
27 1531.82932281486 414
28 1427.40320144797 427
29 1342.30187325178 440
30 1277.65304247275 453
31 1234.11901208283 465
32 1208.02397215015 479
33 1192.1625562109 492
34 1182.02110309661 506
35 1175.23942659897 520
36 1170.62004569625 534
37 1167.45758554974 548
38 1165.25873657053 562
39 1163.70094336989 575
40 1162.58346606988 588
41 1161.77457039843 601
42 1161.1829152031 615
43 1160.74504168998 628
44 1160.4174585126 641
45 1160.17026101156 654
46 1159.98243729108 668
47 1159.83881798466 681
48 1159.72821720615 694
49 1159.64228590071 708
50 1159.57474924236 721
51 1159.5208512632 735
52 1159.47692460794 749
53 1159.4400465978 762
54 1159.40775762829 776
55 1159.37782482211 789
56 1159.34804884522 803
57 1159.31615114748 816
58 1159.2798552217 829
59 1159.23735447484 843
60 1159.18826444184 856
61 1159.13462698815 869
62 1159.08086372156 882
63 1159.03203850683 895
64 1158.99159002034 908
65 1158.96037693819 922
66 1158.93733765936 935
67 1158.92067552053 948
68 1158.90867229038 962
69 1158.89998693111 975

0 22411.0224866336 54
1 19763.9795530474 68
2 15996.3772299888 81
3 12150.3812010694 95
4 9462.02980208351 108
5 7859.07182005859 121
6 6874.23598454275 135
7 6238.93270523673 148
8 5763.46221172278 161
9 5384.72811839266 175
10 5074.59918736843 188
11 4810.96114476108 201
12 4571.42625921988 214
13 4355.16562685581 227
14 4158.29838091481 240
15 3977.50566486888 253
16 3817.83600111901 266
17 3669.63967045181 280
18 3525.32590406425 293
19 3388.09449668218 306
20 3254.59156888284 318
21 3124.88419864043 332
22 3000.24470525096 347
23 2880.18553002002 362
24 2763.04039764374 375
25 2648.08619934825 388
26 2535.21480931518 401
27 2424.706630006 414
28 2318.3560188569 427
29 2217.37366070101 440
30 2120.45399792662 454
31 2029.66876173871 467
32 1942.61140677455 480
33 1858.99492528415 493
34 1779.5185353013 506
35 1704.78942422322 519
36 1634.94208548751 532
37 1567.31013125878 546
38 1504.04000120655 560
39 1442.43266311072 574
40 1381.56772373934 588
41 1323.76385893771 601
42 1275.85659845571 614
43 1238.2310682103 627
44 1211.26318075425 640
45 1195.60593158573 653
46 1186.28651898663 666
47 1179.93797797675 682
48 1175.73052356152 695
49 1172.73962782883 708
50 1170.42419005799 721
51 1168.54492573381 734
52 1167.00700992687 748
53 1165.76113868937 762
54 1164.7417881434 775
55 1163.88605161413 789
56 1163.19232691772 802
57 1162.57532438704 815
58 1161.98674713605 828
59 1161.49196666412 841
60 1161.103917908 854
61 1160.79818312092 867
62 1160.54946594589 881
63 1160.34068646002 895
64 1160.16217622793 908
65 1160.00863900052 921
66 1159.876826933 934
67 1159.76419343993 948
68 1159.66821469653 962
69 1159.58634175237 977
70 1159.51638020504 991
71 1159.45681553076 1004
72 1159.40675660083 1018
73 1159.36557029935 1031
74 1159.33251000327 1044
75 1159.30656246196 1057
76 1159.28651967075 1069
77 1159.27114783018 1083
78 1159.25933364332 1096
79 1159.25015964868 1109

0 22448.1936398058 54
1 20121.5730302887 68
2 15895.7362253028 82
3 11070.6832831849 95
4 7872.10541296635 108
5 5974.46791954354 121
6 4723.37494819902 134
7 3829.9291723365 147
8 3147.90487774404 160
9 2616.26952149714 173
10 2213.46621342625 186
11 1908.94131859728 199
12 1681.699757425 212
13 1527.68957698461 225
14 1419.4372617661 239
15 1342.63371941788 253
16 1288.1713677928 267
17 1251.62811544464 280
18 1227.06561506942 293
19 1211.3334540594 306
20 1200.60616626098 319
21 1192.87986677793 332
22 1187.15669571339 345
23 1182.8357178169 358
24 1179.44979281974 371
25 1176.6718904971 384
26 1174.29302169707 397
27 1172.17841090593 410
28 1170.25600845055 423
29 1168.50608242757 437
30 1166.96858656025 451
31 1165.74461128032 464
32 1164.8147594963 477
33 1164.08309145581 491
34 1163.53594592469 503
35 1163.08163340386 516
36 1162.60011770028 529
37 1162.15130942858 542
38 1161.76684111383 556
39 1161.44184917217 569
40 1161.16948358891 582
41 1160.94554393393 595
42 1160.76358958437 608
43 1160.61328227 621
44 1160.48313480861 634
45 1160.36357149166 648
46 1160.24862683312 662
47 1160.13666945373 675
48 1160.03009438009 688
49 1159.93343682892 701
50 1159.8505461685 714
51 1159.78270763724 727
52 1159.7286825704 740
53 1159.6858725861 753
54 1159.65142859732 767
55 1159.62282733101 782
56 1159.59801744278 795
57 1159.5753679457 808
58 1159.55357420257 821
59 1159.53159098404 833
60 1159.50861640596 847
61 1159.48412806961 861
62 1159.457951948 875
63 1159.430319932 888
64 1159.40185839646 902
65 1159.37347093553 915
66 1159.34613474068 928
67 1159.32068454363 941
68 1159.29766564475 953
69 1159.27729380285 967
70 1159.25950332968 980
71 1159.2440349208 993
72 1159.23051938764 1006
73 1159.21853513614 1019
74 1159.20763673142 1032

0 22141.9901525642 54
1 19847.6445686153 67
2 16430.1088892325 81
3 12817.7067483642 94
4 10383.2784076235 107
5 8844.38459659448 120
6 7708.92708385458 133
7 6684.92936593169 146
8 5710.88593138373 159
9 4848.90253979326 172
10 4087.68298655975 186
11 3394.22439379367 199
12 2777.83558331704 212
13 2260.09755227722 225
14 1875.82067966315 240
15 1623.82327242432 254
16 1459.72042478367 268
17 1353.27133636985 282
18 1285.28492333418 295
19 1241.09522247861 308
20 1212.7012359429 321
21 1194.4061960519 334
22 1183.16611132718 347
23 1175.99451192891 360
24 1171.0001103135 373
25 1167.52112416034 386
26 1165.14088846995 399
27 1163.51750194695 412
28 1162.40804212103 426
29 1161.63962267928 440
30 1161.09050096266 453
31 1160.68158354233 467
32 1160.36854399124 480
33 1160.13038721881 493
34 1159.95538251101 506
35 1159.83139440841 519
36 1159.74505520822 532
37 1159.68465340012 545
38 1159.64162001806 558
39 1159.61024688193 571
40 1159.58684312995 584
41 1159.56900647645 597
42 1159.55513970732 610
43 1159.54415575087 624

0 22564.9449374214 54
1 19825.4871126375 67
2 15520.77439234 80
3 11290.6390092879 93
4 8849.45189307584 106
5 7574.12322287735 119
6 6844.05159208302 133
7 6360.14144964385 146
8 6010.51348831744 159
9 5730.81892742338 172
10 5485.28582430737 186
11 5257.21638167708 199
12 5041.1005377427 212
13 4838.4166309588 226
14 4655.87798734066 239
15 4485.42687316046 252
16 4329.22821559464 265
17 4188.64995979543 278
18 4061.17063555321 291
19 3939.00570326662 305
20 3818.31485635183 318
21 3698.33056647912 331
22 3572.48683090706 344
23 3441.65004688471 357
24 3303.39661636474 370
25 3157.26212350634 382
26 3003.27492565953 395
27 2839.49599258889 409
28 2665.36731174114 423
29 2482.39648011365 437
30 2293.52527978938 450
31 2102.41179795422 464
32 1922.26009065753 477
33 1759.25536839241 490
34 1619.42691609052 503
35 1512.69445179673 516
36 1431.42783871695 530
37 1369.07890925611 543
38 1321.43386206914 555
39 1284.16405738993 568
40 1255.44324328732 581
41 1233.1940514456 595
42 1215.67398745147 608
43 1201.66539576622 622
44 1191.72425666293 635
45 1184.48995270073 649
46 1179.11866575477 661
47 1175.13892303463 674
48 1172.07978490108 687
49 1169.61434314083 700
50 1167.56512239721 713
51 1165.83469383823 726
52 1164.4602900456 739
53 1163.40373264097 753
54 1162.60678631772 766
55 1162.00854656797 779
56 1161.55008969978 792
57 1161.1859699011 805
58 1160.88755042284 819
59 1160.63826618833 832
60 1160.42793568977 847
61 1160.24946229429 860
62 1160.09745174592 873
63 1159.96762173378 886
64 1159.85653310168 899
65 1159.76149271591 912
66 1159.68046992525 926
67 1159.61191753536 939
68 1159.55452667827 952
69 1159.50702450607 965
70 1159.46808887983 978
71 1159.43637217387 991
72 1159.41057686913 1005
73 1159.38952811979 1018
74 1159.3722163262 1033
75 1159.35780764843 1047
76 1159.34563219366 1061
77 1159.33516112475 1074

0 23043.1165088434 53
1 21074.5702960775 66
2 17424.9286593042 80
3 12593.08537188 94
4 8995.00428853725 107
5 7026.35803679637 120
6 5921.1246269459 133
7 5238.23247528506 147
8 4764.24375904666 161
9 4413.33498129404 175
10 4135.65943136095 188
11 3909.05180938813 201
12 3725.96018206603 214
13 3575.58745968703 227
14 3447.57129143931 240
15 3335.58789722878 254
16 3233.62931991253 267
17 3139.51027234721 280
18 3050.71815225695 293
19 2965.87198854954 306
20 2884.45224474477 319
21 2806.19306945674 332
22 2730.34565660203 346
23 2656.95918322026 359
24 2585.27156192485 373
25 2513.06196598291 386
26 2443.06376489918 399
27 2369.33801039336 412
28 2289.16594518744 425
29 2201.89234910148 438
30 2107.07321337944 451
31 1999.35639132978 465
32 1872.50504754976 478
33 1728.95404302701 491
34 1577.78223697788 505
35 1440.65171196445 520
36 1337.21559407859 533
37 1265.46683414039 547
38 1218.1287334596 561
39 1189.15832225181 574
40 1174.97223477612 588
41 1168.80423082504 601
42 1165.74600005803 614
43 1163.96631966309 627
44 1162.64691912661 640
45 1161.72887806377 653
46 1161.08269803416 667
47 1160.61891720581 680
48 1160.28047729053 693
49 1160.02970270303 706
50 1159.84099674089 719
51 1159.69670929503 732
52 1159.58448053365 746
53 1159.4954408684 760
54 1159.42301715918 773
55 1159.36217025011 788
56 1159.30892734 801
57 1159.26013047162 814
58 1159.21337912572 827
59 1159.16716203452 840
60 1159.12110523222 853
61 1159.07610970186 866
62 1159.03406818637 879
63 1158.99708388606 892
64 1158.96657984016 905
65 1158.94284785996 918
66 1158.92520275358 932
67 1158.91245829279 945
68 1158.90336869144 959

0 21854.9356943832 54
1 18223.0403728862 66
2 13259.721434342 79
3 9171.84903379521 92
4 6940.60730880624 105
5 5815.7257084367 119
6 5210.20097404262 132
7 4876.30937105879 145
8 4687.14715092935 159
9 4566.57581910626 172
10 4483.23957004223 185
11 4418.93290539374 199
12 4369.35464986553 213
13 4330.00576722682 226
14 4298.31038370277 239
15 4271.4828923815 252
16 4248.88696164182 265
17 4228.50704562278 278
18 4208.57434117753 291
19 4189.82203872415 304
20 4172.55145686375 317
21 4157.02218202357 330
22 4142.21056209958 343
23 4128.07011486129 374
24 4114.5423163149 387
25 4101.78320820714 401
26 4089.20937794817 415
27 4076.59130959798 429
28 4063.25817571291 442
29 4049.02843630641 456
30 4033.3916417429 470
31 4017.16333271044 483
32 4000.04045497172 495
33 3982.10363995718 508
34 3962.52716940114 522
35 3941.40975620087 535
36 3918.86932190135 548
37 3894.22692522195 561
38 3868.11617741281 574
39 3840.76147278837 587
40 3811.52375509789 601
41 3779.99525009612 615
42 3746.41607922216 629
43 3708.58496061764 642
44 3665.91746802986 655
45 3620.19139464598 668
46 3571.19677218986 681
47 3519.30966160658 694
48 3462.80581844446 707
49 3401.55544813814 720
50 3338.76084056479 733
51 3273.38639308893 746
52 3204.07632542247 759
53 3132.37729459361 772
54 3059.51269776577 786
55 2985.64786694012 799
56 2910.72772487496 813
57 2834.45872333097 826
58 2758.85587979505 839
59 2683.79738526691 852
60 2610.20174235237 865
61 2536.66789699927 878
62 2461.90898360114 892
63 2384.91217621325 905
64 2303.29873711016 918
65 2217.83395723063 932
66 2128.61692826795 945
67 2037.47643031737 959
68 1945.68185887852 972
69 1851.79918460392 985
70 1756.18394325195 998
71 1659.94839239935 1011
72 1571.27899469258 1025
73 1486.7592416925 1042
74 1406.5394828917 1056
75 1333.96020428955 1069
76 1271.88151290797 1082
77 1226.01973556072 1095
78 1199.04039480738 1109
79 1184.80632875935 1122
80 1177.1014580115 1135
81 1172.39061913083 1150
82 1169.20920286327 1164
83 1166.98560128726 1177
84 1165.38051038421 1190
85 1164.17539046573 1203
86 1163.22886135228 1217
87 1162.44802174423 1230
88 1161.81220132449 1244
89 1161.31821491827 1257
90 1160.93741172034 1270
91 1160.63845778701 1283
92 1160.39793553991 1296
93 1160.19970597034 1310
94 1160.03210580457 1323
95 1159.88582339028 1336
96 1159.75312280834 1349
97 1159.62834227982 1362
98 1159.50892333594 1375
99 1159.39572080451 1388
100 1159.29182226526 1401
101 1159.20056025479 1414
102 1159.12404549029 1428
103 1159.06268868676 1441
104 1159.0153876804 1455
105 1158.98004242494 1468
106 1158.95416996154 1481
107 1158.93540832804 1494
108 1158.92179351778 1507
109 1158.91182951598 1520

0 22975.6873968171 54
1 21186.1115805876 67
2 18171.6598320844 80
3 14105.5144711844 94
4 10660.5837873441 107
5 8477.1412853959 121
6 7072.37266530451 134
7 6045.11647294823 147
8 5165.90193782378 160
9 4365.37142278326 173
10 3657.11751794803 187
11 3075.3402256342 200
12 2609.84597828689 213
13 2232.03438194763 226
14 1930.53364225867 239
15 1698.7286182149 252
16 1529.63920074209 265
17 1410.90592196931 278
18 1325.65410049163 291
19 1267.4025633451 305
20 1225.97836616973 319
21 1198.49551761201 333
22 1182.13700345934 347
23 1173.14684624536 361
24 1168.18755719362 374
25 1165.34438539507 388
26 1163.6221824609 401
27 1162.52240977773 413
28 1161.78932234161 426
29 1161.2826635944 440
30 1160.92048373781 453
31 1160.65294709435 466
32 1160.44928474218 479
33 1160.29033496171 492
34 1160.16356754745 506
35 1160.05963596242 519
36 1159.97032580471 533
37 1159.8877669002 547
38 1159.80475158769 560
39 1159.71625273853 573
40 1159.62188300897 586
41 1159.52720878726 599
42 1159.44105231974 612
43 1159.37005310782 626
44 1159.31566737722 639
45 1159.27539503352 652
46 1159.2454573872 666
47 1159.22252148878 679
48 1159.20420969072 692
49 1159.18899065042 706
50 1159.17591845183 720
51 1159.16440964643 733

0 22722.1444739888 53
1 20233.6350457456 66
2 16313.9445399784 79
3 12016.4824459468 92
4 8707.43365344474 105
5 6641.33818753549 118
6 5438.56739568903 131
7 4694.84444583082 144
8 4176.38649624022 157
9 3774.03872232415 171
10 3427.09734854798 184
11 3114.41638796309 198
12 2832.48087406694 211
13 2579.50870194789 224
14 2349.82264086024 237
15 2149.32218437797 250
16 1970.34531324396 263
17 1807.29765861312 277
18 1668.88844443745 290
19 1551.84722559563 303
20 1456.96485592156 316
21 1378.21651211487 329
22 1315.06467045851 342
23 1267.57687905185 355
24 1233.06297266961 369
25 1209.38157131337 382
26 1193.91797810458 395
27 1184.09026744056 408
28 1177.75985776703 422
29 1173.52945992784 435
30 1170.57761372452 448
31 1168.43172950681 461
32 1166.81625392431 474
33 1165.56042255055 487
34 1164.5171378848 500
35 1163.54151749864 514
36 1162.61135909134 527
37 1161.85944593003 540
38 1161.33370236671 553
39 1160.97589250828 566
40 1160.72550917181 580
41 1160.54406063034 594
42 1160.4084240338 608
43 1160.30413042858 621
44 1160.22164476266 634
45 1160.1543725249 647
46 1160.09750814151 660
47 1160.04730994563 673
48 1160.00060995681 687
49 1159.95448075255 700
50 1159.90607706796 713
51 1159.85277826893 726
52 1159.79281130329 739
53 1159.7262940165 753
54 1159.65595642148 766
55 1159.58641103552 779
56 1159.52199061262 793
57 1159.46488306282 806
58 1159.41496589659 820
59 1159.37089538261 833
60 1159.33124119316 846
61 1159.29505180208 859
62 1159.26190690014 872
63 1159.23172316428 885
64 1159.20452195982 898
65 1159.18026362516 911
66 1159.15877478039 925
67 1159.13974937611 938
68 1159.12278764334 952
69 1159.10744211673 965
70 1159.09325449632 978
71 1159.07978070838 991
72 1159.06660927735 1006
73 1159.05338014234 1020
74 1159.03980918048 1034
75 1159.02571926956 1047
76 1159.01107248192 1060
77 1158.99599154868 1073
78 1158.98075577099 1086
79 1158.96576159859 1099
80 1158.95145190313 1112
81 1158.93823371342 1125
82 1158.92641082008 1138
83 1158.9161498986 1151

0 23004.6328071683 55
1 21047.4867975045 68
2 17683.2171833388 81
3 13244.2905747347 94
4 9728.34228449298 108
5 7652.0878509753 121
6 6507.28438255065 134
7 5836.19956610617 147
8 5392.46895586895 160
9 5049.43446052926 173
10 4763.49860740806 186
11 4494.10345079148 199
12 4222.69025548769 212
13 3935.20977282968 225
14 3624.00506513162 239
15 3285.66294435294 253
16 2934.11102291261 266
17 2586.09214151756 279
18 2274.43036071265 292
19 2013.54572044368 305
20 1790.49607685277 318
21 1607.58227644192 332
22 1462.30982466936 345
23 1357.77344063972 359
24 1286.54798403299 372
25 1243.53795952105 385
26 1217.18074314302 398
27 1200.75231819114 411
28 1190.15470090229 424
29 1183.20918648475 438
30 1178.46605468418 451
31 1174.82951744745 465
32 1171.80373447157 478
33 1169.52233236571 491
34 1167.82152022664 504
35 1166.4615093083 517
36 1165.18261465334 530
37 1163.93397006113 543
38 1162.7531126882 556
39 1161.85159794786 569
40 1161.21077298861 582
41 1160.71629070514 595
42 1160.35738881571 608
43 1160.09579770695 621
44 1159.89846426304 635
45 1159.7454560101 648
46 1159.62527051087 661
47 1159.53080004576 675
48 1159.45682152264 688
49 1159.39879516499 701
50 1159.35263733753 714
51 1159.31492430374 728
52 1159.28308215446 741
53 1159.25539994732 754
54 1159.23089216183 767
55 1159.20908750578 781
56 1159.18981031282 794
57 1159.17299971689 807
58 1159.15859027293 821
59 1159.14645579836 834
60 1159.13640137342 847

0 23026.5984044227 54
1 21421.4252978155 68
2 18777.7336711996 81
3 14795.8131254716 93
4 10721.1051635227 107
5 8221.2803377076 120
6 6901.73860396586 133
7 6109.79436129442 146
8 5565.03155982668 159
9 5155.53332066718 172
10 4829.47552659645 185
11 4552.30015650522 198
12 4310.59782147488 213
13 4079.9633579975 226
14 3854.205104521 240
15 3640.82732486058 253
16 3453.02382986756 266
17 3289.08636584928 279
18 3136.12764471767 292
19 2988.23139102573 306
20 2845.3760329048 319
21 2703.72267251242 332
22 2565.1708590553 345
23 2429.19832534139 358
24 2294.18016542931 372
25 2158.10450520347 385
26 2025.21555033851 398
27 1893.7579534072 412
28 1764.54907118558 427
29 1643.80626679657 440
30 1537.32338510973 455
31 1444.46748800681 468
32 1368.97987301259 482
33 1311.82977737739 495
34 1269.96590415342 509
35 1242.0291632442 522
36 1223.64932376127 535
37 1210.63776483316 548
38 1200.6957190798 561
39 1192.9830537159 574
40 1186.91242467387 587
41 1182.02048134906 601
42 1178.00393251724 615
43 1174.82750628946 629
44 1172.36799869634 641
45 1170.39402590587 654
46 1168.75176680388 668
47 1167.32740737636 681
48 1165.99092097631 694
49 1164.83753739938 707
50 1163.95019803132 720
51 1163.26809478064 733
52 1162.71600102539 746
53 1162.23463613652 759
54 1161.70868823062 772
55 1161.19348349791 786
56 1160.75895661276 799
57 1160.40381186554 813
58 1160.12137969921 827
59 1159.90226425819 840
60 1159.73514102353 853
61 1159.60911387167 866
62 1159.5150028181 879
63 1159.44532251853 892
64 1159.39395141274 905
65 1159.3559746847 918
66 1159.32761253101 931
67 1159.30609161115 945
68 1159.28944944335 958
69 1159.2763251407 971
70 1159.26577947793 984

