0 73.1971514089885 3
1 74.8488656848828 7
2 68.869860685795 12
3 67.2347307201438 16
4 74.4858643931327 19
5 62.7119140969382 24
6 79.0584536920691 28
7 77.3369679215021 32
8 74.5729242909178 37
9 72.5831330099003 41
10 67.0120379023128 45
11 65.7929780470098 48
12 78.158593244562 52
13 83.3047975509658 56
14 76.5159454014756 60
15 89.5327324056536 64
16 87.9309370102918 67
17 72.5890075367199 71
18 86.7208098925529 75
19 115.27730405742 78
20 84.4635822161905 82
21 56.2069051850484 86
22 51.3732309350919 89
23 47.8085670639187 93
24 43.5702597955556 97
25 42.3222031281127 100
26 41.7578006733167 104
27 41.4935321972408 108
28 41.3399695794523 112
29 41.2853893630661 115
30 41.2031939686749 119
31 41.1443810069197 122
32 41.1307717698422 126
33 41.1120605107244 130
34 41.0953231696436 133
35 41.0820862880558 137
36 41.0681042155148 141
37 41.0600347890199 145

0 74.9994378387594 3
1 65.8930356062635 7
2 70.1662034629331 11
3 66.1167658098708 14
4 74.4437210976619 18
5 68.8992105624639 21
6 87.0525374865966 25
7 78.3245318452729 29
8 68.7428875087595 32
9 79.0718544518257 36
10 71.9484068785809 40
11 75.6626001428793 43
12 65.0147932052236 47
13 74.2774707290901 50
14 93.6040838101409 54
15 81.244233519352 57
16 76.5558421260096 61
17 114.802275595217 65
18 92.6413447973333 68
19 95.7526975014507 72
20 72.5395132189639 76
21 54.9815241858599 80
22 49.1951356982025 83
23 48.3694340801759 87
24 43.3758373089698 91
25 42.3670683728994 95
26 41.8214331198152 98
27 41.5907783929675 102
28 41.3565541182645 106
29 41.2907205529249 110
30 41.2162858355341 114
31 41.1638127298473 117
32 41.132882313296 121
33 41.1106709445693 125
34 41.0936014764206 129
35 41.0819017338346 132
36 41.0711137883757 136
37 41.065650657502 140

0 75.6376822685518 3
1 66.0043317074271 7
2 60.6240746171675 11
3 72.6117510921554 14
4 71.4739467772583 18
5 69.7987455125447 22
6 82.6297276866112 25
7 78.7484102068485 29
8 71.8768005608701 33
9 79.7161814706271 36
10 79.1568472875042 40
11 74.5359682827138 43
12 79.1805272552884 47
13 85.7193347082532 51
14 70.1886674565082 54
15 86.6009133159809 58
16 80.7912014065609 62
17 97.8291010639173 65
18 94.2815226238565 69
19 88.8884908971551 72
20 74.8970182916724 76
21 54.4980504323733 80
22 49.6991098579478 83
23 46.6702786396406 87
24 43.5836924772309 91
25 42.3458275884735 94
26 41.700208682871 98
27 41.4830041395078 102
28 41.3670672169647 105
29 41.2905242860294 109
30 41.2006214403155 113
31 41.180527138462 116
32 41.1634462331227 120
33 41.1323070435668 124
34 41.1170735196829 127
35 41.0985824128781 131
36 41.0890434294643 134
37 41.0761694101154 138

0 76.2464367197334 3
1 66.4184873320061 7
2 77.6039416355742 11
3 70.0034678509397 15
4 68.2568585368034 19
5 80.5272483876852 23
6 74.6847365685371 27
7 71.0120130802289 31
8 69.1243508338938 34
9 78.1782260951517 38
10 72.8032604135225 42
11 73.980643029086 46
12 72.0219808179479 49
13 82.6343096460942 53
14 70.1438803089907 57
15 75.0420981075446 61
16 76.4078733521228 64
17 88.2211979563189 68
18 87.3796954972753 72
19 89.570895825925 75
20 71.2675684542277 79
21 57.6035642793283 83
22 49.0283009246082 86
23 47.5401035945919 90
24 43.2278795063097 94
25 42.3742007868499 98
26 41.804470881681 101
27 41.5425080025555 105
28 41.3900540387279 109
29 41.2787050616546 112
30 41.2135965817887 116
31 41.1746243985273 120
32 41.15223727388 123
33 41.1077956133438 127
34 41.1032550246845 131
35 41.0812590637631 135
36 41.0657407310694 138
37 41.0590224658402 142

0 70.5792886571684 3
1 68.0653207554477 7
2 69.4601742739342 11
3 70.9505448685504 14
4 71.8733771759759 18
5 66.0509913544456 22
6 74.4823923444921 26
7 73.4196111545253 29
8 68.5277687387045 33
9 66.2238759869861 37
10 87.1689488922908 40
11 72.2230584587422 44
12 82.9158348323081 47
13 92.2462724217516 51
14 80.9037912689543 55
15 88.8611790008758 58
16 80.0287275646479 62
17 85.1746939470137 66
18 86.1998332962738 70
19 103.334550314226 74
20 80.3995404450093 77
21 58.4489297640755 81
22 49.4960815692885 85
23 46.7292862964991 88
24 43.3641447113067 92
25 42.1815262659261 96
26 41.7742781967516 100
27 41.5931024456051 103
28 41.4140042738069 107
29 41.3323643356189 111
30 41.266230535281 114
31 41.2169068026939 118
32 41.1786560399687 122
33 41.142847427939 125
34 41.1183525759343 129
35 41.1022303380177 132
36 41.0990189641721 136
37 41.0869955137124 140

0 77.3263710392915 3
1 62.9583625244391 7
2 68.9323194151899 11
3 88.6004236915976 14
4 71.8861869612995 18
5 62.5143155978915 22
6 66.4160724745152 25
7 68.2360926498787 29
8 77.9905667847347 33
9 77.6298809000164 36
10 71.9861915532164 40
11 83.4206165649581 44
12 78.113174228913 47
13 77.9200529669939 51
14 72.7271332594352 55
15 66.2235595244474 58
16 75.6655781617302 62
17 94.6746144924686 66
18 90.6201819164814 69
19 89.5489433716304 73
20 72.1399395956574 77
21 55.5816657641942 80
22 49.6724832589507 84
23 47.5081738861702 87
24 43.3896989305883 91
25 42.3073565202286 95
26 41.7370723686536 99
27 41.4649352244497 102
28 41.3190961278122 106
29 41.2514998816366 110
30 41.1855185039811 113
31 41.1418441116144 117
32 41.1291758621184 121
33 41.0936725160276 125
34 41.0848006584875 131
35 41.0662890092501 135
36 41.0621487946383 139
37 41.050947809759 143

0 71.9820411008836 3
1 77.9310738532907 7
2 80.1051452542497 11
3 73.1352107245483 15
4 69.3298821604848 19
5 66.1003587432633 23
6 80.7111388448988 27
7 71.7395923660606 30
8 70.655369179176 34
9 71.9264591167037 38
10 73.0388120878425 41
11 68.2138169094348 45
12 71.7307189886648 49
13 74.4620820018498 52
14 82.3240057498976 56
15 82.6637624314994 60
16 82.1784177139727 63
17 101.770288748497 67
18 82.7973697272356 70
19 99.8328569610547 74
20 72.6718449296341 77
21 61.9633944505047 81
22 50.1565573842245 85
23 46.9582290865857 88
24 43.6765746633524 92
25 42.3524182208827 96
26 41.8611206627946 99
27 41.5100231625601 103
28 41.4045642084594 107
29 41.3062500569326 111
30 41.2325160152797 114
31 41.1862570426772 118
32 41.1437214318407 122
33 41.1177812154273 125
34 41.0950076446955 129
35 41.0797329356517 133
36 41.0716422872905 136
37 41.0574410610584 140

0 67.3937049153736 3
1 69.9391538958261 7
2 68.9470169508551 11
3 75.2946599763429 14
4 76.3503798713754 18
5 64.450440854218 22
6 77.2756103207892 26
7 78.6427491365726 29
8 66.3689330553203 33
9 74.5413875857318 36
10 72.3881065019479 40
11 69.5078074979353 44
12 72.2869355244074 48
13 87.0766931130983 52
14 73.8653933541824 56
15 94.1615847576692 60
16 74.2579484726508 63
17 98.9318896923987 67
18 104.543335119214 71
19 108.71071986314 74
20 72.2181226802232 78
21 58.3883302458686 82
22 49.353665712735 85
23 47.217785040652 89
24 43.4902791871961 93
25 42.3221052544023 97
26 41.8743774815335 100
27 41.6137312612015 104
28 41.3979357698437 108
29 41.3151308949076 111
30 41.2314013854165 115
31 41.1921458578895 119
32 41.1533599366781 123
33 41.1273232148657 126
34 41.1122999521343 130
35 41.0957155385613 134
36 41.0782267181898 138
37 41.0728870474245 141

0 73.2807688161367 3
1 65.048526371373 7
2 71.540781071132 11
3 82.6430426159262 14
4 71.7818965812018 18
5 66.2773125504672 21
6 74.0491667811891 25
7 73.0796080286738 29
8 63.9299239696063 32
9 80.0057606743978 36
10 84.1997321134364 40
11 83.9001135468484 43
12 79.8597000542276 47
13 88.5088416104097 51
14 83.9361308136822 54
15 85.5603978191427 58
16 86.0994871903381 61
17 102.928574371724 65
18 95.7851352214325 69
19 94.8288410520259 72
20 72.9453957670743 76
21 56.1056991820048 79
22 49.763517382714 83
23 47.741820806046 87
24 43.4890976031943 90
25 42.3697474592593 94
26 41.7912564101758 98
27 41.4929567481063 102
28 41.3483082836598 106
29 41.2516880366487 109
30 41.2172014876649 113
31 41.1773875339252 117
32 41.151398305624 121
33 41.1316891401637 125
34 41.1091959093745 128
35 41.0978622174414 132
36 41.0871811796462 136
37 41.0740600254985 139
38 41.0619868714959 143

0 72.0924412615991 3
1 66.9102811956805 7
2 65.6389733275481 11
3 73.4597928298235 15
4 69.6576010800246 18
5 71.3826343939383 22
6 71.7376997164969 26
7 67.7516817635441 29
8 81.1623533695124 33
9 85.2889671643937 37
10 92.0628819685802 40
11 73.7586294598999 44
12 86.0106721505182 48
13 68.2569073824402 52
14 69.9885130974575 55
15 78.7231734024549 59
16 79.5028727887391 63
17 102.707942946056 66
18 92.9294970707395 70
19 116.647147606834 73
20 74.1909801991499 77
21 55.6169042939725 81
22 50.7361159042797 84
23 48.1034549138641 88
24 43.7179223752745 92
25 42.2343255258114 96
26 41.8085202859133 99
27 41.5713226063465 103
28 41.3688166679762 107
29 41.2613310878015 110
30 41.2331831354279 114
31 41.191008526215 118
32 41.1612175606727 121
33 41.1346636876612 125
34 41.1116471129411 129
35 41.1039729318159 132
36 41.0982261476099 136
37 41.0919022073715 140

0 71.6156626387582 3
1 66.6140487898637 7
2 59.3432087438651 11
3 70.2269810070014 14
4 77.4863498179743 19
5 65.2092188172497 23
6 73.3441870710363 26
7 71.6711839771215 30
8 67.6350899206837 34
9 78.1559399545976 38
10 85.08670871298 41
11 64.8739280570095 45
12 66.7917761008404 49
13 67.9028589864117 52
14 71.05942232577 56
15 79.9730525015137 60
16 90.6944487618665 64
17 83.828650722817 67
18 99.0042951055114 71
19 109.428957406393 75
20 65.0825459051548 78
21 56.0154649452764 82
22 48.4431898158316 86
23 47.3322417696239 89
24 43.4266914288812 93
25 42.258302367307 97
26 41.7390780961951 100
27 41.4739878582704 104
28 41.3521173898529 108
29 41.2866608913883 111
30 41.2016670586325 115
31 41.1668821444402 119
32 41.1364279952117 122
33 41.1204325544663 126
34 41.1036255754753 130
35 41.0920590717543 133
36 41.0836516918813 137
37 41.0762530095564 141

0 74.6927862150506 3
1 65.294912660661 7
2 61.0754090689143 11
3 71.5147443761632 14
4 82.3345789741586 18
5 75.0206068084074 22
6 66.0530804861902 26
7 64.4291080850625 29
8 74.73179787626 33
9 75.0868370551031 37
10 68.0354316909715 41
11 73.6283055120019 44
12 66.0339003657058 48
13 89.5734887915989 52
14 75.8100802091479 55
15 92.705216199417 59
16 89.9595365435477 63
17 83.2573606934472 67
18 96.7798936855734 70
19 98.3723366089075 74
20 74.972469042991 78
21 55.7405206553112 82
22 50.5910378510412 85
23 47.0710557322764 89
24 43.8062837151814 93
25 42.3837996668768 97
26 41.8217517600547 101
27 41.5294878253634 105
28 41.402465949686 109
29 41.3219869960074 114
30 41.2420416169599 118
31 41.2045782074657 122
32 41.1844142371992 125
33 41.1585210161891 129
34 41.1325445560587 133
35 41.1244071605956 137
36 41.112539165625 140
37 41.1007927812004 144

0 76.9965624857288 3
1 76.3048498162913 7
2 67.8371307441717 11
3 79.8004286193836 14
4 63.3117354987747 18
5 67.6059608639194 21
6 79.7252693128176 25
7 79.5402514143353 29
8 69.2163259417659 33
9 82.9224283117666 36
10 86.3431599422067 40
11 82.6745916053121 44
12 75.5659516091021 47
13 70.9347762307719 51
14 69.2086165711797 54
15 71.0955493401141 58
16 91.655118742309 62
17 83.201393032354 65
18 87.8724491086355 69
19 88.6701908544827 73
20 73.8009914887731 76
21 55.0734088458727 80
22 50.5868366624215 84
23 47.2939637445995 87
24 43.6229893723874 91
25 42.4031210414774 95
26 41.8312259628981 98
27 41.5470580219501 102
28 41.3447693649337 105
29 41.2665426191666 109
30 41.1815479707947 113
31 41.154116222029 116
32 41.1323430201083 120
33 41.107490724553 124
34 41.0878085089208 127
35 41.0808658926018 131
36 41.0707944190999 135
37 41.0659256013923 138

0 71.5298212954626 3
1 67.637864010552 8
2 73.4905158316177 11
3 71.4668187262505 15
4 87.7063351788056 19
5 73.6919468086955 23
6 82.5784014134883 27
7 71.014466614643 31
8 87.0266961961296 34
9 76.9749485873179 38
10 69.8937075161163 42
11 76.0366207341721 45
12 79.3639821001285 49
13 94.6695979435313 53
14 87.886597933313 56
15 95.8946209961605 60
16 88.5514122275497 64
17 86.5933182521022 67
18 93.8056707951464 71
19 105.85392048515 75
20 65.7242406535825 78
21 55.3993744986508 82
22 49.6880511080926 85
23 47.7747085033725 89
24 43.8116706517696 93
25 42.2870494896624 96
26 41.8097776982256 100
27 41.5707974361188 104
28 41.4498864286854 108
29 41.3098520161554 111
30 41.2567664746084 115
31 41.2130208119729 119
32 41.1623407114067 122
33 41.126477474759 126
34 41.1044004753976 130
35 41.0972160943521 133
36 41.0806206040061 137
37 41.0722618354928 141

0 71.4550775664228 3
1 60.3297163700202 7
2 58.3090244948567 11
3 80.2050310262162 14
4 70.4451722540555 18
5 67.4423487351221 21
6 61.2130723872094 25
7 77.2715241976743 29
8 66.8317644218322 32
9 76.0392920225839 36
10 64.2515051293205 40
11 73.4801716971697 43
12 70.8681050049149 47
13 77.0085836802848 51
14 71.8278407236288 54
15 69.1005245803433 58
16 93.3815728927797 62
17 76.3823317028641 66
18 92.0920615742165 69
19 80.0791216751033 73
20 74.3364528387656 77
21 54.7145376040792 81
22 49.332422807811 84
23 46.0200421333361 88
24 43.7823561261591 92
25 42.287121739769 96
26 41.8426218405669 99
27 41.4990638227933 103
28 41.386365371753 107
29 41.2899740063834 110
30 41.2177544008686 114
31 41.1834924544133 118
32 41.1605766469007 122
33 41.1431904236172 125
34 41.1200026952671 129
35 41.1031764407445 133
36 41.0918549551924 137
37 41.0830023307468 140

0 82.6201632741646 3
1 71.823184956471 7
2 69.3969012141447 11
3 70.8286885573793 14
4 75.2670280550092 18
5 72.9629806298977 22
6 73.064679371801 26
7 73.2029932800533 29
8 72.5065879881383 33
9 75.9538259048968 37
10 72.5127982256598 40
11 76.2651533804241 44
12 84.4090185904584 47
13 70.7803107796641 51
14 101.757838587591 55
15 67.9127698207295 59
16 81.8157527884362 62
17 85.1766732795168 66
18 89.0014683062695 69
19 112.57224530973 73
20 75.233201486165 77
21 55.8788909515429 80
22 50.9079328902527 84
23 47.1663985415202 88
24 43.965613337118 91
25 42.3356804983193 95
26 41.7303767054221 99
27 41.5651600932125 102
28 41.3437631066785 106
29 41.2662172458917 109
30 41.2311513203897 113
31 41.1830928121012 117
32 41.1474087497028 120
33 41.1258080671429 124
34 41.1118584465952 129
35 41.0890180324358 134
36 41.0798928013198 138
37 41.0706362790553 142
38 41.0611741208019 146

0 80.3410556280042 3
1 64.283277619287 7
2 70.0607762501126 11
3 73.3943864658142 16
4 71.9527108817365 19
5 67.3452391964395 23
6 69.7558214351995 27
7 73.352859065672 30
8 64.4008427897934 34
9 65.9772175867987 38
10 71.7655545497023 41
11 69.7118426749515 45
12 61.2767825068564 49
13 84.2029993875127 52
14 70.918602549421 56
15 85.1733074444568 59
16 72.9505375035248 63
17 86.094719067992 67
18 92.425178460584 70
19 97.1402042913518 74
20 77.2057949937695 77
21 55.0979492534486 81
22 49.4771421202022 85
23 47.1752183292774 88
24 43.7586195898886 92
25 42.2948200381199 96
26 41.754823398612 99
27 41.4787629708233 103
28 41.3013757629814 107
29 41.2486006573601 110
30 41.1993212932925 114
31 41.1742529759243 117
32 41.139698828305 121
33 41.1144461386614 125
34 41.1054467664784 128
35 41.09417121925 132
36 41.0825080818001 135
37 41.0676181419197 139

0 70.3173256453098 3
1 72.9174738584965 7
2 73.5301188795035 10
3 74.8584852488546 14
4 74.616004907359 18
5 65.9027139838638 21
6 70.7706738746317 25
7 77.7180005442382 29
8 65.142981914976 32
9 71.7541077811934 36
10 97.0869420530342 40
11 75.3280048001855 44
12 78.3456728737513 48
13 83.1500644185923 52
14 92.653509897358 56
15 85.0347974530876 59
16 93.3109080466463 63
17 93.7676780994664 67
18 84.7770931343202 71
19 87.9637270819992 75
20 71.3099828585887 78
21 56.9967311438452 82
22 49.3237167757112 86
23 47.8776275004949 89
24 43.5482006931017 93
25 42.3719293556644 97
26 41.7924324528109 100
27 41.5267962188032 104
28 41.3636117219116 108
29 41.2242330990069 111
30 41.2127207006557 115
31 41.1697987990544 119
32 41.132370608545 122
33 41.1130791519609 126
34 41.0966754377545 130
35 41.0823320195629 133
36 41.0679036100174 137
37 41.0581087730041 141

0 70.1032064198866 3
1 72.4411970974026 7
2 80.1798572135189 11
3 66.8680808556747 14
4 62.4788970403988 18
5 76.9186154956546 22
6 68.6504210613598 25
7 74.4721453108386 29
8 78.3545149160138 33
9 72.6391195150099 36
10 77.9598336794538 40
11 67.1688225739171 43
12 82.2440916351292 47
13 71.1915209935864 51
14 67.5663911113629 54
15 76.2759671822554 58
16 83.5192622960302 61
17 82.9788207404141 65
18 99.6733007117875 69
19 117.277693673994 72
20 77.3750865403123 76
21 56.414978750458 79
22 50.1590281484945 83
23 46.7393270230972 87
24 43.7121159137398 91
25 42.3835652057842 94
26 41.8605931074845 98
27 41.5166114810171 102
28 41.3651413965179 106
29 41.2594940166189 110
30 41.1950203927928 113
31 41.1765361430357 117
32 41.1388036751957 121
33 41.1178618057495 125
34 41.0925645829307 128
35 41.0812314742652 132
36 41.0672429106066 136
37 41.0613200776846 140

0 80.3822306840252 4
1 73.3406139303406 7
2 60.9824077140951 11
3 77.4487960144923 15
4 68.3850371346426 18
5 67.9250686029511 22
6 78.6777609959157 26
7 65.3115304012728 29
8 77.7897202545273 33
9 76.5554384306327 37
10 75.9319966440162 41
11 76.1492799542277 44
12 81.3891440321494 48
13 82.6197856157947 52
14 97.3440232242258 55
15 80.3289121544607 59
16 96.8259997655689 63
17 93.250598738057 66
18 84.2919698986512 70
19 102.162045773535 73
20 72.9998503401107 77
21 55.7334309142115 81
22 49.3661401445856 84
23 47.1658605239942 88
24 43.3189375045392 91
25 42.1983295592631 95
26 41.718461403644 99
27 41.5156734094902 102
28 41.3573044698616 106
29 41.2511505855439 110
30 41.2053167128534 113
31 41.1604637413208 117
32 41.1243382972401 121
33 41.102120811901 124
34 41.0766305434992 128
35 41.0711316886522 132
36 41.0580213447434 135
37 41.0570319905447 139

0 88.8277217204687 3
1 83.1688017504522 7
2 69.9321354032351 11
3 66.3921366487999 15
4 72.6486428930349 19
5 75.808584301779 23
6 67.8542520636834 27
7 65.5102057575576 31
8 82.5561158504641 35
9 66.1855896052637 39
10 72.4774435578993 42
11 81.4086668731971 46
12 83.2066895584814 50
13 73.8590074672111 54
14 91.5100302422965 58
15 89.4204315514683 62
16 83.4628270678846 65
17 75.2849348859725 69
18 92.6272599395997 73
19 87.9250737555982 77
20 74.9399039063427 80
21 56.4167106549386 84
22 49.1771486105976 88
23 47.1245082427093 91
24 43.1205039717888 95
25 42.1722504525942 99
26 41.924598631008 103
27 41.6168444016328 106
28 41.3645377718884 110
29 41.2829295918294 114
30 41.2281373373829 118
31 41.1659168461739 122
32 41.1380836605932 125
33 41.1240993870944 129
34 41.101216532946 133
35 41.0907717110473 136
36 41.0726336644571 140
37 41.0649797177584 144

0 78.6270500657591 3
1 68.0032052662318 7
2 85.7328769908189 11
3 66.298612238597 14
4 68.233259283003 18
5 66.1718147989103 21
6 73.3971512576163 25
7 84.3559835099399 29
8 80.8711165761363 32
9 89.2791526125359 36
10 74.4616271668085 40
11 85.47111841591 43
12 81.0338931262419 47
13 81.9578891284146 51
14 98.7869156891881 54
15 88.2858806177458 58
16 86.2394969927365 61
17 90.8282983388256 65
18 95.1954646831622 69
19 104.610599369114 72
20 67.5963000861005 77
21 57.8241449133517 80
22 49.7389590769202 84
23 46.9012383408085 88
24 43.6621187146178 91
25 42.3792048784116 95
26 41.894857415151 99
27 41.5304819140152 103
28 41.382061651103 106
29 41.3003784931462 110
30 41.2205518500038 114
31 41.160506561297 117
32 41.1276043403656 121
33 41.1031532166328 125
34 41.0948597849075 128
35 41.0837801722381 132
36 41.0710416865447 136
37 41.0551357596265 139

0 77.8533309988028 3
1 74.3704376201326 7
2 69.0425444333102 11
3 65.9216928387933 14
4 69.8357233506308 18
5 67.5322374305032 22
6 74.4920015722453 25
7 71.839523475677 29
8 80.2893121884793 33
9 88.820800676358 37
10 69.0693780465037 40
11 76.8674727893635 44
12 74.6572673161942 48
13 73.4714860889833 51
14 75.0098361642495 55
15 65.2537108861554 59
16 85.920125071813 63
17 74.9877341950407 66
18 93.0503691992532 70
19 86.8992503779778 74
20 74.917853331631 77
21 56.648540856449 81
22 48.607157826961 85
23 47.3896976566999 89
24 43.4812752193903 92
25 42.4436737649137 96
26 41.8534051709465 100
27 41.5849664793831 103
28 41.4047705454349 107
29 41.2917733297233 111
30 41.2305744972937 114
31 41.2054822773114 118
32 41.1591768672592 122
33 41.1320602638982 126
34 41.1122997434212 129
35 41.0968512761382 133
36 41.0789991405304 137
37 41.066472180855 141
38 41.0664292007239 145

0 74.1770697039948 3
1 66.2845632395819 7
2 61.255923429183 11
3 62.4617592229947 15
4 70.9319373293253 18
5 62.492176567011 22
6 68.340705898912 26
7 84.4005366814031 29
8 65.7545779517637 33
9 70.0116681149548 37
10 77.2913579645223 40
11 80.285706669108 44
12 84.6670019291877 48
13 67.534058527348 51
14 84.2483071341004 55
15 88.6376849138005 59
16 90.4269550122792 63
17 87.3892984659791 66
18 88.5023734924832 70
19 85.0693103418841 74
20 72.0206734841302 77
21 57.9909864516501 81
22 48.69299979251 85
23 47.4117594169447 88
24 43.4879321822766 92
25 42.410624253988 96
26 41.855248207611 99
27 41.5598119940663 103
28 41.4343714395198 106
29 41.3087778671101 110
30 41.2413173996996 114
31 41.1959465321701 117
32 41.1599525107143 121
33 41.1306275040358 125
34 41.1144700932336 128
35 41.1010862936349 132
36 41.0992606920006 136
37 41.0865459702732 139

0 77.5152809856282 3
1 93.3487216072465 7
2 67.2444840210733 11
3 69.3780451593051 14
4 71.2200607956633 18
5 74.0690159401294 21
6 73.2195629132274 25
7 71.5769825057819 29
8 83.4450347584915 32
9 83.0816959941536 36
10 74.3201925101705 40
11 77.9424503965178 43
12 83.5563169858359 47
13 81.3711396782439 51
14 72.1564180637377 54
15 85.1656391429367 58
16 83.1654156927768 61
17 85.868827804893 65
18 85.4740795242478 70
19 97.2760725241612 73
20 68.6293546418858 78
21 55.8205246580042 82
22 49.1388852955059 86
23 47.3024214412646 89
24 43.29152529991 93
25 42.3173372638829 97
26 41.7765733659067 101
27 41.4906571478648 105
28 41.3757524183253 108
29 41.283307930643 112
30 41.2148556070992 116
31 41.1695015192119 119
32 41.1370108008168 123
33 41.1116750093531 127
34 41.0907294180283 131
35 41.0851677240266 135
36 41.0741680161863 138
37 41.071089489817 142
38 41.063981571279 146

