0 18550.7211776992 40
1 18072.0934312089 73
2 16470.4144391808 106
3 16578.0710093881 138
4 16834.841072212 169
5 19645.6158225523 202
6 18192.9276562806 238
7 15604.1903229822 272
8 16063.3961315487 305
9 13966.4534831635 337
10 14401.2838412911 370
11 12106.6532552682 403
12 11655.3931078724 436
13 10372.1528813821 469
14 10184.8767868887 501
15 9473.29379032097 533
16 9300.17807563517 565
17 8928.3507155612 598
18 8556.30134177421 631
19 8479.18478397083 664
20 8299.96855992733 697
21 8160.42999153314 729
22 8017.41722093098 761
23 7939.29317212772 794
24 7894.30852494615 828
25 7861.64515667512 861
26 7837.64062067801 894
27 7819.84167864104 926
28 7813.47060721339 958
29 7785.01779213433 990
30 7775.09417039799 1023
31 7766.80233541624 1057
32 7755.02335047866 1090
33 7752.94438861616 1122
34 7746.64688018116 1154
35 7744.39103649616 1187
36 7739.64996431344 1220
37 7736.30845099346 1254
38 7733.96211017236 1287
39 7731.38481544866 1319
40 7728.22402307658 1352
41 7727.3366853305 1384
42 7725.5729424395 1417
43 7722.77917761313 1454
44 7721.77963878824 1490
45 7721.25918595615 1523
46 7720.06310300147 1555
47 7719.1421070101 1588
48 7718.20920752605 1620
49 7718.14792940511 1657
50 7716.377062569 1691
51 7716.12242996788 1723
52 7715.55827176766 1755
53 7715.08403653861 1788
54 7714.72883324486 1820
55 7714.49862509311 1854
56 7713.89864948813 1888
57 7713.90321584642 1920
58 7713.19581674097 1952
59 7712.86651517412 1984
60 7712.49130873186 2017
61 7712.19743505893 2051
62 7711.97120932983 2086
63 7712.17647969889 2119
64 7712.04656901721 2154
65 7711.59827901637 2187
66 7711.42791699418 2220
67 7711.45498827043 2254
68 7711.39699524203 2288
69 7711.04831777884 2322
70 7710.90351771346 2354
71 7711.0385490433 2387
72 7710.79175632471 2419
73 7710.76337603481 2453
74 7710.57823983305 2488
75 7710.56196374091 2521
76 7710.5087078851 2554
77 7710.3831194849 2587
78 7710.49648928516 2619
79 7710.40157850491 2653
80 7710.37990701641 2688
81 7710.32393263491 2720
82 7710.24543609418 2752
83 7710.19459299085 2785
84 7710.17323663515 2817
85 7710.13176041196 2854
86 7710.05833324537 2890
87 7709.91651664087 2927
88 7709.98936432837 2960
89 7709.89779754362 2992
90 7709.77750669947 3025
91 7709.74190251399 3060
92 7709.78195512881 3094
93 7709.74357005574 3126
94 7709.73698795119 3158
95 7709.74456080839 3191
96 7709.65346962713 3223
97 7709.65742417213 3257
98 7709.63734415576 3292
99 7709.60541945991 3325
100 7709.61051024109 3358
101 7709.56500536684 3390
102 7709.57059956928 3423
103 7709.5471455026 3456
104 7709.53936028188 3491
105 7709.53562669801 3525
106 7709.49830478929 3557
107 7709.48138099447 3590
108 7709.48322491597 3622
109 7709.44837999941 3656
110 7709.42625120577 3690
111 7709.41795792103 3723

0 17594.7734955758 33
1 16466.5134161536 65
2 17399.4580094547 97
3 16523.9867520826 130
4 17154.5045879076 164
5 18880.2111884891 198
6 18098.2135276115 230
7 15803.6334510803 263
8 15424.0939306589 295
9 14771.6458519936 327
10 13367.9435693773 361
11 13589.6245831092 394
12 12013.0638110035 427
13 11095.3807551453 459
14 10580.5281555467 491
15 9650.44446810294 523
16 9289.30436144756 560
17 8928.7385920797 597
18 8603.04684912832 630
19 8450.92450042172 662
20 8270.89135547244 699
21 8151.7767579243 732
22 8012.49939460025 766
23 7964.16091557266 800
24 7920.55625028426 833
25 7868.92454530554 866
26 7840.13144797337 898
27 7820.16626516496 931
28 7800.10926479191 965
29 7793.28646215312 998
30 7776.411692641 1031
31 7763.64510586123 1063
32 7757.76774164628 1096
33 7758.46331171133 1128
34 7753.37934780377 1162
35 7745.46381066395 1197
36 7740.40659447189 1229
37 7737.32540362869 1261
38 7734.40404224752 1294
39 7731.88590751967 1327
40 7729.51524107678 1360
41 7727.79749287694 1394
42 7726.89853920144 1427
43 7724.70356651924 1459
44 7724.36271710031 1492
45 7721.63862086733 1524
46 7721.53774885327 1558
47 7720.15557436256 1593
48 7719.4637985699 1626
49 7719.15220003202 1658
50 7718.34305494918 1690
51 7717.56356306973 1723
52 7717.05072306643 1756
53 7717.28398037128 1792
54 7716.1735876159 1825
55 7715.80131853439 1858
56 7715.57567742165 1890
57 7715.6955401068 1922
58 7715.19599297133 1956
59 7714.52584426744 1996
60 7714.13946089179 2029
61 7713.80025020383 2061
62 7713.76964589913 2095
63 7713.60622866755 2127
64 7713.63121406975 2161
65 7713.47420807765 2198
66 7713.09066737995 2231
67 7712.99111364559 2263
68 7712.76400078088 2295
69 7712.6969736428 2328
70 7712.49320005743 2361
71 7712.27366539539 2395
72 7712.19783348136 2429
73 7712.14398534027 2461
74 7712.023396596 2493
75 7711.97938908558 2525
76 7711.88669864025 2558
77 7711.81248109551 2594
78 7711.81367113934 2627
79 7711.77557139873 2659
80 7711.71784063726 2691
81 7711.70901894204 2723
82 7711.58936028194 2756
83 7711.47022040221 2790
84 7711.4813043775 2824
85 7711.39882216729 2858
86 7711.40591758812 2890
87 7711.37113418296 2923
88 7711.33631384151 2955
89 7711.24323710868 2989
90 7711.18716937031 3024
91 7711.1535424431 3056
92 7711.07197951597 3089
93 7711.0830561699 3121
94 7711.09273682095 3153
95 7711.05855484061 3187
96 7710.98431768098 3222
97 7710.96517636103 3254
98 7710.99719664284 3287
99 7710.94544024021 3320
100 7710.94509342559 3352

0 16827.5890732038 37
1 15943.2523071664 73
2 16981.6375622204 106
3 17138.7637544368 139
4 16155.1683873667 171
5 18457.2862896807 203
6 16209.0455363538 238
7 16174.9978645331 272
8 16543.7800756695 305
9 14685.2157033228 338
10 13973.4138495089 370
11 13463.9113987803 402
12 11553.0833590824 435
13 10796.3858318805 470
14 10858.3606100162 502
15 9818.41117218061 535
16 9198.94961546385 567
17 8785.92661345729 598
18 8660.03823877193 631
19 8479.811976374 664
20 8313.37058399244 699
21 8088.59758962221 731
22 7992.38789948473 765
23 7955.05071528408 798
24 7908.3604458089 831
25 7860.36537418049 866
26 7835.38976374894 899
27 7819.06729028969 932
28 7804.5689545851 964
29 7791.08939469015 997
30 7779.92206014211 1029
31 7765.93451903841 1065
32 7760.20469997261 1099
33 7754.95519735838 1134
34 7747.70189287358 1167
35 7744.57753508992 1199
36 7739.51520362648 1231
37 7736.92581538392 1267
38 7735.0120447767 1301
39 7731.93676610151 1334
40 7729.40222045525 1367
41 7727.19994590551 1399
42 7726.1833999086 1432
43 7724.91499247861 1470
44 7723.13757777628 1505
45 7722.7660638739 1538
46 7721.89892094613 1570
47 7719.83667850498 1602
48 7719.65138173241 1635
49 7719.21989030049 1671
50 7718.6761247237 1707
51 7718.53110834937 1740
52 7718.18059849282 1772
53 7717.7096559883 1805
54 7717.1528832828 1838
55 7716.18759405727 1872
56 7716.0572180734 1905
57 7715.61524074902 1937
58 7715.4419245855 1970
59 7715.03591639242 2002
60 7714.88963414621 2034
61 7714.68834779126 2068
62 7714.25570198877 2102
63 7714.37999123496 2134
64 7713.93051696829 2167
65 7714.23092335314 2199
66 7713.82115031338 2232
67 7713.87507951452 2265
68 7713.50915342275 2299
69 7713.48675228719 2333
70 7713.51575914896 2368
71 7713.29704799397 2401
72 7713.18017874491 2434
73 7713.16211782356 2468
74 7712.97539769926 2503
75 7712.743005912 2535
76 7712.7627092524 2568
77 7712.61808533639 2601
78 7712.67097089349 2633
79 7712.5877024698 2666
80 7712.53546839443 2701
81 7712.35417757585 2734
82 7712.40512859529 2766
83 7712.36043592384 2799
84 7712.2401637771 2831
85 7712.26773446345 2865
86 7712.19535921073 2903
87 7712.16660200998 2939
88 7712.14573325683 2971
89 7712.11425707279 3004
90 7712.02577023769 3036
91 7711.99644076381 3069
92 7711.9961487037 3104
93 7711.97551395722 3137
94 7711.98297339906 3170
95 7711.98890656899 3202
96 7711.99836380746 3235
97 7711.97048333745 3268
98 7711.92832421784 3301
99 7711.86809591302 3335
100 7711.77892424596 3367
101 7711.79078253963 3400

0 18360.1946461262 34
1 18417.5477630511 67
2 16695.6399224897 101
3 16792.9809065831 133
4 18163.5623805702 165
5 16528.0878377586 198
6 17960.576143083 230
7 16024.285264501 262
8 17747.5552994354 296
9 14448.8611826159 330
10 13251.7739224617 362
11 12723.4921177752 395
12 11896.7908196923 427
13 10658.7864460346 459
14 10648.2691598528 492
15 9824.7641058861 525
16 9244.06427218913 557
17 8810.79058767545 589
18 8756.57858281225 621
19 8379.34180712485 653
20 8240.88806152441 687
21 8131.83489247072 721
22 8052.2973641784 754
23 7963.58398694325 787
24 7900.61227403699 819
25 7883.85692701237 851
26 7838.59539011561 886
27 7808.26574644242 924
28 7798.72133754539 957
29 7789.72135643837 990
30 7776.93817010792 1022
31 7768.4495607496 1055
32 7755.87958483568 1088
33 7753.94859669905 1125
34 7750.62784006015 1158
35 7745.54382867621 1191
36 7738.66312355128 1223
37 7738.88709250607 1256
38 7734.93617856915 1291
39 7732.22486637044 1326
40 7729.37450090089 1359
41 7728.04855800676 1392
42 7725.87312308116 1424
43 7723.6969726852 1457
44 7724.2141326095 1490
45 7722.41264600674 1525
46 7721.52363220246 1558
47 7720.78669816568 1590
48 7719.45289072764 1622
49 7718.38812707636 1655
50 7717.9040907067 1687
51 7718.0853377474 1722
52 7717.12171144128 1756
53 7716.67495840902 1789
54 7716.3823725584 1822
55 7716.04357665567 1854
56 7716.12349072055 1887
57 7715.24453848477 1922
58 7715.01967810714 1955
59 7714.89230566971 1987
60 7714.3814570998 2020
61 7713.99894156101 2052
62 7714.14052475975 2085
63 7713.93876293237 2119
64 7713.79463122167 2153
65 7713.48655124448 2185
66 7713.42027483061 2218
67 7713.27798049063 2250
68 7713.19429527391 2282
69 7712.86900586251 2317
70 7712.81839912414 2355
71 7712.66252012759 2390
72 7712.62280610025 2422
73 7712.56974237514 2454
74 7712.57917933913 2486
75 7712.5537181273 2521
76 7712.45774185964 2554
77 7712.3973790309 2586
78 7712.27824557314 2619
79 7712.1328638726 2651
80 7712.17415490097 2683
81 7712.123526889 2718
82 7712.06411210185 2751
83 7711.9557594005 2784
84 7711.93989913432 2817
85 7711.98535395183 2849
86 7711.84261448566 2882
87 7711.76428385719 2915
88 7711.72455564667 2949
89 7711.63951193067 2981
90 7711.66773523164 3014
91 7711.65578287501 3047
92 7711.60831040534 3079
93 7711.57673891408 3112
94 7711.52035908935 3147
95 7711.45523854012 3179
96 7711.4777415975 3212
97 7711.37934373735 3244
98 7711.3606422189 3276
99 7711.34223986082 3308
100 7711.3495161846 3342
101 7711.30310091008 3376
102 7711.28042839407 3408
103 7711.29417857136 3440
104 7711.26607734084 3473
105 7711.22451855877 3505
106 7711.21218501897 3539
107 7711.18060879125 3573
108 7711.15243692334 3606
109 7711.17650724688 3638
110 7711.17104841926 3671
111 7711.1442765267 3703
112 7711.13453297382 3740

0 18233.086231121 37
1 17448.1608432398 71
2 16300.4760774863 103
3 17015.9576317253 135
4 17724.2953588943 167
5 17799.2672172859 201
6 15992.8046774044 238
7 16110.7682210466 271
8 15950.5412241952 304
9 15572.9355316135 337
10 14922.7893515258 370
11 13491.5592485546 404
12 11658.791919145 437
13 11128.0740376074 469
14 10431.6083278306 501
15 9852.60715727778 533
16 9271.56189667144 565
17 8783.06629778945 598
18 8575.04192960162 632
19 8458.01178051942 664
20 8269.87717464234 696
21 8144.35782150242 729
22 8002.34444354789 761
23 7951.93993044829 794
24 7921.27829621187 828
25 7862.03526118461 861
26 7842.96125259347 894
27 7813.79860435419 926
28 7800.88524969748 958
29 7781.65190225914 991
30 7777.81889521218 1025
31 7767.85886347937 1058
32 7761.05379201956 1091
33 7750.47484727314 1123
34 7747.11883148702 1155
35 7741.83601254756 1188
36 7741.84505215169 1222
37 7737.14489545794 1256
38 7734.36769536979 1288
39 7732.83686761377 1321
40 7727.56195554165 1354
41 7725.34179907604 1386
42 7725.08165859816 1423
43 7723.70015037102 1458
44 7721.39163031532 1490
45 7721.17494250084 1523
46 7719.15313775859 1555
47 7718.32602443344 1587
48 7718.32943319894 1622
49 7716.73189505522 1657
50 7716.63672208319 1690
51 7716.25590369828 1723
52 7715.30245457869 1755
53 7715.44636024861 1788
54 7714.37244489309 1821
55 7714.36695142445 1856
56 7713.92483054081 1888
57 7713.58850210633 1921
58 7713.31781503242 1954
59 7713.14052489031 1986
60 7712.7663037484 2020
61 7712.56103626594 2055
62 7712.7931773241 2087
63 7712.40635588717 2120
64 7712.41113864124 2152
65 7712.19595770833 2185
66 7712.11447848256 2218
67 7711.87535441448 2252
68 7711.67492163266 2285
69 7711.57076460803 2317
70 7711.38241750981 2350
71 7711.21066240244 2383
72 7711.24134887004 2416
73 7711.15581673195 2450
74 7711.0738773724 2483
75 7711.07441520827 2515
76 7710.85297911012 2548
77 7710.82846324865 2580
78 7710.71031800153 2612
79 7710.62995512489 2646
80 7710.49450578921 2679
81 7710.44977444447 2712
82 7710.46165097795 2745
83 7710.35876196389 2777
84 7710.39280880503 2810
85 7710.42312946733 2846
86 7710.37208127232 2883
87 7710.2952098213 2916
88 7710.29306613804 2948
89 7710.21544902837 2981
90 7710.16990278638 3014
91 7710.13253100176 3049
92 7710.09271087328 3083
93 7710.04571730266 3115
94 7709.97896905799 3148
95 7710.0062957375 3180
96 7710.00682045748 3213
97 7709.96929274665 3247
98 7709.92923973305 3281
99 7709.94411024949 3315
100 7709.89987811652 3347
101 7709.87614348854 3380
102 7709.88530095927 3413
103 7709.82812272611 3446
104 7709.87938981634 3480
105 7709.81269022425 3513
106 7709.80471563499 3546
107 7709.77984417506 3578
108 7709.79592322651 3611
109 7709.7935564422 3645
110 7709.73444859724 3679
111 7709.72386375055 3711
112 7709.73161686713 3744

0 18056.8430665653 33
1 16102.4752270802 65
2 17680.2379480933 99
3 16576.5909421259 132
4 16010.9272978902 165
5 16589.2448341082 197
6 16800.1172983616 230
7 15794.2798037275 263
8 15855.7327737752 296
9 14727.6063518013 330
10 13959.4155827466 363
11 13273.701212239 395
12 11595.4482302098 427
13 10929.9690379885 459
14 10350.8820619453 492
15 9766.74381725307 530
16 9183.10900052279 564
17 8789.71442060842 597
18 8592.53095984649 631
19 8453.75030666146 663
20 8291.09849686416 696
21 8146.75227199666 733
22 8015.26068335435 766
23 7953.87826463643 798
24 7906.83586948761 831
25 7881.81873742658 863
26 7839.86469474187 896
27 7807.12870823508 930
28 7808.23407461128 963
29 7778.99564285784 996
30 7771.24079354064 1028
31 7766.65226164314 1061
32 7757.35876472439 1093
33 7754.03617964845 1127
34 7748.29968058265 1161
35 7742.4323874119 1193
36 7739.03099481651 1226
37 7738.4735634626 1259
38 7731.94762706477 1291
39 7729.87952041503 1325
40 7729.502259745 1358
41 7728.4529214926 1390
42 7724.62209643649 1423
43 7722.69246626978 1455
44 7721.56946581845 1491
45 7720.49655737806 1526
46 7720.56235084329 1560
47 7719.99484392892 1593
48 7718.43058610902 1625
49 7718.58376515354 1658
50 7717.14860039315 1690
51 7715.96675515839 1724
52 7715.61734521797 1758
53 7714.84399396691 1790
54 7715.09488019116 1823
55 7714.65801270447 1855
56 7714.20510724963 1887
57 7714.05328524293 1921
58 7713.48062794177 1959
59 7713.27067564691 1992
60 7712.78919729016 2025
61 7712.75803600873 2057
62 7712.54272620981 2089
63 7712.56163562391 2122
64 7712.16677357746 2158
65 7711.88065635373 2191
66 7711.79900556721 2224
67 7711.71041613305 2256
68 7711.39006145248 2289
69 7711.13206294578 2322
70 7711.08397982963 2356
71 7710.96543049187 2389
72 7710.86778749333 2421
73 7710.89947756299 2454
74 7710.91482611464 2487
75 7710.87809285283 2520
76 7710.70917804535 2556
77 7710.54212468567 2590
78 7710.54752025612 2624
79 7710.46406289453 2657
80 7710.36791081465 2689
81 7710.29663241286 2723
82 7710.13524519373 2757
83 7710.14329316829 2791
84 7710.11827282666 2825
85 7710.18133710907 2858
86 7710.12021258382 2890
87 7710.11830053932 2923
88 7710.02573595689 2957
89 7709.97315456253 2991
90 7709.93242188041 3023
91 7709.91213994499 3056
92 7709.88755565695 3088
93 7709.8515462212 3120
94 7709.86791467895 3154
95 7709.85983143266 3187
96 7709.87012551538 3219
97 7709.80310958301 3252
98 7709.74725085329 3284
99 7709.78693833732 3316
100 7709.73916477206 3352
101 7709.69855126457 3388
102 7709.71252804328 3423
103 7709.67967436628 3455
104 7709.66110809594 3488
105 7709.60895741158 3520
106 7709.60185286755 3555
107 7709.59752350525 3588
108 7709.59398756311 3621
109 7709.57650675162 3654
110 7709.5757051084 3686
111 7709.57383059668 3719
112 7709.53443866785 3752
113 7709.55997594592 3787
114 7709.56141133889 3819
115 7709.57084077503 3852

0 18451.397814201 34
1 16917.8991630311 66
2 19267.2030686455 99
3 16556.739745787 133
4 18299.109403852 165
5 18788.2743196938 197
6 16443.5112566045 230
7 15783.9845598447 262
8 17445.3887137176 295
9 15208.0418466361 329
10 13419.3097855634 362
11 12818.8620738919 395
12 11521.9575033916 428
13 10887.0046456018 460
14 10436.4301304551 492
15 9627.24307068783 526
16 9099.23467660204 559
17 8863.23118759087 591
18 8621.06775227172 623
19 8436.00381092568 655
20 8311.78826864806 688
21 8136.65966719829 722
22 8031.27444446917 755
23 7948.74440080036 788
24 7902.82842051057 820
25 7867.51032477803 853
26 7847.89375323119 885
27 7812.75393155299 925
28 7804.83742911953 959
29 7786.54223465047 992
30 7778.97776629376 1025
31 7763.57891910345 1058
32 7765.28211545962 1090
33 7755.47567509998 1125
34 7748.99954630073 1160
35 7744.60004084496 1192
36 7738.95542124375 1225
37 7736.27327998348 1257
38 7734.45745889191 1289
39 7731.72173159568 1323
40 7729.93492360496 1357
41 7726.85178707217 1389
42 7726.27142453501 1422
43 7723.84068710397 1454
44 7721.77219754427 1486
45 7721.27533288377 1520
46 7719.80499093846 1554
47 7719.35288028392 1587
48 7718.28966487732 1619
49 7718.00037314982 1652
50 7717.53232173428 1685
51 7716.8232957572 1718
52 7716.21002487452 1752
53 7716.2737653863 1785
54 7715.78443383655 1817
55 7715.32924821077 1849
56 7714.66826853119 1882
57 7714.24486114017 1915
58 7713.87759119712 1949
59 7713.37890768297 1982
60 7713.29644937085 2014
61 7713.10214028213 2048
62 7712.90593845838 2080
63 7712.64185082198 2114
64 7712.42656490293 2148
65 7712.29806528879 2181
66 7712.011403126 2213
67 7712.08718207932 2246
68 7711.95154267549 2278
69 7711.87830379238 2312
70 7711.79554319013 2348
71 7711.61358761283 2384
72 7711.49221238844 2417
73 7711.29179961036 2449
74 7711.19295524845 2481
75 7711.2219659796 2514
76 7711.02669933289 2550
77 7710.95054452649 2585
78 7710.98781881355 2618
79 7710.92923827668 2653
80 7710.87623763814 2686
81 7710.86227722371 2719
82 7710.83660988045 2753
83 7710.78922329593 2787
84 7710.72397895827 2820
85 7710.65140629518 2852
86 7710.56044897982 2885
87 7710.48651687724 2917
88 7710.40771221654 2952
89 7710.38686362865 2985
90 7710.43342145066 3018
91 7710.40563192544 3050
92 7710.39606570366 3083
93 7710.34449249073 3115
94 7710.32071595834 3149
95 7710.25265358997 3183
96 7710.24255025476 3215
97 7710.28273495682 3248
98 7710.23787739836 3280
99 7710.22848809981 3313
100 7710.22701780148 3347
101 7710.19947474202 3381
102 7710.18988731252 3414
103 7710.12020457591 3446
104 7710.13922057155 3479
105 7710.09048681749 3511
106 7710.07852539064 3544
107 7710.07502819687 3578
108 7710.05162596399 3611
109 7710.0674054159 3644
110 7710.05796992673 3676

0 15976.1349921569 33
1 16886.967605589 66
2 16670.9853706533 105
3 16628.1973034647 138
4 18051.6085394198 171
5 18445.3522610238 203
6 16886.3174624577 235
7 16004.4706753697 268
8 17360.8683249435 305
9 14795.6095809804 338
10 14147.6443629691 371
11 13714.5886623186 403
12 11951.6223957308 435
13 11041.9906384644 467
14 10572.8599720817 501
15 9723.40189594492 534
16 9198.00821253446 566
17 8839.55706416807 598
18 8543.1312991225 631
19 8486.28185934165 663
20 8276.99481062451 698
21 8151.80319320977 731
22 8053.41710349107 764
23 7923.67635688054 796
24 7897.62219448946 829
25 7859.2631534224 861
26 7848.29280133737 895
27 7825.2279320314 929
28 7799.93951505581 961
29 7786.96521541547 994
30 7775.19947922752 1026
31 7773.91643623216 1059
32 7763.90055846563 1094
33 7755.23662815821 1128
34 7751.62801175547 1162
35 7743.06004919723 1194
36 7739.95258247211 1227
37 7737.40802527348 1259
38 7735.27243634824 1293
39 7732.25527619997 1326
40 7727.65182319125 1359
41 7724.75681743212 1391
42 7724.15633299982 1424
43 7723.04385757311 1457
44 7722.11588468581 1490
45 7722.02098437176 1530
46 7720.35312454753 1563
47 7719.25156219332 1596
48 7718.32160357199 1628
49 7717.50481588349 1661
50 7717.63276889939 1696
51 7716.64735307828 1731
52 7716.22155819218 1764
53 7715.61049788001 1796
54 7715.16367187676 1829
55 7714.70816298351 1861
56 7714.39164839161 1895
57 7714.01011254486 1929
58 7713.50948035821 1961
59 7713.2602776381 1994
60 7713.19372653452 2026
61 7713.0944789379 2059
62 7712.80651135347 2092
63 7712.5543899362 2127
64 7712.50631433512 2160
65 7712.03188564894 2192
66 7711.83235327622 2225
67 7711.78239307323 2257
68 7711.68729986989 2289
69 7711.53080118831 2324
70 7711.54584400659 2357
71 7711.36745190571 2391
72 7711.34841110132 2423
73 7711.23646660372 2456
74 7711.18663015283 2488
75 7711.01444054275 2522
76 7710.99393616225 2556
77 7711.03165460168 2588
78 7710.97571047253 2620
79 7710.68321286919 2653
80 7710.66606767059 2686
81 7710.60968167659 2720
82 7710.62332566031 2753
83 7710.66958322622 2785
84 7710.56758243122 2818
85 7710.49282689621 2850
86 7710.41729859222 2883
87 7710.43079046746 2920
88 7710.33002490018 2955
89 7710.24594796243 2987
90 7710.23030879358 3020
91 7710.21665786991 3052
92 7710.21979004513 3085
93 7710.18364434622 3120
94 7710.13512119013 3154
95 7710.13159291843 3187
96 7710.13772237542 3219
97 7710.07860238432 3251
98 7710.05360649146 3284
99 7710.08055534686 3317
100 7710.09357847196 3352
101 7710.05632915266 3384
102 7710.02120591831 3417
103 7709.97276632819 3449
104 7709.95312762682 3481
105 7709.93348580577 3514
106 7709.92620306293 3549
107 7709.91932387741 3582
108 7709.87446390744 3615
109 7709.88147146611 3647
110 7709.86690559848 3680
111 7709.82287261453 3713

0 17972.8128296029 34
1 17338.1425006107 67
2 18311.5331005573 99
3 18338.2820483177 131
4 17347.5784972206 164
5 17187.9719526831 196
6 16489.6008718172 230
7 16707.7175133023 265
8 15501.8847015676 300
9 14893.2441451578 333
10 13046.8840406189 365
11 12796.1946370236 398
12 11806.6626691349 432
13 10896.1938182024 464
14 10458.3940334486 497
15 9600.12389886548 528
16 9213.01755856107 560
17 8805.46384653677 592
18 8574.66837961589 629
19 8432.10307629414 666
20 8305.46054269884 699
21 8167.83260720237 732
22 8008.48395934608 765
23 7939.88784057706 797
24 7896.71400845361 832
25 7870.78895217667 866
26 7836.18339378566 899
27 7813.85977999307 931
28 7801.48726785989 963
29 7790.12120304333 995
30 7778.59076075702 1029
31 7765.33434770736 1063
32 7760.36659176197 1095
33 7752.16889497515 1128
34 7748.93756082413 1160
35 7747.3496668109 1192
36 7740.73217486125 1226
37 7737.3167026114 1260
38 7737.27104851805 1293
39 7734.04908677615 1325
40 7731.35797050062 1358
41 7730.19641866774 1391
42 7727.89383661308 1424
43 7725.15993670263 1458
44 7723.70443592028 1491
45 7722.52504941319 1523
46 7721.54619040253 1556
47 7722.00272858368 1588
48 7720.58694375368 1621
49 7719.95917336262 1655
50 7718.65117581132 1688
51 7719.22550485812 1720
52 7718.21757608861 1752
53 7717.25131495339 1785
54 7717.03040399042 1818
55 7716.73123770251 1852
56 7716.55475351048 1886
57 7715.96050229259 1918
58 7715.82103815524 1951
59 7715.89765829723 1983
60 7715.44773990715 2016
61 7714.86176214746 2055
62 7714.52640920886 2089
63 7714.68315392391 2122
64 7714.15176616752 2154
65 7713.7809811895 2186
66 7713.73814196706 2219
67 7713.69232336554 2256
68 7713.32961744791 2289
69 7713.41775332025 2321
70 7713.15220749925 2354
71 7712.91371129455 2388
72 7712.90962885613 2423
73 7712.71487659739 2460
74 7712.75065948478 2495
75 7712.73963601548 2528
76 7712.73420987545 2560
77 7712.48251400919 2593
78 7712.26789997033 2625
79 7712.34187612025 2660
80 7712.31942025104 2695
81 7712.22814026809 2728
82 7712.26916185403 2760
83 7712.08115762976 2793
84 7711.97020800616 2826
85 7712.00134435071 2860
86 7711.93201617189 2894
87 7711.85101507244 2926
88 7711.81159595037 2959
89 7711.86695153266 2992
90 7711.78253693505 3024
91 7711.77232337424 3058
92 7711.68864835607 3092
93 7711.6261999008 3124
94 7711.61275358908 3157
95 7711.58653483649 3190
96 7711.50697747907 3222
97 7711.4954039987 3256
98 7711.46349612976 3290
99 7711.48491936309 3323
100 7711.50733309879 3355
101 7711.46516118123 3388
102 7711.38560383737 3421
103 7711.36598453852 3456
104 7711.33854478292 3494
105 7711.32964238669 3529
106 7711.35458322334 3563
107 7711.32378588488 3595
108 7711.27907183757 3628

0 17961.7326122012 35
1 16827.1888950604 69
2 17729.468280269 102
3 20046.7864781275 135
4 16577.5553112151 168
5 17041.9172485397 201
6 16845.3226866429 235
7 16304.0990345358 270
8 16505.1671339623 304
9 15020.6612904152 337
10 14805.6418469391 371
11 13601.6539090113 404
12 12070.8452388046 437
13 10882.6350408087 470
14 10837.0658969432 503
15 9527.15428060726 535
16 9106.1051900005 567
17 8805.61704519336 599
18 8597.63235881278 633
19 8479.35309180293 667
20 8282.93464691807 701
21 8120.79650709758 735
22 8047.25068451038 768
23 7944.84602380888 801
24 7880.49827729158 834
25 7867.73504784153 870
26 7840.28276703412 904
27 7822.17487963499 938
28 7806.87347604107 971
29 7786.40063665964 1005
30 7774.16666299319 1039
31 7767.94812286351 1073
32 7762.48403804391 1107
33 7752.71322916038 1141
34 7747.97961593991 1174
35 7743.56690290034 1208
36 7741.4222355768 1243
37 7735.35833789805 1281
38 7735.12465001924 1315
39 7730.50893953804 1347
40 7728.66834877128 1379
41 7728.87569121405 1413
42 7726.8784458985 1446
43 7726.10499455909 1484
44 7724.96970744574 1518
45 7722.4140262734 1550
46 7720.93525920281 1583
47 7720.07099552466 1617
48 7718.87403874908 1652
49 7718.2682958535 1689
50 7718.06762434161 1723
51 7717.30643704404 1757
52 7717.00612973793 1789
53 7716.64034628451 1822
54 7716.11044973663 1855
55 7715.0700012745 1890
56 7714.65498148235 1923
57 7714.31827517406 1955
58 7713.92299284997 1988
59 7713.68099803703 2021
60 7713.65402773187 2056
61 7713.4555209145 2091
62 7713.15288440001 2125
63 7712.90811599171 2158
64 7712.53387852266 2191
65 7712.56305653053 2223
66 7712.28794740889 2257
67 7712.05290819474 2291
68 7712.28483895586 2325
69 7712.22630190034 2358
70 7711.98950616594 2392
71 7712.16736293705 2425
72 7711.80564116831 2458
73 7711.77113669944 2492
74 7711.61600442912 2527
75 7711.5923987887 2560
76 7711.46613082099 2594
77 7711.34522458059 2628
78 7711.17494975319 2661
79 7711.16500278692 2701
80 7711.28026907302 2737
81 7711.08869783924 2774
82 7710.93920310473 2808
83 7710.93968599618 2843
84 7710.88307112568 2883
85 7710.79163051913 2921
86 7710.7919024795 2954
87 7710.70517840467 2986
88 7710.73918776837 3019
89 7710.68911939282 3051
90 7710.68457929224 3086
91 7710.60418293189 3120
92 7710.59578774025 3152
93 7710.5549728471 3186
94 7710.50006875442 3220
95 7710.4990514938 3253
96 7710.46752849827 3288
97 7710.44347897671 3323
98 7710.39559757446 3355
99 7710.43393407027 3387
100 7710.38944227232 3421
101 7710.3549716391 3454
102 7710.32146543129 3489
103 7710.30648002591 3523
104 7710.30913773519 3557
105 7710.24215361055 3590
106 7710.24760339961 3623
107 7710.25105233028 3656
108 7710.23767000762 3690
109 7710.23458758309 3723
110 7710.21684415866 3756
111 7710.19246069946 3789
112 7710.21861136514 3821
113 7710.20696438021 3853
114 7710.18482580147 3887

0 16967.8965457548 34
1 17655.0875113525 67
2 16770.7368659942 99
3 17367.3601607208 131
4 16918.2802682972 163
5 17029.6500155398 197
6 16614.8378890898 237
7 16888.5261305917 273
8 15708.3909004473 307
9 15422.6546220815 343
10 13419.8200350803 375
11 13159.7155529384 409
12 11092.1719469377 445
13 11311.2120930406 479
14 10524.8046720648 511
15 9848.05845897197 543
16 9151.45350898605 575
17 9021.14268194126 610
18 8600.32822713819 643
19 8406.2346910496 676
20 8269.28626278611 710
21 8093.52305781928 744
22 8036.14586720185 776
23 7956.97830648728 810
24 7894.74878777617 845
25 7875.89654550302 879
26 7824.7947340428 913
27 7807.90261910281 946
28 7805.600314977 980
29 7788.43614025464 1014
30 7774.17352748635 1047
31 7767.45149873052 1081
32 7762.70402624008 1113
33 7754.71561598057 1145
34 7748.8351472129 1178
35 7743.36355961855 1212
36 7740.85611815751 1246
37 7737.17711052578 1278
38 7735.9407517903 1311
39 7733.16051875927 1343
40 7729.35171818321 1376
41 7727.41595198869 1410
42 7725.28969488517 1445
43 7724.33132991864 1479
44 7722.43785459972 1511
45 7721.1137123669 1543
46 7720.70225619486 1577
47 7720.49171316295 1610
48 7719.04841203726 1648
49 7718.77764534288 1684
50 7717.26672705464 1717
51 7716.83758571076 1749
52 7716.12728648139 1782
53 7715.69730260268 1815
54 7715.37328659739 1852
55 7714.90735073207 1885
56 7714.59081283647 1918
57 7714.321459633 1950
58 7714.16232041704 1983
59 7713.95582864598 2016
60 7713.40490385351 2052
61 7712.9334098035 2086
62 7712.99140856509 2119
63 7712.7648719498 2152
64 7712.70189327409 2185
65 7712.33773575692 2218
66 7712.20046218496 2253
67 7712.10624343775 2288
68 7712.06299345219 2321
69 7711.86192723836 2353
70 7711.61840727456 2386
71 7711.64946588986 2420
72 7711.63472255583 2454
73 7711.46255773524 2487
74 7711.36279359113 2520
75 7711.25742815512 2552
76 7711.23073611939 2585
77 7711.05226185959 2618
78 7711.02113678803 2652
79 7710.87711210791 2686
80 7710.77943881247 2719
81 7710.88439144881 2751
82 7710.79673572306 2786
83 7710.70653999778 2820
84 7710.70733637551 2856
85 7710.61865272863 2889
86 7710.48893904102 2922
87 7710.51433556721 2954
88 7710.49440322001 2987
89 7710.42930053983 3019
90 7710.40856477934 3057
91 7710.40935714433 3094
92 7710.37759147481 3127
93 7710.33206047389 3160
94 7710.29395312286 3192
95 7710.31639235879 3225
96 7710.23545207463 3259
97 7710.27194673859 3292
98 7710.18426768272 3324
99 7710.21038098618 3357
100 7710.15107887995 3389
101 7710.1887013273 3422

0 19049.187479699 36
1 19353.4931376743 68
2 16823.9174065852 101
3 15627.5720976453 133
4 16520.171023654 165
5 16538.747770477 197
6 16930.1999719024 231
7 17557.126475187 265
8 16215.7490705988 298
9 14725.7295861475 330
10 13972.1666945068 363
11 13124.4530736819 395
12 12062.0693087055 429
13 10842.552672003 462
14 10659.3068487551 494
15 9641.63384959762 527
16 9157.97295866622 559
17 8851.95257629169 590
18 8577.72446517208 623
19 8422.34833520566 657
20 8240.56127155384 690
21 8135.98474275677 722
22 7990.2693972643 755
23 7947.41845271176 787
24 7912.0632619473 820
25 7871.0614886867 854
26 7852.58449025412 888
27 7819.07504655867 920
28 7794.54707852736 952
29 7790.52574174891 985
30 7774.82473025962 1017
31 7769.66393966894 1057
32 7757.49727991534 1091
33 7755.89133983733 1123
34 7750.61873721608 1156
35 7742.94309103053 1189
36 7740.23941988538 1221
37 7735.97398078802 1257
38 7732.82920305675 1291
39 7731.49989374146 1324
40 7728.80628180714 1357
41 7726.37294134153 1389
42 7724.93496260035 1421
43 7723.96684738104 1457
44 7723.24953700431 1490
45 7720.32684676241 1522
46 7719.66105249218 1555
47 7718.39490523683 1587
48 7718.06992304201 1619
49 7718.13779740641 1654
50 7717.30040248421 1687
51 7717.47995275782 1720
52 7716.39863332652 1753
53 7715.70923507629 1786
54 7715.26887146671 1818
55 7715.43684240923 1852
56 7715.0636059097 1887
57 7714.43502622053 1920
58 7714.06852767391 1952
59 7713.29378467742 1985
60 7713.35017982183 2017
61 7713.44292102806 2051
62 7712.78307366588 2086
63 7713.05600614975 2119
64 7712.71841650951 2151
65 7712.50622684677 2184
66 7712.51930915998 2216
67 7712.28112740247 2250
68 7712.10651210278 2284
69 7712.254637356 2317
70 7712.01855831112 2350
71 7711.92867679078 2382
72 7711.51323414521 2415
73 7711.55817686938 2449
74 7711.3162225365 2488
75 7711.34038711064 2522
76 7711.3045481541 2555
77 7711.30947238009 2587
78 7711.21135858298 2619
79 7711.32183608281 2653
80 7711.27978601791 2689
81 7711.2394430425 2722
82 7711.07397579844 2755
83 7711.13154424262 2788
84 7711.04019139488 2821
85 7710.96043873805 2854
86 7710.86806341122 2888
87 7710.74693223914 2921
88 7710.75034119332 2954
89 7710.71749657304 2986
90 7710.67985496804 3018
91 7710.67227472167 3051
92 7710.62353653103 3086
93 7710.57864552314 3119
94 7710.59216176308 3152
95 7710.53007511053 3184
96 7710.51309693808 3217
97 7710.50276190351 3250
98 7710.46806920324 3284
99 7710.42042690322 3317

0 17734.8730310916 33
1 17563.3667627423 65
2 15681.4831451693 97
3 17043.4915717528 130
4 16175.9103299581 164
5 16688.9640887366 197
6 17286.8366374936 230
7 16476.298381611 262
8 15952.5701552228 295
9 14347.2906740347 327
10 14205.8957479277 362
11 12530.8611556695 396
12 11647.5825902915 429
13 10932.3561332615 461
14 10490.1840827517 493
15 9629.91787691536 525
16 9121.63632498568 561
17 8849.04515947508 598
18 8559.38219153813 634
19 8498.32741468381 666
20 8273.98231195248 699
21 8136.71804149351 731
22 8003.37977489453 766
23 7951.56506750202 800
24 7914.09180847158 833
25 7868.48358438286 866
26 7831.32787367957 898
27 7818.47101275967 930
28 7804.66107552681 965
29 7785.93813545244 998
30 7772.61866379569 1031
31 7771.72601997667 1066
32 7760.60840945662 1099
33 7755.55318027742 1133
34 7750.78872550062 1167
35 7746.85462485547 1201
36 7739.02925208307 1233
37 7736.01002065284 1266
38 7732.67246061569 1298
39 7731.33586841512 1330
40 7728.55928049216 1364
41 7727.57283834109 1398
42 7723.39544272284 1431
43 7722.55019378856 1463
44 7721.96916667538 1496
45 7722.36077650986 1529
46 7720.56811497319 1562
47 7719.66630055416 1596
48 7717.86623060914 1630
49 7717.34257726157 1662
50 7716.34178453026 1695
51 7716.10172495206 1727
52 7715.30599590691 1761
53 7714.60920353087 1795
54 7714.88520666675 1829
55 7714.68586589098 1862
56 7713.97138990174 1894
57 7713.821022459 1927
58 7713.11735944923 1959
59 7713.13595301148 1998
60 7713.04504438095 2033
61 7712.90904895589 2066
62 7712.72178028728 2099
63 7712.58209472472 2132
64 7712.30207732154 2165
65 7711.89767678767 2200
66 7711.55712775334 2235
67 7711.38512520774 2267
68 7711.47194998917 2300
69 7711.27112192157 2332
70 7711.16309497297 2365
71 7711.138106087 2400
72 7710.99476715375 2433
73 7710.93551387421 2465
74 7710.78283779349 2498
75 7710.74358535163 2531
76 7710.75365447557 2563
77 7710.70352738813 2598
78 7710.6378191447 2632
79 7710.56037385479 2664
80 7710.53009242423 2697
81 7710.3655103012 2730
82 7710.36805519691 2762
83 7710.30492247913 2796
84 7710.23631024226 2830
85 7710.20316992646 2863
86 7710.18921514395 2895
87 7710.18636902013 2928
88 7710.09273432208 2960
89 7710.06146080878 2994
90 7709.95880754056 3028
91 7709.94792577934 3060
92 7709.89850614367 3093
93 7709.8523406363 3126
94 7709.85147973449 3159
95 7709.85993102316 3193
96 7709.7568202133 3227
97 7709.76729442076 3260
98 7709.80261028377 3293
99 7709.76665108777 3326
100 7709.71051717158 3358
101 7709.71216202131 3393
102 7709.65011576852 3431
103 7709.65949176021 3464
104 7709.65229283928 3496
105 7709.63872461738 3529
106 7709.64642444558 3563
107 7709.62402604472 3597
108 7709.60723470928 3632
109 7709.60301753662 3665
110 7709.60191250902 3697
111 7709.6181019504 3730
112 7709.59118717955 3762
113 7709.55920659807 3796

0 16274.3803352335 34
1 17738.7869561096 67
2 16753.4580384697 99
3 18119.5355171215 131
4 18416.6405845856 163
5 17601.3817910828 196
6 16412.7128461675 229
7 17690.3490977348 263
8 15599.7496272528 295
9 13816.5978270148 328
10 14256.5469241204 360
11 13217.0778454079 392
12 12072.7786364718 427
13 10736.225089776 459
14 10726.9276855992 491
15 9676.764849252 523
16 9278.77621051607 555
17 8803.90571394836 587
18 8679.70746931937 621
19 8427.61845293015 655
20 8329.5565672543 687
21 8101.17820100333 720
22 8022.66288817906 753
23 7945.09832157622 786
24 7898.4900726112 820
25 7877.10109364299 854
26 7849.75006156035 887
27 7819.20127784262 920
28 7797.0326958691 952
29 7782.10220122148 986
30 7776.29660579982 1021
31 7764.78080895635 1058
32 7758.79405647741 1091
33 7755.23183669736 1123
34 7747.3621189782 1156
35 7742.55222413859 1189
36 7741.71462062734 1224
37 7735.75091442693 1258
38 7736.40899407053 1291
39 7731.89903646657 1324
40 7731.35199135856 1357
41 7728.09693621618 1389
42 7725.84975939014 1423
43 7724.59738539502 1457
44 7722.95236689216 1489
45 7721.26668814887 1522
46 7721.87303241032 1554
47 7719.96768487391 1587
48 7718.90465536814 1620
49 7718.23604724203 1654
50 7716.80710501277 1688
51 7716.32072585335 1720
52 7716.37907965563 1753
53 7715.66064298378 1786
54 7715.68084899166 1820
55 7714.7106467152 1854
56 7714.7007943494 1887
57 7714.37279233182 1921
58 7714.41354854348 1953
59 7713.7466451661 1986
60 7713.36536248866 2020
61 7713.03463448233 2054
62 7713.07222059228 2087
63 7712.51330042139 2120
64 7712.54794013586 2153
65 7712.38104837865 2185
66 7712.17966286946 2218
67 7711.91709258833 2253
68 7711.85861802628 2289
69 7711.62781820979 2322
70 7711.70615692985 2355
71 7711.69806704121 2388
72 7711.58553006153 2420
73 7711.45612271343 2461
74 7711.25437693524 2494
75 7711.2402486737 2527
76 7711.23930567027 2559
77 7711.1074264998 2592
78 7711.04721820516 2626
79 7710.97813680712 2663
80 7710.95111737701 2697
81 7710.88261902003 2731
82 7710.77593170033 2763
83 7710.73303871827 2797
84 7710.71639825211 2831
85 7710.65137896378 2865
86 7710.57085756309 2898
87 7710.52194594172 2931
88 7710.50790225792 2964
89 7710.44367819455 2997
90 7710.40527423039 3031
91 7710.37742792919 3065
92 7710.41720526855 3099
93 7710.31037112793 3131
94 7710.25893152947 3163
95 7710.28945864356 3196
96 7710.21323601475 3229
97 7710.18200442827 3263
98 7710.21573740219 3297
99 7710.12408379525 3330
100 7710.11921609918 3363
101 7710.15666254491 3396
102 7710.15855788313 3428
103 7710.12561579556 3463
104 7710.08434492133 3496
105 7710.08402760938 3529
106 7710.08535754196 3561
107 7710.06497539983 3594
108 7710.04090478734 3627
109 7710.04288345516 3663
110 7710.00149962741 3699
111 7709.97976081551 3734
112 7709.98955959588 3770
113 7709.98026064833 3804
114 7709.95326918863 3836
115 7709.92687096327 3873

0 17917.1140882893 35
1 16964.3974161842 67
2 16642.5500840122 99
3 17498.5399716023 131
4 16245.9689551399 163
5 17339.2008396973 200
6 16449.5802249664 233
7 17314.2064861001 266
8 14882.6198214912 299
9 15439.5128805986 331
10 13774.2110519789 363
11 12852.5092672734 398
12 11471.3708631879 432
13 10839.7094921583 464
14 10579.2557565364 496
15 9845.03664975631 529
16 9144.89730653365 560
17 8800.84298066377 594
18 8593.51295616957 628
19 8429.37047478472 660
20 8251.09441898366 692
21 8112.6939026965 725
22 8038.39474209919 757
23 7946.02606212664 790
24 7928.6310664769 824
25 7853.46501662571 858
26 7853.74596113991 890
27 7818.26645295084 923
28 7794.42636057931 955
29 7784.59101539701 988
30 7776.87930388951 1024
31 7766.44275497387 1057
32 7761.56232816475 1089
33 7758.6881705333 1121
34 7749.28069016685 1154
35 7747.31988329273 1187
36 7739.3462946515 1221
37 7739.74186773133 1255
38 7733.39266251855 1288
39 7728.29962313379 1320
40 7729.77029622922 1353
41 7726.53959477122 1385
42 7725.53673621061 1425
43 7723.07884557935 1459
44 7722.60494883324 1492
45 7721.61601822816 1525
46 7720.51716413899 1557
47 7719.11238089135 1591
48 7717.88494808784 1627
49 7716.935594247 1661
50 7716.46573971337 1694
51 7716.42300190209 1727
52 7716.06711889153 1759
53 7715.06418486722 1791
54 7714.74743852397 1826
55 7714.33160377526 1860
56 7714.22964861741 1892
57 7714.00301572477 1925
58 7713.31542344348 1958
59 7713.08562524256 1990
60 7712.94978644241 2025
61 7712.41748572108 2059
62 7712.11356995651 2092
63 7711.93118160895 2125
64 7711.90605342726 2159
65 7711.66502268487 2191
66 7711.74513304904 2226
67 7711.50714624717 2260
68 7711.36191410436 2292
69 7711.02601490483 2325
70 7710.87456907999 2357
71 7710.85814874362 2390
72 7710.7735907055 2423
73 7710.54281207167 2457
74 7710.4362747566 2490
75 7710.41837912894 2523
76 7710.39770759563 2555
77 7710.32663232893 2588
78 7710.16249303612 2623
79 7710.15914963696 2656
80 7710.14902762705 2689
81 7710.01373299452 2721
82 7709.97881006759 2754
83 7709.97155015933 2786
84 7709.94062314526 2820
85 7709.87407133334 2860
86 7709.82165857331 2893
87 7709.79602440234 2925
88 7709.79555889396 2958
89 7709.74103798689 2991
90 7709.69635395337 3025
91 7709.70690055207 3061
92 7709.66303435311 3094
93 7709.64607228151 3126
94 7709.6139153658 3159
95 7709.60459487966 3191
96 7709.63484377604 3224
97 7709.52283222219 3259
98 7709.52147665025 3292
99 7709.49890467564 3324
100 7709.48386758899 3356
101 7709.40099243189 3389
102 7709.36818709013 3423
103 7709.39480281459 3460
104 7709.38864137512 3493
105 7709.41233539516 3525
106 7709.38272940007 3558
107 7709.32598100807 3591
108 7709.33678589195 3624
109 7709.33704862289 3657
110 7709.28025750693 3690
111 7709.31215260204 3723
112 7709.27353538273 3755
113 7709.2561575794 3787
114 7709.23822054918 3820

0 16641.5707258684 34
1 18581.5209331355 67
2 17287.9692631715 98
3 17170.3301046993 131
4 17435.8894048528 163
5 16984.0738691204 197
6 17632.8251204763 230
7 16216.7249416951 263
8 15441.3252745503 296
9 14454.6966266315 329
10 14296.9380454042 361
11 13332.7878865088 393
12 11982.0840125176 428
13 11167.9841579671 464
14 10522.4031584559 496
15 9648.14922380608 529
16 9145.27775595802 561
17 8887.84665260137 593
18 8580.33121529933 627
19 8432.55705111979 661
20 8288.80079200865 694
21 8143.48720822759 727
22 8038.4248356643 759
23 7966.70219270524 792
24 7877.95559667083 825
25 7875.13636820191 859
26 7837.11198082811 891
27 7811.3039276223 923
28 7792.19382403067 956
29 7780.65269168511 988
30 7774.99250761217 1021
31 7768.63357689407 1057
32 7757.43233102303 1091
33 7749.52934354653 1125
34 7747.37951792554 1157
35 7743.22863104993 1190
36 7740.04279686046 1224
37 7736.63197410626 1259
38 7735.63868263393 1293
39 7730.07664454542 1327
40 7730.09535897615 1359
41 7728.40035842009 1392
42 7726.21554702943 1425
43 7725.07304492896 1460
44 7723.44770008719 1493
45 7721.96755989113 1525
46 7721.61034769724 1558
47 7720.01204506052 1590
48 7719.91199235173 1623
49 7718.44787889232 1658
50 7717.60511981793 1691
51 7717.43774228606 1723
52 7716.63409915054 1756
53 7716.62119872342 1788
54 7716.34450707704 1821
55 7716.05531467324 1857
56 7715.8729941683 1893
57 7715.59785671672 1927
58 7715.09044015555 1959
59 7714.83773034997 1992
60 7714.3426164835 2025
61 7714.19362980512 2060
62 7714.11592012876 2093
63 7713.97368580326 2126
64 7714.15251145502 2158
65 7713.79425283505 2190
66 7713.52885342636 2223
67 7713.33348633516 2258
68 7712.98577838563 2291
69 7712.76047709932 2324
70 7712.72344617851 2357
71 7712.64119763871 2390
72 7712.66482838282 2422
73 7712.38839086587 2457
74 7712.31901247438 2490
75 7712.28320474551 2523
76 7712.3064623561 2556
77 7712.17429438882 2588
78 7712.22169668992 2621
79 7712.12655021061 2655
80 7711.93579120739 2689
81 7711.87281702514 2721
82 7711.87203254413 2753
83 7711.79303968037 2785
84 7711.77941452343 2818
85 7711.69864051604 2851
86 7711.71435339378 2886
87 7711.58395645056 2919
88 7711.67586191716 2952
89 7711.64110871057 2984
90 7711.55243023605 3017
91 7711.5207231713 3051
92 7711.5125841475 3085
93 7711.5256389108 3118
94 7711.50736420865 3151
95 7711.43765991888 3184
96 7711.39412864114 3216
97 7711.311399273 3249
98 7711.33653362374 3288
99 7711.31216262785 3322
100 7711.32971642689 3355
101 7711.33165514091 3387
102 7711.31364526599 3419
103 7711.26325795104 3452
104 7711.31664793762 3489
105 7711.31190802752 3522

0 16787.5014396878 33
1 15569.0089974823 65
2 16648.0097608779 98
3 18470.6243472051 130
4 17421.97103968 164
5 18037.2559465112 196
6 16934.9024842408 229
7 16751.482070926 261
8 16213.0538959052 294
9 14067.1415819397 326
10 14368.4803647436 361
11 12481.1203231488 393
12 11624.43885493 426
13 11007.2796469926 458
14 10454.3264647518 490
15 9685.7232050647 521
16 9002.27295516874 555
17 8736.79251771378 588
18 8654.82330681631 620
19 8412.94939004875 652
20 8271.33859846855 685
21 8093.46949281105 718
22 8017.30828898787 753
23 7956.34559294018 787
24 7883.27085184344 819
25 7858.62971865224 852
26 7842.37670443389 884
27 7815.5526410026 916
28 7798.21755890325 950
29 7786.02658226424 984
30 7768.02499540924 1017
31 7762.02483674402 1050
32 7761.86166047456 1082
33 7750.36513151656 1119
34 7746.74223773181 1154
35 7741.15694610963 1191
36 7742.21247358987 1224
37 7737.66177591721 1257
38 7734.53170239457 1289
39 7728.55364760182 1322
40 7729.92958615127 1356
41 7725.92073761572 1392
42 7724.96324277085 1426
43 7722.46557639142 1459
44 7721.62007710008 1491
45 7720.00704604793 1524
46 7719.32460548545 1557
47 7717.82873223776 1592
48 7718.21943056025 1624
49 7717.72653292179 1657
50 7716.85159397952 1689
51 7717.10116904057 1722
52 7715.54890830947 1756
53 7714.97106048216 1791
54 7715.13445356281 1825
55 7714.61232456029 1857
56 7714.09370427841 1890
57 7713.84837221167 1922
58 7713.49959930011 1955
59 7713.06066286589 1989
60 7712.88617097617 2023
61 7712.72352458501 2056
62 7712.42342637906 2089
63 7712.5080513123 2122
64 7712.60490636508 2155
65 7712.12633370637 2188
66 7712.12157617207 2221
67 7711.92719529306 2253
68 7711.5553865366 2286
69 7711.5322308065 2319
70 7711.30103432724 2352
71 7711.17302716715 2386
72 7711.12333616427 2419
73 7711.03648875998 2451
74 7710.94295386929 2485
75 7710.77232136355 2517
76 7710.78218964468 2550
77 7710.84040216586 2586
78 7710.68222726317 2622
79 7710.70096108852 2655
80 7710.48342502406 2688
81 7710.47310155517 2720
82 7710.4661561851 2754
83 7710.3707684025 2789
84 7710.29653295404 2824
85 7710.33584835952 2857
86 7710.27836711473 2889
87 7710.22768779379 2922
88 7710.15185599507 2954
89 7710.16343147207 2988
90 7710.09239836354 3022
91 7710.06700324594 3055
92 7710.06423155686 3088
93 7710.04314033517 3121
94 7710.05021553241 3153
95 7709.95327325582 3187
96 7709.9549519196 3221
97 7709.89154498176 3253
98 7709.89148841195 3286
99 7709.86270743404 3318
100 7709.85842856385 3351
101 7709.84018123583 3384
102 7709.81469392971 3418
103 7709.79976800285 3451
104 7709.79486588004 3484
105 7709.7869271235 3516
106 7709.78819792818 3548
107 7709.74774345432 3582
108 7709.72273090907 3617
109 7709.712220253 3651
110 7709.71020486979 3684
111 7709.68090344125 3719
112 7709.6938430616 3753
113 7709.71130487669 3787
114 7709.71549389369 3821
115 7709.69003533717 3854

0 16471.907287063 34
1 17829.0240350233 66
2 16531.8027163147 98
3 17435.742726633 131
4 15960.9932615171 170
5 16799.6120051493 204
6 18277.213207289 237
7 15317.7707247813 269
8 14874.4720414855 302
9 15365.2484214561 334
10 14916.9098361113 370
11 13693.4730090122 403
12 11670.8654848342 435
13 10748.1442575587 467
14 10719.5481544085 499
15 9757.79100649089 532
16 9231.21210776363 566
17 8733.00110549114 599
18 8670.2330937707 632
19 8425.21758838716 664
20 8300.24536028849 696
21 8103.17992205335 729
22 8012.57490923478 764
23 7954.68545937022 797
24 7894.84196578128 829
25 7851.88902406822 862
26 7833.2539864726 894
27 7816.53574540012 927
28 7815.14772005629 962
29 7784.16759463155 996
30 7775.5854581202 1028
31 7767.16616418875 1061
32 7758.78737037344 1093
33 7754.597954241 1126
34 7750.37497290851 1160
35 7743.75456041999 1193
36 7741.86651568879 1226
37 7736.24972432402 1259
38 7731.90875802058 1291
39 7731.1679325095 1324
40 7729.85025464444 1358
41 7727.1013384882 1391
42 7726.42147308716 1424
43 7725.30155386605 1456
44 7723.41748907618 1488
45 7721.30690892239 1521
46 7721.13953945227 1554
47 7719.57861319523 1592
48 7718.68968458665 1629
49 7717.99385229499 1662
50 7717.68144555208 1694
51 7716.56023729005 1726
52 7716.65865321067 1760
53 7716.10852759582 1794
54 7715.66334181027 1827
55 7715.37460172212 1859
56 7714.58971152306 1892
57 7714.21770335006 1924
58 7714.13936217867 1958
59 7713.89659686518 1994
60 7713.65048457674 2026
61 7713.55276526255 2059
62 7713.17148850883 2092
63 7712.78946213465 2124
64 7712.37917916237 2157
65 7712.38144601309 2191
66 7712.25525347598 2224
67 7711.99458028333 2260
68 7711.93480005712 2293
69 7711.76867049185 2325
70 7711.8190063092 2358
71 7711.63789567414 2392
72 7711.36894596395 2425
73 7711.45307629729 2457
74 7711.24883330174 2489
75 7711.16182923684 2522
76 7711.20334683977 2554
77 7711.33669431154 2589
78 7711.08594998078 2622
79 7710.88368216502 2654
80 7710.91683187759 2687
81 7710.83300040843 2719
82 7710.8110791094 2751
83 7710.75596663246 2785
84 7710.57054806913 2820
85 7710.53825994965 2853
86 7710.48363678875 2885
87 7710.41425345338 2918
88 7710.46700514611 2951
89 7710.37573255314 2989
90 7710.26055619648 3025
91 7710.2282883387 3057
92 7710.23197227636 3090
93 7710.21416138368 3122
94 7710.1587065354 3155
95 7710.12507837944 3191
96 7710.07895743103 3225
97 7710.09786491554 3258
98 7710.05356724485 3290
99 7710.05720389706 3323
100 7710.00452218462 3355
101 7709.94312199541 3389
102 7709.88645336019 3422
103 7709.89728289865 3455
104 7709.88690619574 3487
105 7709.86614919074 3519
106 7709.91685474974 3551
107 7709.88344331418 3584
108 7709.83834997123 3619
109 7709.8270529504 3652
110 7709.77109924521 3685
111 7709.77474128845 3717
112 7709.77958187437 3750
113 7709.79005804005 3784

0 17323.837375186 35
1 16843.5256414899 67
2 17682.2631537117 99
3 16600.5427261399 131
4 16883.3040082502 163
5 17466.2487818871 197
6 17094.8616695495 231
7 16927.5764182078 263
8 16547.2526523045 297
9 14997.4054674343 329
10 13685.4375891854 361
11 13822.6193325075 394
12 11948.4632022581 428
13 11173.8457114651 461
14 10649.0539383873 493
15 9917.53187670427 525
16 9167.28287613419 557
17 8879.0899537552 589
18 8601.62564527478 627
19 8447.00449901193 664
20 8259.30318686448 697
21 8139.29812193656 729
22 8069.95163681005 761
23 7959.3577898233 794
24 7901.45596138877 828
25 7869.09814528832 861
26 7842.38986469302 894
27 7818.01927594242 926
28 7801.24934922303 960
29 7793.90315483528 992
30 7777.69928880211 1026
31 7768.00368143774 1060
32 7760.86405349226 1092
33 7753.61519790844 1125
34 7749.54464501288 1157
35 7746.44623374883 1191
36 7737.87205862997 1225
37 7734.50884863377 1259
38 7734.05484657895 1292
39 7731.54587283674 1324
40 7728.67430725138 1357
41 7725.53366564944 1389
42 7724.96509644532 1423
43 7722.68347367483 1458
44 7721.4210971702 1491
45 7719.25459936708 1523
46 7719.84121062695 1555
47 7718.69301239734 1588
48 7717.36450859163 1621
49 7717.09875460121 1655
50 7716.86137412237 1688
51 7716.09928289808 1721
52 7715.89449356078 1754
53 7715.35566194493 1786
54 7714.52001079116 1819
55 7714.57113880538 1854
56 7713.62264532309 1886
57 7713.20891379703 1919
58 7712.61107533293 1951
59 7712.59275474399 1983
60 7712.37461492178 2017
61 7712.56794453488 2057
62 7712.36497909867 2093
63 7712.16975839427 2127
64 7712.11631563346 2159
65 7711.76140936979 2192
66 7711.72052008255 2226
67 7711.39830915416 2260
68 7711.23574575571 2294
69 7711.18428846875 2326
70 7710.95830989774 2359
71 7710.92311855628 2391
72 7710.85303651256 2423
73 7710.88255520015 2459
74 7710.58554909748 2492
75 7710.46938859709 2524
76 7710.44294320477 2557
77 7710.40061859313 2589
78 7710.31266795792 2622
79 7710.40794408654 2656
80 7710.2350363454 2689
81 7710.17725742589 2722
82 7710.13897841419 2754
83 7710.06622728174 2786
84 7710.02621892187 2819
85 7710.04303617717 2852
86 7709.94538202939 2886
87 7709.90394340372 2918
88 7709.86846990273 2951
89 7709.85561789505 2983
90 7709.76762409765 3015
91 7709.7008285011 3049
92 7709.69151644751 3082
93 7709.6689671924 3115
94 7709.60206619986 3147
95 7709.6809895491 3180
96 7709.67837997722 3212
97 7709.57836026176 3246
98 7709.56839087155 3280
99 7709.55687012016 3313
100 7709.60414390965 3345
101 7709.58313752674 3378
102 7709.53164997034 3411
103 7709.52732965232 3445
104 7709.54537590343 3483
105 7709.48042605123 3520
106 7709.46771566403 3553
107 7709.42046156117 3585
108 7709.44399848904 3618
109 7709.42680092692 3651
110 7709.3932721446 3686
111 7709.40002435202 3719
112 7709.42518225255 3752
113 7709.416273959 3784
114 7709.37891906695 3816

0 16764.6149246073 34
1 16853.6918393529 67
2 16720.6203020585 99
3 17538.7033483803 131
4 17957.9716606825 163
5 18589.0369814677 195
6 16381.8682049829 227
7 14873.0827000502 262
8 14663.3068531251 295
9 15418.7590512338 327
10 14709.1091603112 360
11 12994.6681439463 392
12 12048.6577754074 425
13 10915.3928686111 459
14 10861.4977925605 492
15 9758.37457519436 524
16 9156.37118507181 556
17 8848.97793405561 588
18 8585.05632546775 620
19 8380.53035631571 654
20 8339.68530440904 687
21 8152.70941516734 720
22 8028.88715681814 753
23 7933.32845588786 785
24 7892.70643676265 818
25 7863.35852304196 851
26 7832.79838278434 885
27 7804.22152539648 918
28 7804.00121576887 950
29 7786.29294530262 983
30 7773.94734994614 1015
31 7770.12255575463 1049
32 7759.97995435574 1086
33 7752.55951637357 1120
34 7751.24691471124 1152
35 7744.04259870066 1185
36 7739.35021776044 1217
37 7738.22835459186 1252
38 7735.87891169013 1287
39 7732.42096298016 1320
40 7731.23072443227 1353
41 7728.30157118138 1385
42 7728.14660302434 1418
43 7725.41141643534 1451
44 7724.13628407836 1485
45 7723.12980211118 1518
46 7722.39179820262 1550
47 7721.51774051626 1583
48 7721.16639025595 1616
49 7720.16078824569 1649
50 7718.85619195981 1683
51 7718.49698015651 1716
52 7718.11780495821 1748
53 7717.89913280951 1781
54 7718.03142324281 1814
55 7717.68361903609 1846
56 7716.6927539978 1881
57 7715.81433946918 1914
58 7715.70028525949 1947
59 7715.56618140691 1979
60 7715.36228734951 2012
61 7715.10518143661 2044
62 7714.8410123788 2078
63 7714.63949467537 2111
64 7714.36813023833 2143
65 7714.23954583743 2176
66 7714.25351493588 2208
67 7714.01722288203 2241
68 7713.72092340624 2275
69 7713.62116729555 2308
70 7713.52798479829 2341
71 7713.42238173985 2373
72 7713.43308496093 2406
73 7713.34228893994 2438
74 7713.29451466482 2473
75 7713.02322865763 2510
76 7712.91193776921 2543
77 7712.90914553647 2576
78 7712.77319069815 2608
79 7712.83761299022 2641
80 7712.71740188199 2675
81 7712.64467178412 2709
82 7712.71898378471 2742
83 7712.71910081613 2775
84 7712.63243344831 2807
85 7712.4582165244 2839
86 7712.43562744662 2873
87 7712.36820255694 2906
88 7712.42631540463 2940
89 7712.46433122299 2972
90 7712.39746558205 3005
91 7712.4160235438 3037
92 7712.38304439274 3070
93 7712.31147264261 3104
94 7712.32239858999 3137
95 7712.33329502132 3169
96 7712.29662882817 3202
97 7712.1988055232 3234
98 7712.17322592573 3267
99 7712.17063916029 3300
100 7712.18095192245 3333
101 7712.1331257243 3366
102 7712.06541115043 3399
103 7712.06171275653 3431
104 7712.01640089702 3463
105 7712.00229404974 3497
106 7711.97483879732 3531
107 7711.96550822651 3564
108 7711.94664173561 3596
109 7711.94610354624 3628
110 7711.91981458759 3661
111 7711.89938791869 3695
112 7711.88793807545 3729
113 7711.84479080116 3761
114 7711.86126830478 3794

0 17379.63990771 33
1 17243.6882938204 65
2 17161.7029592285 100
3 16993.1581194085 136
4 18039.8972382369 169
5 15844.6521810799 201
6 17342.4331864544 233
7 16557.7300494721 265
8 15692.7125099848 299
9 14531.6268174562 335
10 14191.5058389926 368
11 12644.5538147261 401
12 11341.997921491 433
13 10720.1179625864 465
14 10600.0925509145 499
15 9721.04235067546 534
16 9261.3051373221 568
17 8971.95739820916 600
18 8659.31149438979 632
19 8374.34259250767 664
20 8268.41478313408 697
21 8146.21972642555 731
22 8019.40732449906 764
23 7953.45902041404 797
24 7916.21335165681 829
25 7873.98063843112 863
26 7831.5818130499 898
27 7822.78847598641 933
28 7807.19071552176 967
29 7788.3806744852 1000
30 7772.16703335764 1033
31 7769.92874623299 1065
32 7762.741644701 1097
33 7756.62942255597 1132
34 7747.78523250655 1165
35 7744.49996440447 1198
36 7741.50619049238 1230
37 7736.60859763115 1263
38 7734.81299557192 1295
39 7731.98447100052 1329
40 7727.57058864201 1363
41 7727.31725677462 1395
42 7725.50530294485 1427
43 7722.88809721971 1460
44 7722.21561974332 1492
45 7721.44976286548 1528
46 7720.62579655027 1565
47 7719.36116715941 1597
48 7719.31668446847 1630
49 7717.62653695171 1662
50 7717.77413602751 1695
51 7716.55783966194 1730
52 7716.16398533354 1765
53 7715.89265895249 1798
54 7715.19973072791 1830
55 7714.66611566825 1865
56 7714.47936749211 1897
57 7713.98567247608 1930
58 7714.22979185843 1965
59 7713.33919795398 1997
60 7713.18355952072 2030
61 7712.96637863771 2062
62 7712.57199259825 2094
63 7712.46837517081 2128
64 7712.28329550836 2161
65 7712.22735199262 2194
66 7712.24244644383 2226
67 7711.9749788449 2258
68 7711.91032522973 2290
69 7711.81856141847 2324
70 7711.40733439838 2358
71 7711.36661760024 2391
72 7711.23590427494 2423
73 7711.28546480777 2456
74 7711.2314821439 2488
75 7711.02007732119 2520
76 7710.99219037602 2554
77 7710.8662406668 2587
78 7710.98474388148 2620
79 7710.81252124839 2652
80 7710.82596906457 2685
81 7710.72554596692 2718
82 7710.67450574344 2752
83 7710.5894951258 2785
84 7710.54131041061 2818
85 7710.47491459311 2851
86 7710.47734606658 2884
87 7710.43955971038 2916
88 7710.39863560644 2952
89 7710.43152975979 2990
90 7710.32484872533 3024
91 7710.32398993364 3056
92 7710.3036865188 3088
93 7710.30122910587 3121
94 7710.25734199245 3155
95 7710.19131464352 3188
96 7710.17715083521 3220
97 7710.19772239207 3253
98 7710.12641404656 3285
99 7710.11372080793 3318
100 7710.11365838149 3353
101 7710.0778795565 3387
102 7710.05499418332 3419
103 7710.0887276213 3452
104 7710.04718410971 3484
105 7710.03334856337 3517
106 7710.00356776275 3550
107 7709.9930755189 3584
108 7709.9962311157 3616
109 7709.97406849897 3649
110 7709.9511047061 3681

0 17103.0200778713 33
1 16304.1774688372 67
2 16122.7178453885 101
3 17093.4164401624 133
4 16616.5598393511 166
5 16556.4443145181 198
6 18361.0438491878 230
7 17143.5057164764 264
8 15236.8313343573 299
9 14121.7102345127 331
10 13399.4654646289 364
11 12394.0442675492 396
12 11823.5382565214 428
13 11165.5813064271 460
14 10538.2544459002 494
15 9567.97916825159 527
16 9154.81674304109 559
17 8955.15582858743 591
18 8599.23026340505 623
19 8459.62182429527 655
20 8279.82150312668 692
21 8096.34667694908 728
22 8010.97549945631 761
23 7953.79038009118 793
24 7918.24795104543 826
25 7872.54577314014 859
26 7844.23091039529 895
27 7823.78320226801 930
28 7796.17507866568 963
29 7783.85119851728 996
30 7773.5874077649 1029
31 7761.8534420985 1062
32 7758.15329639068 1096
33 7751.36103064476 1130
34 7745.67869419044 1164
35 7747.59461157194 1196
36 7743.54586125473 1229
37 7738.52342806501 1262
38 7734.57917283015 1296
39 7730.82522064229 1330
40 7727.33742048862 1362
41 7728.19734376937 1395
42 7726.52404596787 1428
43 7724.17210074044 1460
44 7724.64761617739 1495
45 7723.05449973246 1528
46 7721.5584110831 1561
47 7720.7952474763 1593
48 7719.33508361161 1626
49 7719.16323452383 1658
50 7718.62610808901 1692
51 7718.09867920606 1726
52 7717.66560555879 1758
53 7716.97699979386 1791
54 7716.36530099329 1824
55 7716.28943276268 1856
56 7715.66830699126 1890
57 7715.33133458598 1925
58 7715.11890415526 1957
59 7714.94331746223 1990
60 7714.84338195934 2022
61 7714.15671442919 2055
62 7714.10935539638 2088
63 7713.78167040136 2127
64 7713.62084167834 2161
65 7713.20545953735 2194
66 7713.11892318731 2230
67 7712.95941858555 2264
68 7713.02233144122 2298
69 7712.88063768164 2334
70 7712.83639640997 2367
71 7712.70270413587 2400
72 7712.63116148587 2432
73 7712.49316741508 2464
74 7712.40082735211 2499
75 7712.28995474908 2534
76 7712.17437548654 2566
77 7712.19121623265 2598
78 7712.15513029945 2631
79 7712.19301535251 2663
80 7712.01950729787 2696
81 7711.88851953103 2731
82 7711.84433155749 2764
83 7711.87764193039 2797
84 7711.78085755781 2830
85 7711.73781238849 2862
86 7711.74544236765 2895
87 7711.56260712572 2929
88 7711.63250439055 2962
89 7711.60516208701 2995
90 7711.56939901323 3028
91 7711.593296834 3061
92 7711.50181530306 3094
93 7711.51602743793 3130
94 7711.465181417 3165
95 7711.40017279141 3198
96 7711.41912959845 3230
97 7711.37372115161 3263
98 7711.31318303726 3296
99 7711.32161302699 3331
100 7711.27426532969 3366
101 7711.25442735884 3399
102 7711.24965495303 3432
103 7711.232627864 3464
104 7711.24181924708 3497
105 7711.21510167122 3533
106 7711.20532785111 3570
107 7711.24623407168 3603
108 7711.24897998898 3636
109 7711.22625070685 3668
110 7711.19066562413 3701
111 7711.16396232008 3735
112 7711.12098249497 3769

0 16208.4400504433 33
1 17393.4002675268 65
2 16564.0880731843 98
3 17917.1674075558 130
4 16657.529729175 164
5 17325.5226906491 197
6 17127.6252248267 230
7 17150.5547974233 263
8 16387.5710302061 296
9 15557.5694551897 329
10 13523.6718975738 363
11 12740.5848706818 397
12 11723.2888309821 429
13 10933.3766385366 462
14 10447.5193229798 494
15 9891.27671366193 526
16 9195.26976274564 560
17 8955.02329999016 593
18 8666.02024001246 625
19 8524.74360341753 657
20 8270.97347478997 689
21 8173.95768835357 722
22 8027.81034345363 756
23 7942.06184610782 789
24 7898.53272605128 822
25 7863.69439000986 855
26 7842.05463307988 887
27 7815.87520106126 920
28 7804.38252738422 953
29 7787.22616239859 987
30 7773.62597654935 1021
31 7767.67326195915 1055
32 7756.29956488733 1087
33 7755.36744696345 1119
34 7750.60143284012 1152
35 7743.82862373865 1192
36 7741.56485814371 1225
37 7735.72613437584 1258
38 7732.93181731987 1290
39 7731.17627175676 1323
40 7728.5300264882 1356
41 7727.1674177177 1393
42 7724.49657590651 1426
43 7723.74898728837 1459
44 7722.9533033745 1491
45 7722.0801228305 1524
46 7720.69520869987 1557
47 7719.46078560255 1591
48 7718.71983031931 1624
49 7718.08289340695 1657
50 7716.80245795749 1689
51 7716.39665736528 1721
52 7716.58310098901 1753
53 7715.68620455768 1788
54 7715.18164134516 1821
55 7714.3381139258 1854
56 7714.60514965508 1886
57 7714.82330446952 1919
58 7714.09341693084 1951
59 7713.9578390552 1985
60 7713.5249261455 2019
61 7713.16133998026 2052
62 7712.96136510174 2084
63 7712.6272952828 2117
64 7712.72547159877 2149
65 7712.44301992815 2183
66 7712.22533503669 2217
67 7711.8371665146 2249
68 7711.71732684374 2281
69 7711.66449822705 2314
70 7711.50509983438 2347
71 7711.40209423035 2380
72 7711.39958405088 2415
73 7711.29454061633 2448
74 7711.071688844 2481
75 7711.12903785703 2514
76 7711.03506960105 2546
77 7710.95246144416 2579
78 7710.86641776659 2619
79 7710.90518832969 2651
80 7710.7865961303 2685
81 7710.7401633078 2717
82 7710.65877632032 2750
83 7710.55850587114 2783
84 7710.49560265109 2819
85 7710.48134328226 2853
86 7710.38576432003 2885
87 7710.42614301398 2918
88 7710.40091988207 2950
89 7710.34047571682 2983
90 7710.31275766719 3018
91 7710.23413738248 3051
92 7710.26182482832 3083
93 7710.18006808303 3116
94 7710.13772983348 3148
95 7710.12386567135 3181
96 7710.12131247157 3215
97 7710.00665598209 3248
98 7709.97837582457 3280
99 7710.03202746336 3313
100 7710.02413072503 3346
101 7710.00426320631 3378
102 7709.95674326372 3413
103 7709.95793611566 3447
104 7709.93179332087 3483
105 7709.89992760421 3516
106 7709.9058838561 3548
107 7709.87611227168 3581
108 7709.86383701971 3615

0 17141.9054223732 33
1 16811.4783554577 66
2 18003.1556400417 98
3 17273.2449055235 130
4 17261.7703312601 162
5 16760.2509215253 196
6 16407.0003657538 229
7 18904.1254949238 262
8 16084.3296719799 294
9 14726.141314964 326
10 14165.8293901016 358
11 13057.0772252291 394
12 11397.4534659413 431
13 11120.8929595488 463
14 10378.4412826228 495
15 9647.5031379334 527
16 9182.30318383786 559
17 8828.05399977847 593
18 8555.45725079715 628
19 8509.91243617555 661
20 8238.0569022969 694
21 8143.11871750612 727
22 8029.80894089427 759
23 7932.08647276893 794
24 7904.07330349588 827
25 7874.67798878929 860
26 7843.09819861929 892
27 7819.57901655677 925
28 7801.35053727117 958
29 7791.39682433 991
30 7777.38924332952 1026
31 7766.74317720642 1059
32 7761.85623815537 1092
33 7753.15730528489 1124
34 7751.23086693807 1156
35 7745.27287166788 1190
36 7740.4066287582 1224
37 7735.53343721557 1257
38 7730.82615477798 1289
39 7728.95593043135 1322
40 7728.58062619411 1354
41 7726.21865090525 1387
42 7725.60495327509 1421
43 7723.12952644696 1454
44 7721.63683647755 1486
45 7720.61615757761 1518
46 7719.8672600469 1550
47 7718.99575612751 1582
48 7718.90630811547 1616
49 7717.24893393432 1649
50 7716.21971302771 1681
51 7715.87762124685 1715
52 7715.75732311131 1747
53 7715.30688740631 1780
54 7714.7283992633 1817
55 7714.88139457886 1853
56 7714.07546500577 1888
57 7713.88731664347 1921
58 7713.13971308561 1954
59 7712.98733886976 1986
60 7712.64415764527 2020
61 7712.32301685535 2054
62 7712.2491322869 2087
63 7712.01348181922 2120
64 7711.75559773645 2152
65 7711.64992048417 2184
66 7711.74579187493 2218
67 7711.44537851781 2252
68 7711.45876378724 2284
69 7711.25380126292 2316
70 7711.16770502758 2349
71 7710.98506065247 2381
72 7711.02286716773 2414
73 7710.9301775601 2448
74 7710.67168863643 2481
75 7710.64152486427 2514
76 7710.44088765794 2546
77 7710.39903873593 2578
78 7710.34210156993 2612
79 7710.41702000793 2646
80 7710.28574370031 2679
81 7710.22617530425 2712
82 7710.13848044433 2744
83 7710.10963431442 2777
84 7710.10219491633 2810
85 7709.9569549629 2844
86 7709.93636779303 2877
87 7709.8099695033 2909
88 7709.81099296528 2942
89 7709.72698200946 2974
90 7709.73501427436 3007
91 7709.65771739166 3041
92 7709.65691592731 3074
93 7709.69622503284 3107
94 7709.67634747043 3140
95 7709.64278907227 3172
96 7709.6072056458 3204
97 7709.5532262887 3245
98 7709.55017470722 3278
99 7709.56803916193 3311
100 7709.58290485683 3343
101 7709.61835073114 3375
102 7709.5339877801 3408
103 7709.5070920392 3443
104 7709.5169007592 3477
105 7709.46086493286 3510
106 7709.44220226884 3543
107 7709.41976479857 3575
108 7709.41862034735 3608

0 17379.3931922276 35
1 17253.6482478185 68
2 18056.5849314417 102
3 18413.5961011792 134
4 16969.5851309617 166
5 15938.4253494294 198
6 16661.7191755091 232
7 15910.833368967 266
8 16161.6418783284 299
9 14604.3957998416 331
10 13551.399746724 364
11 13363.5559500424 396
12 11754.0595695216 429
13 10948.6767617153 463
14 10696.693736738 495
15 9663.16838414744 527
16 9211.43326540775 559
17 8767.04480601313 590
18 8619.5630689894 623
19 8460.5566362984 657
20 8258.44142429506 690
21 8097.69035390619 722
22 8040.66472786857 755
23 7965.92926240561 788
24 7912.63925906407 821
25 7864.4135401196 855
26 7839.6836628183 888
27 7811.08002837175 921
28 7803.56848899782 953
29 7784.45619367639 985
30 7782.0353925318 1018
31 7771.40127434927 1054
32 7764.25071650242 1090
33 7757.37580872871 1122
34 7750.43853736792 1154
35 7744.43370967945 1187
36 7741.63739911877 1220
37 7738.04840953773 1257
38 7734.7723883657 1293
39 7731.25399593324 1326
40 7726.04981759034 1359
41 7726.90433799485 1391
42 7725.56248415816 1423
43 7724.41006973242 1457
44 7721.82866452452 1491
45 7721.26988415662 1523
46 7719.39371862362 1556
47 7719.39000325751 1588
48 7718.93172215731 1620
49 7717.5702287477 1654
50 7717.04410864378 1688
51 7716.5508045858 1720
52 7715.51317598112 1752
53 7715.29259526312 1785
54 7714.60003012774 1818
55 7714.25963547507 1852
56 7714.29376595137 1885
57 7713.72931128068 1917
58 7713.437058859 1950
59 7712.82879222169 1982
60 7712.67584870877 2015
61 7712.88309949029 2048
62 7712.53853847937 2082
63 7712.11504939737 2115
64 7712.13924640427 2147
65 7711.91432439924 2180
66 7711.7409250813 2213
67 7711.63245108651 2246
68 7711.54166215964 2280
69 7711.61651392024 2313
70 7711.41097986662 2345
71 7711.37311055324 2378
72 7711.24924503523 2410
73 7711.12853350422 2443
74 7710.99648427433 2481
75 7710.87473149007 2516
76 7710.79029875617 2549
77 7710.62114821853 2581
78 7710.68318018861 2613
79 7710.64657688307 2645
80 7710.5560890539 2681
81 7710.31602115789 2715
82 7710.37551605241 2747
83 7710.27177948914 2780
84 7710.31356694254 2813
85 7710.25827451393 2845
86 7710.19290896974 2879
87 7710.10359103527 2912
88 7710.1104128044 2945
89 7710.04682722758 2977
90 7709.95908844132 3010
91 7709.92426548101 3042
92 7709.93071453791 3076
93 7709.89557632237 3110
94 7709.85836317972 3143
95 7709.87758914113 3176
96 7709.85375606413 3209
97 7709.80560703843 3241
98 7709.82944617196 3275
99 7709.81664436583 3308
100 7709.77594375555 3341
101 7709.74421241442 3373
102 7709.77036793489 3406
103 7709.70535439359 3438
104 7709.73559279272 3471
105 7709.70524140382 3505
106 7709.69346612362 3538
107 7709.6369979358 3570
108 7709.61490117882 3603
109 7709.61916629495 3635
110 7709.62108173351 3669
111 7709.57896435661 3702
112 7709.60407712591 3736
113 7709.58924589612 3768
114 7709.56729463347 3801
115 7709.56277706404 3833

