0 96443.1634503302 84
1 101987.136288429 170
2 88039.203872018 255
3 84450.560315749 336
4 57910.0978499791 423
5 40157.0525357572 504
6 30298.403520271 587
7 26680.830473572 669
8 24912.864072604 752
9 23710.9391189681 840
10 23298.9298313599 918
11 22971.5887760312 1002
12 22839.4635859123 1088
13 22803.3474925641 1172
14 22795.3427581928 1258
15 22793.1772121198 1337
16 22792.3476766948 1423
17 22791.995754493 1504
18 22791.8294152699 1585
19 22791.7447168597 1669

0 94762.2266594851 85
1 104920.397705815 174
2 92057.3864898138 257
3 78238.4109008455 341
4 58944.3032721495 426
5 39349.0223213099 509
6 31187.3277825257 597
7 26783.3187627178 678
8 24768.3147016248 772
9 23732.5595994925 854
10 23284.7915251035 936
11 22977.7247922013 1021
12 22839.1233832154 1102
13 22807.4696872538 1191
14 22799.0413028046 1271
15 22796.390400947 1354
16 22795.3645956118 1438
17 22794.9163209394 1522
18 22794.6986910004 1608
19 22794.588163662 1688

0 98126.2507275084 87
1 102642.622027633 170
2 99436.1782325877 254
3 89699.3713368196 340
4 64961.91828876 422
5 39155.1032741222 517
6 30871.4633909864 602
7 27026.2455652019 685
8 24849.1491498767 767
9 23694.0805238289 851
10 23291.8852794133 938
11 22972.7330770247 1018
12 22842.4776416278 1103
13 22808.9324650559 1184
14 22801.0617789328 1264
15 22798.653177784 1349
16 22797.7081097606 1429
17 22797.2853208781 1519
18 22797.0774795552 1604
19 22796.970828825 1694

0 91470.8168217155 85
1 106314.384527712 169
2 99009.3718154207 256
3 83802.5656709732 336
4 62155.3299497536 421
5 41245.3424950795 503
6 31992.4976173799 584
7 27093.4142710257 669
8 25335.0889156268 749
9 23881.0914110174 835
10 23458.182969531 920
11 23126.0434019013 1003
12 22969.4672229164 1085
13 22926.3650534649 1167
14 22915.7398070382 1255
15 22912.0922700982 1335
16 22910.5309012706 1425
17 22909.7744034869 1507
18 22909.3937439099 1589
19 22909.1946667956 1673

0 99145.151276811 84
1 98330.3753961996 170
2 98611.8011122113 255
3 86876.5916658802 339
4 56516.1519298602 422
5 39544.3514569185 505
6 30832.6634077196 595
7 26866.2368506907 677
8 24896.4503438387 762
9 23787.8670071825 844
10 23308.4935178516 924
11 22980.3610495032 1013
12 22849.655668094 1093
13 22817.9464015535 1182
14 22809.8316978754 1269
15 22807.3400531257 1353
16 22806.3279715614 1439
17 22805.8677946849 1522
18 22805.6388977682 1610
19 22805.5215217995 1690

0 110248.183810257 92
1 111021.037387385 179
2 90780.4118142986 265
3 82781.1939830892 355
4 59567.5640994827 438
5 40212.7587603902 528
6 29936.4015609992 621
7 26801.1595146263 713
8 24869.0816085936 795
9 23760.7777530205 886
10 23263.8619726055 969
11 22967.5337814651 1055
12 22835.7581740889 1141
13 22803.5912874045 1222
14 22795.1796326355 1310
15 22792.8301806473 1395
16 22791.975121927 1481
17 22791.5925759922 1567
18 22791.4081684527 1650
19 22791.3150575837 1740

0 98520.3320734241 86
1 100638.570480015 174
2 97168.6749142403 258
3 92455.8823274156 341
4 61222.1971595867 430
5 43243.885377412 513
6 31243.9644767442 610
7 26705.4761546601 694
8 24866.2390963748 782
9 23693.9208557408 864
10 23291.1735107638 944
11 22975.8934598984 1029
12 22838.9038559007 1110
13 22806.3416844462 1199
14 22798.8839071571 1281
15 22796.5985294521 1361
16 22795.7476127463 1445
17 22795.3822258253 1525
18 22795.2082650798 1610
19 22795.1191951854 1692

0 101668.855708158 86
1 97832.6857489445 176
2 96031.8093313531 257
3 75752.6327471568 348
4 54557.2326882253 432
5 37775.2732436694 520
6 30650.2186947379 603
7 26340.8114026481 684
8 24851.9325457878 767
9 23730.8686553584 846
10 23275.5347349253 933
11 22988.6420776128 1016
12 22853.4246597732 1099
13 22822.7261448926 1183
14 22814.6364595124 1263
15 22812.1632825927 1350
16 22811.1811569511 1434
17 22810.7406302557 1526
18 22810.5210820664 1610
19 22810.4088191811 1690

0 96988.520027664 87
1 111950.633887966 172
2 89828.4964316539 260
3 86047.5094300477 342
4 56826.3823217533 426
5 39291.5475201376 509
6 31184.9433222764 592
7 27023.4468991315 679
8 24778.0114476686 763
9 23731.1078214344 851
10 23287.9217175216 935
11 23002.3826537466 1017
12 22855.0724997903 1100
13 22823.0592274037 1178
14 22815.1427366015 1273
15 22812.5831811386 1355
16 22811.5764389471 1440
17 22811.1033258706 1522
18 22810.872067847 1601
19 22810.7532861761 1692

0 101893.072379985 87
1 101877.478106978 177
2 99274.8819833543 263
3 87790.825850576 346
4 61394.0039799774 431
5 41599.0150909758 512
6 31169.6597197224 601
7 27446.4592387707 682
8 25103.4021977852 768
9 23940.7810344659 851
10 23437.7107003664 933
11 23084.1204091702 1025
12 22939.0447999528 1108
13 22898.8511025964 1201
14 22888.4405919174 1283
15 22884.874771764 1367
16 22883.3913191176 1455
17 22882.6938548547 1537
18 22882.3438450309 1623
19 22882.1618906116 1702

0 94734.9769071801 89
1 101948.33109589 171
2 103782.710903869 255
3 82375.8000673263 341
4 57692.601652221 423
5 40568.0858405788 517
6 31616.1137208445 601
7 26652.8081560449 689
8 25062.3679634073 772
9 23725.3431531811 852
10 23282.6488384546 939
11 22988.6538937046 1017
12 22843.1608784965 1101
13 22807.6601004981 1183
14 22799.7079667492 1264
15 22797.3876326458 1350
16 22796.5047988313 1432
17 22796.118068059 1520
18 22795.932228179 1603
19 22795.8378249005 1684

0 91024.7728568986 82
1 102119.967708231 161
2 95583.062015599 254
3 86404.9332868606 336
4 61139.9939732278 424
5 38639.060401483 507
6 30143.1707926035 588
7 26073.9233897728 672
8 24995.7526991925 753
9 23742.9515236768 840
10 23251.4253274737 921
11 22967.5053537334 1001
12 22839.2069327356 1085
13 22804.5073308517 1164
14 22796.4544288207 1251
15 22794.0324044592 1332
16 22793.1051469164 1413
17 22792.7033884716 1496
18 22792.5105665577 1576
19 22792.4133611863 1673

0 96605.8942110205 84
1 102379.651622366 171
2 104214.848635442 255
3 81068.3670494466 337
4 64327.8987037562 423
5 39481.7841491004 502
6 30983.3766819865 586
7 26819.3459611105 668
8 24711.3486321017 750
9 23717.3722170678 833
10 23304.023643936 912
11 22968.0880212404 998
12 22842.2048062139 1081
13 22810.3805705901 1165
14 22802.398489439 1248
15 22799.8593997619 1327
16 22798.8954092836 1418
17 22798.4649726097 1497
18 22798.2555775006 1585
19 22798.1490495891 1667

0 91312.1426015521 85
1 95986.7041384532 174
2 103519.442753332 257
3 86509.0226378204 345
4 59962.5169276738 429
5 40616.2231325374 515
6 30799.9008649118 598
7 26862.4821419768 678
8 24940.3223682691 766
9 23715.4819551652 845
10 23278.9244364175 929
11 22974.2924905098 1011
12 22839.8040923838 1092
13 22805.5093247267 1183
14 22797.2109643929 1262
15 22794.836675759 1347
16 22793.9771706405 1430
17 22793.5978422881 1514
18 22793.4148998641 1600
19 22793.3226774409 1681

0 108645.820848649 87
1 103249.606518663 169
2 99447.9381009423 254
3 80974.2510139967 337
4 56949.2255093702 418
5 41021.1295470431 506
6 31905.3212838294 584
7 27280.2332738121 667
8 24763.2267385439 751
9 23736.76939825 837
10 23340.9340852157 923
11 22997.6166310397 1003
12 22861.713654479 1092
13 22825.1267654842 1174
14 22817.0323780155 1256
15 22814.5047511833 1340
16 22813.5304694524 1422
17 22813.091609607 1510
18 22812.876377597 1590
19 22812.7660935035 1674

0 96990.2288406359 84
1 93952.4185027188 169
2 88881.4086592425 255
3 78782.1628701719 335
4 61077.0809238218 420
5 39050.8172120729 503
6 30518.4269007945 587
7 26647.0346643691 673
8 24840.3819777568 752
9 23725.8029010263 839
10 23238.0675036538 921
11 22965.4694513168 1004
12 22833.4201698863 1087
13 22800.1825121652 1169
14 22792.6321345004 1257
15 22790.412666059 1337
16 22789.6063611089 1422
17 22789.2503467578 1504
18 22789.0787055493 1584
19 22788.9920026124 1669

0 91443.2309571745 84
1 93976.1454008671 169
2 89402.8258559955 254
3 77768.0372175564 341
4 58422.6659867027 427
5 40460.5502905839 509
6 30634.030848054 600
7 26999.040109303 681
8 24751.8758300003 763
9 23719.4701932118 848
10 23286.4601868386 928
11 22967.7591196554 1020
12 22833.5387182876 1102
13 22800.2798356435 1189
14 22793.2473993412 1272
15 22791.2869464325 1353
16 22790.5481258169 1436
17 22790.2203284594 1516
18 22790.0644835572 1603
19 22789.9856689383 1684

0 93080.5163634502 92
1 91670.4677550676 182
2 91405.2064828981 276
3 82556.2279165373 369
4 55075.8125349829 463
5 40497.261882483 559
6 30954.167626876 649
7 26941.2360306696 745
8 24944.1443558341 839
9 23733.1724849692 935
10 23288.9871501433 1030
11 22979.2179561468 1131
12 22848.6447703285 1223
13 22816.7802180859 1321
14 22808.8530596305 1414
15 22806.2547905223 1514
16 22805.2519191563 1606
17 22804.7884602332 1698
18 22804.5587015704 1797
19 22804.4403586424 1895

0 102762.429056274 85
1 114581.978282005 168
2 95431.9870072239 264
3 84455.5858919431 345
4 55555.5386244877 428
5 40084.581835756 512
6 31531.2071637254 594
7 26540.2649950202 676
8 24665.249567253 755
9 23726.4629183765 838
10 23313.3511113666 919
11 22959.8972373895 1002
12 22836.6653281393 1085
13 22802.7395780011 1163
14 22794.9054586324 1252
15 22792.7506635612 1332
16 22791.9670707106 1412
17 22791.6266058383 1497
18 22791.461554183 1575
19 22791.3779702014 1661

0 105527.858925395 82
1 99365.1696480302 163
2 98390.3026545134 248
3 90799.7032435671 331
4 57618.7243415562 421
5 40365.2421101513 503
6 30786.8027055856 587
7 27298.284824167 668
8 24979.7323475164 748
9 23777.884495479 836
10 23284.850198753 919
11 22970.4193572215 1004
12 22839.6408640119 1086
13 22805.2909978422 1167
14 22797.0656122018 1249
15 22794.5942893905 1331
16 22793.6324343032 1415
17 22793.2045751414 1494
18 22793.0000560838 1574
19 22792.8954039493 1662

0 98779.3258235435 83
1 97552.166510167 172
2 90509.137673342 258
3 86595.1985895474 343
4 58530.7543345625 427
5 39232.7537912306 510
6 30420.6659375385 595
7 26571.7734523497 675
8 24841.7416961894 761
9 23689.3548923801 840
10 23263.1123535609 920
11 22977.5806497614 1006
12 22842.5834244917 1084
13 22809.111017513 1168
14 22801.0883000077 1251
15 22798.5991915333 1331
16 22797.6141646841 1418
17 22797.1583882007 1498
18 22796.934354607 1584
19 22796.8200971843 1666

0 97906.8033997859 85
1 93865.0787084962 165
2 97594.8678211124 246
3 93582.0617305552 341
4 60287.7096479376 425
5 39400.6062048795 511
6 31621.7666681121 594
7 26589.6021681564 675
8 24909.9879290835 760
9 23762.5429190619 839
10 23275.1142763615 923
11 22966.4051537852 1006
12 22837.4282237334 1088
13 22802.5468057828 1174
14 22794.8339755954 1252
15 22792.5327546362 1338
16 22791.68523197 1420
17 22791.3141031508 1506
18 22791.1328083087 1586
19 22791.0408516446 1666

0 94655.7173129647 91
1 97081.4949487645 171
2 99775.0357002696 255
3 93550.3957120643 337
4 60031.801232041 421
5 39350.7577584444 507
6 30846.625022783 586
7 27098.8299470928 670
8 24987.9215781231 751
9 23663.2687031124 834
10 23253.9767966605 919
11 22979.8679488263 998
12 22835.3286263341 1082
13 22802.9434029776 1166
14 22794.8344162726 1254
15 22792.6420489766 1336
16 22791.8342609972 1416
17 22791.4863057642 1503
18 22791.3185473367 1583
19 22791.2341517338 1666

0 94613.462344562 83
1 101692.147149503 163
2 90587.1463408951 253
3 79084.6137905169 336
4 54600.5441935162 420
5 39005.7590249081 504
6 30647.1448015191 585
7 26725.1539523221 674
8 24840.2939299841 759
9 23672.9999449242 851
10 23295.154073186 937
11 22982.8755864071 1028
12 22856.2399092947 1109
13 22825.2288081691 1189
14 22817.4651116205 1275
15 22814.9027798402 1354
16 22813.872002747 1440
17 22813.4015266496 1520
18 22813.1709589713 1600
19 22813.0524539067 1685

0 102736.750523789 86
1 91110.9120905187 173
2 102609.720345507 256
3 86792.3410478002 339
4 54803.1050957264 424
5 39710.1265114318 505
6 30950.7292208594 592
7 26877.6967740049 671
8 24835.3837490213 764
9 23730.601664746 847
10 23290.0622278889 928
11 22973.2970792766 1009
12 22836.6212402844 1090
13 22804.4293053631 1178
14 22796.2902797328 1261
15 22793.8594621474 1343
16 22792.9479281937 1424
17 22792.5456472126 1503
18 22792.3549128889 1588
19 22792.2573642954 1666

0 100426.332119997 85
1 85659.5941216628 169
2 93513.5370974 249
3 81735.1022701828 337
4 58052.0821238611 419
5 39324.8886000327 512
6 31078.8674146009 593
7 26687.8077349682 673
8 24904.9769873113 755
9 23768.3491190026 833
10 23283.4220015704 918
11 22955.6933760224 998
12 22841.6358228824 1078
13 22803.6209825657 1165
14 22796.3165451786 1244
15 22793.9527425522 1328
16 22793.0650216389 1412
17 22792.6865614825 1495
18 22792.5036474003 1578
19 22792.4110686368 1656

0 92066.9025425365 90
1 98920.1036104771 173
2 91509.9379354271 262
3 83321.2665075356 348
4 59134.3466880762 430
5 40461.9193943236 512
6 30939.1363461835 592
7 26568.8022093228 677
8 24640.424457598 757
9 23707.2603413408 839
10 23239.5726025467 928
11 22967.4711862193 1007
12 22838.8949154511 1093
13 22807.7608885757 1176
14 22799.4118744776 1257
15 22796.9446809731 1343
16 22795.9929716119 1423
17 22795.5759979266 1511
18 22795.3708320276 1592
19 22795.2659351709 1676

0 98591.3058473604 91
1 97350.2197942146 179
2 94589.1737807317 267
3 83326.9983114956 348
4 57852.5964718024 433
5 38469.2351460764 517
6 30834.7534450599 598
7 26841.7468528524 680
8 24940.1257954064 759
9 23780.4491188143 846
10 23287.6599892117 929
11 22947.5201767798 1011
12 22832.843114139 1092
13 22801.2530599678 1173
14 22793.9427206283 1261
15 22791.721965254 1342
16 22790.8686049059 1430
17 22790.4877382486 1511
18 22790.3050241647 1591
19 22790.2119309979 1679

0 99692.8645029991 82
1 103972.774288305 166
2 84410.5923710932 249
3 86257.5513327901 332
4 59011.2852835701 417
5 40813.6789938998 499
6 29867.9762775997 583
7 26831.6695067704 663
8 24961.0458448738 744
9 23708.3965110478 830
10 23263.4458625076 910
11 22967.5960571391 995
12 22836.9431744216 1077
13 22804.5559061647 1164
14 22796.7764365854 1249
15 22794.3414167534 1329
16 22793.427538367 1417
17 22793.0233752715 1499
18 22792.82798271 1586
19 22792.7279728163 1669

0 100110.0024374 86
1 94837.4425817752 173
2 91727.3874616314 253
3 82368.3809135728 342
4 59580.7102892406 425
5 41981.9690757632 508
6 31233.8196286301 591
7 27279.1479347062 671
8 24976.3239538948 758
9 23760.3925801845 842
10 23353.49858442 934
11 22984.2558112503 1014
12 22836.4492368535 1095
13 22803.6686308082 1180
14 22796.3453372616 1259
15 22794.1338739527 1346
16 22793.3487676962 1430
17 22793.0013777115 1512
18 22792.8359933608 1594
19 22792.7518863232 1672

0 98212.6708350847 90
1 103515.311769434 176
2 95537.0663499761 266
3 84930.2720484868 348
4 62867.1165644266 432
5 39997.5323456263 525
6 31774.4069189141 608
7 27104.8109678932 705
8 24978.9234678916 785
9 23785.931505922 868
10 23353.1457696584 952
11 23012.1131086772 1034
12 22870.5247183067 1118
13 22832.3481419792 1201
14 22823.8666621698 1294
15 22821.3981380554 1376
16 22820.4058745073 1459
17 22819.9546879804 1545
18 22819.7332795946 1627
19 22819.6194917261 1715

0 104520.654431138 83
1 110322.697223266 176
2 90944.0013497006 264
3 81195.3985591636 347
4 58941.6942248967 433
5 38965.2742311628 516
6 31414.0832940659 608
7 26397.7227016224 689
8 24803.3412140663 777
9 23710.4406559839 861
10 23292.0461059778 942
11 22964.6638740796 1033
12 22836.6588926381 1117
13 22803.635647996 1203
14 22796.0331924334 1286
15 22793.8747323102 1371
16 22793.0272002898 1455
17 22792.6610861155 1542
18 22792.4862571591 1639
19 22792.3974488091 1719

0 96654.3228675132 91
1 97997.3820265087 171
2 101995.012169543 257
3 84098.8615256471 344
4 57143.5768492548 424
5 38393.3190998593 512
6 31419.6226007431 592
7 26811.9167741044 676
8 24928.005558818 761
9 23671.3346120261 847
10 23241.7929778496 935
11 22960.8707763851 1016
12 22839.5197900603 1104
13 22811.1933860679 1188
14 22802.2405063339 1280
15 22799.7122206177 1371
16 22798.7262462486 1464
17 22798.2768087805 1549
18 22798.0578809612 1628
19 22797.9457193885 1714

0 88090.4685965007 84
1 90739.8957474537 171
2 92541.2885720761 253
3 86453.993185835 334
4 56429.4844300834 423
5 40118.1185612465 503
6 31237.4795704127 586
7 26895.4327431871 670
8 24907.0496504869 751
9 23682.1376298381 835
10 23269.282773521 913
11 22969.2179397841 1006
12 22837.1940546735 1088
13 22802.1534527636 1175
14 22794.7247562617 1259
15 22792.7163388421 1337
16 22791.990234278 1421
17 22791.6758303949 1502
18 22791.5229081899 1587
19 22791.4459762627 1670

0 90687.9841034997 82
1 94662.0832733634 170
2 106618.21659605 250
3 83871.7467741972 333
4 57160.9673808368 416
5 39543.5507155641 501
6 30487.0778615365 586
7 26569.3375644574 665
8 24857.3707836067 758
9 23694.7323996572 842
10 23294.0233616829 924
11 22961.513279221 1006
12 22835.9433061664 1086
13 22801.5855395816 1171
14 22793.6099374235 1254
15 22791.0981828818 1338
16 22790.1719399499 1421
17 22789.7732718869 1506
18 22789.581118834 1599
19 22789.4838881382 1684

0 100508.81350002 95
1 93389.6418591896 180
2 99226.29460568 265
3 79919.3806796341 351
4 58016.7169947492 431
5 38875.1306570193 522
6 31509.9857299094 604
7 26507.1339870724 690
8 24748.2584468262 773
9 23710.2671665491 857
10 23264.0370774702 941
11 22974.6901801896 1019
12 22837.8696153899 1107
13 22807.4725973276 1190
14 22799.6059278929 1273
15 22797.2270287488 1355
16 22796.3162247378 1433
17 22795.9052997238 1519
18 22795.7047684294 1598
19 22795.6025034715 1680

0 112259.288040605 82
1 98975.7221938597 165
2 94929.4711386599 258
3 86999.1240373715 342
4 57171.1749876144 427
5 39559.7614281487 511
6 30317.0949906053 593
7 26661.6909852971 678
8 24825.7180395719 759
9 23726.1801814509 843
10 23309.1913665111 924
11 22967.1783990422 1005
12 22839.4994479048 1088
13 22806.5760023689 1170
14 22799.0455512089 1259
15 22796.6862100682 1339
16 22795.7763383895 1422
17 22795.3699815727 1505
18 22795.1718606698 1587
19 22795.0705434325 1677

0 94772.532173536 83
1 104461.410487968 171
2 102253.708650314 254
3 83676.0857442627 337
4 62350.8866669864 421
5 41001.0826856089 504
6 30144.6487051701 594
7 26939.0270589633 675
8 24953.1351132716 758
9 23667.1741982333 842
10 23289.6831013039 922
11 22966.0975552411 1008
12 22839.0722748673 1087
13 22806.3115337161 1169
14 22798.548466003 1251
15 22796.0020222252 1332
16 22795.0672236816 1424
17 22794.6527164236 1507
18 22794.447758275 1595
19 22794.3436365996 1677

0 104365.91425918 86
1 95262.1838386678 173
2 98359.2978458295 254
3 81336.9257573899 341
4 54258.7743654014 422
5 39804.8234544898 506
6 30892.6573461143 588
7 26948.4498594527 669
8 24961.9576185427 760
9 23769.8438227385 845
10 23282.8718677335 936
11 22967.5635419065 1021
12 22834.8552750426 1111
13 22801.9414133081 1196
14 22794.1965244541 1277
15 22791.8268415657 1361
16 22790.9710021708 1440
17 22790.5967025376 1523
18 22790.4149669908 1605
19 22790.323539231 1685

0 97426.8399972038 86
1 99299.4748485006 167
2 91946.0850235975 256
3 80931.6686470048 340
4 53909.0645875194 424
5 39497.2797813621 507
6 31028.9312556296 586
7 26705.6768147061 675
8 24912.3604545213 756
9 23716.1562821201 843
10 23273.3819402281 926
11 22973.1541996429 1007
12 22834.822852185 1094
13 22804.2783682861 1175
14 22796.6526332686 1263
15 22794.3092448186 1344
16 22793.3897566962 1426
17 22792.9835315799 1512
18 22792.7881846373 1591
19 22792.6885716483 1679

0 96330.5995107095 82
1 117221.180955597 163
2 89779.2321433349 246
3 89547.0503536769 330
4 59354.5953660434 426
5 40812.1114739283 525
6 31088.2982582866 624
7 26855.2791149855 717
8 24819.4094395273 808
9 23805.0044672381 889
10 23275.5017983991 972
11 22970.9214120758 1054
12 22829.9006596537 1133
13 22800.1596329583 1221
14 22792.1734596513 1304
15 22789.9107032245 1386
16 22789.0680285102 1468
17 22788.7055552468 1551
18 22788.5324453425 1637
19 22788.4446491412 1717

0 102893.808551309 88
1 103521.894429434 170
2 101960.8288385 251
3 80561.1082606149 340
4 58463.0034250439 420
5 39533.0598260041 510
6 32655.651962254 594
7 27025.0509461614 676
8 24959.0816796256 759
9 23842.8446775798 843
10 23347.4391895203 932
11 23038.0701861324 1013
12 22888.6634956986 1097
13 22851.2172198426 1179
14 22842.1118567806 1259
15 22839.3029469709 1349
16 22838.1644760472 1431
17 22837.6391445059 1522
18 22837.3758235701 1609
19 22837.2400697491 1700

0 103008.655384175 83
1 99091.6829122334 167
2 95463.4004112995 259
3 81195.6763615368 340
4 57924.4249438897 426
5 39896.4662437555 510
6 31418.2334018074 594
7 26798.2694315459 678
8 24809.958509422 757
9 23728.1908781272 845
10 23261.5449731996 929
11 22968.0227119768 1012
12 22836.7993025182 1096
13 22801.6521960197 1180
14 22793.7721806685 1269
15 22791.5013419271 1352
16 22790.6433410209 1445
17 22790.2733386523 1527
18 22790.093647539 1611
19 22790.0027365255 1697

0 99689.1956418897 84
1 101316.665148507 173
2 100284.685108505 259
3 78453.9048934196 345
4 59049.4627253653 430
5 38336.8345139468 516
6 31227.7429860993 599
7 26891.396024238 683
8 24869.6797194071 769
9 23649.1575133543 850
10 23280.1612478394 931
11 22975.1950001031 1015
12 22836.644841598 1095
13 22802.7002003432 1188
14 22795.7486186911 1269
15 22793.6322899648 1356
16 22792.826936703 1444
17 22792.4722271284 1526
18 22792.3018884704 1612
19 22792.2154835755 1693

0 97853.7608036488 88
1 96576.6806748666 169
2 98822.5252197817 253
3 86836.1027493279 337
4 56396.2624130842 418
5 40851.0260283999 506
6 30980.2325097225 586
7 26801.0799400933 677
8 24770.2474639659 771
9 23741.5412292969 875
10 23299.9432884755 958
11 22975.3002638961 1049
12 22853.5533874956 1133
13 22822.0100587485 1211
14 22814.1021774163 1296
15 22811.5753245034 1378
16 22810.5818783672 1460
17 22810.1254148921 1542
18 22809.8994567835 1623
19 22809.7831664022 1711

0 101541.920664782 83
1 107177.451246372 169
2 105897.547542462 252
3 85004.1078205974 336
4 61323.7135494851 426
5 37006.6742685092 510
6 30350.336898425 607
7 26608.8426210959 690
8 24801.1189533094 774
9 23705.1431904679 856
10 23283.6345065255 936
11 22961.0858236225 1023
12 22833.7897420716 1105
13 22800.5673911586 1193
14 22792.867828469 1276
15 22790.6090521774 1359
16 22789.7756474474 1443
17 22789.4059010112 1521
18 22789.2273212748 1607
19 22789.1370428587 1688

0 98886.6202726184 85
1 88881.7146856347 168
2 94492.5878474315 250
3 83717.9344542643 348
4 53864.5955830563 433
5 39188.8259771211 520
6 30407.3106544555 604
7 26904.0197893049 685
8 24736.6703573543 768
9 23756.0006084521 849
10 23267.207351199 936
11 22978.0210129962 1018
12 22844.8212413874 1100
13 22812.2729703212 1184
14 22804.5613275892 1269
15 22802.0038834373 1358
16 22800.9789789881 1439
17 22800.5162673875 1524
18 22800.2891684671 1606
19 22800.172327926 1686

0 96648.6052230689 89
1 93712.2780901426 170
2 101022.986741481 256
3 82062.307222651 340
4 59950.1768590113 423
5 41878.8443935957 507
6 30117.6475179533 586
7 26837.2038478163 673
8 24849.1536616681 755
9 23727.9519946256 841
10 23263.8608923192 925
11 22978.533294137 1008
12 22837.9786130828 1095
13 22803.7775734228 1175
14 22795.9981662544 1259
15 22793.7122633956 1341
16 22792.8753726128 1423
17 22792.5144282681 1513
18 22792.3396750653 1592
19 22792.2507845731 1678

0 93203.6918966532 82
1 95234.3375724943 168
2 90739.6413087346 251
3 82167.3685895879 332
4 58666.8810626207 420
5 38339.8675998641 500
6 30589.7914793161 584
7 26883.3192283489 666
8 25032.8625794502 746
9 23713.8090611571 833
10 23290.7509094656 915
11 22977.0160393079 1002
12 22853.1085061631 1085
13 22822.1160089413 1171
14 22814.579493858 1259
15 22812.1202380819 1338
16 22811.1299509614 1424
17 22810.6784453391 1505
18 22810.4563017947 1587
19 22810.3422559047 1670

0 94252.0235559261 84
1 95620.3986279511 172
2 107795.941982922 262
3 77952.2093511391 348
4 61415.7970537469 431
5 39573.2459859217 515
6 30812.1506295218 600
7 26757.9413901228 683
8 24721.7611482799 769
9 23698.0467343743 850
10 23285.8584123875 939
11 22964.7820478235 1023
12 22834.4044678578 1102
13 22801.8974584099 1188
14 22794.2555898682 1269
15 22792.0083024383 1352
16 22791.1536988202 1433
17 22790.7756911194 1517
18 22790.5918885289 1604
19 22790.499417048 1683

