0 5012.90897609816 16
1 4944.01515775289 31
2 4988.70395766158 46
3 5074.12909726362 61
4 5113.57566138435 77
5 5018.06747965684 94
6 5046.13525956728 111
7 5010.78882015662 130
8 4917.96809626558 151
9 4831.85724565365 168
10 5042.76844845421 183
11 4955.53740129346 199
12 4915.6584704342 215
13 4908.92718451703 230
14 5086.58728453626 245
15 5045.10863793559 260
16 4959.56329994552 276
17 5037.57220868871 291
18 4919.33973434078 307
19 4751.83070083865 322
20 4773.26504047009 339
21 4722.77714791074 355
22 4708.96478440116 370
23 4683.60180392743 386
24 4642.08039117028 401
25 4646.13675830285 416
26 4625.0932013358 432
27 4629.79001412512 447
28 4567.98647302615 462
29 4590.70198849715 478
30 4553.700568088 493
31 4595.44412534965 508
32 4547.61655285241 524
33 4551.37721370537 540
34 4563.54952586044 556
35 4552.25997094267 571
36 4522.5940056205 587
37 4518.67196737336 602
38 4508.18405975356 617
39 4497.68486639646 633
40 4509.02538011597 648
41 4502.27467326647 664
42 4503.10612761027 679
43 4469.72595781613 694
44 4473.31183008094 710
45 4465.24701912932 725
46 4468.97520266842 741
47 4462.75044818631 757
48 4454.51026060781 772
49 4462.2030730887 788
50 4452.41720826682 803
51 4447.21450503526 819
52 4450.60903673025 834
53 4441.74866224586 849
54 4440.19845387661 865
55 4446.63883829551 880
56 4433.64013963051 896
57 4432.60970288047 911
58 4431.36204955209 926
59 4424.06554070593 942
60 4428.83715266611 958
61 4427.60468957668 974
62 4424.98225234515 989
63 4421.95698643077 1005
64 4420.53420284905 1020
65 4418.81791644671 1035
66 4416.72594883671 1051
67 4411.67969987711 1066
68 4411.01955902034 1082
69 4411.76150134587 1097
70 4407.10896130883 1113
71 4407.09336978082 1128
72 4406.06529180449 1144
73 4405.9475817758 1160
74 4402.95807999411 1176
75 4399.88914681596 1191
76 4401.41791213409 1207
77 4399.10681427269 1222
78 4399.80591064574 1237
79 4396.55675927411 1253
80 4396.64295709381 1268
81 4393.87303309145 1283
82 4395.91150126562 1299
83 4394.33530425629 1314
84 4394.0407550005 1330
85 4393.43890183347 1346
86 4392.00714199817 1363
87 4391.57880131527 1381
88 4392.67661943579 1397
89 4391.76638243757 1414
90 4391.07433733382 1429
91 4390.48155634298 1444
92 4389.05561116883 1460
93 4387.72943598006 1477
94 4388.7170278962 1492
95 4387.09634806699 1507
96 4386.74744145936 1523
97 4387.03364353546 1538
98 4386.30915348351 1554
99 4386.536494109 1570
100 4385.94433548439 1586
101 4385.85268338647 1601
102 4383.67464718526 1616
103 4384.67790438586 1632
104 4383.77740536206 1647
105 4382.78063645666 1663
106 4382.06565619388 1678
107 4383.18637785388 1693
108 4383.15591041711 1708
109 4382.32039893626 1724
110 4381.59849891635 1739
111 4381.07241589708 1756
112 4381.50363802736 1771
113 4381.67294424892 1787
114 4380.94995494775 1803
115 4380.65690101487 1818
116 4380.22131448516 1833
117 4379.56722658498 1849
118 4379.80162557811 1864

0 4971.94699659723 15
1 5004.82398191279 31
2 5223.31523264723 46
3 5106.4064763566 61
4 4965.02011706847 76
5 5012.11029376031 92
6 4898.92368522736 107
7 4923.85130378878 124
8 4918.13346403936 139
9 4910.7923842237 154
10 4850.86106376699 169
11 4879.11034649193 184
12 4809.82881578526 199
13 4902.86809798538 215
14 5088.98975434789 230
15 4949.72785575591 246
16 5012.50631492562 261
17 5119.37190646725 276
18 4844.94043879331 292
19 4808.20998878634 308
20 4778.04439540829 324
21 4725.42368649913 339
22 4694.55646077048 355
23 4747.27737826073 373
24 4658.95720793073 389
25 4711.7236261529 404
26 4653.42547045274 419
27 4617.17083932018 435
28 4621.47704170493 450
29 4634.80106938962 465
30 4589.66858440788 481
31 4572.05799721324 496
32 4561.24881997252 513
33 4571.987692199 529
34 4570.92830792162 545
35 4539.49796538443 561
36 4543.46271379852 576
37 4522.0397412425 591
38 4525.84258495884 607
39 4526.33313065641 623
40 4507.38732034875 638
41 4514.554436517 653
42 4503.73349086195 669
43 4507.85427126564 684
44 4496.47434933372 700
45 4487.79256126447 716
46 4493.02640584368 732
47 4481.31654460285 747
48 4476.62204746162 762
49 4476.66799325911 778
50 4479.72478740779 793
51 4472.23652383555 808
52 4472.81568516106 824
53 4463.53816141489 839
54 4461.5705608417 855
55 4461.30888435082 870
56 4455.86506971063 886
57 4451.35747603686 903
58 4451.59066258389 920
59 4449.41704072611 937
60 4448.90547123129 953
61 4447.39716713968 968
62 4445.50761270896 984
63 4437.81619607385 999
64 4437.11746224731 1014
65 4438.26583334491 1029
66 4435.8321755429 1045
67 4432.96483866752 1060
68 4430.69312665533 1075
69 4429.45443974775 1091
70 4427.23802220884 1107
71 4428.46253001814 1124
72 4427.75680802412 1140
73 4424.20723822128 1156
74 4420.48977089538 1171
75 4420.97923265982 1186
76 4419.58536791817 1202
77 4420.69661499553 1218
78 4417.18221587768 1233
79 4416.53088726488 1248
80 4416.52864232436 1264
81 4418.40714585339 1279
82 4415.08676362507 1294
83 4412.1445587873 1310
84 4412.63411474767 1326
85 4410.6684388933 1342
86 4409.40179753425 1358
87 4410.28112565713 1373
88 4408.97392409999 1388
89 4408.87878462728 1404
90 4406.92575489303 1419
91 4407.2573774785 1435
92 4405.97125251871 1450
93 4405.2207667946 1466
94 4404.59687134242 1481
95 4404.26191464658 1497
96 4403.17176660818 1512
97 4402.90801035557 1529
98 4402.64196879845 1544
99 4402.43352596618 1559
100 4400.87814978508 1575
101 4400.2747750543 1590
102 4400.10899858816 1605
103 4400.48129379316 1621
104 4399.89797679563 1636
105 4399.86288425211 1651
106 4399.61082097338 1666
107 4399.10274141858 1682
108 4398.79278217419 1697
109 4397.67360749437 1713
110 4398.24482005285 1729
111 4397.38930003144 1745
112 4396.63837261616 1760
113 4395.97196964331 1775
114 4396.31627703198 1791
115 4396.96016643278 1806
116 4396.22283780767 1821
117 4395.92176159141 1837
118 4395.03297675055 1852
119 4394.79404801994 1867
120 4394.38318787561 1883
121 4394.92468315008 1898

0 5013.97489097115 15
1 4952.35672089947 32
2 4981.80951794259 47
3 4973.10867237408 63
4 4982.04775717734 78
5 4881.35397878821 93
6 4947.88285759893 109
7 4867.48999257816 124
8 4925.15660280956 139
9 4892.61274753959 154
10 4972.58561475398 169
11 5042.04812209258 185
12 4931.90904439068 200
13 5129.66180830359 215
14 4945.87491536737 232
15 5138.22093946806 247
16 4930.51663730349 263
17 4994.65987343868 278
18 4935.57209470323 293
19 4806.86980041422 309
20 4767.533719415 324
21 4739.0832389841 340
22 4729.70805968664 355
23 4702.03618344933 371
24 4657.54555717979 386
25 4636.39986815858 401
26 4665.9905578532 417
27 4615.05343648455 434
28 4605.38720644706 451
29 4607.96046948862 468
30 4610.07464431531 484
31 4578.16694334961 499
32 4583.22910384376 514
33 4552.84864277319 530
34 4556.91326536741 545
35 4531.37527269578 560
36 4550.94841819362 576
37 4546.74205641875 591
38 4530.63575164092 607
39 4523.72577633102 622
40 4508.07910383712 639
41 4503.58676435622 656
42 4508.44450099017 672
43 4506.61262144103 687
44 4493.643427118 703
45 4487.32647587118 718
46 4487.05794737656 733
47 4479.37868085305 749
48 4474.46961656048 764
49 4474.62274058687 779
50 4468.94834684481 795
51 4463.67950318846 810
52 4455.57605113057 826
53 4452.00090014962 842
54 4455.56047863414 858
55 4444.29080392549 873
56 4450.27063691202 888
57 4447.13074785893 904
58 4441.35715134211 919
59 4439.90049982811 934
60 4436.07256265871 950
61 4436.77864599955 965
62 4434.37771643439 980
63 4434.14818964564 996
64 4431.19046644831 1012
65 4429.4842287667 1028
66 4426.72862514787 1044
67 4427.45661525975 1060
68 4424.43060140559 1076
69 4425.98089354142 1091
70 4423.25368104242 1107
71 4422.34792409626 1122
72 4421.01806091491 1138
73 4421.78274051969 1153
74 4417.43136308213 1168
75 4420.66188619335 1183
76 4417.43118237536 1199
77 4416.97363358753 1214
78 4414.73233746189 1230
79 4414.62610062411 1246
80 4415.16738049854 1262
81 4414.52101517256 1277
82 4411.85417383398 1293
83 4411.88319239556 1308
84 4410.30604195992 1323
85 4410.08599115172 1339
86 4408.95098549247 1354
87 4409.08926920092 1369
88 4407.82490618347 1385
89 4407.62845538432 1400
90 4406.86680255014 1416
91 4406.37018295111 1432
92 4405.68966264749 1447
93 4406.45244122308 1463
94 4404.67778694457 1478
95 4404.91821786426 1494
96 4404.29534785231 1509
97 4403.26466820202 1524
98 4402.2754497429 1540
99 4402.12849257463 1555
100 4402.22067873242 1571
101 4402.53746309298 1586
102 4402.2852453119 1601
103 4399.98835495122 1617
104 4400.14184642222 1632
105 4400.07375395352 1648
106 4400.5120583802 1664
107 4399.37351080649 1680
108 4398.97837302508 1696
109 4399.28463709786 1711
110 4398.81354172126 1726
111 4398.62874510986 1742
112 4398.31375427616 1757
113 4398.02265252814 1773
114 4397.75183525766 1788
115 4397.13020072449 1803
116 4396.70098017108 1819
117 4396.90645572811 1834
118 4397.24357462007 1851
119 4396.75506119724 1868
120 4396.89128094898 1885

0 4990.57381995343 15
1 4945.81127437276 31
2 5057.42689983987 46
3 4945.68335792576 61
4 4938.76440799842 76
5 4894.29406593211 91
6 4904.74642606393 107
7 4997.71108759172 122
8 5086.65190188647 137
9 4961.12480009391 153
10 4914.6800577382 169
11 4901.92626051888 186
12 4917.92001916568 201
13 4853.23301955111 217
14 5090.23609513265 232
15 5052.11889748635 247
16 5016.55060618368 263
17 4951.45120577866 278
18 4822.82912601103 293
19 4832.23408537869 309
20 4772.66446747581 324
21 4737.49973226173 340
22 4733.13423897929 355
23 4709.56479025568 372
24 4688.52105483453 388
25 4684.75791882696 403
26 4655.43096187405 418
27 4626.45766596595 434
28 4618.00687541017 449
29 4616.35250596709 464
30 4590.25857195001 480
31 4582.51731028031 495
32 4589.68737767937 511
33 4581.07704023759 526
34 4562.41619573526 542
35 4534.81654463027 557
36 4529.8997505342 574
37 4538.24507747398 590
38 4535.06668220918 605
39 4528.88639606828 620
40 4524.30757099186 635
41 4524.09362067828 651
42 4497.80445948512 666
43 4498.05027825419 681
44 4480.23290681234 696
45 4483.35172476009 712
46 4485.2843817471 727
47 4481.68256297406 742
48 4479.59513882742 758
49 4472.06271808859 774
50 4469.80016067946 790
51 4470.14668732101 805
52 4464.79693536512 821
53 4462.67385048052 836
54 4459.91821422884 851
55 4455.78919477257 867
56 4456.38140563984 882
57 4453.6817427249 898
58 4444.09358937334 913
59 4446.26930994128 928
60 4445.87550374115 943
61 4440.6565808827 959
62 4438.47809159271 975
63 4436.925695026 991
64 4434.14330922235 1006
65 4432.72173292369 1021
66 4429.45917324674 1037
67 4426.67555510285 1052
68 4425.49648903424 1067
69 4426.72359757713 1083
70 4428.28174590528 1098
71 4424.53491757073 1113
72 4424.53933863149 1129
73 4421.66018099387 1144
74 4419.94540488571 1159
75 4421.71447474326 1175
76 4417.61911893499 1191
77 4416.45529990627 1207
78 4416.82446615782 1222
79 4416.43703577584 1238
80 4412.55178097441 1253
81 4413.8284435838 1268
82 4413.50216491531 1284
83 4410.24680924036 1299
84 4410.60565658253 1314
85 4410.09331902111 1329
86 4409.1934908911 1345
87 4408.89746808393 1361
88 4410.03207788101 1377
89 4408.36135345879 1395
90 4406.91009416528 1412
91 4405.46149812171 1429
92 4405.52840922943 1444
93 4403.34223873837 1459
94 4402.70557719932 1475
95 4402.6394851689 1490
96 4402.28942059212 1506
97 4401.89427276207 1521
98 4400.9856427934 1536
99 4401.70668533709 1552
100 4401.60975877953 1567
101 4401.44260182874 1583
102 4401.0187436809 1603
103 4400.35067256311 1619
104 4400.01766180619 1635
105 4399.72159046419 1650
106 4398.67492227421 1665
107 4399.08874392476 1681
108 4398.77920564128 1696
109 4398.59674161734 1712
110 4396.82511861869 1727
111 4396.89658178059 1742
112 4396.41229899571 1757
113 4396.61671579438 1773
114 4396.77970012319 1789
115 4396.40766449594 1805
116 4396.48303381313 1820
117 4395.68925841179 1836
118 4395.47710717659 1851
119 4395.79065836174 1867
120 4394.97445476591 1882
121 4394.82220222614 1898
122 4395.1283566741 1913
123 4394.46571170951 1928
124 4394.49386105349 1943
125 4394.37763739371 1958

0 5055.70431705029 15
1 5273.03217614101 32
2 4910.41133557421 47
3 4958.28019682681 62
4 4960.7620722517 77
5 4990.3827834131 93
6 4909.40188362887 108
7 4926.1089387303 123
8 5100.34601546858 138
9 4928.92771549907 154
10 4884.24992210836 169
11 4820.62737574624 184
12 4876.65893387865 199
13 5028.72635289918 215
14 4995.03714403318 231
15 4982.96013612031 247
16 4980.75112460545 263
17 5027.37813924416 278
18 4864.31230158966 293
19 4729.72823962953 309
20 4746.42398475054 324
21 4754.04698430412 339
22 4729.6939600423 355
23 4686.88736099167 370
24 4665.40533088736 386
25 4633.69777694024 401
26 4628.31579263085 417
27 4679.43257923886 433
28 4592.86719294108 448
29 4573.19751664648 464
30 4587.91560147957 479
31 4579.33718898048 495
32 4576.31809976255 510
33 4562.08242631483 526
34 4582.77778721456 541
35 4545.42511077641 556
36 4549.26831026086 571
37 4537.40168239269 587
38 4540.45927317975 603
39 4536.6896076324 618
40 4519.84553450711 634
41 4507.41729887689 650
42 4511.19290342532 666
43 4505.72971347406 681
44 4517.28518356629 697
45 4496.37031915212 712
46 4495.63379240059 728
47 4487.15045032008 743
48 4487.13531707209 758
49 4475.2005416839 774
50 4477.74549009045 789
51 4479.33082228422 804
52 4472.04355896418 820
53 4466.96677108777 835
54 4467.86469804859 854
55 4464.52789941621 871
56 4454.65703544674 888
57 4452.46258107882 904
58 4451.39740603986 920
59 4446.81616526766 936
60 4441.59207313118 951
61 4439.23184136162 967
62 4439.22344278344 983
63 4435.42775360984 998
64 4435.97547101218 1014
65 4435.13745784248 1029
66 4433.20655376413 1045
67 4432.13991510341 1061
68 4429.24835056303 1077
69 4426.29741083785 1092
70 4425.47558036028 1108
71 4425.67293235439 1123
72 4421.48084002905 1139
73 4421.83246395853 1154
74 4422.14867524618 1169
75 4418.66163362982 1184
76 4419.68761564832 1199
77 4417.92111474916 1215
78 4415.49845443605 1230
79 4414.72526168524 1246
80 4415.50985762253 1262
81 4412.4881025769 1278
82 4413.47267944853 1293
83 4411.51991147477 1308
84 4412.00827218202 1324
85 4411.77842607777 1339
86 4408.29646583559 1354
87 4408.16204019498 1370
88 4407.87962229319 1386
89 4406.93779760419 1401
90 4406.84709443287 1417
91 4405.31232391285 1432
92 4405.64425562196 1448
93 4405.78874195052 1464
94 4405.76799036183 1480
95 4404.07953595449 1495
96 4403.04023371941 1510
97 4402.03071619576 1526
98 4403.18967494914 1541
99 4401.69997426801 1556
100 4401.32464455891 1571
101 4400.37699122103 1587
102 4399.85479770145 1602
103 4400.332951747 1618
104 4400.82698832484 1633
105 4399.80704495262 1649
106 4399.24287852457 1665
107 4399.10451386042 1681
108 4398.37332246826 1696
109 4397.71335504677 1712
110 4396.94961002596 1727
111 4397.17017617387 1742
112 4396.95526210491 1758
113 4396.61302121415 1773
114 4396.29001482972 1788
115 4395.64046232108 1804

0 4986.5090022711 15
1 4942.43226210585 30
2 5067.3768854142 46
3 4907.66234274604 62
4 5093.17796358688 78
5 5002.66692790905 93
6 4953.78815592223 108
7 4899.16350346511 123
8 5033.00210104356 138
9 5021.257757148 154
10 4863.48660436606 169
11 5047.61270766494 184
12 4853.8674015504 199
13 5011.81422722196 214
14 5001.35717506537 230
15 5200.79197101933 245
16 4998.70155226442 261
17 5077.3209401212 277
18 4845.43994046761 292
19 4800.91212393833 308
20 4773.98917834552 323
21 4754.47877003816 339
22 4667.41011124566 354
23 4671.86487392878 370
24 4688.20786843609 385
25 4634.71760267822 400
26 4647.13545151504 416
27 4606.32821021069 431
28 4602.65087319614 447
29 4604.29933548906 465
30 4605.71597422996 482
31 4591.21753307319 498
32 4557.5868571969 513
33 4546.65861355597 529
34 4577.32722274653 544
35 4529.15148705273 560
36 4539.28417987801 575
37 4543.80058703079 591
38 4523.39674919487 606
39 4516.55877496902 622
40 4520.60813300009 637
41 4521.58064173542 653
42 4511.13173691608 669
43 4499.25496897039 686
44 4492.54082834584 701
45 4492.12653240735 717
46 4483.65163474716 732
47 4483.14068707519 747
48 4479.09468354356 763
49 4482.64772712753 778
50 4466.63236398273 794
51 4465.66522913235 809
52 4455.60539552488 825
53 4460.40230594194 840
54 4461.42527219951 856
55 4454.357039231 872
56 4447.28832687669 888
57 4448.1648888423 903
58 4450.63667136618 919
59 4443.50631488526 934
60 4442.72690699006 949
61 4443.59074110118 964
62 4441.0728677905 980
63 4439.15227841397 995
64 4440.59100901043 1010
65 4433.57964484038 1026
66 4436.35588034607 1041
67 4431.08530066104 1057
68 4431.67421522227 1073
69 4427.64603958445 1089
70 4429.36511801785 1104
71 4429.89862457813 1120
72 4426.74610811204 1135
73 4426.75242426321 1150
74 4425.2167508507 1166
75 4424.03150479112 1181
76 4421.42388836532 1197
77 4418.95901606819 1212
78 4417.17255489625 1227
79 4416.8290492378 1242
80 4417.47109794387 1259
81 4419.63616331047 1275
82 4416.63072656892 1290
83 4413.61843690116 1306
84 4412.75044624653 1321
85 4412.56680320386 1336
86 4412.88426293401 1352
87 4411.83959512692 1368
88 4410.90656909923 1383
89 4410.04747598956 1399
90 4409.120274368 1414
91 4407.9278155423 1429
92 4405.58732203601 1445
93 4406.56206955573 1461
94 4405.50574949705 1477
95 4406.19442054423 1493
96 4404.69506015722 1508
97 4404.14737771281 1524
98 4404.7796509742 1539
99 4402.82809078296 1554
100 4404.41911096193 1570
101 4402.05390772145 1585
102 4403.83667802857 1601
103 4402.48606592954 1616
104 4401.3793017369 1631
105 4401.46820714181 1647
106 4401.87087283277 1663
107 4399.78241636219 1679
108 4399.91491846602 1694
109 4399.2902598617 1710
110 4398.49327361007 1725
111 4398.6909126274 1740
112 4399.20489651863 1756
113 4398.76240004847 1771
114 4397.67403530945 1788
115 4398.03636444788 1803
116 4397.68503234531 1819
117 4397.83241059484 1834
118 4397.03324665695 1849
119 4396.88656969063 1865
120 4396.26520159676 1882
121 4395.83935459209 1899

0 5075.97928716304 17
1 4950.01710343885 32
2 4944.15203054571 47
3 4986.87052011607 62
4 5020.90482434604 77
5 4961.76043827575 92
6 4919.71855300196 108
7 4879.82330134831 123
8 4911.0968107548 138
9 4885.91709634322 153
10 4960.74224654196 169
11 4794.40526833056 185
12 4894.46284269744 202
13 4957.56417419402 217
14 4905.0708343268 233
15 5020.75397466657 248
16 5036.87596556529 264
17 4853.16983496847 279
18 4795.84124728181 295
19 4740.78512220525 310
20 4741.98412854225 325
21 4664.26877080285 340
22 4670.61475979065 356
23 4658.11746993385 371
24 4642.87171224205 387
25 4620.61242263634 403
26 4628.18427249959 418
27 4609.58826459835 433
28 4547.30327169062 449
29 4616.47612947585 464
30 4578.97236787054 479
31 4556.26234825831 495
32 4548.07564107148 510
33 4555.31967612001 525
34 4544.7869447525 541
35 4528.10343797215 556
36 4514.63427997756 572
37 4528.582252555 589
38 4509.06044093943 605
39 4502.3357034574 620
40 4498.08743454344 635
41 4487.88215493634 651
42 4490.73643141391 666
43 4489.61118486834 682
44 4470.71771248698 697
45 4468.68084935898 712
46 4464.00004865374 728
47 4456.08522270296 743
48 4458.23516037297 758
49 4459.82613925517 774
50 4453.31277577706 790
51 4439.20405059218 806
52 4443.96407228031 821
53 4434.39935865757 837
54 4449.77253184849 852
55 4429.33553151762 867
56 4426.50745985298 882
57 4425.28697240795 898
58 4428.94947461819 913
59 4425.00111621294 929
60 4420.42999310125 946
61 4422.20720294989 963
62 4422.83513160695 979
63 4423.48310075308 995
64 4418.21061027045 1011
65 4418.39925978224 1026
66 4413.6043956085 1042
67 4412.77246121385 1057
68 4412.0307319787 1073
69 4411.00679070736 1088
70 4409.7176686137 1103
71 4409.6324061533 1119
72 4406.17092316716 1134
73 4405.06863765213 1149
74 4406.77714225134 1165
75 4402.18123924728 1181
76 4401.14330991865 1197
77 4401.70890052288 1212
78 4401.31434541127 1228
79 4398.70948496826 1243
80 4396.81113240059 1259
81 4394.08021649751 1274
82 4393.82762542602 1290
83 4393.94154256693 1305
84 4393.41466221538 1320
85 4391.57351688228 1336
86 4391.03878277784 1351
87 4389.13836940529 1366
88 4388.54661452062 1382
89 4387.58923431282 1399
90 4388.89027789819 1416
91 4387.99662985713 1433
92 4388.28526594019 1449
93 4387.58874493727 1464
94 4387.83807315309 1479
95 4386.12112259592 1495
96 4387.26967895712 1510
97 4386.0176339806 1525
98 4385.44753828751 1540
99 4385.12833895108 1556
100 4384.61167619436 1571
101 4384.09683592856 1586
102 4383.62407150082 1603
103 4383.26442135869 1620
104 4383.53030419422 1636
105 4382.73006224889 1651
106 4382.22648381749 1667
107 4382.12311021401 1683
108 4381.22003560801 1698
109 4380.77304335711 1713
110 4380.27059520503 1729
111 4380.53377952969 1744
112 4380.18804808999 1759
113 4378.59870126915 1775

0 5146.71526762003 16
1 4965.22030829929 32
2 5023.87158340433 48
3 5083.50549725342 63
4 4945.14866520981 78
5 4935.72125678912 94
6 4933.10596282271 109
7 4920.44614853989 124
8 4873.87268698957 140
9 4960.04690569405 155
10 5044.8653408689 171
11 4930.37172554183 186
12 4901.96988755228 201
13 4928.98103793396 216
14 4998.15306286626 233
15 4955.96952763781 249
16 5082.21317654823 264
17 4995.32632467173 280
18 4841.86759187542 295
19 4814.33225678165 310
20 4729.64131419765 326
21 4690.70030210807 341
22 4688.19271311283 356
23 4663.86742284983 372
24 4655.42643974633 387
25 4641.23461336781 403
26 4645.60381711304 419
27 4634.20625302911 435
28 4615.48201335132 450
29 4602.09840618602 466
30 4614.48091071238 481
31 4598.24763923239 497
32 4566.74302867911 512
33 4564.49099804296 528
34 4533.75901034304 543
35 4550.02154546245 558
36 4543.33812214551 574
37 4543.32248232995 589
38 4527.74665356482 604
39 4510.6556853538 620
40 4521.99311293854 636
41 4508.14819919919 652
42 4494.01052043403 669
43 4502.23230977477 684
44 4508.6486367517 700
45 4497.0303384831 715
46 4486.14697049605 730
47 4484.6852552991 746
48 4483.59826934596 761
49 4478.86221955877 776
50 4479.19792840005 792
51 4471.06328692634 807
52 4470.80847936736 824
53 4466.28505777118 839
54 4463.32527842061 855
55 4461.03049322685 871
56 4461.67294330301 886
57 4461.56360370727 902
58 4461.75454538901 918
59 4453.50480844715 933
60 4447.66545664196 948
61 4444.66104834678 964
62 4443.50731307605 979
63 4439.95271492357 994
64 4437.75484580379 1010
65 4434.6001399527 1026
66 4436.70627856207 1042
67 4434.24591685871 1060
68 4434.85981730516 1077
69 4433.61153126407 1093
70 4427.78775776379 1108
71 4429.668089089 1125
72 4426.77414368529 1141
73 4424.09985762219 1156
74 4423.94950071321 1171
75 4421.36433670821 1187
76 4420.42114234802 1202
77 4420.32693222246 1218
78 4419.34626865848 1233
79 4415.75496889644 1250
80 4415.94601914728 1266
81 4414.97432039695 1282
82 4412.69787092145 1297
83 4412.7906569902 1312
84 4411.31004502113 1328
85 4410.62139809945 1343
86 4410.18543077711 1359
87 4410.07030722953 1374
88 4408.42614454139 1389
89 4409.42653506364 1405
90 4408.45808788817 1420
91 4407.24436252239 1436
92 4407.96678428688 1453
93 4407.02508015739 1469
94 4405.57004580709 1484
95 4405.97358270194 1500
96 4404.99584813167 1515
97 4404.3988807899 1531
98 4404.93175244898 1546
99 4403.85870400191 1562
100 4403.52723297495 1577
101 4403.39100616155 1593
102 4402.04613369724 1608
103 4402.66023717214 1623
104 4401.4708858507 1639
105 4401.30242054096 1655
106 4400.62579532741 1671
107 4400.15500190105 1687
108 4400.06690865981 1702
109 4401.17619401553 1717
110 4399.30067462336 1733
111 4399.66081385178 1748
112 4399.54282050584 1764
113 4399.25149073577 1779
114 4398.22428319885 1794
115 4398.38026172168 1810
116 4398.08826097864 1825
117 4397.39518046848 1841
118 4397.72024380372 1857
119 4397.02105504919 1872
120 4396.43311336724 1888
121 4396.22178448896 1904
122 4396.45299458096 1920
123 4396.49050564914 1935
124 4396.30735515443 1950
125 4395.75922281971 1966

0 5013.1432069615 15
1 5023.88454346899 30
2 4995.90331757521 46
3 4962.93016302598 61
4 5084.71429516129 77
5 5041.78811948412 92
6 4848.93200220295 108
7 4768.71457873298 123
8 4986.23382958676 138
9 4922.61239590554 153
10 4791.16228995363 169
11 4905.75535614122 184
12 4747.80772038741 199
13 5055.27772146245 214
14 5006.76718095738 230
15 4956.02201520411 245
16 4873.9791239669 261
17 4918.07041026862 277
18 4866.68907556387 293
19 4864.24776045217 308
20 4723.91521417765 324
21 4697.1907902761 339
22 4716.86797276435 354
23 4687.20790142362 370
24 4622.85669132904 385
25 4635.04920371977 400
26 4598.38023520824 416
27 4625.16812167641 431
28 4599.38870801255 447
29 4582.69026991117 462
30 4560.96146475997 478
31 4589.58805503558 495
32 4541.57607310733 513
33 4545.07463519481 530
34 4547.60719195321 545
35 4555.77049884648 561
36 4534.88622139015 576
37 4527.15383993612 591
38 4523.75129554097 607
39 4489.39235287982 622
40 4497.96488259854 638
41 4490.16678414852 653
42 4486.94297518251 668
43 4487.8805509127 684
44 4484.26406870112 701
45 4470.73113938592 718
46 4475.6473335756 733
47 4476.39912603417 749
48 4468.29505198194 764
49 4470.11039808194 779
50 4458.63799475588 794
51 4455.6630187954 810
52 4462.46552392987 825
53 4443.82375680473 840
54 4444.93562217516 856
55 4437.17440812485 871
56 4434.07189399089 886
57 4437.78617154259 903
58 4430.25668941491 919
59 4430.37290980896 935
60 4428.90498546285 950
61 4427.7827025985 965
62 4426.8972967008 981
63 4422.03653044843 996
64 4420.90373215803 1011
65 4418.99337927661 1027
66 4417.50837079699 1042
67 4417.56298284892 1057
68 4413.85330135485 1073
69 4413.91827461786 1088
70 4410.01819269879 1105
71 4410.2679305366 1120
72 4408.32350059521 1136
73 4407.33299477403 1151
74 4404.89489434724 1167
75 4405.88876125371 1182
76 4403.72569864274 1197
77 4404.4064425333 1213
78 4399.56254446727 1228
79 4400.15329452889 1244
80 4398.23530779923 1259
81 4395.5501970388 1275
82 4396.29308531503 1290
83 4395.65840884315 1307
84 4394.78593145558 1323
85 4394.39096509103 1338
86 4391.43025815478 1354
87 4390.66315736598 1369
88 4391.54767841363 1384
89 4389.32710485785 1400
90 4388.98116427842 1415
91 4389.66650550505 1430
92 4388.07062587938 1446
93 4387.90440928296 1461
94 4387.52420442249 1477
95 4388.09875684961 1493
96 4386.83973356948 1509
97 4386.24967988823 1526
98 4386.61955859613 1542
99 4385.91278715563 1559
100 4384.85369863601 1575
101 4384.39153014572 1591
102 4384.91020121902 1606
103 4384.34416229948 1622
104 4382.93414872908 1638
105 4382.98931565813 1654
106 4383.498293137 1669
107 4383.11991383891 1685
108 4383.36155513911 1702
109 4382.57686549574 1718
110 4381.94851240884 1733
111 4381.40292351496 1748
112 4381.53873935471 1764
113 4381.73649494528 1779
114 4381.05307278299 1795
115 4380.58874616564 1810
116 4380.88348915588 1826
117 4380.00633805887 1841

0 5106.50966095272 15
1 4962.7615981746 30
2 5305.83309506134 45
3 5006.46017359932 61
4 4896.88009373756 79
5 4866.70858318067 95
6 4891.55844512083 112
7 4891.05706030281 128
8 4916.18718148007 143
9 4908.40698476344 158
10 4949.15529838771 173
11 4977.1504361572 189
12 4945.11733413308 204
13 4948.00507562411 219
14 4921.16299806131 234
15 5054.65480986267 249
16 5034.8778921449 265
17 4982.13748957906 281
18 4888.43980693067 298
19 4761.90726825598 314
20 4710.42489567449 330
21 4737.94484805226 345
22 4751.85633406067 360
23 4733.6131170608 378
24 4713.77040277977 394
25 4671.34237149196 410
26 4660.4307976848 425
27 4606.55946792992 441
28 4567.76981539654 456
29 4610.08532262956 472
30 4602.80341275363 489
31 4574.17580858607 504
32 4578.71065581548 520
33 4571.60955723948 535
34 4549.23591806056 550
35 4536.50404376992 566
36 4538.71828669014 581
37 4528.21702284314 597
38 4513.63721757503 612
39 4508.47596323261 627
40 4505.82380689336 643
41 4519.79533382748 659
42 4500.04282165435 676
43 4487.45658085996 692
44 4489.84518201896 707
45 4490.61045500002 723
46 4472.95604647017 738
47 4474.64699506348 753
48 4467.58788983706 769
49 4468.49597740225 784
50 4463.06720624361 799
51 4465.59668960332 815
52 4461.34318871597 830
53 4459.24580413857 846
54 4453.83216486113 861
55 4458.94145864598 877
56 4448.16435913936 893
57 4449.90853563011 909
58 4448.46921238998 924
59 4441.21247264466 939
60 4447.55514729335 955
61 4440.10341133402 970
62 4439.2932766564 986
63 4439.86939986641 1001
64 4432.14906902688 1016
65 4430.51298812959 1032
66 4431.29837012376 1047
67 4431.84038444574 1062
68 4429.17842028518 1078
69 4423.08179775015 1094
70 4422.15078094777 1110
71 4418.9650888701 1125
72 4419.97337499492 1140
73 4417.23373827719 1156
74 4418.79387665516 1171
75 4416.40124471867 1187
76 4414.37016532765 1202
77 4414.12863121731 1217
78 4413.29023653203 1233
79 4414.07737963045 1248
80 4412.34240686204 1263
81 4409.89099459384 1279
82 4410.94172955434 1295
83 4410.37494698613 1311
84 4410.29911079839 1327
85 4408.58564924633 1342
86 4410.01131775583 1357
87 4408.60331523407 1372
88 4407.02670545808 1388
89 4405.83186141512 1403
90 4407.01937734346 1418
91 4404.3028760246 1434
92 4404.45765953303 1450
93 4405.13868892987 1465
94 4404.89424904325 1482
95 4403.77313433179 1499
96 4403.46048798999 1516
97 4402.37653993882 1533
98 4401.79367023076 1548
99 4402.16659215668 1563
100 4403.58194564444 1579
101 4400.81799708709 1594
102 4400.79700620654 1609
103 4400.31983770416 1625
104 4400.36314614154 1640
105 4399.80585836177 1655
106 4399.72405080156 1671
107 4399.70698783382 1687
108 4398.45480248296 1704
109 4399.86430554495 1720
110 4398.69064832209 1736
111 4398.56610300347 1751
112 4398.00040593597 1766
113 4397.36116152286 1782
114 4397.50616379073 1797
115 4396.31380689287 1812
116 4396.80093893906 1828
117 4396.40068476485 1843
118 4395.4005423086 1858
119 4395.15267424464 1874

0 4868.72386269124 16
1 5001.31775095848 32
2 5077.33718870427 47
3 4836.20100135362 62
4 4852.15937527863 77
5 5071.12845641768 93
6 4976.50220867285 108
7 5002.01279178399 123
8 4958.66253427585 138
9 4855.11209240488 154
10 4936.80512115096 169
11 4905.26744775896 184
12 5014.72781886258 199
13 4989.73068467402 215
14 5037.79624632663 231
15 5073.72041733246 246
16 5165.78644561755 262
17 4859.70624611565 277
18 4771.31302339065 293
19 4792.91645476623 308
20 4802.62987124463 323
21 4723.45811467454 339
22 4648.09530223402 354
23 4654.95024932269 370
24 4636.76165421346 385
25 4657.74609066109 400
26 4617.25676159386 416
27 4601.26612691427 432
28 4603.33218045446 448
29 4578.31440208241 463
30 4571.00275636999 478
31 4568.55097454065 494
32 4572.42920767875 509
33 4550.90890831907 524
34 4521.16742681752 540
35 4536.04753052807 555
36 4514.63016643277 571
37 4513.23071339585 586
38 4528.7200554988 601
39 4521.58337023444 618
40 4503.70313984854 634
41 4498.86649612064 649
42 4492.05078473425 665
43 4492.28706719679 680
44 4475.01011221313 696
45 4473.7824894981 711
46 4477.43466836341 726
47 4470.12143570829 742
48 4459.80154734266 757
49 4461.7191412941 772
50 4456.94474940554 788
51 4448.1064416522 803
52 4443.98775999888 819
53 4446.96323189017 835
54 4438.12854663091 850
55 4433.80355873024 866
56 4437.90938347172 881
57 4430.25477669858 896
58 4428.86148723392 912
59 4433.87175310055 927
60 4429.02289933545 943
61 4424.05901338409 958
62 4420.28492399571 974
63 4419.53104768825 989
64 4421.61362860703 1005
65 4414.52949695836 1021
66 4416.34506339314 1038
67 4414.21008683681 1054
68 4411.74500805582 1072
69 4409.31561155506 1088
70 4407.89091041713 1104
71 4408.12416687517 1119
72 4405.53330149979 1135
73 4406.21402598593 1150
74 4404.86585191837 1165
75 4403.881922209 1181
76 4401.33812951555 1196
77 4398.72013726141 1212
78 4398.54035960972 1227
79 4400.088644172 1244
80 4399.0182788831 1260
81 4396.0402072217 1275
82 4395.85940520117 1290
83 4396.99885046667 1305
84 4396.91402606351 1321
85 4394.80615886187 1336
86 4393.27497674988 1351
87 4394.48688632845 1367
88 4392.40363573817 1382
89 4392.28597868522 1397
90 4392.34888142498 1412
91 4390.66236960614 1428
92 4391.0086565551 1444
93 4390.8041095256 1460
94 4389.39680290798 1475
95 4389.12858808052 1490
96 4389.33246729504 1506
97 4388.55253375205 1521
98 4388.26855443319 1536
99 4387.59651594989 1552
100 4386.86408288804 1567
101 4385.95280108297 1583
102 4385.83225101568 1598
103 4386.33943296188 1614
104 4385.20300960372 1629
105 4384.51361556469 1646
106 4385.36033098493 1662
107 4383.56068773095 1677
108 4383.94143366139 1692
109 4383.87339001138 1708
110 4383.35497666462 1723
111 4383.6559129933 1739
112 4382.3486130506 1754
113 4382.51868458759 1769
114 4381.47728155165 1785
115 4381.44054399154 1800
116 4380.58733353019 1815
117 4380.93880548979 1831
118 4380.77354021518 1847
119 4380.71013275662 1863
120 4380.23682917985 1879

0 5233.26508049209 15
1 5002.08862168359 31
2 4963.00761154586 46
3 4976.99892846873 61
4 4853.65568479008 76
5 4969.21163352361 92
6 4963.7018411218 107
7 4967.71775523588 123
8 5014.55037962269 138
9 4977.85378141225 153
10 4988.37483287432 169
11 4831.24507195985 185
12 5024.5761124347 200
13 4969.15784147364 216
14 4877.68999270695 231
15 4929.77497103585 247
16 5195.3741392415 262
17 4917.97018257221 277
18 4776.56826884051 293
19 4749.07650232271 308
20 4815.57737711697 323
21 4776.53038165918 339
22 4687.40412683474 354
23 4674.85665997835 371
24 4637.65783038332 386
25 4636.68378029949 402
26 4627.06081776844 417
27 4618.98016664345 432
28 4632.69148847467 448
29 4576.20185961054 463
30 4595.04457194445 478
31 4593.52792130553 494
32 4572.74457672234 509
33 4550.27723411736 524
34 4549.52133268641 540
35 4556.72477892718 555
36 4547.59075131135 573
37 4544.24448985691 590
38 4527.70088907276 607
39 4517.63034864891 622
40 4505.74996865667 637
41 4503.37010318077 653
42 4501.61685427362 668
43 4490.65088303 683
44 4484.54509675997 699
45 4488.50078566112 714
46 4491.31666665981 730
47 4492.70787729848 745
48 4473.37499700016 761
49 4470.1316227387 778
50 4466.05031081406 795
51 4470.41941246458 810
52 4468.66809607854 826
53 4464.75391857733 841
54 4456.76013863247 856
55 4457.67692217761 872
56 4453.12736345262 887
57 4453.04490912414 903
58 4446.39957800879 918
59 4444.387777466 934
60 4444.85147591356 949
61 4439.06542196358 964
62 4441.24602319128 981
63 4442.94593410274 997
64 4437.91349584746 1013
65 4433.92510172138 1028
66 4432.77670599478 1043
67 4430.42620984693 1059
68 4427.1299776989 1074
69 4428.79067372513 1090
70 4425.93170905127 1105
71 4423.8864931116 1121
72 4424.81651989749 1136
73 4419.85825351407 1151
74 4422.55245553817 1167
75 4420.65240934029 1183
76 4421.555480784 1199
77 4417.16570800464 1215
78 4416.03290131656 1230
79 4415.57145477707 1246
80 4415.85619332413 1261
81 4413.80170670258 1276
82 4413.38370393857 1292
83 4412.55431252534 1307
84 4414.53592467671 1323
85 4410.98149748159 1338
86 4410.74951601989 1354
87 4411.26945415735 1370
88 4410.74806456106 1386
89 4409.22605451612 1401
90 4407.90729840378 1417
91 4406.91022569801 1432
92 4404.55619747714 1447
93 4406.68944552745 1463
94 4406.00555529466 1478
95 4404.78411447729 1493
96 4403.84717212303 1509
97 4404.44626476351 1524
98 4402.59350107455 1539
99 4403.14687367406 1555
100 4403.13747271171 1571
101 4402.68787810276 1587
102 4402.35439887872 1603
103 4402.16250777696 1618
104 4400.04379118662 1635
105 4400.25697889428 1652
106 4400.89381999546 1668
107 4400.39117359665 1683
108 4399.77753944571 1698
109 4398.90818051454 1714
110 4398.51892279851 1729
111 4398.39535061671 1744
112 4397.91083992046 1760
113 4397.50982587084 1775
114 4397.15996730061 1791
115 4396.52912844359 1807
116 4396.3937741727 1822
117 4396.27780349419 1838
118 4395.3819780358 1853
119 4395.58659686384 1869
120 4396.23365519528 1884
121 4395.84973490856 1899
122 4395.26264093989 1915
123 4394.86796895962 1930
124 4394.21483666855 1946
125 4394.16980690069 1961
126 4393.91901779394 1976
127 4393.77831500003 1994
128 4393.8470263219 2011

0 5035.79741061845 16
1 4960.31260929637 32
2 4949.22822045056 47
3 5026.29520887796 62
4 4997.42568352299 78
5 5005.58027160797 93
6 4835.81002769751 108
7 4989.94947484533 124
8 4893.27228265667 140
9 4879.68381759641 155
10 4956.3448468524 171
11 4934.35006991155 186
12 4995.24231982825 202
13 4785.02936263613 217
14 4978.60099787124 232
15 5004.14564104029 248
16 4918.40202085234 263
17 4820.24515855623 278
18 4762.41221617303 294
19 4760.62190357087 309
20 4827.04166872509 325
21 4757.35300398424 340
22 4768.92999657663 356
23 4638.49372135344 371
24 4629.52239342758 388
25 4658.39401659427 405
26 4628.91338552048 420
27 4566.1445721114 435
28 4574.53076683933 451
29 4582.94332303527 466
30 4564.31090416958 481
31 4541.32862360954 497
32 4532.55633364957 512
33 4526.73670724607 528
34 4545.23208863626 543
35 4538.32314604821 558
36 4532.75477269433 574
37 4518.56542523782 590
38 4512.10030038734 605
39 4507.5536147804 621
40 4517.12103129465 636
41 4492.8351526511 652
42 4489.9842447964 667
43 4477.56595232907 682
44 4467.77753455879 698
45 4474.78618456861 713
46 4474.24257336635 729
47 4461.76726697277 744
48 4451.8494465581 759
49 4449.04563942942 775
50 4446.70989221265 791
51 4441.16298455568 807
52 4444.30593274381 822
53 4436.02872497512 838
54 4440.64864870158 853
55 4442.02029940226 868
56 4437.1860997856 884
57 4435.96836790971 899
58 4431.44652747719 914
59 4433.94807206276 930
60 4424.50968044835 945
61 4425.15355605879 961
62 4419.19055670121 976
63 4417.82622908261 992
64 4421.90169794427 1008
65 4414.82928670729 1023
66 4413.90542136673 1039
67 4411.72467017756 1054
68 4407.63922056586 1069
69 4408.69343212733 1085
70 4404.46637349158 1100
71 4403.77713728413 1115
72 4405.74313622208 1131
73 4402.55055428734 1146
74 4400.10510409268 1161
75 4400.38951540712 1177
76 4401.42645045826 1193
77 4400.42356612852 1209
78 4400.72529332235 1226
79 4399.21517408813 1242
80 4397.55736368798 1259
81 4397.70959532677 1274
82 4396.93092616446 1290
83 4394.70562923955 1305
84 4393.40839668457 1321
85 4394.08662533194 1336
86 4392.519147927 1352
87 4394.19548561116 1367
88 4391.58643024932 1382
89 4391.33480987059 1399
90 4390.67024093208 1416
91 4389.95699149505 1432
92 4388.86532478341 1448
93 4388.4995971538 1463
94 4388.17024604794 1479
95 4388.66917879016 1494
96 4386.64589998191 1509
97 4387.28447847964 1525
98 4386.07179069977 1540
99 4386.89723651001 1555
100 4385.67419368993 1571
101 4385.47023139609 1586
102 4385.21777806293 1602
103 4384.70396430403 1618
104 4384.58107072648 1633
105 4383.33646966911 1649
106 4382.46854028598 1664
107 4383.40071143547 1680
108 4382.76538991758 1695
109 4381.85170024784 1710
110 4382.38593382851 1726
111 4381.20032491924 1741
112 4380.82576131546 1757
113 4380.70466401922 1772
114 4380.26191077174 1787
115 4380.13889520235 1803
116 4379.43574556158 1819
117 4379.33098402809 1835
118 4379.42035080251 1850

0 5050.35959179958 15
1 4946.38416133442 30
2 5035.79067314917 46
3 5037.28404131267 61
4 4981.80930263873 76
5 4960.93787307804 91
6 4869.29331671203 107
7 4921.1825166894 122
8 4886.53660947098 137
9 4855.66686121473 153
10 4983.38046804271 169
11 4943.10421901444 184
12 4930.81046874726 199
13 5017.04539970518 214
14 5023.18530896613 230
15 5144.19752868474 245
16 5090.57810385864 260
17 4918.78798784946 275
18 4868.00534917753 291
19 4863.58096958165 306
20 4736.66001323451 322
21 4765.56053499357 337
22 4645.3442745788 353
23 4694.18804236619 369
24 4706.19264018433 385
25 4660.32039201073 400
26 4643.50971098847 415
27 4593.55098727901 431
28 4593.88468973965 446
29 4618.24119071273 461
30 4577.54677416441 477
31 4552.84139015669 493
32 4608.76348741119 508
33 4583.2474880523 524
34 4544.6517876774 539
35 4530.76351976381 555
36 4523.77579443558 571
37 4523.7842130816 586
38 4520.5545916035 602
39 4508.69212214549 617
40 4516.35800815251 632
41 4514.04515070248 647
42 4509.7420080233 663
43 4510.84492008135 678
44 4492.59462903815 693
45 4491.61787706657 709
46 4486.03250567374 724
47 4476.33907541006 739
48 4489.97205241349 755
49 4477.00470171983 773
50 4485.94863107739 791
51 4474.46641339953 806
52 4462.50968612649 822
53 4467.68762073692 837
54 4459.97283685387 852
55 4457.07612932651 868
56 4453.73385928006 883
57 4451.17675868127 898
58 4447.94440924996 914
59 4441.627100916 929
60 4442.51500287986 945
61 4438.11408554377 961
62 4438.18593432989 978
63 4439.98096760887 994
64 4433.20632726367 1009
65 4433.21281594684 1024
66 4428.32045672151 1040
67 4430.11712317957 1055
68 4428.5839687124 1070
69 4428.03351289855 1086
70 4424.71203501233 1101
71 4422.98711536746 1117
72 4420.19196812196 1132
73 4419.35769830363 1147
74 4419.93246155152 1164
75 4419.97577505552 1180
76 4419.53513658633 1195
77 4415.83508553418 1211
78 4417.01058903992 1227
79 4416.68454295744 1243
80 4415.5290211419 1259
81 4413.34378533929 1274
82 4414.13802770395 1290
83 4411.56529209984 1305
84 4412.62561727944 1320
85 4410.41984300828 1336
86 4409.88079355826 1352
87 4409.83760173709 1368
88 4408.93709605188 1385
89 4408.85251264045 1400
90 4409.80181020029 1416
91 4406.72607546397 1431
92 4406.95408580621 1446
93 4405.53855203397 1461
94 4405.64579706233 1477
95 4405.49182505816 1493
96 4405.12389263978 1508
97 4405.21307703194 1523
98 4404.26775921664 1539
99 4404.48149954447 1554
100 4402.69083438821 1570
101 4402.18136003002 1586
102 4402.69530187267 1602
103 4401.90642591464 1618
104 4401.56561536562 1633
105 4401.18001035134 1648
106 4400.79705570588 1663
107 4400.53528962895 1679
108 4400.84087945245 1694
109 4400.38097540821 1710
110 4400.00148692759 1725
111 4399.61640001906 1740
112 4399.40995115691 1756
113 4399.23005616071 1772
114 4398.78734115308 1788
115 4398.11587576549 1804
116 4397.79077451799 1820
117 4397.47420039571 1835
118 4397.45745872258 1850
119 4397.02403392397 1866
120 4396.25403368775 1881
121 4396.57385656149 1896
122 4396.48456979984 1912

0 5003.26177045322 16
1 4922.91844721684 31
2 5085.42021452103 46
3 4963.95166995164 62
4 4976.89801359916 78
5 4934.99417426732 93
6 4914.52752114708 109
7 4942.88150173325 124
8 4922.52040796718 139
9 4875.84757502977 154
10 4810.12154827297 170
11 4894.69114536388 185
12 4914.41279559609 200
13 4878.33936622467 215
14 4859.8302253067 230
15 4964.1760032843 245
16 5037.1229234187 261
17 4835.26480198989 279
18 4919.32136767879 297
19 4840.82394531587 313
20 4758.57499385061 330
21 4746.18069604435 346
22 4730.67189204705 361
23 4713.8744540902 377
24 4659.09857853278 392
25 4670.96844906031 407
26 4630.95881755336 423
27 4600.53608157067 438
28 4629.29897360367 453
29 4636.56188234862 470
30 4576.05853496055 485
31 4573.98201821737 501
32 4562.85979431123 516
33 4570.40146400409 532
34 4552.86101815249 547
35 4550.59784908325 563
36 4539.91913142893 579
37 4538.6055231066 594
38 4523.47832180395 609
39 4550.16750899127 624
40 4518.31321024616 640
41 4516.11230058469 655
42 4513.16951870484 671
43 4496.14008853132 687
44 4496.30931257659 702
45 4492.14408498872 718
46 4493.32652883032 733
47 4480.59062009825 748
48 4468.05796159247 764
49 4469.67747688493 779
50 4468.63907723922 795
51 4468.0439513819 810
52 4461.71711921921 825
53 4455.11490618768 841
54 4459.86389780432 856
55 4454.51003260821 873
56 4449.0488202733 891
57 4445.23985548445 907
58 4445.94143496647 922
59 4443.81669111801 937
60 4444.49454493949 953
61 4441.57331627814 968
62 4435.75794673094 983
63 4436.82381041583 999
64 4431.31852305922 1014
65 4429.43868739052 1030
66 4429.55868592071 1045
67 4429.04279257697 1061
68 4427.47045323419 1076
69 4423.89030798083 1093
70 4425.00020722606 1108
71 4422.17153081741 1124
72 4421.73656919514 1139
73 4421.84578223473 1155
74 4422.54340850553 1170
75 4418.15654731175 1185
76 4418.74098541664 1201
77 4417.62523305546 1216
78 4413.97452412082 1231
79 4416.23863544195 1246
80 4411.80196095277 1262
81 4410.78947467253 1277
82 4411.32106618382 1294
83 4409.93087636425 1310
84 4408.93491953982 1325
85 4411.00753135621 1341
86 4408.64926766771 1356
87 4408.24761848849 1371
88 4407.05480879368 1387
89 4406.58931421354 1402
90 4404.48757932964 1418
91 4404.75908109493 1433
92 4405.10665105264 1448
93 4404.81815055819 1464
94 4403.47742767682 1479
95 4402.97848964361 1495
96 4401.69992465431 1511
97 4402.81313846862 1527
98 4401.63132212407 1542
99 4401.25282918553 1558
100 4400.16905907919 1574
101 4401.05729320844 1589
102 4400.06525885369 1604
103 4399.44670539396 1620
104 4398.68318753159 1635
105 4399.10572400782 1650
106 4397.77380742709 1665
107 4398.270854673 1681
108 4398.4703634284 1699
109 4398.40181677525 1717
110 4398.14080644823 1733
111 4397.11484394962 1749
112 4397.20377164601 1764
113 4397.02511825661 1779
114 4396.88161204729 1795
115 4396.42549566726 1810
116 4396.41305624307 1826
117 4396.10256763872 1841
118 4395.65070769257 1856
119 4395.19514545627 1872
120 4394.86699475201 1888

0 5025.99343117713 17
1 5074.17995877158 32
2 5008.94209067358 48
3 5110.87802143732 63
4 4923.88045893986 78
5 4866.45620602932 93
6 5036.60246167872 108
7 5012.28870818711 124
8 4904.8151167454 139
9 4899.39047668725 154
10 4777.54247893037 169
11 4953.63681061194 184
12 4893.44288582312 200
13 5094.48830428501 216
14 4965.13735192693 231
15 5045.95052429201 247
16 5009.16202903047 262
17 4946.22419436151 278
18 5007.13273506838 293
19 4775.13204201179 309
20 4794.89722782315 324
21 4757.74233194015 339
22 4706.50875150655 355
23 4683.36534756287 370
24 4666.13002604955 385
25 4623.52836248666 401
26 4644.45495475518 417
27 4626.11820638033 433
28 4628.49834831526 448
29 4586.66284563742 464
30 4582.92108386336 479
31 4571.84561686983 494
32 4559.26444263688 510
33 4593.30104038045 525
34 4563.86884466892 540
35 4542.60521016 556
36 4536.47706552718 571
37 4539.37319806973 586
38 4524.71872565314 602
39 4540.65218588164 618
40 4510.86440591309 635
41 4519.17690550423 650
42 4517.12466354669 666
43 4513.71132714004 681
44 4487.63946728662 697
45 4500.69909286586 712
46 4495.54120645687 728
47 4487.16983311064 743
48 4480.93900588083 758
49 4477.91411277562 774
50 4473.57668150871 789
51 4476.95754143612 805
52 4467.50613368974 821
53 4465.47568828728 837
54 4461.64899772992 853
55 4459.83089386483 868
56 4453.79362510756 883
57 4453.76416895758 899
58 4446.7867744903 914
59 4449.65493005049 930
60 4446.45983105436 945
61 4443.67141296597 960
62 4440.55511511652 976
63 4440.77168732254 991
64 4434.78938965255 1006
65 4432.73750585506 1023
66 4432.29681586807 1039
67 4434.26887109075 1054
68 4430.47919207097 1070
69 4427.01679873966 1085
70 4427.39266349711 1100
71 4423.41890906961 1116
72 4424.56095153731 1131
73 4422.172807193 1146
74 4421.09920993228 1162
75 4422.67785771426 1177
76 4419.37602225057 1193
77 4419.03849819704 1208
78 4416.07788982959 1226
79 4414.78451954896 1243
80 4413.90338329384 1260
81 4413.70256788895 1276
82 4413.75326096151 1291
83 4412.09936241055 1307
84 4411.26305603292 1322
85 4410.00320127485 1337
86 4410.2221236875 1353
87 4408.93183165933 1368
88 4408.35448943929 1383
89 4406.83665134231 1399
90 4407.20197164211 1414
91 4405.1765007601 1431
92 4404.67031909989 1448
93 4404.26464980038 1464
94 4404.73681758601 1480
95 4403.9560978656 1495
96 4403.17995715165 1510
97 4402.6766416564 1526
98 4402.35512575094 1541
99 4401.47783273866 1557
100 4401.73187464312 1572
101 4399.53889502667 1587
102 4399.74961541935 1603
103 4398.79201262214 1618
104 4399.14861494823 1635
105 4398.35625980398 1650
106 4398.60951089632 1666
107 4397.40362049192 1682
108 4397.72871096953 1697
109 4398.52153639259 1713
110 4396.96467959967 1728
111 4397.01482872755 1743
112 4397.30075317329 1759
113 4396.18219939702 1774
114 4396.33896395133 1790
115 4395.72125953705 1805
116 4395.463121632 1821
117 4394.29059401383 1837
118 4394.10313018294 1853
119 4394.55314859562 1869
120 4394.22830424507 1884

0 4928.60154961039 16
1 5096.10259958421 31
2 5012.3009344331 46
3 4978.93973730337 61
4 4989.46264719123 77
5 4994.14562961453 92
6 4928.4401157002 107
7 4987.86552685865 123
8 4831.72970792629 139
9 4953.08532779529 154
10 4818.57256242352 170
11 4912.93650336947 186
12 4900.3767304095 201
13 4903.33058466377 216
14 4935.52177713641 231
15 5008.96382222329 246
16 5030.25234655564 262
17 5011.41756186083 277
18 4851.71987771988 293
19 4736.99172399715 308
20 4767.38664477706 324
21 4788.78461741219 340
22 4691.49334145698 356
23 4675.91743386495 372
24 4657.16077513552 388
25 4614.83975916594 403
26 4594.69183606887 418
27 4596.86723868785 434
28 4647.34001911173 449
29 4560.20506535112 465
30 4576.94229059763 480
31 4553.2873299931 495
32 4562.72713731554 511
33 4553.25956261659 526
34 4557.55644254958 542
35 4529.7404734677 558
36 4533.08788094611 574
37 4505.9312082676 589
38 4525.9762246493 605
39 4499.53684507268 620
40 4495.60754386978 636
41 4491.9131038895 651
42 4481.28224703693 666
43 4484.87106627409 682
44 4475.83220817961 697
45 4471.02326324346 712
46 4484.31741165738 728
47 4473.15756859845 746
48 4465.74016616491 763
49 4464.50291859686 780
50 4464.85390635002 797
51 4457.35078072655 812
52 4455.45766059378 828
53 4443.96870393956 843
54 4453.33951518471 858
55 4442.40183245657 874
56 4444.26774128563 889
57 4438.6553822085 905
58 4432.67503973806 920
59 4432.19072084589 936
60 4431.03546509549 951
61 4426.53961992275 968
62 4420.90410658143 985
63 4421.54971196854 1000
64 4418.56274607597 1016
65 4417.86480159852 1031
66 4414.01775166324 1046
67 4414.33244725133 1062
68 4410.42440302933 1077
69 4408.74718998954 1092
70 4411.84753757385 1107
71 4406.86374297482 1123
72 4404.70000529762 1138
73 4404.25076753926 1154
74 4405.13478661882 1170
75 4402.93150174245 1186
76 4405.87328733974 1201
77 4401.48843800586 1217
78 4400.89928153145 1232
79 4398.52293735004 1248
80 4399.08530968966 1263
81 4396.66826538011 1279
82 4397.24805869205 1294
83 4394.44282807696 1310
84 4394.60867143697 1325
85 4394.38676450884 1340
86 4393.496177021 1356
87 4392.3406365824 1372
88 4390.01228651282 1388
89 4389.20729804934 1403
90 4389.84761445172 1419
91 4389.78765111791 1434
92 4388.58584692592 1449
93 4388.72759201263 1464
94 4388.44207455481 1480
95 4387.94683054109 1495
96 4387.42975901845 1510
97 4385.99937182309 1526
98 4385.90724204381 1541
99 4387.32604641458 1557
100 4386.82896431538 1573
101 4384.99115723417 1589
102 4383.4986788289 1604
103 4384.48762841688 1619
104 4384.19072630879 1635
105 4382.67608540916 1650
106 4382.67055953406 1665
107 4383.01938162217 1681
108 4382.24070869721 1696
109 4382.26662599714 1712
110 4382.45039388656 1727
111 4381.81358543587 1743
112 4381.71687580394 1759
113 4380.52824925177 1774

0 4934.76424919161 16
1 4973.90738775432 32
2 4892.60592707853 47
3 5052.78711139046 62
4 4920.44182529654 77
5 5004.8014735309 92
6 4897.52265026051 107
7 5020.50103981364 123
8 4947.38685430874 138
9 4932.35907922045 153
10 5066.13531299836 168
11 4876.883428649 184
12 5075.40885565403 200
13 4873.22201296789 215
14 4916.44340471943 230
15 4983.42690340309 246
16 5009.14956220817 263
17 4808.21715393276 278
18 4779.19486117499 294
19 4827.35441468669 309
20 4825.803102961 324
21 4783.75841681764 341
22 4697.12079068524 358
23 4697.61194237637 373
24 4641.39653237165 389
25 4650.02953807004 406
26 4645.74887873263 423
27 4599.49274532352 440
28 4643.51487947837 456
29 4588.62035385345 471
30 4603.54650256335 486
31 4567.48170957539 502
32 4579.40686966924 517
33 4552.37065853801 532
34 4551.06972508278 548
35 4546.77500511554 564
36 4539.15241660096 579
37 4530.25420111614 595
38 4550.20765810546 611
39 4530.56651049352 628
40 4509.69196395061 644
41 4503.12766721629 659
42 4506.37123888721 674
43 4500.20025312947 690
44 4492.03432721448 705
45 4481.96959209113 720
46 4494.44232061158 736
47 4481.55001680552 751
48 4481.86755961402 767
49 4472.57840189606 783
50 4484.88072179312 798
51 4475.24296623506 815
52 4468.97198789345 830
53 4467.5011399801 846
54 4461.55078299863 861
55 4461.52705428476 876
56 4458.63679290655 892
57 4456.7985080494 907
58 4449.59180271694 922
59 4449.23428808568 938
60 4444.77768767329 953
61 4444.66926838738 969
62 4443.05610103357 984
63 4439.09134993009 1000
64 4441.49657185162 1017
65 4433.51340466994 1033
66 4432.41046483426 1049
67 4436.98997996493 1064
68 4434.76584866913 1080
69 4427.31913968581 1095
70 4426.08807963648 1111
71 4425.44664972529 1126
72 4425.58251666237 1142
73 4421.84853013693 1157
74 4421.53514479922 1172
75 4418.63935647278 1187
76 4422.0827487866 1204
77 4420.40190994747 1220
78 4420.44467299341 1236
79 4415.92465285934 1252
80 4414.94213550684 1267
81 4414.26821566756 1283
82 4415.58428169794 1299
83 4414.45713258261 1314
84 4415.07706828237 1329
85 4412.71446078898 1345
86 4411.68007782994 1360
87 4409.03744614694 1376
88 4410.28619012267 1391
89 4409.29722590294 1407
90 4409.85924526545 1423
91 4408.03154019604 1439
92 4407.95041448131 1454
93 4408.65493216174 1470
94 4406.4200677874 1485
95 4405.66206122196 1500
96 4404.73274996591 1516
97 4403.80383319312 1531
98 4403.81565224736 1547
99 4403.58430402619 1562
100 4402.24694274127 1578
101 4402.52140434551 1593
102 4401.51788843486 1609
103 4401.41712988167 1625
104 4400.95852850176 1641
105 4400.13699717623 1656
106 4400.57861382133 1672
107 4399.18461832427 1687
108 4399.5696461243 1703
109 4399.31042145692 1718
110 4399.95204154339 1734
111 4398.73083407452 1749
112 4399.05188544028 1765
113 4398.3307574012 1780
114 4399.05744333208 1796
115 4397.99257803422 1812
116 4397.49745293054 1828
117 4397.15293354444 1845
118 4397.08934855697 1862
119 4396.19790689694 1878

0 5019.25196151342 15
1 4911.60364512611 30
2 4944.84699716369 46
3 5177.52559518735 61
4 5031.00109572784 76
5 4924.53860495083 91
6 4886.448580794 107
7 4861.78247255242 122
8 4955.48972287998 138
9 5054.18918580358 154
10 4825.6476559019 171
11 4923.45025482278 187
12 4855.4972559538 202
13 4922.63210458715 217
14 4868.57205400255 233
15 4949.51753398564 248
16 5130.04426447026 263
17 4826.24139923231 279
18 4832.48009063834 294
19 4793.10945701972 309
20 4742.22264436991 324
21 4727.32999888899 340
22 4712.99534231269 357
23 4645.22361266241 372
24 4657.49253788328 388
25 4671.39702363509 403
26 4630.78931504717 418
27 4591.13392755382 434
28 4570.53021667078 449
29 4577.09294195034 464
30 4556.31971460406 480
31 4569.67838556958 495
32 4546.08936991966 510
33 4537.84363127838 525
34 4545.41122231339 541
35 4546.73869134434 557
36 4530.81142293015 573
37 4507.03952287719 588
38 4506.2968347937 604
39 4523.3496584119 619
40 4498.27373395747 635
41 4514.28464513008 650
42 4492.48865744706 665
43 4492.84255057667 681
44 4492.6471748422 696
45 4465.00645708715 712
46 4475.6225426088 727
47 4467.29297538959 743
48 4465.03506381368 759
49 4457.84194950702 775
50 4451.37003232883 790
51 4452.30228033721 806
52 4462.03794333653 821
53 4445.8864714032 837
54 4446.97143607145 852
55 4437.25667950248 867
56 4440.92136480342 883
57 4436.58424495736 898
58 4433.38410221097 913
59 4433.30783105429 929
60 4428.90721542278 945
61 4424.30320904289 961
62 4419.98384492005 977
63 4420.770192903 992
64 4419.65900671552 1007
65 4414.37181194015 1023
66 4414.54892635195 1038
67 4413.04970439348 1053
68 4412.79294042181 1069
69 4408.85738238865 1085
70 4409.63770554147 1100
71 4407.80379625536 1115
72 4406.27343010268 1131
73 4404.66496941596 1148
74 4402.82172726688 1163
75 4401.73722432035 1179
76 4401.15058166743 1194
77 4402.00208629107 1210
78 4401.60018327766 1225
79 4400.51797699729 1241
80 4398.634490118 1256
81 4397.90092059574 1271
82 4395.05207882157 1287
83 4395.16325875243 1302
84 4395.90295340714 1317
85 4394.17734101512 1333
86 4395.06064510598 1349
87 4392.23012574878 1364
88 4392.03379878437 1382
89 4390.4690335852 1400
90 4390.44496251688 1415
91 4389.2374058348 1430
92 4389.55221387536 1446
93 4390.64499549741 1461
94 4390.00002768955 1477
95 4389.39019397746 1492
96 4388.2216468803 1508
97 4387.39291284604 1523
98 4387.00588441087 1538
99 4387.33503142367 1554
100 4387.08007108067 1570
101 4386.42774602201 1587
102 4385.51896591249 1603
103 4385.14325051388 1619
104 4384.23407621514 1634
105 4383.78327975795 1650
106 4383.49634027621 1665
107 4383.36237366237 1680
108 4383.63368039078 1696
109 4383.01047774839 1711
110 4382.12346422737 1726

0 5072.2194385449 15
1 4902.09784454334 30
2 5171.77522359899 47
3 5224.64840819878 63
4 4996.15874544761 78
5 5039.10259442871 94
6 4877.98848707573 109
7 5014.73612318536 125
8 4914.16367015727 140
9 4969.43033877576 155
10 4936.97239434178 170
11 4853.25196503939 186
12 4986.06532853506 201
13 4836.38287847739 216
14 4952.84246734247 231
15 4909.0183430536 248
16 4994.92137788915 264
17 4949.50899645347 279
18 4883.37110439847 295
19 4834.22585845457 310
20 4769.15480097633 325
21 4683.75778193288 341
22 4697.42796288715 356
23 4648.12394385766 371
24 4648.31259628235 387
25 4627.09839527563 402
26 4621.00602679593 418
27 4604.30557963462 433
28 4588.10026242604 450
29 4597.21677905149 466
30 4589.41508282465 481
31 4585.8503808187 497
32 4529.70961324004 512
33 4541.88828080019 528
34 4548.22227362198 543
35 4542.88452247597 558
36 4538.51602476176 573
37 4532.88772801466 589
38 4510.28283725977 604
39 4510.14117408884 619
40 4496.81536019829 635
41 4513.20609219364 651
42 4487.89076894261 667
43 4494.26772934762 683
44 4484.63261702812 698
45 4482.17768247197 713
46 4480.23630494345 729
47 4462.61770260032 744
48 4463.95727016841 759
49 4454.29692723786 775
50 4451.14310866011 790
51 4452.80021328369 806
52 4447.72874990584 821
53 4441.49013661997 836
54 4438.14909791597 853
55 4444.05913281506 869
56 4437.09314795573 884
57 4436.31114817275 900
58 4432.11616574611 915
59 4426.0311957623 931
60 4421.89121736785 946
61 4422.4402557252 961
62 4421.58147029046 977
63 4423.23091953542 993
64 4421.37820649796 1008
65 4418.53797149212 1023
66 4417.65176573219 1039
67 4416.2888621797 1055
68 4412.31361206603 1072
69 4413.16595240598 1090
70 4408.34203704499 1106
71 4406.89429824378 1121
72 4405.76158558336 1137
73 4406.32744174416 1152
74 4402.67088706256 1167
75 4401.96298678745 1183
76 4401.12279025886 1198
77 4400.69323166342 1213
78 4398.73467021211 1229
79 4395.70800047545 1245
80 4397.31775577092 1261
81 4395.99724575963 1278
82 4396.03019855178 1293
83 4395.29448250227 1309
84 4393.78255405571 1324
85 4393.55549586939 1339
86 4393.42266143535 1355
87 4392.73778580113 1370
88 4392.64018346882 1385
89 4391.4815457313 1401
90 4389.13800292812 1416
91 4387.93019905987 1432
92 4389.92869472714 1447
93 4388.53842152294 1463
94 4387.89811440607 1479
95 4387.10780544298 1495
96 4386.21263206811 1510
97 4386.85831172823 1526
98 4385.46230935994 1541
99 4384.65569912947 1556
100 4384.70432813823 1572
101 4384.04965471827 1587
102 4383.98179165823 1602
103 4382.68889953547 1618
104 4382.59608101954 1634
105 4382.60907531589 1649
106 4383.20752274886 1665
107 4382.72214836414 1681
108 4382.73663235391 1697
109 4381.7925444979 1713
110 4380.42030135982 1729
111 4381.11050890542 1745
112 4380.21757039336 1763
113 4379.9620620786 1778
114 4380.13922046098 1793
115 4379.75648183254 1809
116 4379.46391377328 1825
117 4379.18769505024 1840
118 4379.53025888061 1856
119 4379.23582682675 1872
120 4378.77930638771 1888
121 4378.40493904607 1903
122 4378.71063687267 1919
123 4378.21483288385 1934

0 5057.05860368235 15
1 4952.31765351553 31
2 4994.08448961031 46
3 4934.04080756358 61
4 5103.36579662243 77
5 4942.34678320035 92
6 4866.20128620742 107
7 4897.21010326483 122
8 4941.80170383515 139
9 4955.04113362018 154
10 4940.14143240834 170
11 4977.2788231 186
12 4879.48737444979 201
13 5062.08019833859 217
14 4919.86211613885 233
15 4899.6700868836 248
16 5060.63593065833 264
17 4800.17384282703 280
18 4849.22077621657 295
19 4788.36401207471 311
20 4720.04837589212 327
21 4718.6164942737 343
22 4771.99591151914 359
23 4716.3447021335 375
24 4641.02076994212 390
25 4663.98612689249 406
26 4609.86718559934 421
27 4626.6632380006 437
28 4600.69134589194 452
29 4595.94621082211 468
30 4577.40181223561 484
31 4579.29554012393 499
32 4553.622423764 514
33 4541.56057991406 532
34 4528.82803577453 549
35 4535.13965049423 566
36 4525.9423934753 582
37 4519.47244966263 598
38 4517.7734954481 614
39 4501.12912253458 630
40 4512.87573924168 646
41 4507.82505638998 661
42 4493.381707762 677
43 4482.49414719428 693
44 4492.14915233644 709
45 4475.25261523893 725
46 4477.15158109896 741
47 4468.25048357812 758
48 4466.04800825346 774
49 4470.29657987741 790
50 4453.11908464106 805
51 4452.2486852465 821
52 4446.33547072948 837
53 4439.73753191704 854
54 4441.16668006816 869
55 4444.28632179877 885
56 4435.77439403546 902
57 4436.15844117129 917
58 4427.92355706144 933
59 4429.53137805116 950
60 4424.30947664288 966
61 4420.79495979978 982
62 4422.56507041365 998
63 4416.76102283493 1014
64 4418.24672737441 1029
65 4416.7505184495 1045
66 4416.2042073792 1060
67 4414.12108900023 1076
68 4411.54014231131 1091
69 4409.79192783078 1107
70 4411.5050641148 1123
71 4408.19097330373 1139
72 4408.40936325067 1154
73 4407.28462171393 1171
74 4408.30401743477 1186
75 4405.48076976913 1202
76 4400.91824553683 1217
77 4399.1056006672 1233
78 4398.9142013774 1248
79 4396.07988845085 1264
80 4397.88628099902 1279
81 4396.54101680331 1294
82 4394.93683101987 1310
83 4395.51279141429 1325
84 4395.32794378912 1341
85 4394.89928286496 1357
86 4393.77413551647 1373
87 4391.10070638575 1388
88 4391.29386053504 1404
89 4390.25820978778 1419
90 4389.95726853059 1435
91 4390.51335795213 1450
92 4387.15669419531 1466
93 4388.67356229239 1481
94 4387.88537662977 1497
95 4386.97064064787 1513
96 4386.37404283049 1529
97 4386.39459184792 1545
98 4385.79675460681 1561
99 4385.99190561868 1578
100 4384.36333534953 1594
101 4382.94088124147 1610
102 4383.26886989014 1626
103 4383.61794899129 1642
104 4383.1246516835 1657
105 4382.35345988532 1673
106 4382.00149936348 1688
107 4382.65381815949 1704
108 4381.38556425468 1719
109 4381.79765893239 1735
110 4381.18483097093 1751
111 4380.82835923518 1766
112 4380.85132374757 1782
113 4380.61445511485 1797
114 4380.32369266267 1813
115 4379.69674143036 1829
116 4379.58304304142 1844

0 5026.31085186099 15
1 5010.35663759499 30
2 4966.1984585452 46
3 5024.66644617799 62
4 4926.09210722908 78
5 4930.70379448761 93
6 4883.94476895004 111
7 4960.70383845487 128
8 4979.28035113145 145
9 4825.23816910867 161
10 4933.40076438484 179
11 4863.05847978598 196
12 4867.44721219801 213
13 5072.93567090747 229
14 4877.39009333085 244
15 4999.91200171541 259
16 5004.15324748027 275
17 4977.0316423589 291
18 4823.92636910095 309
19 4736.79730623425 326
20 4719.13751466048 348
21 4702.22401595612 371
22 4724.93178176119 392
23 4675.30449607297 409
24 4693.27018969762 425
25 4605.0800563583 442
26 4629.56512649665 458
27 4606.5684378087 474
28 4573.79993396097 489
29 4590.92785079216 505
30 4601.62758790543 521
31 4562.69414183635 537
32 4538.86166410731 553
33 4549.964817786 568
34 4549.73347442527 584
35 4550.56623147084 599
36 4522.49031826192 615
37 4521.86946690502 631
38 4515.78507604236 646
39 4498.48704058695 661
40 4511.62098875513 677
41 4500.62263199272 692
42 4482.76920737352 708
43 4483.83276194516 725
44 4469.74346137329 741
45 4476.86165881703 758
46 4463.72755405506 773
47 4457.71930404333 789
48 4464.60959009717 805
49 4470.10209570199 821
50 4454.33022435009 836
51 4451.00739100683 852
52 4456.87549515814 868
53 4450.49354120982 884
54 4449.34136143704 899
55 4440.42945612618 914
56 4442.85864267012 931
57 4438.65480043018 947
58 4438.59223341368 963
59 4432.59302259754 981
60 4430.20319663411 996
61 4429.64687437053 1012
62 4426.4043267048 1028
63 4421.84884710014 1044
64 4419.37289479132 1060
65 4418.74512908771 1075
66 4418.7560868272 1091
67 4419.12292336362 1107
68 4418.43865549858 1123
69 4413.89165742883 1139
70 4411.82094569338 1155
71 4407.60705502672 1170
72 4407.10482181873 1187
73 4407.47360011272 1204
74 4405.38478942126 1220
75 4405.36218087764 1236
76 4401.84003824754 1252
77 4400.38752600708 1268
78 4399.22900931636 1285
79 4400.50229178993 1301
80 4398.20364035863 1317
81 4396.63446394387 1333
82 4396.60800724691 1350
83 4395.75256764212 1366
84 4394.84394140725 1382
85 4395.50179865271 1397
86 4395.19503260545 1413
87 4393.38818507657 1428
88 4390.36842450079 1444
89 4390.04398398979 1459
90 4390.09480027256 1475
91 4390.77881145302 1490
92 4389.8884255158 1506
93 4389.48434045183 1522
94 4389.16583254653 1539
95 4388.06314985329 1556
96 4386.77127648494 1574
97 4385.87820975348 1589
98 4385.06780106332 1605
99 4386.01145201231 1622
100 4386.26988066095 1638
101 4385.90294471039 1653
102 4384.51066067088 1668
103 4383.86825120951 1684
104 4383.95695874586 1699
105 4381.99492784348 1714
106 4383.64807451112 1731
107 4382.10941648355 1747
108 4381.62914296774 1764
109 4382.52715267934 1780
110 4381.37147788935 1796
111 4381.4331784232 1812
112 4381.0694308903 1827
113 4380.88962719605 1843

0 5199.80224281551 16
1 5020.78961504752 32
2 5052.41175055115 47
3 5064.84434796675 63
4 5026.25763449866 78
5 5116.82844440973 95
6 4973.40349885814 111
7 4906.56704641153 127
8 4824.98206558709 142
9 4956.91188932732 158
10 4806.93973274298 173
11 4820.25121434717 189
12 4873.30322113582 204
13 4991.18888073789 219
14 4848.01804576811 234
15 4925.35358256599 249
16 5121.48506570627 265
17 5017.63029312057 280
18 4989.31789943802 296
19 4762.04251060248 312
20 4713.48142007922 328
21 4740.82906128201 343
22 4724.51833642964 360
23 4658.49143083848 376
24 4688.5509800545 391
25 4696.16858515361 406
26 4673.0428464593 422
27 4620.27787093443 438
28 4628.02950031211 453
29 4585.38655141149 470
30 4588.03077961356 486
31 4593.04024187854 502
32 4557.58949211634 519
33 4565.19684503172 536
34 4548.20154520539 551
35 4539.04257025673 567
36 4527.38276719273 583
37 4529.18005814987 599
38 4529.90740683817 614
39 4525.04037853648 629
40 4523.56948715943 645
41 4509.6867677305 660
42 4503.16082916523 676
43 4494.73137013706 691
44 4501.22698264172 707
45 4477.20696409863 723
46 4475.32580600078 739
47 4483.98880458415 754
48 4475.26123956956 771
49 4471.6690394827 787
50 4464.39723433411 803
51 4470.15531968452 818
52 4461.78338656299 833
53 4455.6073396558 849
54 4455.19137142321 865
55 4448.66209252154 881
56 4450.02496866695 897
57 4448.72672389107 914
58 4445.06423813304 931
59 4445.28093480347 947
60 4441.67558967058 963
61 4440.32313915965 979
62 4433.5188471711 995
63 4432.93546646097 1010
64 4432.52203720513 1026
65 4431.75428445087 1041
66 4433.34479598686 1056
67 4431.83281425838 1072
68 4428.60787682949 1088
69 4425.83452563013 1104
70 4423.51046770703 1122
71 4425.31813366601 1139
72 4422.88635974703 1163
73 4420.7528995661 1180
74 4419.55835709831 1197
75 4418.65403862581 1213
76 4417.53665973739 1229
77 4417.20774952559 1246
78 4415.19393279626 1261
79 4414.54512641237 1277
80 4413.14579466104 1293
81 4412.4723895741 1310
82 4411.16326072555 1327
83 4410.98496260435 1344
84 4410.25448764462 1360
85 4411.67221977966 1375
86 4408.93793114436 1391
87 4410.08264715606 1406
88 4407.89874222922 1421
89 4407.56830999097 1437
90 4407.21827981793 1452
91 4404.76400301547 1468
92 4404.8237804673 1483
93 4404.63075644309 1498
94 4404.03654659818 1515
95 4403.43857689743 1530
96 4403.69027437652 1546
97 4402.21926523803 1561
98 4403.07580612604 1576
99 4402.56210693279 1592
100 4401.26452002895 1607
101 4401.74243956258 1623
102 4401.03943753808 1638
103 4401.2505933504 1653
104 4400.64221638434 1669
105 4399.8938408162 1684
106 4399.83905578291 1700
107 4398.47188254995 1715
108 4398.39432763573 1731
109 4398.07305826652 1747
110 4398.74718818844 1762
111 4397.93946080996 1778
112 4397.16275529936 1793
113 4396.72241423091 1809
114 4396.18066854837 1824
115 4396.63439695072 1840
116 4396.02172061495 1855
117 4395.72724171691 1870
118 4395.56869634162 1886
119 4395.42817872574 1901
120 4395.29834074752 1917
121 4394.89034946285 1933
122 4395.0645068292 1949

0 4990.72205147166 15
1 4987.64427875989 31
2 4973.68197453804 46
3 5100.38237880813 61
4 4933.66280839289 76
5 5021.39467082866 92
6 5015.42944952849 107
7 4855.6737524831 123
8 4893.90799888631 139
9 4886.55902960043 153
10 4975.68705845848 169
11 4890.76219374066 185
12 4927.40864817999 201
13 4991.60701199543 216
14 5073.61949348903 232
15 5079.50402982319 247
16 4963.94733178029 262
17 4954.33943600176 277
18 4848.71430065775 293
19 4872.29197583595 308
20 4711.39800278748 323
21 4697.14853425268 339
22 4700.91505039294 354
23 4694.90222415954 370
24 4688.34436682901 386
25 4696.40919917653 402
26 4636.82750811691 418
27 4623.72749793768 434
28 4636.7361257364 449
29 4582.628340087 465
30 4580.59559239049 480
31 4547.72475049007 495
32 4548.92972419342 511
33 4546.27652131362 526
34 4564.13003252185 542
35 4537.32487780206 557
36 4537.23688995338 573
37 4540.73254307045 590
38 4519.47256824331 607
39 4524.81531352001 623
40 4521.88622701732 639
41 4519.0646973657 654
42 4518.31574267687 670
43 4487.61471560495 685
44 4500.60478709042 700
45 4482.7566873585 716
46 4479.8494655048 731
47 4472.53674347434 746
48 4483.20575557701 762
49 4468.88397682476 778
50 4468.42560998584 794
51 4467.74563184399 811
52 4461.59803515723 827
53 4468.21556632543 842
54 4461.31151842502 858
55 4453.56630984945 873
56 4451.44768238026 888
57 4449.42100877353 904
58 4447.59398940479 919
59 4447.25980586384 935
60 4441.38811083454 950
61 4438.60907468026 966
62 4435.92218804033 982
63 4437.9839215963 998
64 4432.64017321027 1014
65 4434.58806077821 1029
66 4431.60961241763 1044
67 4430.62033928747 1060
68 4427.5535446967 1075
69 4427.3940568695 1091
70 4427.51397844885 1106
71 4426.79088897119 1121
72 4421.63649424711 1137
73 4423.69878765839 1153
74 4421.56179677301 1168
75 4423.42311159773 1184
76 4419.22780145862 1200
77 4418.61104787804 1216
78 4417.41030472733 1232
79 4418.44103491986 1247
80 4417.85638151279 1263
81 4413.96813365912 1278
82 4412.49946635976 1293
83 4411.21800753687 1309
84 4412.22207688268 1324
85 4409.87893977018 1340
86 4411.00013729938 1355
87 4411.33620486699 1370
88 4407.54029296261 1386
89 4407.42444802525 1402
90 4408.36122789694 1418
91 4407.05848468507 1433
92 4406.70038759497 1449
93 4405.43709892783 1465
94 4405.42500870316 1480
95 4403.77008718542 1495
96 4403.95262920176 1511
97 4403.27008593747 1526
98 4402.63849750393 1542
99 4401.75153204672 1557
100 4401.36019542798 1572
101 4400.81095150399 1588
102 4401.03153294255 1605
103 4400.34537245659 1621
104 4399.78035707538 1636
105 4399.82630047971 1652
106 4398.55073548013 1667
107 4397.65944939269 1682
108 4397.86987247684 1698
109 4397.44394657161 1713
110 4396.93467412151 1728
111 4396.85233972389 1744
112 4396.39053523051 1759
113 4396.41903939957 1774
114 4395.79259173324 1790
115 4395.55605650129 1806
116 4396.00344313758 1822
117 4394.819083827 1838
118 4394.97462207668 1853
119 4394.44301877861 1868
120 4394.04241233446 1884
121 4393.72008300129 1899

0 5020.32212779584 15
1 5089.76413036213 31
2 5033.98100243699 46
3 5005.93354412081 61
4 5015.42462848068 77
5 4874.39749280836 94
6 4954.05149316619 111
7 4883.81313081749 129
8 4959.92527971158 145
9 4925.09344442186 161
10 5081.83848640425 177
11 4932.51317867511 192
12 4905.11967505257 208
13 5069.74792849813 223
14 5005.94915688949 238
15 5040.06959779783 253
16 4937.92536146571 269
17 4981.45001650645 285
18 4952.75523933957 302
19 4703.4432817702 319
20 4764.89958339999 334
21 4643.93856006355 351
22 4724.43810940479 366
23 4684.1478032299 382
24 4637.7388549554 397
25 4669.80517258797 412
26 4629.43272873555 428
27 4625.41392993658 443
28 4599.79008868342 459
29 4608.42286107695 474
30 4594.39267268834 490
31 4575.68952540916 506
32 4585.55190904985 521
33 4546.17234739145 537
34 4552.62807910832 552
35 4526.82747208573 568
36 4528.85107926069 584
37 4558.2840665621 599
38 4539.36120356641 614
39 4505.70833495845 629
40 4520.2020735763 645
41 4509.56103689474 661
42 4503.14650080424 676
43 4498.08743329347 691
44 4487.52415764441 707
45 4489.68801079398 723
46 4488.82451780927 739
47 4492.406021184 755
48 4479.15506489454 770
49 4476.83041184763 785
50 4470.44035936642 800
51 4473.03320003564 816
52 4469.48343297758 831
53 4463.09168076596 847
54 4463.36003032365 862
55 4462.72987168958 877
56 4454.09484306391 893
57 4462.93328782421 909
58 4454.36323438105 925
59 4451.27443198243 941
60 4447.28234687328 956
61 4443.7388197079 971
62 4447.33194850761 987
63 4440.72564121689 1002
64 4439.7142526484 1017
65 4437.47566577844 1033
66 4435.87849273448 1048
67 4437.31650054107 1063
68 4433.75810662712 1079
69 4431.56774227267 1095
70 4427.79542445761 1111
71 4424.46252956542 1127
72 4426.0852871966 1142
73 4424.35391891092 1158
74 4423.30865561644 1173
75 4420.82572718699 1189
76 4418.62934412921 1204
77 4417.96393534518 1219
78 4415.75329157384 1235
79 4413.68528451293 1250
80 4414.24921235663 1266
81 4413.78458638011 1281
82 4413.31691629172 1297
83 4411.74691071369 1313
84 4410.66969485751 1329
85 4409.74234197404 1344
86 4408.96013915504 1360
87 4409.30707339335 1376
88 4408.4428452489 1391
89 4408.04074546552 1406
90 4406.52109057652 1422
91 4406.29466081858 1437
92 4406.62731076261 1452
93 4407.17607808212 1467
94 4405.77323665782 1483
95 4404.7444478173 1498
96 4404.82346904975 1515
97 4403.3558391125 1532
98 4404.34140621438 1550
99 4402.43438377261 1566
100 4401.54502407438 1581
101 4402.19860807871 1596
102 4401.43018096965 1612
103 4401.74065941648 1627
104 4402.11003476276 1642
105 4401.62266928687 1658
106 4400.43862276357 1674
107 4400.4295639236 1689
108 4400.35402181411 1705
109 4399.09338779331 1721
110 4398.45959219327 1737
111 4398.48651520949 1754
112 4398.24289599037 1769
113 4398.31715566336 1785
114 4398.15005421521 1800
115 4397.11954926247 1815
116 4396.74743293509 1831
117 4396.66437309674 1846
118 4397.78147058002 1861

