0 3711.34216941152 5
1 3756.80101638495 9
2 3652.61578920553 14
3 3586.52224054774 19
4 3770.98974922393 24
5 3389.71675751117 29
6 3157.52130524258 34
7 3031.72520976616 38
8 2891.74222816751 43
9 2737.30887902238 48
10 2667.00528599183 52
11 2625.10510226924 57
12 2606.79504832243 62
13 2595.35714723462 67
14 2590.42780558986 72
15 2586.70591632717 76
16 2585.09761249465 81
17 2583.83783852593 86
18 2583.188792775 91
19 2582.71042625894 95

0 4149.63631655566 5
1 3484.97573532637 9
2 3624.28381829141 14
3 3649.54438587345 19
4 3737.62286898108 24
5 3191.45160917198 29
6 3231.76123592622 34
7 2974.95268712337 39
8 2861.99927557739 44
9 2713.07250748319 49
10 2643.43907385351 54
11 2598.46276451783 58
12 2574.37826311249 63
13 2556.72510357048 68
14 2550.6985354189 73
15 2547.23084205118 77
16 2545.15287484134 82
17 2543.83805485283 87
18 2543.03572949359 92
19 2542.54581538032 96

0 3614.52985047729 5
1 3714.28629184005 9
2 3414.21793911211 14
3 3440.76224736715 19
4 3533.61603245463 24
5 3238.22831873696 28
6 3125.53321495688 33
7 2957.66619354094 38
8 2910.78878125206 42
9 2746.20598443936 47
10 2666.7757383176 52
11 2633.31710291555 56
12 2604.80582782173 61
13 2592.37888723997 66
14 2585.09430187996 71
15 2581.4282930471 76
16 2579.21513422625 81
17 2577.89781909813 85
18 2577.07522209379 90
19 2576.55218236555 95

0 3878.99829887774 5
1 3539.10017132027 9
2 3529.03774993595 14
3 3608.55831830482 19
4 3634.53559954304 24
5 3391.62361866433 29
6 3221.12090929976 35
7 2999.28034358804 39
8 2892.02125765369 44
9 2753.27435864024 50
10 2681.89503080246 55
11 2648.2660150531 61
12 2627.93187821712 66
13 2615.30782018567 71
14 2609.9938587908 76
15 2607.1544576921 81
16 2604.96446154987 86
17 2603.62338272444 91
18 2602.91420444313 96
19 2602.39248900931 100

0 3681.39492095188 5
1 3410.76423929562 9
2 3790.41484735444 14
3 3866.26063783452 19
4 3575.43034862835 26
5 3299.57594307305 30
6 3092.53337454757 35
7 2997.30829174065 40
8 2801.49854493623 45
9 2691.31224598262 50
10 2626.55317650462 55
11 2586.26450799753 59
12 2569.7929476897 64
13 2560.96726610217 69
14 2555.8723373893 74
15 2552.88254437695 79
16 2551.35201591569 84
17 2550.43953554825 89
18 2549.84934575809 94
19 2549.47008720238 99

0 3692.07904153613 5
1 4037.31795338614 9
2 3535.45620208566 14
3 3486.39287627931 19
4 3669.40775035615 24
5 3331.3271156438 29
6 3105.03002491776 34
7 3042.23554737849 38
8 2853.12164348814 43
9 2737.76264724856 48
10 2651.72418442129 53
11 2616.71848008206 58
12 2593.99833794383 63
13 2583.37381152257 68
14 2579.5073991991 73
15 2574.32265598048 78
16 2572.46424484872 82
17 2571.37702119327 87
18 2570.6527076119 92
19 2570.16079124642 97

0 3544.9548390629 5
1 3503.38556114984 9
2 3539.5914567636 14
3 3618.48778526001 19
4 3664.86957422084 24
5 3273.80450408955 29
6 3177.69885778146 33
7 2996.23987153021 38
8 2873.76429640196 43
9 2777.59733711559 48
10 2675.26009715805 52
11 2628.05456285392 57
12 2597.35077445726 62
13 2585.85343072323 67
14 2580.24230196021 72
15 2576.53216188456 76
16 2574.26789597981 81
17 2573.05077382369 86
18 2572.30097455416 91
19 2571.80689864733 96

0 4282.97436498877 5
1 3677.03571248789 9
2 3699.6892946527 14
3 3649.25569899329 19
4 3824.32809697196 23
5 3465.14504216859 28
6 3093.46452265212 33
7 3010.63329036827 38
8 2849.76658662028 43
9 2746.29339825775 48
10 2650.15081376644 53
11 2603.28216690801 58
12 2582.82398945894 64
13 2571.00556167049 69
14 2562.20229250422 74
15 2558.90857892423 79
16 2557.02118759208 84
17 2555.81952647181 89
18 2555.03959674922 94
19 2554.5252551679 98

0 3898.48778307047 5
1 3731.97006995899 9
2 3658.76037639403 14
3 3504.67333488652 19
4 3664.20634390829 24
5 3240.64082568848 29
6 3054.56148582899 33
7 2952.69021518425 38
8 2885.13247358304 43
9 2714.14490980828 48
10 2660.78837384203 53
11 2620.08778968281 58
12 2602.99953469114 63
13 2590.51967842711 67
14 2585.56691994709 72
15 2581.672498151 77
16 2580.18323263383 82
17 2579.23691537973 87
18 2578.66892232418 91
19 2578.27672940356 96

0 3429.08180744069 5
1 3584.78504634287 9
2 3653.25773938964 14
3 3767.09151566355 19
4 3775.85022196818 24
5 3237.02850519978 29
6 3088.22612161697 33
7 2960.60453230177 38
8 2825.22219811412 43
9 2709.13529189551 48
10 2652.2854924471 53
11 2613.36057881278 58
12 2597.6279013089 63
13 2582.85039420242 68
14 2577.73471607034 73
15 2573.76341812849 78
16 2572.0772324201 83
17 2570.97290804793 87
18 2570.2962111538 92
19 2569.86715937103 97

0 3524.45863334669 5
1 3562.95494551951 10
2 3510.63263304796 14
3 3729.69923538216 19
4 3621.86474317015 24
5 3329.79325185396 29
6 3139.14835491259 34
7 2941.66911827878 38
8 2810.08380393214 43
9 2695.72714389182 48
10 2626.15673787743 53
11 2579.39066248521 57
12 2551.62739160123 62
13 2540.19551030268 67
14 2535.76979570137 72
15 2533.50567080725 76
16 2531.82189014484 81
17 2530.82074913871 86
18 2530.29332786122 91
19 2529.8694641695 95

0 3673.7261012839 5
1 3599.30026525355 9
2 3852.65786969132 14
3 3800.80402372655 19
4 3523.41694530174 24
5 3246.68468214398 28
6 3155.16623891577 33
7 2992.91305599007 38
8 2864.95651666716 43
9 2741.33355253475 47
10 2657.64569057183 52
11 2606.10429850954 57
12 2584.2265016488 62
13 2575.12766734339 67
14 2569.41534456382 72
15 2566.03467948814 77
16 2564.19257834583 82
17 2562.76076568777 87
18 2561.93220830639 92
19 2561.39260540169 96

0 3761.40555776447 5
1 3543.48974042399 9
2 3688.15052949082 14
3 3746.35741847803 19
4 3568.26642323841 24
5 3141.52442495948 29
6 3162.2918023221 33
7 2997.44048185039 38
8 2802.18949995449 43
9 2738.31822341076 48
10 2633.61589009942 53
11 2597.04655029955 57
12 2577.5350036102 62
13 2568.38154224229 67
14 2562.73085088201 72
15 2558.87090949549 76
16 2557.08989630093 81
17 2555.99397469565 86
18 2555.34958480672 91
19 2554.93454035513 95

0 3534.53148349417 5
1 3660.81048264329 9
2 3904.20961207521 14
3 3542.83299719358 19
4 3587.04142344402 24
5 3327.11937791854 28
6 3098.36782680795 33
7 2986.56858518702 38
8 2852.83681629435 43
9 2725.33959117209 48
10 2646.43241867078 53
11 2595.98748922546 57
12 2570.65467164155 62
13 2558.40413411859 68
14 2552.81322791604 73
15 2549.55010109075 78
16 2547.69773304667 82
17 2546.62043890391 87
18 2545.95738339134 92
19 2545.50605746657 97

0 3472.50041124322 5
1 3718.99289545481 9
2 3625.42609926879 14
3 3660.08646408452 19
4 3578.58658952207 24
5 3193.09166121331 29
6 3250.91758310084 34
7 2988.51968514884 38
8 2865.59996819526 43
9 2700.21145171355 48
10 2636.52498078622 53
11 2589.59041112212 58
12 2572.54232958035 62
13 2559.40602632956 67
14 2554.29764821988 72
15 2551.77005395536 77
16 2549.82917850331 81
17 2548.75127951596 86
18 2548.04963546066 91
19 2547.59990071125 96

0 3591.9939168663 5
1 3762.76427958437 10
2 3852.63615047671 14
3 3507.76812664474 20
4 3447.02310122944 25
5 3352.08210160981 29
6 3192.19436495759 34
7 3068.71989979609 39
8 2876.84138926045 44
9 2712.15126718837 49
10 2636.7912880287 54
11 2605.58042499329 59
12 2587.00448418283 63
13 2576.49619658152 68
14 2571.25950172631 73
15 2568.21319938577 79
16 2566.4629853009 84
17 2565.27553527667 89
18 2564.54992035806 94
19 2564.04051488431 99

0 3838.86137225601 5
1 3707.07915689326 9
2 3694.94152624508 14
3 3538.97496371 19
4 3554.09681615666 24
5 3370.58659649819 29
6 3059.22794750467 34
7 2942.39901317926 39
8 2858.69114900553 44
9 2711.16259922891 49
10 2631.32817940322 54
11 2596.42717878219 58
12 2573.35199232249 63
13 2564.02671943401 68
14 2557.67807973438 73
15 2554.2877585922 78
16 2552.15173362043 83
17 2551.01926337173 87
18 2550.23748009396 92
19 2549.74407460022 97

0 3767.63689831643 5
1 3878.96877940481 10
2 3624.05399275044 14
3 3692.59934087378 19
4 3513.49155682175 24
5 3509.75039478258 29
6 3191.28017253842 34
7 2998.68026870986 39
8 2820.62299891619 44
9 2714.03264854933 48
10 2652.88407766321 53
11 2601.0512842834 58
12 2583.54072902757 63
13 2575.91841811305 67
14 2569.05779211154 72
15 2564.70452156054 78
16 2562.96606971248 83
17 2561.86914640556 88
18 2561.21789980231 94
19 2560.75392211391 99

0 3792.87338340089 5
1 3503.4674859317 11
2 3845.84997183057 16
3 3635.95894211527 21
4 3545.4040557519 26
5 3369.67056327903 31
6 3177.94132119128 36
7 2908.27439005262 40
8 2806.49891234645 45
9 2688.69964051478 50
10 2612.59442880579 55
11 2557.61589807495 60
12 2541.93962208965 65
13 2528.8225020621 70
14 2524.67063956311 75
15 2521.67690174055 79
16 2520.14080775557 84
17 2519.08354072614 89
18 2518.51458150762 94
19 2518.14659697731 99

0 3752.2955761556 5
1 3597.12966752546 9
2 3568.15010315697 14
3 3551.42448890705 19
4 3603.04711016553 24
5 3398.17911714378 28
6 3190.1624403991 33
7 2945.67233843984 38
8 2837.67788688454 43
9 2745.22347370178 47
10 2675.09593982017 52
11 2630.41880374507 57
12 2608.00862271845 62
13 2600.04056471045 66
14 2596.2365158777 71
15 2591.75784064288 76
16 2590.17087280544 81
17 2589.1647021045 86
18 2588.4867099331 91
19 2588.07212199675 96

0 3879.69365031355 4
1 4094.96574773534 9
2 3744.93297902824 14
3 3706.55294505291 19
4 3688.98917768913 24
5 3430.3358487366 29
6 3146.18417727056 34
7 2946.27284321945 39
8 2833.67483538821 43
9 2698.36545253237 48
10 2625.47839702608 53
11 2597.93582144574 58
12 2565.80312538109 63
13 2556.99139238372 67
14 2552.27193466753 72
15 2548.42400640565 77
16 2546.45223537959 82
17 2545.32697441385 87
18 2544.561900945 91
19 2544.0812765982 96

0 3871.80047546615 5
1 3565.8523622696 10
2 3560.78833128109 15
3 3577.09445929325 20
4 3648.66656640279 24
5 3319.05616813532 29
6 3157.23449129772 34
7 2916.30602499265 39
8 2840.07720006334 44
9 2711.31286089139 48
10 2639.48076593856 53
11 2601.63688197149 58
12 2575.31995724492 63
13 2565.53195141576 68
14 2559.1632229301 72
15 2555.77116406529 77
16 2553.87261898941 83
17 2552.75829164982 87
18 2551.93016732999 92
19 2551.3977664311 97

0 3784.46415242449 5
1 3760.55665424738 10
2 3599.76032467514 15
3 3489.2364916869 19
4 3599.62620122587 24
5 3394.59135723461 29
6 3100.44202966595 34
7 3084.3985171464 39
8 2851.58445568677 44
9 2770.019243839 49
10 2668.83257228745 53
11 2616.85562932704 58
12 2589.47180324533 63
13 2580.02596855355 68
14 2574.01315228855 72
15 2569.54013935795 77
16 2567.67932168945 82
17 2566.55085413341 87
18 2565.79674488544 92
19 2565.35017496949 96

0 3650.46401857588 5
1 3725.71413858472 10
2 3673.33310104653 17
3 4162.95965126704 22
4 3479.22681729538 27
5 3449.90803011538 32
6 3125.45613441554 36
7 2918.86184817103 41
8 2841.76127746841 46
9 2738.6114890628 51
10 2659.33095189175 56
11 2608.08805522431 60
12 2591.33038733421 65
13 2581.03735540914 70
14 2576.08314202966 75
15 2572.68259868961 80
16 2570.42657817925 85
17 2569.47606648638 89
18 2568.68854588459 94
19 2568.23782577967 101

0 3758.95199548377 4
1 3706.7173027925 9
2 3753.84314583863 14
3 3516.9208906371 19
4 3509.36596983613 24
5 3307.95697403505 29
6 3121.04105545003 34
7 3029.19240900445 38
8 2833.15544674625 43
9 2720.80262994772 48
10 2636.50357394786 53
11 2596.19516065015 58
12 2578.6315522896 62
13 2567.59062234549 67
14 2559.9365429587 72
15 2556.57266527601 77
16 2554.57302267242 81
17 2553.47626311433 86
18 2552.73977726449 91
19 2552.29393370562 96

0 3710.86326895308 4
1 3787.43271171898 9
2 3563.6269802305 14
3 3761.75702349857 19
4 3694.33133468947 23
5 3401.146933558 28
6 3238.11998599585 33
7 3000.80821977004 38
8 2799.99459028269 43
9 2711.11709344832 47
10 2649.06927426171 52
11 2600.23164384429 57
12 2575.45589628371 62
13 2564.04858210111 67
14 2558.20036157886 72
15 2555.3957024855 76
16 2552.89373562441 81
17 2551.75892788993 86
18 2551.09144409622 91
19 2550.64064629172 96

0 3704.77100105495 5
1 3712.83339985933 10
2 3607.84744849744 15
3 3476.88441867185 20
4 3583.64752308488 25
5 3266.29313685377 30
6 3121.94630136042 35
7 2961.81493626196 40
8 2858.78412068743 44
9 2725.32516732134 49
10 2654.59541096029 54
11 2607.86753638841 59
12 2580.83139732807 64
13 2568.71740786266 69
14 2562.24723471072 74
15 2558.632355792 78
16 2556.59047933858 83
17 2555.06219109809 88
18 2554.20583461085 93
19 2553.61222661752 98

0 3589.12489747829 5
1 3848.98288175041 9
2 4055.41757247978 14
3 3676.04433919278 19
4 3765.40249456761 24
5 3255.33597434198 29
6 3123.69516991564 34
7 3021.76207991779 38
8 2874.76530642924 43
9 2685.49453979712 48
10 2612.41377221728 53
11 2577.13733266667 57
12 2557.49174605778 62
13 2548.02132232543 67
14 2544.5220184468 71
15 2540.24715302567 76
16 2538.49565210838 81
17 2537.43222044726 86
18 2536.83697676163 90
19 2536.44627153531 95

0 3853.29871411451 5
1 3770.53641202268 10
2 3630.70719137552 15
3 4099.95190049168 20
4 3761.17030427309 25
5 3384.80886290729 30
6 3164.54408699238 35
7 2924.82374678724 39
8 2821.20832565617 44
9 2704.54283503643 49
10 2622.01921444913 54
11 2574.87252531265 59
12 2554.65874485833 64
13 2540.95617491544 68
14 2536.49656399284 73
15 2532.7855067704 78
16 2531.05629420398 83
17 2529.96032629278 88
18 2529.2672845127 92
19 2528.82869012754 97

0 3733.11484078963 5
1 3639.05850541437 10
2 3375.75175217954 14
3 3662.41754000142 19
4 3709.13201640665 24
5 3364.09225298663 29
6 3097.5495541238 34
7 2992.57664515056 38
8 2887.10203053364 43
9 2725.13460755286 48
10 2670.67206683091 53
11 2619.76213179101 57
12 2600.24452905777 62
13 2585.73147178696 67
14 2579.01384816188 72
15 2575.7014382597 76
16 2573.87521518321 81
17 2572.67151400052 86
18 2571.88574151176 91
19 2571.39650681746 95

0 3643.03437451262 5
1 3604.4348166924 9
2 3598.48966386532 14
3 3788.19199910958 19
4 3574.51342265807 24
5 3197.26170769045 29
6 3243.85257124377 34
7 3042.71606684578 39
8 2909.50794333749 44
9 2773.99864761032 48
10 2683.532616873 53
11 2648.82954736568 58
12 2636.32970498628 63
13 2621.34556710846 68
14 2616.08539200761 72
15 2612.80958339973 77
16 2610.84534834411 82
17 2609.69834055666 86
18 2608.95743190249 91
19 2608.48471521918 96

0 3701.86882793103 4
1 3381.33499856393 9
2 3679.21457998134 14
3 4018.31679153962 19
4 3721.59660548155 24
5 3252.42717753005 28
6 3124.56728382087 33
7 2999.09118229028 38
8 2885.8495732998 42
9 2718.58141614521 47
10 2656.48980205802 52
11 2622.54325697755 57
12 2600.20012919003 61
13 2590.39484150686 66
14 2585.89138288468 71
15 2582.83701811003 76
16 2581.52819478538 81
17 2580.51568863749 85
18 2579.90453539399 90
19 2579.49353018195 95

0 3708.16757313827 5
1 3571.83691075222 9
2 3747.38523488237 14
3 3515.06406519174 19
4 3656.02507530342 24
5 3208.61845344385 29
6 3281.14672092502 34
7 2980.39322582113 39
8 2771.68916983791 44
9 2702.55513643945 49
10 2629.18053499599 55
11 2584.20873020319 60
12 2562.04577347649 65
13 2552.52269047631 70
14 2547.11882871471 75
15 2543.93821208332 80
16 2541.73763729258 85
17 2540.4798730146 89
18 2539.71270332122 94
19 2539.24311884771 99

0 3790.39244151094 5
1 3788.6176346054 9
2 3521.1531599713 14
3 4009.94021129906 19
4 3478.78413877048 24
5 3399.77924031977 29
6 3183.73619120932 33
7 2891.57790737031 38
8 2840.26232078185 43
9 2689.28959361234 48
10 2640.81091105349 52
11 2611.39167457285 57
12 2593.42419175991 62
13 2584.01732822528 66
14 2577.48833218475 71
15 2573.72961222123 76
16 2572.51824195047 81
17 2571.62115385131 86
18 2571.10602716055 90
19 2570.80203762608 95

0 3786.31132232826 4
1 3517.544875299 9
2 3736.04906707182 14
3 3588.87681815651 19
4 3417.73045070233 24
5 3170.2335535864 28
6 3147.71964325103 34
7 3018.46873823917 39
8 2800.41366051337 44
9 2728.34560528918 49
10 2667.36423519526 54
11 2620.11119947524 59
12 2604.44202043762 63
13 2593.41146461025 68
14 2588.15171022914 73
15 2586.01072655615 78
16 2584.14165924288 83
17 2583.0978484976 88
18 2582.46800756917 92
19 2582.08414923231 97

0 3686.32310134273 5
1 3866.79070088099 9
2 3756.83770516667 14
3 3680.08697736772 19
4 3811.96921922938 24
5 3277.72420322017 29
6 3102.4233963479 34
7 2985.33152069027 38
8 2848.11415582874 43
9 2758.23820294652 48
10 2682.49110285426 53
11 2647.42618281852 57
12 2626.30375184755 62
13 2614.81904603283 67
14 2609.74979674047 72
15 2606.70987226031 77
16 2605.24758616152 81
17 2604.03039285292 87
18 2603.34889806096 92
19 2602.93026021944 97

0 3686.51208859351 5
1 3487.08176630655 9
2 3685.69062716005 14
3 3661.89265720223 19
4 3756.18682773087 24
5 3440.20981351398 29
6 3122.67450277394 34
7 2932.0332725498 39
8 2901.43972970994 44
9 2752.41927205793 48
10 2643.54987853503 53
11 2614.50142934782 58
12 2596.59227126343 63
13 2584.83289346607 68
14 2577.56186292015 73
15 2574.37244249406 78
16 2572.36675848685 83
17 2571.2919382232 88
18 2570.58804378992 92
19 2570.0898889954 97

0 3665.25230707699 5
1 4284.2592469496 9
2 3740.5195414244 15
3 3549.76571922334 20
4 3431.01546430857 24
5 3333.76557607505 29
6 3212.20114376446 34
7 2949.78483528457 39
8 2853.25046906819 44
9 2698.02733466422 48
10 2638.81301979041 53
11 2604.55356603584 58
12 2581.70068930279 63
13 2572.68613538319 68
14 2567.32104241751 72
15 2563.95040957679 77
16 2562.02484004649 82
17 2560.86630809207 87
18 2560.11880642666 91
19 2559.62993291695 96

0 3662.22009163471 4
1 3588.69804973615 9
2 3741.7459025956 14
3 3575.86001442309 19
4 3837.89637867955 24
5 3383.61037320764 28
6 3068.24519455917 33
7 2960.15925745616 38
8 2851.04540827203 43
9 2758.57305454555 48
10 2657.87480459367 52
11 2606.83515098166 59
12 2585.27172685765 64
13 2570.64802179132 69
14 2563.67745118807 73
15 2560.26724628244 78
16 2558.06673848234 83
17 2556.80338657124 88
18 2556.07319948374 93
19 2555.56166338436 97

0 3427.62640269789 5
1 4064.56186186584 9
2 3617.34920182636 14
3 3714.65241274472 19
4 3503.91975498702 24
5 3485.02302565524 29
6 3189.70954383111 33
7 3035.19288621001 38
8 2860.40907608363 43
9 2733.98738926525 48
10 2646.26842528298 52
11 2604.01319231275 57
12 2578.50521378899 62
13 2567.66719317728 67
14 2562.57640060724 72
15 2558.99747402641 76
16 2556.92689169298 81
17 2555.79049764937 86
18 2554.97494910568 91
19 2554.49060921706 95

0 3690.02646413987 5
1 3884.21529903847 9
2 3765.89967697234 14
3 3809.67615953763 19
4 3590.81832081706 24
5 3330.44832311461 28
6 3063.26100486623 33
7 3023.98620904623 38
8 2821.73565067772 43
9 2702.56486818556 48
10 2619.03223830563 52
11 2581.64539764313 57
12 2554.52178552022 63
13 2541.84930365206 68
14 2536.09819249363 73
15 2532.61669828374 78
16 2530.56991069297 83
17 2529.37284465073 87
18 2528.56918321879 92
19 2528.08372558299 97

0 3429.93088379194 5
1 3600.22337755075 9
2 3539.82655807616 14
3 3418.09374922901 19
4 3736.60826624787 24
5 3134.04355243502 29
6 3084.7142586044 33
7 2936.7322812156 38
8 2854.41868908257 43
9 2746.25543195954 48
10 2661.63946769224 53
11 2622.43248194209 58
12 2608.90685402805 63
13 2599.71678463162 67
14 2586.96987092076 72
15 2583.58127673936 77
16 2581.44128332319 82
17 2580.11003293599 87
18 2579.31857481149 92
19 2578.82477592365 96

0 3582.13441848131 5
1 3824.33718050345 9
2 3661.14060756784 14
3 3648.6834901063 19
4 3455.81568608924 24
5 3234.76585685367 28
6 3111.25108116121 33
7 3019.49925478793 38
8 2842.92225247538 43
9 2713.17456475145 48
10 2657.08146755035 52
11 2614.01494041435 57
12 2595.44513797849 62
13 2588.26033735825 68
14 2581.56433477725 72
15 2576.85888045074 77
16 2575.13063036066 83
17 2574.03334201317 88
18 2573.44289178846 92
19 2573.02811322461 97

0 4094.41554000467 5
1 3784.18785510481 9
2 3950.60713897362 14
3 3640.74051671497 19
4 3612.39916309874 24
5 3459.07225668659 29
6 3152.57476689283 33
7 2999.14869252008 38
8 2847.93190330457 43
9 2770.51999809382 48
10 2696.34646433165 53
11 2633.70542273456 57
12 2610.13726560079 62
13 2595.48169297941 67
14 2588.07014340287 72
15 2583.72220317248 77
16 2581.21754201376 81
17 2579.56270477939 86
18 2578.55648951064 91
19 2577.88844765447 96

0 3525.04380376502 5
1 3949.83773706516 9
2 3914.8378404491 14
3 3655.2543779783 19
4 3522.7923963703 24
5 3454.38349760285 28
6 3181.74764564516 33
7 2929.89687985538 38
8 2807.21714098772 42
9 2742.83339947172 47
10 2630.32001251737 52
11 2598.36316429849 57
12 2567.62444312729 62
13 2557.20796567073 66
14 2551.54168532631 71
15 2547.69388849872 76
16 2545.41907156056 81
17 2544.09989408993 86
18 2543.18144813378 91
19 2542.61821216844 96

0 3601.899577287 5
1 3676.44519432504 9
2 3818.56851960444 14
3 3575.92148136009 19
4 3587.68367671028 24
5 3222.39650199045 29
6 3166.93643257102 33
7 2984.42103437043 38
8 2833.70312695496 43
9 2701.27310578096 48
10 2644.4628741164 53
11 2608.08296551024 57
12 2594.7957143415 62
13 2583.71762905237 67
14 2578.42710044023 72
15 2575.29074258446 77
16 2573.36954793544 81
17 2572.3304682709 86
18 2571.63572730549 91
19 2571.19809296517 96

0 3966.32293873107 4
1 3514.68958883236 9
2 3674.69620506521 14
3 3595.78156476267 19
4 3749.72767612778 23
5 3339.77807090794 29
6 3062.11249415989 34
7 3040.01661179389 38
8 2870.2777506354 43
9 2754.78810266274 48
10 2691.01847668914 53
11 2652.02320066326 57
12 2624.55913301928 62
13 2612.28153012081 67
14 2607.04507312905 72
15 2603.43008570102 77
16 2601.82358312348 83
17 2600.43117681503 88
18 2599.64098367324 93
19 2599.15813827806 98

0 3475.02056336784 5
1 3727.30165797674 10
2 3547.33120879539 15
3 3635.41954607081 20
4 3578.54264273166 25
5 3162.31691337326 30
6 3171.60727958823 35
7 2975.57900270222 40
8 2844.49101570365 45
9 2700.86704928571 50
10 2627.57456301436 55
11 2584.3599476286 60
12 2559.19093129468 64
13 2547.49714264162 69
14 2540.99399519324 74
15 2536.38970897614 79
16 2533.96406724949 84
17 2532.53650292699 89
18 2531.54961689068 93
19 2530.89869738279 98

0 3767.90940573302 5
1 3626.70873226528 9
2 3815.83210401835 14
3 3802.60165556505 19
4 3466.84679528869 24
5 3322.84377698153 29
6 3315.62195787056 33
7 2985.1385669426 38
8 2866.84315411574 43
9 2713.17694568649 48
10 2659.62214360203 53
11 2615.78829238506 58
12 2596.70838942117 62
13 2584.71801221651 67
14 2580.43202618959 72
15 2577.94368335973 77
16 2576.25339263546 82
17 2575.31869416939 87
18 2574.79275796167 92
19 2574.47589567102 97

0 3676.84086827428 5
1 3786.87581426094 9
2 3630.5942806596 14
3 3727.95677853872 20
4 3650.74092659791 25
5 3202.47963704719 29
6 3150.97177981031 34
7 3032.03852249115 39
8 2900.3886050431 44
9 2734.48292062763 49
10 2661.45312593509 54
11 2627.91016336234 59
12 2594.04562339812 63
13 2583.59924696608 68
14 2579.20731594209 73
15 2574.50938319567 78
16 2572.79019698358 83
17 2571.69886921911 87
18 2570.92817376707 92
19 2570.45030563328 97

