0 1537.73068484148 6
1 1556.00370148367 12
2 1480.33395701825 17
3 1321.21542909996 23
4 1126.64924360428 29
5 925.339139169367 35
6 802.448658573199 41
7 726.307292930269 47
8 659.231404978613 53
9 629.466990835797 59
10 630.689922912312 65
11 586.647910789545 71
12 569.696521905029 76
13 565.351654248971 82
14 563.863404590055 88
15 563.23144304978 94
16 562.937855395401 100
17 562.785557979725 106
18 562.704432676895 112
19 562.660472911572 119

0 1431.61799254874 6
1 1604.67735965552 12
2 1456.50091885985 18
3 1313.43037632921 24
4 1167.96275633951 30
5 910.272813087122 36
6 817.001804016235 41
7 713.703348950208 47
8 665.501937173617 53
9 633.829803261015 59
10 634.512207005389 65
11 592.085572387316 71
12 575.809541949035 76
13 572.529931645581 82
14 571.435472001513 88
15 570.965359902287 94
16 570.739240112799 100
17 570.625450231429 106
18 570.564710358819 111
19 570.53169060142 117

0 1399.48254173402 6
1 1720.13693834112 12
2 1546.39208744934 17
3 1405.02827159007 23
4 1127.50092584976 29
5 910.773327604275 35
6 860.942946558264 41
7 718.651420812119 47
8 675.561188318102 53
9 634.796915595047 59
10 628.226971049276 65
11 590.481743279562 71
12 574.087990290809 77
13 570.002739539224 84
14 568.665508423004 90
15 568.084614225205 96
16 567.803022207213 103
17 567.659868766791 109
18 567.582749187855 115
19 567.540686356779 121

0 1468.28903890794 6
1 1555.28372234485 12
2 1502.12278950343 17
3 1339.31254565721 24
4 1164.58155578831 29
5 906.730952327853 35
6 816.2287823545 41
7 734.998325018321 47
8 668.108052885073 53
9 634.123996182102 59
10 647.302696125397 65
11 587.669254167471 70
12 573.406869765186 76
13 569.269100351142 82
14 567.978172285228 88
15 567.410623846453 94
16 567.140050786516 100
17 567.000210445381 105
18 566.925605695097 111
19 566.884829597002 117

0 1577.62066004054 6
1 1458.89521436554 13
2 1474.84427013358 19
3 1392.21068319731 25
4 1031.68659108707 31
5 893.598895035137 38
6 823.666434358551 44
7 717.467231064556 50
8 670.62812082958 56
9 630.831627002493 63
10 635.190661108257 69
11 588.108159855098 75
12 573.037564061712 81
13 568.353017500858 86
14 566.716279199038 92
15 566.046108447231 98
16 565.732441563542 104
17 565.570852046143 110
18 565.484342562372 116
19 565.436988191325 122

0 1660.60240858803 6
1 1559.97466424144 12
2 1488.9872698742 18
3 1160.80449182779 23
4 1116.45945071453 29
5 924.505168518335 35
6 806.558227891553 41
7 702.370668119897 47
8 669.37813522778 53
9 627.341476361093 59
10 627.336789628561 65
11 588.221581212183 71
12 574.133514095609 77
13 570.351018966921 83
14 568.987413313229 89
15 568.368202123206 95
16 568.057472986099 101
17 567.892900136562 106
18 567.803165340862 113
19 567.75399700248 119

0 1559.67188700564 6
1 1537.83404334152 12
2 1564.08777647395 18
3 1240.63616727853 24
4 1120.37201762718 30
5 922.909383137018 36
6 793.428421687062 42
7 730.458010597467 48
8 666.245395941075 54
9 643.018215997733 59
10 629.929650264971 65
11 587.003480523296 71
12 572.765879534875 77
13 568.266551536607 83
14 566.631591192668 88
15 565.914936729106 94
16 565.566840408373 100
17 565.38044693019 106
18 565.280188297938 112
19 565.225032900308 117

0 1467.56516386568 6
1 1646.50934850537 12
2 1532.17780529145 17
3 1236.17104156569 23
4 1111.43814364354 29
5 950.831495912707 35
6 765.471608498936 41
7 710.697939903519 47
8 678.015242612511 53
9 638.533072023546 59
10 627.633327939653 64
11 587.397780871783 71
12 571.678787819208 77
13 567.602070379083 82
14 566.158218466765 89
15 565.56343893957 94
16 565.294345105545 100
17 565.156674792388 106
18 565.083351741074 112
19 565.043431755809 118

0 1551.13009690523 6
1 1666.74352912157 12
2 1359.4741807405 18
3 1304.1775019491 24
4 1165.51098055869 30
5 958.659483099348 36
6 795.57787821182 42
7 718.564816282369 48
8 682.538082349539 53
9 636.137265267225 59
10 635.048364427652 65
11 590.153355999098 71
12 574.499877887397 77
13 570.444281776392 83
14 569.176166755097 89
15 568.651231453539 95
16 568.385992323165 101
17 568.249581563416 106
18 568.176556816032 112
19 568.136830819952 118

0 1469.44484419262 6
1 1569.92857116492 12
2 1489.91319529905 18
3 1441.425479123 24
4 1068.20062021269 30
5 894.303889654157 37
6 845.578053068746 43
7 731.576700216322 49
8 669.685183450981 55
9 632.334549245967 61
10 633.624173471586 67
11 586.61214518606 73
12 570.777893347896 79
13 566.585861440387 85
14 565.118674746034 90
15 564.493296664828 96
16 564.187053298537 102
17 564.030544700874 108
18 563.946514927796 114
19 563.900709209114 120

0 1543.23814641675 6
1 1576.86204381427 12
2 1476.36815573431 17
3 1299.80047226162 23
4 1072.40773826264 29
5 999.133086961697 35
6 801.00845327598 41
7 738.852128875276 47
8 677.838349955755 53
9 649.098704066368 59
10 636.185791145857 64
11 587.535934178924 70
12 573.942800172429 76
13 570.199652929067 82
14 568.885640579845 88
15 568.347595208111 94
16 568.08981104303 100
17 567.95894031252 106
18 567.889915267338 112
19 567.852498704602 118

0 1499.55416279045 6
1 1610.37837884416 12
2 1435.84574355846 18
3 1338.46782263672 24
4 1079.30501761651 30
5 913.573290924602 36
6 813.062369919495 42
7 706.27735131884 48
8 669.834010472879 54
9 640.694924271832 60
10 643.345742478772 66
11 588.337422718426 71
12 572.940861891156 77
13 568.225908186479 83
14 566.688841898078 89
15 566.024253414728 95
16 565.718101768203 101
17 565.559291983445 106
18 565.474781083885 112
19 565.428850499667 118

0 1550.0341415032 6
1 1550.46065121652 12
2 1501.68013838594 17
3 1404.00647572396 23
4 1177.45365287096 29
5 937.44809791628 35
6 790.228216680696 41
7 731.510894707665 47
8 661.329981061334 54
9 633.658102371735 60
10 631.370885421816 66
11 589.202470829014 72
12 574.997035942 78
13 570.085796477567 84
14 568.384452987632 90
15 567.747121562296 96
16 567.433987117363 102
17 567.271084946355 108
18 567.184168643923 115
19 567.136893234575 121

0 1480.17801239409 6
1 1396.43613537673 12
2 1423.19483692161 18
3 1335.34881549992 24
4 1134.74010726765 30
5 898.838164285434 36
6 833.297658227412 42
7 719.95847188193 48
8 671.202238617947 54
9 654.767178610888 59
10 620.220511354308 65
11 588.73044357536 71
12 571.289223691981 77
13 567.106949669352 83
14 565.68438332248 89
15 565.155024021263 95
16 564.896459784763 100
17 564.764874994859 106
18 564.694232342565 112
19 564.655779505145 118

0 1591.43109706654 6
1 1391.54428075932 12
2 1543.71469760048 18
3 1271.5631805572 24
4 1177.1597760337 29
5 977.316479694884 35
6 819.033583994926 41
7 715.750377497851 47
8 673.055080776687 54
9 624.607660998608 60
10 637.006395541618 66
11 588.024607682178 72
12 572.894575621033 78
13 569.400673781568 84
14 568.217270486966 90
15 567.758765619765 96
16 567.550745052191 102
17 567.444130189715 108
18 567.387993717854 114
19 567.357534985078 120

0 1610.01421696343 6
1 1520.35734613227 12
2 1458.64716072656 18
3 1261.84271424587 23
4 1082.38762263897 29
5 973.397450845247 35
6 806.071754228036 41
7 735.197001536354 47
8 671.486988490145 53
9 639.862354743031 59
10 633.8188480772 65
11 587.954020003564 71
12 573.085389936948 76
13 568.662458271458 82
14 567.200494629027 88
15 566.617182013923 94
16 566.337434579566 100
17 566.192125845478 106
18 566.113406372632 112
19 566.070206336941 118

0 1558.05761548742 6
1 1400.6331025532 12
2 1689.7223319264 18
3 1245.83629485564 25
4 1071.15172120996 31
5 901.826807160993 37
6 795.315074171805 43
7 707.640248022035 49
8 659.994375501267 55
9 635.038071835518 61
10 636.142684997247 67
11 587.055661511156 72
12 574.605021188876 78
13 569.867458776707 84
14 568.40393581778 90
15 567.752656874886 96
16 567.448042462777 102
17 567.290832234458 108
18 567.207123370479 113
19 567.161243952949 119

0 1662.3588614801 6
1 1622.17255796384 12
2 1457.02466460371 18
3 1263.78539124941 23
4 1096.80808688425 29
5 962.546986098217 35
6 814.610849204607 41
7 710.803978020633 47
8 655.569690237541 53
9 634.068438882305 59
10 623.802171285134 65
11 588.659465309101 70
12 572.329740853215 76
13 568.360370062187 82
14 567.167287054982 88
15 566.665164558131 94
16 566.429212463953 101
17 566.311861241978 108
18 566.24993631851 114
19 566.216536733101 120

0 1449.25010636462 6
1 1568.31117023653 12
2 1449.25908350441 18
3 1360.05847428366 24
4 1085.03382605349 30
5 923.790632386293 36
6 815.485474666941 42
7 722.439464115481 48
8 667.895744852386 54
9 629.109435170706 60
10 618.799228573799 66
11 590.17798148066 72
12 575.765045121956 77
13 572.149544798158 83
14 570.948430803742 89
15 570.409523823992 95
16 570.154769307662 101
17 570.025543283678 107
18 569.957013494947 113
19 569.919646266862 119

0 1579.9388517535 6
1 1698.25714866225 12
2 1540.82346048246 18
3 1302.19596021583 24
4 1125.93102962978 30
5 966.26164708058 36
6 827.251409397712 42
7 723.068410082935 48
8 666.887161756442 54
9 628.070619738404 60
10 631.516231982301 67
11 588.149665729658 73
12 572.06111415878 78
13 567.81721675579 84
14 566.506478568 90
15 565.913429389896 96
16 565.628813501019 102
17 565.483181355355 108
18 565.404671678269 114
19 565.361843999328 120

0 1603.7923326368 6
1 1683.58042482966 12
2 1414.62414671386 18
3 1362.59587659376 24
4 1078.07194415404 29
5 921.801424994676 35
6 846.031316743067 41
7 714.749096664319 47
8 673.112378515311 53
9 638.650545645006 59
10 632.863424120725 65
11 591.179365801759 71
12 576.382717729125 76
13 572.438934464602 82
14 571.279025110066 88
15 570.799277745352 95
16 570.569022730394 101
17 570.452082853001 107
18 570.39065763869 113
19 570.357095432999 118

0 1552.3097306719 6
1 1585.47069198143 12
2 1423.99072393489 18
3 1284.10524853868 24
4 1175.01396195035 30
5 908.330623811622 36
6 829.464421437749 42
7 724.745924775777 48
8 680.276868740018 54
9 632.775937073519 60
10 630.28670982248 66
11 585.442702931942 72
12 570.723769757629 78
13 566.509411727715 83
14 565.109194224918 89
15 564.496367168319 95
16 564.218955689006 101
17 564.072413835493 107
18 563.99439680116 113
19 563.951757831812 119

0 1528.49737590542 6
1 1624.06382516135 12
2 1505.58709024166 18
3 1200.3207226431 23
4 1054.56324708419 30
5 926.034279581326 36
6 806.066041872961 41
7 715.064681031045 48
8 672.353231014654 54
9 638.582465681085 59
10 631.108681944589 65
11 589.134605320267 71
12 572.356632902124 77
13 567.971598397298 83
14 566.619484343466 89
15 566.059702120161 96
16 565.786614459752 102
17 565.645609069552 108
18 565.570641835848 114
19 565.529741815844 121

0 1657.23968534532 7
1 1519.5580417577 14
2 1487.08357796431 20
3 1330.51623425474 26
4 1165.86590083915 33
5 891.801818084172 39
6 811.101261304813 45
7 695.77156675581 50
8 678.161685860137 56
9 633.117478654428 62
10 635.197748132438 68
11 587.687597166951 74
12 569.531117369785 80
13 565.361568312175 86
14 564.129195022304 91
15 563.593860775267 97
16 563.32959513625 103
17 563.192958991983 109
18 563.120770509848 115
19 563.081405971724 121

0 1617.7025978127 6
1 1557.59481968975 12
2 1466.7375401368 17
3 1347.17412364909 23
4 1060.24761278672 29
5 980.426916004861 35
6 820.464584813553 41
7 747.603379218876 47
8 651.202290741907 53
9 638.118236348779 59
10 630.721836825928 65
11 584.283378680926 71
12 573.100824562978 77
13 569.289530880188 83
14 568.08412287099 90
15 567.586153975975 96
16 567.34052727426 102
17 567.214097079132 107
18 567.14638657596 113
19 567.109535609473 119

0 1530.05270101887 6
1 1577.65447342581 12
2 1462.37426860095 18
3 1263.98232847287 24
4 1109.40129695078 30
5 919.776497232764 36
6 867.955291224553 42
7 732.835673941426 47
8 668.770363091061 53
9 636.295002616677 59
10 629.522635219796 65
11 589.484952999648 71
12 574.108173213688 77
13 570.082458634105 83
14 568.885689834043 89
15 568.373395295997 95
16 568.121080529692 101
17 567.990472295971 107
18 567.920656925237 112
19 567.88274509731 118

0 1359.09471337876 6
1 1600.72517230654 12
2 1519.60954677176 18
3 1235.45077805527 24
4 1065.27066508242 30
5 913.819997249367 36
6 810.636059880349 42
7 718.291456933 48
8 678.689040808863 54
9 628.143728634902 60
10 645.980293556218 66
11 590.47942819525 72
12 576.673567069737 78
13 572.372260626063 84
14 570.927304419982 90
15 570.370785619245 95
16 570.099683933511 101
17 569.962061289052 107
18 569.888435160159 113
19 569.848463125417 119

0 1542.45159375282 6
1 1433.96592572892 12
2 1430.62918369088 17
3 1434.55321085457 23
4 1127.00302548837 29
5 907.953945596972 35
6 837.784709915233 41
7 726.784057327099 47
8 689.267646545204 53
9 638.638800575029 59
10 626.445206114534 64
11 587.906137759058 70
12 571.741531540084 76
13 567.403286279975 82
14 565.801301675283 88
15 565.102266540633 94
16 564.763633866711 100
17 564.591083780476 107
18 564.498586958879 112
19 564.447828046823 119

0 1510.22760499341 6
1 1490.93228341659 12
2 1445.77154642499 18
3 1221.60162694247 24
4 1110.89470865617 30
5 967.849962436674 36
6 779.895653156511 42
7 719.53761210364 48
8 668.938444402741 54
9 640.81854680587 60
10 631.006200670419 65
11 588.49758406503 71
12 572.984514685272 77
13 568.848840030946 83
14 567.396792519599 89
15 566.798947450217 95
16 566.495340700761 101
17 566.337052937882 107
18 566.252525965117 112
19 566.206352222453 118

0 1416.728926938 6
1 1475.77790711503 13
2 1474.20001702139 19
3 1287.84481560971 25
4 1132.91967480388 31
5 975.096771160193 36
6 810.19159404172 42
7 700.094069758858 48
8 675.028432798421 54
9 635.142785279142 60
10 630.093110645972 66
11 588.811699632468 72
12 576.182210187085 78
13 572.503829546368 84
14 571.396812769677 90
15 570.953412843296 96
16 570.752309279628 103
17 570.651556901469 109
18 570.598923920904 114
19 570.570439647005 120

0 1596.44017912116 6
1 1448.24502476862 12
2 1497.07809781001 18
3 1323.06144396754 24
4 1085.03420968641 30
5 900.980508210782 36
6 806.905032925538 41
7 719.478124755335 47
8 692.082301912292 53
9 639.256377095961 59
10 639.523795485456 65
11 591.043091863606 71
12 573.543731182511 77
13 569.186635669025 83
14 567.817179670132 89
15 567.244926085223 95
16 566.964982166912 101
17 566.821769327813 106
18 566.745453760764 112
19 566.703782360926 118

0 1513.51162944818 6
1 1639.90364984812 12
2 1492.30232309343 17
3 1376.8795019636 23
4 1150.45275022205 30
5 909.00424540475 36
6 824.898791821968 42
7 708.859529648964 48
8 674.971008880627 54
9 637.980308268269 60
10 639.315127994572 66
11 590.660891958697 72
12 575.360801060559 78
13 571.132759931413 84
14 569.757510208524 90
15 569.183981548804 96
16 568.89949925806 102
17 568.753143549944 107
18 568.674695484215 113
19 568.631877741809 119

0 1527.27156529066 6
1 1537.2559338238 12
2 1420.63702040744 18
3 1390.46775933516 24
4 1135.78131196706 30
5 913.564452127296 36
6 856.893733420441 42
7 721.100961555563 48
8 662.374302612014 54
9 635.655322651406 60
10 635.218995043363 65
11 590.554396499237 71
12 574.168199339885 77
13 569.842131615058 83
14 568.49298368172 89
15 567.946834235165 95
16 567.687671329766 101
17 567.554886732198 108
18 567.483548118896 113
19 567.444908623931 119

0 1471.45290340971 6
1 1473.72831175495 12
2 1596.8680643966 18
3 1235.13137017748 24
4 1125.70258448123 30
5 916.483383260476 36
6 824.428094339461 42
7 722.646656680971 49
8 685.069698140631 54
9 629.128837371356 60
10 628.145253672311 66
11 590.976031410108 72
12 575.233940909574 78
13 571.001268080213 84
14 569.498048961067 90
15 568.872035528229 95
16 568.568108996684 101
17 568.410211568875 107
18 568.326233510093 113
19 568.280171363421 119

0 1664.49755345576 6
1 1603.63250014562 12
2 1430.62415229951 18
3 1285.29638603258 24
4 1078.6119832159 30
5 927.533114705945 36
6 834.751375674533 42
7 712.301783368989 48
8 667.562767728397 54
9 635.726516635436 60
10 628.757743022263 66
11 590.533569678923 72
12 576.186378750539 78
13 572.377099760895 85
14 571.172898278708 91
15 570.690405664965 97
16 570.45946971455 103
17 570.343177164728 109
18 570.281707937549 115
19 570.24832575956 121

0 1498.8339021336 6
1 1395.42430040333 12
2 1462.30135128945 18
3 1266.77939813396 24
4 1114.84432396588 30
5 916.246127783412 35
6 791.540764598739 41
7 714.332510419525 47
8 672.391466178989 53
9 633.124753937777 59
10 625.836391746282 64
11 589.622493793656 70
12 571.413178561806 76
13 566.890606319898 82
14 565.487180205465 88
15 564.881122184532 94
16 564.576866492075 100
17 564.418751829662 105
18 564.333311976498 111
19 564.286611624131 117

0 1543.46833802084 6
1 1626.35743137704 12
2 1490.50920601459 18
3 1259.2024025333 24
4 1030.4343060222 30
5 968.152917388869 36
6 783.94912318093 42
7 731.4871581865 49
8 657.643452247622 55
9 632.20291685102 61
10 627.375096753836 67
11 591.2491198086 73
12 575.284369760433 79
13 571.061731905398 85
14 569.664046139264 90
15 569.083644773565 96
16 568.814509164543 102
17 568.675022908575 108
18 568.600987125018 114
19 568.560709424825 120

0 1502.59902655097 6
1 1684.91343659259 12
2 1597.84141419867 18
3 1377.60490897317 24
4 1170.34065992581 30
5 937.932668668854 36
6 833.413180949333 41
7 727.071464361371 47
8 674.869413183039 53
9 636.935078751063 59
10 636.91974912667 65
11 590.915704294368 71
12 576.756286397856 77
13 572.555991000436 83
14 571.134271026338 89
15 570.595928790381 94
16 570.321617104555 100
17 570.181247834222 106
18 570.104632018557 112
19 570.062892842109 118

0 1631.59287338479 6
1 1384.24582324649 12
2 1554.80800044524 18
3 1435.00567785039 24
4 1051.51397880704 31
5 956.42611882374 37
6 819.33685405809 43
7 712.340465228448 48
8 683.688368131328 54
9 634.833300574231 60
10 640.431267901545 66
11 592.385264281335 72
12 575.809703546599 78
13 571.549218629772 84
14 570.048340537317 90
15 569.379066690713 96
16 569.057280339962 102
17 568.891864287764 108
18 568.803253000031 113
19 568.754702995201 119

0 1490.85223598235 6
1 1526.94674131971 12
2 1464.83850262996 18
3 1271.76337433278 24
4 1085.38832893439 30
5 946.310943150079 36
6 831.885768517739 42
7 712.901725379693 48
8 683.898462844756 53
9 640.869446196296 59
10 640.670972660767 65
11 587.69027367325 71
12 570.516690350494 77
13 566.489350959844 83
14 565.065498829288 90
15 564.48613798196 96
16 564.220489475241 102
17 564.08596228237 108
18 564.014347206187 114
19 563.975376040102 120

0 1583.59912085875 6
1 1442.20655786367 12
2 1400.36787248764 18
3 1336.53026044725 24
4 1103.45735829856 29
5 927.662747851832 35
6 823.753208828352 41
7 710.513868014344 47
8 667.286778963143 53
9 634.734006737354 59
10 637.661413315829 65
11 586.348730121715 71
12 569.471902269821 77
13 564.656248704282 83
14 562.992013668606 88
15 562.337085565381 94
16 562.021012088724 100
17 561.860018901369 106
18 561.774328810074 112
19 561.727704209435 118

0 1706.33827324689 6
1 1534.76997700988 12
2 1494.5106936923 17
3 1420.82940858716 23
4 1066.61337971233 29
5 939.256432610853 35
6 829.659368232933 41
7 720.325349941249 48
8 671.820026435534 53
9 628.497022250913 60
10 634.497503014831 66
11 587.567490849952 71
12 573.20475447548 77
13 568.384856749402 83
14 566.646044778988 89
15 565.89046934918 95
16 565.508488055552 101
17 565.313553319932 107
18 565.207733230235 113
19 565.1498454447 121

0 1586.6098346251 6
1 1434.05177222843 12
2 1356.47382834173 18
3 1294.585800214 23
4 1056.04409430626 29
5 954.771562578976 35
6 814.992212446369 41
7 742.515649101624 47
8 672.591611724235 53
9 648.570400582852 59
10 629.4707161123 65
11 588.239106168802 71
12 573.275979566678 77
13 568.178719453715 82
14 566.656657623053 88
15 565.976047693784 94
16 565.645335495545 100
17 565.473433481782 106
18 565.381685583322 112
19 565.331344735866 118

0 1544.87878164547 6
1 1498.71563616775 12
2 1488.97432576741 19
3 1330.25230186815 25
4 1108.09755404834 31
5 907.919760812697 37
6 813.236934742343 43
7 723.735816660231 49
8 666.680608695081 55
9 637.911133920023 61
10 631.031612869509 67
11 591.167416267651 73
12 576.699063506576 79
13 572.887920115399 85
14 571.636407334488 90
15 571.161356313667 96
16 570.941144363458 102
17 570.829828344454 108
18 570.770199378908 114
19 570.737856025557 120

0 1483.63789099612 6
1 1617.96303423032 12
2 1411.91860313914 18
3 1307.39042067017 24
4 1127.51585892929 29
5 915.679679227154 35
6 764.540915262113 41
7 712.697397241487 47
8 668.472029675552 53
9 630.782360116246 59
10 631.768296544897 65
11 586.312868266184 71
12 570.521779158841 76
13 567.220843194086 82
14 566.011792194271 89
15 565.5071123206 95
16 565.275922801431 101
17 565.15416410691 107
18 565.091319632313 113
19 565.057006048672 119

0 1624.20763979239 6
1 1475.35229347761 12
2 1492.29006414238 17
3 1210.36024271623 23
4 1021.42874222497 29
5 973.247148990313 35
6 810.063874863136 41
7 711.369428112058 47
8 670.170252412048 53
9 637.764086722664 59
10 630.082797010319 64
11 587.624786368524 70
12 574.374201514725 76
13 570.396594975258 82
14 569.149039843737 88
15 568.654953286593 93
16 568.423467334476 101
17 568.305054505891 106
18 568.241765122075 112
19 568.207173502716 118

0 1577.98719925284 6
1 1596.95969092083 11
2 1453.27078284761 17
3 1284.26575903689 23
4 1104.98164503306 29
5 924.561583322043 35
6 845.86712303073 41
7 712.430180457618 47
8 678.990005129498 53
9 637.880346150984 59
10 625.897576601309 66
11 590.926028480378 71
12 574.840138936708 78
13 570.907974294594 84
14 569.468868371768 90
15 568.893908383972 95
16 568.611262565665 101
17 568.467396465214 107
18 568.390206910275 113
19 568.348121317447 119

0 1535.36081781279 6
1 1595.869068631 12
2 1510.13927619837 18
3 1321.39348323007 24
4 1109.27884734431 29
5 954.495781589823 35
6 800.799818693041 41
7 718.908663193327 47
8 666.673995725032 55
9 633.106905887377 61
10 631.601593557459 69
11 586.38775506122 75
12 573.26006882671 81
13 568.826490449109 87
14 567.324271371416 93
15 566.711222013838 99
16 566.434643227742 105
17 566.29069736904 111
18 566.214531814621 117
19 566.173229125981 122

0 1526.26730557414 6
1 1482.04765461755 12
2 1590.15218673116 18
3 1456.22246610182 24
4 1050.78160077821 30
5 974.925094004154 36
6 819.395331748154 42
7 719.100478130814 48
8 683.806144722223 54
9 630.675479046052 60
10 628.717256025117 66
11 588.98475592666 72
12 576.314527672556 78
13 572.385472699955 84
14 571.344251966664 90
15 570.895679033059 97
16 570.695062273091 103
17 570.592770985519 109
18 570.537904511284 115
19 570.507967288058 121

0 1638.5929115027 6
1 1489.8780625944 12
2 1562.26594176213 18
3 1386.78759731926 24
4 1110.21606221281 30
5 954.29254458326 36
6 838.172445665768 41
7 738.596390725843 47
8 659.675496931482 53
9 632.699260690225 59
10 637.476011156811 65
11 585.590968881608 72
12 571.190082597029 78
13 566.933752207319 84
14 565.713091484219 90
15 565.177822028521 96
16 564.925354386912 102
17 564.798275904418 109
18 564.730800497026 115
19 564.694249739349 121

