0 9528.10467590417 20
1 8615.94523364307 26
2 7230.87762443056 33
3 5762.1978445273 39
4 4728.03463774574 45
5 4078.14686438142 51
6 3589.24415153825 56
7 3142.13765642868 62
8 2668.17311250352 68
9 2179.03825104299 73
10 1730.43666601799 79
11 1373.03812421463 84
12 1128.98081467044 90
13 962.359191481096 96
14 845.182809200866 102
15 758.592088803647 108
16 692.781475782667 114
17 643.639429472215 120
18 607.658309961328 126
19 584.377115541394 131
20 571.52996992844 137
21 565.402465246683 143
22 562.749179301427 149
23 561.370185798433 154
24 560.500537891377 160
25 559.905666105964 166
26 559.491024371707 172
27 559.196571533954 178
28 558.979025170557 184
29 558.809346828189 190
30 558.669448332156 195
31 558.548539537623 201
32 558.440393455097 206
33 558.341571046877 212
34 558.250279938175 218
35 558.165630537096 224
36 558.087169032006 229
37 558.014610711885 235
38 557.947704961916 241
39 557.886174981218 246
40 557.829696575818 252
41 557.777898916891 258
42 557.730378668593 263
43 557.686720469934 269
44 557.646517275372 275
45 557.609386104807 281
46 557.574977618514 286
47 557.542980167857 292
48 557.513119961117 298
49 557.485158974806 303
50 557.458891783032 309
51 557.434141990553 314
52 557.410758620157 320
53 557.388612630299 326
54 557.367593665399 332
55 557.347607110063 337
56 557.328571494923 343
57 557.310416274559 349
58 557.293079969692 354
59 557.276508641643 360
60 557.260654651684 366
61 557.245475652216 371
62 557.230933759203 377
63 557.216994863338 382
64 557.203628047371 388
65 557.190805087156 394
66 557.178500022163 399
67 557.166688786974 405
68 557.155348898737 411
69 557.144459196931 418
70 557.133999631887 423
71 557.12395109787 429
72 557.11429530556 435
73 557.105014688184 441
74 557.096092334932 447
75 557.087511945729 453
76 557.079257801391 458
77 557.071314744348 464
78 557.063668165808 470
79 557.056303996231 476
80 557.049208697024 481
81 557.042369252023 487
82 557.03577315817 492
83 557.029408415097 498
84 557.02326351388 504
85 557.017327425153 509
86 557.011589587067 515
87 557.006039893419 521

0 9707.21452718138 18
1 8910.05263060509 23
2 7660.1563834205 30
3 5898.75279777157 35
4 4299.43069410679 41
5 3341.80214400822 47
6 2780.35078636911 52
7 2396.02451422499 58
8 2103.29281950498 63
9 1856.90839471777 69
10 1639.00156025613 75
11 1446.53129078633 81
12 1275.63994342069 86
13 1131.16248289679 93
14 1007.46775697453 98
15 901.518978921399 104
16 811.421700107347 110
17 739.253797749593 115
18 682.07021216794 121
19 641.208651871056 127
20 612.264533469878 132
21 593.570360306077 138
22 581.948505205498 144
23 574.667755387695 150
24 569.859219878176 155
25 566.558905834405 161
26 564.240969781894 166
27 562.572072347965 172
28 561.318142913179 177
29 560.327605071162 183
30 559.528132730947 189
31 558.895674914453 194
32 558.411481263282 200
33 558.048007733351 205
34 557.775882463949 211
35 557.57052059238 217
36 557.413566007244 222
37 557.2918487206 228
38 557.195976390879 233
39 557.119221925118 239
40 557.056743363789 245
41 557.00504204214 250
42 556.961579921198 256
43 556.924506487642 262
44 556.892463826727 267
45 556.864447971413 273
46 556.839710358696 278
47 556.817687521702 284
48 556.797950590344 290
49 556.780168791878 296
50 556.76408298479 301
51 556.749486479201 307
52 556.73621118773 313
53 556.7241176744 319
54 556.713088035833 324
55 556.703020820016 330
56 556.693827395729 335
57 556.685429346078 341
58 556.677756580897 347
59 556.670745953183 352
60 556.664340229491 358
61 556.658487310016 363
62 556.653139625492 369

0 9713.74777721926 18
1 8914.87925642929 23
2 7541.18249395803 29
3 5644.6930787228 35
4 3964.59697818826 40
5 2884.74097508511 46
6 2237.40766261802 51
7 1785.03892439877 57
8 1430.75052995244 62
9 1141.44560031442 68
10 924.021969505049 73
11 776.604168667765 79
12 681.952295623229 85
13 629.256903836284 91
14 601.178470596206 97
15 585.265796568895 103
16 575.414759598364 109
17 569.071336590845 114
18 564.926046130051 120
19 562.196732270393 126
20 560.398976807466 131
21 559.219257003413 138
22 558.446970385853 144
23 557.940005767724 150
24 557.604443059768 156
25 557.379698380886 161
26 557.227191100099 167
27 557.122332720826 173
28 557.049297818735 178
29 556.997764682139 184
30 556.960911846297 190
31 556.934178295694 195
32 556.914483811346 201
33 556.89972993664 207
34 556.888475566241 213
35 556.879723422707 218
36 556.872778141706 224
37 556.867151197483 230
38 556.862496764375 236

0 9507.12326020462 18
1 8271.2028143514 23
2 6095.41932829465 29
3 3835.96899510951 35
4 2422.09076889944 40
5 1628.90373880594 46
6 1180.56178093162 51
7 920.643035499741 57
8 767.734922922016 63
9 680.791844928353 69
10 631.693823108841 74
11 604.638089690039 80
12 589.340938258081 86
13 580.158879447409 92
14 574.390967632658 98
15 570.659138832975 104
16 568.188667290707 110
17 566.524123274612 116
18 565.389558029469 122
19 564.609490908809 128
20 564.067113293145 134
21 563.683349841758 139
22 563.405003419327 146
23 563.196756029894 152
24 563.035441681239 157
25 562.905995332841 163
26 562.798644599905 169
27 562.707004088096 174
28 562.626824451353 180
29 562.555207759564 186
30 562.49013476504 191
31 562.430182558952 197
32 562.374349654324 203
33 562.321940047819 208
34 562.272480787075 214
35 562.225659892689 220
36 562.181277533435 225
37 562.139206547386 230
38 562.099360352434 236
39 562.061667513836 242
40 562.026052842392 247
41 561.992424953801 253
42 561.96066988412 259
43 561.930649865121 264
44 561.902205953964 270
45 561.875163037152 275
46 561.849335818556 281
47 561.824534688707 287
48 561.800570745084 293
49 561.777259592033 298
50 561.754423833407 304
51 561.731894363258 310
52 561.709510670313 316
53 561.687120422344 322
54 561.664578607065 329
55 561.641746487598 334
56 561.618490584116 340
57 561.59468181008 346
58 561.570194759946 352
59 561.544906953205 357
60 561.518697587504 363
61 561.491445059538 369
62 561.463022220165 374
63 561.433288104443 380
64 561.402074783954 385
65 561.369168062717 391
66 561.334280968027 397
67 561.297019359402 403
68 561.256839666754 408
69 561.213000583279 414
70 561.16451573264 420
71 561.110127632351 425
72 561.048351587396 431
73 560.977683178902 437
74 560.897095848082 443
75 560.806877687509 448
76 560.709539201007 454
77 560.61007243434 460
78 560.514862734498 465
79 560.429541590745 471
80 560.357190726433 477
81 560.298058319079 482
82 560.250545564386 488
83 560.212417641571 494
84 560.181566470601 500
85 560.156289131545 506
86 560.135298618075 511
87 560.117644062071 517
88 560.102623209721 523
89 560.089712168328 529
90 560.078514511434 534
91 560.068725672591 540
92 560.060108189567 545
93 560.052474374127 551
94 560.045674025312 557
95 560.039585586645 562
96 560.034109682254 568

0 9647.24355893759 18
1 8756.63478692106 23
2 7304.94813427743 29
3 5324.12850749923 34
4 3488.38785645609 40
5 2317.73410234679 45
6 1627.59421429454 51
7 1207.90148459568 57
8 945.350530449803 63
9 784.792388242359 68
10 690.723549427561 74
11 636.261322195762 79
12 605.213381272325 85
13 588.574268205602 90
14 579.384240428516 96
15 573.954813443374 102
16 570.489361329173 107
17 568.1457255856 113
18 566.50119833281 118
19 565.31599267192 124
20 564.438760321566 129
21 563.768963191596 136
22 563.239379645853 141
23 562.805383802834 148
24 562.437108295647 153
25 562.113667551682 159
26 561.819183484286 165
27 561.540120768162 171
28 561.263415906613 176
29 560.97564164165 182
30 560.664430016261 187
31 560.322034170743 193
32 559.948069803096 199
33 559.551981023323 204
34 559.156552855112 210
35 558.791946634092 216
36 558.47787983222 221
37 558.214942816523 227
38 557.993035404481 232
39 557.802065994519 238
40 557.635988404827 243
41 557.492436608149 249
42 557.371089235584 255
43 557.271889227347 260
44 557.193717779647 266
45 557.134022210899 272
46 557.089322272485 277
47 557.056010122147 283
48 557.030932676482 288
49 557.011618205189 294
50 556.996253877534 300
51 556.983558960245 305
52 556.972645138475 311
53 556.962901176912 317
54 556.953908738272 323
55 556.945384409686 328
56 556.937140529748 334
57 556.929058386129 340
58 556.921069129695 346
59 556.913139399575 352
60 556.905259940926 357
61 556.897436397791 363
62 556.889682005599 369
63 556.882012141873 374
64 556.874440698258 380
65 556.866978115532 386
66 556.859630778025 391
67 556.852401369858 397
68 556.845289782643 403
69 556.838294223415 408
70 556.831412271063 414
71 556.824641734491 420
72 556.817981253747 425
73 556.811430645251 431
74 556.804991026002 436
75 556.798664765362 442
76 556.792455314081 448
77 556.786366955262 453
78 556.78040451476 460
79 556.774573060554 465
80 556.768877614548 471
81 556.763322893655 476

0 9368.41018840866 18
1 8198.86065058803 23
2 6252.73953679201 29
3 4202.00636426734 34
4 2847.22196881486 40
5 1967.86856891966 46
6 1410.4582754804 51
7 1080.39567544614 57
8 879.909832597549 63
9 759.30385444494 68
10 685.124173146763 74
11 636.328066216132 80
12 605.506316752303 85
13 587.463699091764 91
14 577.098029848964 97
15 571.023680077072 103
16 567.315952928872 109
17 564.945674547835 114
18 563.367674078962 120
19 562.284269111562 126
20 561.527394975438 132
21 560.996158519465 137
22 560.622688552499 143
23 560.358104869803 149
24 560.167475996349 154
25 560.026605960901 160
26 559.919154085756 165
27 559.834241497893 171
28 559.764652113437 177
29 559.705570893067 182
30 559.653740655782 188
31 559.606917699431 194
32 559.563528653276 199
33 559.52245660888 205
34 559.482905801744 210
35 559.44431036385 216
36 559.406265961827 222
37 559.368474657721 228
38 559.330702287353 234
39 559.292752580819 240
40 559.25446290244 245
41 559.215723844464 251
42 559.176519462442 257
43 559.136976126502 262
44 559.097396920129 268
45 559.058252192799 274
46 559.02010678489 280
47 558.983494746785 286
48 558.948786592977 292
49 558.916103396301 298
50 558.885305637508 304
51 558.856044723363 309
52 558.827842004145 315
53 558.800163056144 320
54 558.77247154424 326
55 558.744262135972 332
56 558.715079409746 338
57 558.684530395727 343
58 558.652295247248 349
59 558.618135890764 354
60 558.581898055486 360
61 558.543499624764 366
62 558.50289948316 372
63 558.460046307509 377
64 558.414813854624 383
65 558.366934106543 388
66 558.31593860206 394
67 558.261110378931 400
68 558.201435282581 406
69 558.13552571141 411
70 558.061487911125 417
71 557.976768753901 423
72 557.878259838034 429
73 557.763394386232 434
74 557.633044480306 440
75 557.495104680368 446
76 557.364204391175 451
77 557.25467631473 457
78 557.172662992469 463
79 557.115304690389 469
80 557.075730791845 475
81 557.047543260721 480
82 557.026341584528 487
83 557.009481292295 493
84 556.995445195974 499
85 556.983357173714 505
86 556.972692642323 511
87 556.963121511003 517
88 556.954424898516 523
89 556.946450370353 529
90 556.939087095999 534
91 556.932251490243 540
92 556.925878548843 546
93 556.919916396714 551
94 556.914322722487 557
95 556.909062365292 562

0 9616.73582037198 17
1 8901.37362359358 23
2 7941.46115015163 29
3 6783.64704720324 34
4 5657.26916825864 40
5 4788.29290182556 46
6 4195.16947073575 51
7 3823.44093847179 57
8 3591.88103752686 63
9 3434.31609839201 68
10 3318.49549820877 74
11 3229.72502815177 79
12 3159.95628589591 85
13 3100.71908336162 90
14 3047.75122842076 96
15 2999.23304727838 102
16 2953.28724633828 108
17 2910.4073949171 114
18 2870.45189323399 120
19 2835.64998471555 126
20 2804.91675726402 132
21 2776.02654081111 137
22 2750.19774922564 143
23 2727.42888036221 149
24 2706.46814397082 154
25 2686.54525371759 160
26 2665.63865521219 166
27 2641.9884410066 172
28 2613.55340545773 177
29 2577.08518872849 183
30 2527.26466669164 188
31 2458.60552721028 194
32 2362.88749521805 200
33 2235.3370842091 205
34 2073.43364858705 211
35 1880.03407507946 216
36 1668.03005130363 222
37 1453.48184125238 228
38 1246.04808952735 234
39 1059.84765778346 239
40 904.248722362856 245
41 781.919045156327 250
42 692.960440897226 256
43 636.691803809682 262
44 603.318865732371 267
45 585.424125283794 273
46 575.878660999997 279
47 570.439026094005 284
48 567.125565513368 290
49 565.001456589149 295
50 563.5876900832 301
51 562.617689767329 307
52 561.933457037203 313
53 561.437580801085 319
54 561.06851155803 325
55 560.78669108173 331
56 560.566347303048 336
57 560.39046223914 342
58 560.247594420029 348
59 560.129838363268 353
60 560.031522445599 359
61 559.948402262501 365
62 559.877179489499 370
63 559.815219907351 376
64 559.760382107412 382
65 559.710902794738 387
66 559.665311380919 393
67 559.622364088561 399
68 559.580998144268 404
69 559.540312851414 410
70 559.499587540154 415
71 559.458344026483 421
72 559.416447273225 427
73 559.374208389617 433
74 559.332419353814 438
75 559.292242794668 444
76 559.254939115027 450
77 559.221521328773 455
78 559.192497732021 461
79 559.167816965949 467
80 559.147003018668 473
81 559.129371867499 479
82 559.114220200157 484
83 559.100936091698 490
84 559.089037233126 495
85 559.078165179897 501
86 559.068061779145 506
87 559.058543299512 513
88 559.049478739044 519
89 559.040773696254 524
90 559.032359096343 530
91 559.024183548021 536
92 559.016208218029 542
93 559.008403384851 547
94 559.000746091511 553
95 558.993218513673 559
96 558.985806794354 564
97 558.978500185803 570
98 558.971290396723 575
99 558.964171079367 581
100 558.957137414506 587
101 558.950185767093 592
102 558.943313394895 598
103 558.936518198528 604
104 558.929798505309 609
105 558.923152881686 615
106 558.916579970871 620
107 558.910078352922 626
108 558.903646425438 632
109 558.897282303029 637
110 558.890983734004 643
111 558.884748032728 649
112 558.878572025908 654
113 558.872452011316 660
114 558.866383726977 666
115 558.860362329279 672
116 558.854382378037 677
117 558.848437826844 683
118 558.842522016936 689
119 558.836627672939 694
120 558.830746898971 700
121 558.824871173582 706
122 558.818991342283 712
123 558.813097606477 718
124 558.807179507724 724
125 558.801225906392 730
126 558.795224954064 735
127 558.789164058896 741
128 558.783029843578 747
129 558.776808095393 752
130 558.770483708191 758
131 558.764040616271 764
132 558.75746171999 769
133 558.750728803423 775
134 558.74382244433 781
135 558.736721916797 786
136 558.729405087045 792
137 558.721848302981 797
138 558.71402627782 803
139 558.705911968013 809
140 558.697476445146 814
141 558.688688760547 820
142 558.679515800183 825
143 558.669922125074 831
144 558.659869790086 837
145 558.649318129649 842
146 558.638223494439 848
147 558.62653891667 854
148 558.614213674229 860
149 558.60119271522 866
150 558.587415894492 872
151 558.572816962209 878
152 558.557322231137 883
153 558.540848832919 889
154 558.523302451954 894
155 558.504574395099 900
156 558.484537810733 906
157 558.463042804464 911
158 558.439910099463 917
159 558.414922743706 923
160 558.387815152522 929
161 558.358258465052 935
162 558.325840750182 940
163 558.290040013297 946
164 558.25018739493 952
165 558.205418264726 957
166 558.154613000735 963
167 558.09634488683 969
168 558.028895327657 974
169 557.950481868879 980
170 557.859937157963 986
171 557.757982589389 992
172 557.648637830645 998
173 557.53939585739 1003
174 557.438990438056 1009
175 557.353800989257 1014
176 557.285744330827 1020
177 557.233009557138 1026
178 557.192210456664 1031
179 557.160061577717 1037
180 557.134032765497 1043
181 557.112364023736 1048
182 557.093874036821 1054
183 557.077769365739 1060
184 557.063506808666 1065
185 557.050704451014 1071
186 557.039086145823 1077
187 557.028446868657 1082
188 557.01863074345 1088
189 557.009516771673 1094
190 557.00100931892 1099
191 556.993031605652 1105
192 556.985521142006 1110
193 556.978426452699 1116
194 556.971704678931 1121
195 556.96531979018 1127
196 556.959241229221 1133
197 556.953442870817 1139
198 556.947902211486 1145

0 9784.07527072878 18
1 9000.68858687426 23
2 7625.29065513517 29
3 5650.85531512828 34
4 3650.82350145555 40
5 2281.44596530272 46
6 1582.87453765006 51
7 1214.65005536804 57
8 1004.00287053429 62
9 873.028192291679 68
10 784.763379551402 74
11 721.366734271569 79
12 671.798052402386 85
13 635.662560872058 90
14 610.707032398941 96
15 593.188735265651 102
16 580.686586448204 107
17 573.1351857339 113
18 568.369802311931 118
19 565.475619993115 124
20 563.674345939217 129
21 562.499353148144 135
22 561.6931071653 141
23 561.110466934373 147
24 560.665398879384 152
25 560.304263108483 158
26 559.992939108135 164
27 559.710524216256 170
28 559.44596399819 175
29 559.19564265002 181
30 558.960719210539 187
31 558.743836959579 194
32 558.545670103101 201
33 558.361853219703 207
34 558.181279548773 212
35 557.99091325391 218
36 557.791338587081 225
37 557.602648989044 231
38 557.445065662795 236
39 557.323996981349 242
40 557.233863440595 248
41 557.166416436885 254
42 557.114824301282 260
43 557.074331353985 266
44 557.04178658648 271
45 557.015095148638 277
46 556.992830223577 283
47 556.973990745471 288
48 556.957854163915 294
49 556.943885920388 299
50 556.931682252763 305
51 556.92093287106 310
52 556.91139580976 316
53 556.902879986037 322
54 556.895232797398 327
55 556.888331117221 333
56 556.88207464483 339
57 556.876380925266 344
58 556.871181576304 350

0 9486.43633161442 18
1 8446.97116152642 23
2 6643.43188029713 29
3 4376.06027436188 35
4 2725.61032877027 41
5 1769.84789112769 47
6 1225.72605919387 53
7 902.984280995868 58
8 724.634558806444 64
9 637.223163196187 70
10 598.533963443393 75
11 582.023695675736 81
12 574.443082391341 87
13 570.450831869153 92
14 568.036563808716 98
15 566.409503169337 104
16 565.249130021353 110
17 564.406270105387 115
18 563.787954287049 121
19 563.329102688069 126
20 562.983831176633 132
21 562.719803455975 138
22 562.514245799796 143
23 562.351110575628 149
24 562.219035227204 155
25 562.109907162049 160
26 562.017885814606 166
27 561.938745139071 171
28 561.869424838496 177
29 561.807712609347 183
30 561.752011015977 188
31 561.701164402662 194
32 561.654332389685 200
33 561.610900111867 205
34 561.570415875105 211
35 561.532547443776 217
36 561.497049791777 222
37 561.463739572453 228
38 561.432474042406 234
39 561.403134005504 240
40 561.375611143944 246
41 561.349799950106 251
42 561.325593821138 257
43 561.302884260291 263
44 561.281561875715 268
45 561.261518009106 274
46 561.242646201248 279
47 561.224843109151 285
48 561.208008800954 291
49 561.192046530041 296
50 561.176862148689 302
51 561.162363308544 307
52 561.148458549811 313
53 561.135056331648 319
54 561.122064015889 324
55 561.10938679002 330
56 561.096926500526 335
57 561.08458036173 341
58 561.072239501064 347
59 561.059787295276 352
60 561.047097436136 358
61 561.034031632301 363
62 561.020436799566 370
63 561.006141510602 375
64 560.990951376636 381
65 560.974642954894 387
66 560.956955822004 392
67 560.937582855499 398
68 560.916159960696 403
69 560.892259163416 409
70 560.865393942036 415
71 560.835052923187 421
72 560.800784681571 426
73 560.762353101883 432
74 560.719953744965 438
75 560.674418415622 444
76 560.627269011819 450
77 560.580496244118 455
78 560.536090376422 461
79 560.495544778312 467
80 560.459591328504 472
81 560.428255371508 478
82 560.401111266444 484
83 560.377555855167 489
84 560.356990911932 495
85 560.338902846573 500
86 560.322876212108 506
87 560.308579343047 512
88 560.295744806051 517
89 560.284153400157 523
90 560.27362304558 528
91 560.26400135328 534
92 560.255160419013 540
93 560.246992836218 545
94 560.239408389378 551
95 560.232331192473 556
96 560.225697188514 562
97 560.219451982604 568
98 560.213548991534 573
99 560.207947887064 579

0 9477.07942651761 18
1 8531.25073478313 23
2 6985.3834906158 29
3 5252.91078375609 34
4 3943.10711148878 40
5 3042.59726280962 46
6 2447.42627181969 51
7 2058.54540708765 57
8 1794.96274830981 63
9 1600.50757272253 69
10 1446.48678697108 75
11 1312.07534097553 81
12 1195.2618389773 86
13 1088.09940602496 92
14 990.128794651797 98
15 901.131139686567 103
16 822.003111476349 109
17 752.011845575541 115
18 693.22227870331 120
19 646.807399200108 126
20 612.80950530293 131
21 590.998209690348 137
22 577.577323407898 142
23 569.746996666385 148
24 566.356620677842 154
25 565.454442569067 160
26 565.116748959921 166
27 564.919994873713 171
28 564.780017939261 177
29 564.67203416402 182
30 564.584284588833 188
31 564.509382719648 194
32 564.442241391387 199
33 564.379259692056 205
34 564.317814618235 211
35 564.25589462891 217
36 564.191829901839 223
37 564.124080579831 228
38 564.05104248588 234
39 563.970826340339 239
40 563.880955604852 245
41 563.77791298699 251
42 563.656493491264 256
43 563.509197774283 262
44 563.326933835581 268
45 563.104043888086 274
46 562.848602280221 280
47 562.58681755664 286
48 562.3477039542 291
49 562.143166539586 297
50 561.967504766169 303
51 561.80922272419 308
52 561.658589560936 314
53 561.50876919617 320
54 561.35475401803 326
55 561.192434528715 331
56 561.018180461035 337
57 560.828765914153 342
58 560.621498733755 348
59 560.394548872108 353
60 560.14737074742 359
61 559.880699745852 365
62 559.596293517167 370
63 559.298932324146 376
64 559.000723752916 381
65 558.719610358591 387
66 558.470062311227 393
67 558.25732413266 399
68 558.079474321816 404
69 557.93162385587 410
70 557.808531636094 415
71 557.705602796176 421
72 557.619082332178 427
73 557.545964901937 433
74 557.483844779233 438
75 557.430781695467 444
76 557.38519838543 450
77 557.345805666194 455
78 557.311546974774 461
79 557.281555740685 467
80 557.255121337816 473
81 557.231661180448 479
82 557.210697599696 485
83 557.191838666396 491
84 557.174762357397 496
85 557.159203561611 502
86 557.144943477327 508
87 557.131800999141 513
88 557.119625741655 519
89 557.108292397183 525
90 557.097696173143 530
91 557.087749099423 536
92 557.078377034737 542
93 557.069517234485 547
94 557.061116369546 553
95 557.053128908191 559
96 557.045515791077 564
97 557.038243343514 570
98 557.031282380655 576
99 557.024607470148 581
100 557.018196323737 587
101 557.012029294883 593
102 557.006088963841 598
103 557.000359794984 604
104 556.994827854013 609

0 9572.91008231078 18
1 8527.58002700921 23
2 6885.83797767762 29
3 4964.61770909871 34
4 3253.46310357008 40
5 2060.66240247553 46
6 1330.03148669274 51
7 942.584033933497 57
8 744.366808527877 63
9 650.83161050677 70
10 610.57597524071 76
11 591.084847488772 82
12 580.602715611576 87
13 575.060164617024 93
14 571.937246526139 99
15 570.068056514627 106
16 568.877896191518 111
17 568.06250200574 117
18 567.454577601732 123
19 566.970031201433 128
20 566.574067581492 134
21 566.249072166008 139
22 565.978336253981 145
23 565.745788337906 151
24 565.538745919999 156
25 565.348562675345 162
26 565.170114108855 168
27 565.000908291879 174
28 564.839857317652 180
29 564.685837858554 186
30 564.536440136974 192
31 564.387360898409 198
32 564.232784336457 203
33 564.06719354999 209
34 563.889019134739 215
35 563.70454941224 220
36 563.527149124322 226
37 563.369465296663 231
38 563.235722084487 237
39 563.121648266946 243
40 563.019474392788 248
41 562.921892067591 254
42 562.823353121524 260
43 562.720114668865 266
44 562.610194065998 272
45 562.49340439415 278
46 562.371121407022 283
47 562.245531454367 290
48 562.118586115761 295
49 561.991178971784 301
50 561.862794775452 307
51 561.731415811836 313
52 561.593468251931 318
53 561.44429435481 324
54 561.280559631643 330
55 561.10525427126 335
56 560.93124628248 341
57 560.776185976883 346
58 560.651065652479 352
59 560.555090583939 358
60 560.480510489807 364
61 560.419148647853 369
62 560.365162681921 375
63 560.314955870905 380
64 560.266338518053 386
65 560.217843473785 391
66 560.168301947823 397
67 560.116573670044 403
68 560.061323860908 408
69 560.000769404551 414
70 559.932358488574 420
71 559.852466245369 425
72 559.756477776741 431
73 559.639928684102 436
74 559.500800805462 442
75 559.341274785584 448
76 559.167106505269 453
77 558.985540469664 459
78 558.80332021128 465
79 558.625046170056 471
80 558.45247588605 477
81 558.285207240792 483
82 558.121960202007 488
83 557.961528000497 494
84 557.803366708747 500
85 557.648324990134 505
86 557.499494724789 511
87 557.362288315678 516
88 557.242915464579 522
89 557.145767624504 527
90 557.071532635877 533
91 557.017400000577 538
92 556.978813381476 544
93 556.951236385505 549
94 556.931066984105 555
95 556.915787089819 561
96 556.903755339991 566
97 556.893935324561 572
98 556.885676172052 577
99 556.878563935639 583
100 556.872328799856 589
101 556.866789208188 594

0 9708.2985890424 18
1 9136.3387316329 23
2 8328.65382303816 29
3 7150.34914791549 35
4 5811.173068593 40
5 4675.96538352438 46
6 3797.55114633859 51
7 3168.92966287817 57
8 2751.73090990921 63
9 2424.96140079987 68
10 2120.19179657585 75
11 1823.32790572594 81
12 1543.06310447984 86
13 1299.00315073136 92
14 1103.75947808067 98
15 947.450869043344 104
16 821.831799363432 109
17 728.822608183088 115
18 663.256827595814 121
19 619.729368955288 126
20 595.341643598593 132
21 581.94122469432 137
22 575.107796319552 143
23 571.428116637788 149
24 569.235574617918 154
25 567.778339868292 160
26 566.724563753841 165
27 565.921910890186 171
28 565.282548486197 177
29 564.743500788225 182
30 564.259007422136 188
31 563.7981363047 194
32 563.340732026089 199
33 562.873319284326 205
34 562.387855657837 211
35 561.884392022422 216
36 561.373152217564 222
37 560.869172037753 228
38 560.383304692742 234
39 559.919470226365 239
40 559.4790276246 245
41 559.066500683623 250
42 558.691687839937 256
43 558.36665160264 261
44 558.099625032375 267
45 557.890294613036 274
46 557.730285752919 279
47 557.607794632719 285
48 557.511969461343 291
49 557.434725177916 297
50 557.370637983322 303
51 557.316201858988 308
52 557.269134079319 314
53 557.227899051357 320
54 557.1914183527 326
55 557.158901279286 331
56 557.129745784623 337
57 557.10347915146 342
58 557.079721118795 348
59 557.058159972486 354
60 557.038536365002 359
61 557.020631920132 365
62 557.004260920053 371
63 556.989264058333 376
64 556.975503632307 382
65 556.962859774634 388
66 556.95122745962 393
67 556.940514102498 399
68 556.930637621725 405
69 556.921524867696 410
70 556.913110343775 416
71 556.90533516096 421
72 556.89814617952 427
73 556.89149529957 433
74 556.885338870213 439
75 556.87963719283 444
76 556.874354099027 450

0 9481.73888647567 18
1 8628.72244204158 24
2 7476.19494969427 30
3 6200.21875487159 35
4 5104.0240302005 41
5 4189.25060311341 47
6 3391.337608843 53
7 2752.83100040195 59
8 2313.13074203579 65
9 2017.50656541685 70
10 1807.84671517249 76
11 1635.11024021501 81
12 1467.01335718734 87
13 1298.01883642311 93
14 1121.20815334324 98
15 939.289154183383 104
16 792.967732476478 109
17 694.27197428111 115
18 636.925507351457 121
19 605.238664600436 126
20 588.08676929412 132
21 578.250556473986 138
22 572.201808297069 144
23 568.278639316419 149
24 565.631162539895 155
25 563.790716258464 161
26 562.482401058944 167
27 561.535820588578 172
28 560.839939093457 178
29 560.31925962055 184
30 559.920500572032 189
31 559.604596143216 195
32 559.341865397214 201
33 559.109912486408 206
34 558.894387853231 212
35 558.690914134841 217
36 558.503769794703 223
37 558.339893070816 229
38 558.203230913569 235
39 558.093315563398 241
40 558.006562731885 246
41 557.937802150281 252
42 557.88099430639 258
43 557.82878932919 264
44 557.770965649508 270
45 557.693502560423 275
46 557.583721128443 281
47 557.443325694789 286
48 557.293551790834 292
49 557.161059625406 297
50 557.061339211949 303
51 556.994904070179 309
52 556.9536431628 315
53 556.928280835777 320
54 556.911968902672 326
55 556.900597687356 331
56 556.891951780305 337
57 556.884891266534 342
58 556.878832451708 348
59 556.873468415466 354

0 9698.23920227819 18
1 9091.8640803342 24
2 8279.5324407185 29
3 7171.68938263033 35
4 5891.71211828163 40
5 4754.41319698579 46
6 3900.88101922705 51
7 3296.95603312062 57
8 2837.35605092427 63
9 2469.64673906774 68
10 2157.76639536115 74
11 1890.49876480902 79
12 1669.68754422316 86
13 1488.82339616215 93
14 1343.95984658711 98
15 1221.66928168472 104
16 1114.01647610437 110
17 1018.78128556729 116
18 931.833496835096 122
19 854.895390998526 128
20 788.405168376694 134
21 731.11885123918 140
22 684.838507018447 145
23 648.58541980515 151
24 621.661577516884 157
25 602.431437380112 162
26 588.851712654099 168
27 579.763413345562 174
28 573.82568337485 179
29 570.438111016709 185
30 568.448476838543 190
31 567.216081147017 196
32 566.400297469383 201
33 565.816483658785 207
34 565.361462940685 213
35 564.975472441949 218
36 564.622705401981 224
37 564.281660905442 229
38 563.940381111715 235
39 563.593448964816 240
40 563.239424753564 246
41 562.878999672666 252
42 562.51436139863 257
43 562.149393489425 263
44 561.789828264949 268
45 561.442861488478 274
46 561.116218498281 280
47 560.816838677291 286
48 560.549559585102 292
49 560.316357580354 298
50 560.116449586972 303
51 559.947052601896 309
52 559.804336938313 315
53 559.684216340077 321
54 559.582849776548 328
55 559.496885295448 333
56 559.423527791893 339
57 559.360507228042 344
58 559.306001984067 350
59 559.258551120004 356
60 559.216973695269 362
61 559.180302771753 367
62 559.147735306168 373
63 559.118595810521 378
64 559.092310485625 384
65 559.068388649257 390
66 559.046408984013 396
67 559.026008945037 401
68 559.006876344458 407
69 558.988742592239 413
70 558.97137733747 418
71 558.954584371083 424
72 558.938198669114 430
73 558.922084412336 435
74 558.90613374129 441
75 558.890265920991 447
76 558.87442652526 452
77 558.858586237945 458
78 558.842738932103 464
79 558.826898834985 469
80 558.811096795485 475
81 558.795375889085 480
82 558.779786759487 487
83 558.764383153637 493
84 558.749218041096 499
85 558.734340547846 504
86 558.719793737916 510
87 558.705613108995 516
88 558.691825575783 521
89 558.678448708969 527
90 558.665490060291 533
91 558.652946495364 538
92 558.640803539738 544
93 558.629034793102 550
94 558.617601476335 555
95 558.606452157333 561
96 558.595522674764 566
97 558.584736264862 572
98 558.574003911167 578
99 558.563224987783 583
100 558.552288352338 589
101 558.541074154587 594
102 558.529456737371 600
103 558.517309075613 606
104 558.504509158066 611
105 558.490948474913 617
106 558.4765422463 622
107 558.461240196253 628
108 558.445035687399 634
109 558.427970258826 640
110 558.410130597735 645
111 558.391636190741 651
112 558.372618360016 657
113 558.353194435373 663
114 558.333443299366 668
115 558.313389387249 674
116 558.293000951337 680
117 558.272205247766 686
118 558.250918897896 692
119 558.229086700489 698
120 558.206717510727 703
121 558.183903066272 709
122 558.16080712158 715
123 558.137619386475 721
124 558.114479812394 726
125 558.091388503655 732
126 558.068119746389 737
127 558.044155064991 743
128 558.018646126516 749
129 557.990423391935 754
130 557.958086976089 760
131 557.920243372355 765
132 557.87594251428 771
133 557.825244273701 777
134 557.769573491513 783
135 557.711319211956 788
136 557.652409533775 794
137 557.592364731968 799
138 557.526902443144 805
139 557.448265463267 811
140 557.348891251571 816
141 557.229497072912 823
142 557.105678282505 829
143 557.00058204677 834
144 556.927559228442 840
145 556.884135513491 845
146 556.860407696835 851
147 556.847523123751 857
148 556.840089413408 862
149 556.835353368684 868

0 9698.32473757054 18
1 9039.35661201084 24
2 7840.68312356052 29
3 6084.05538885768 35
4 4561.50099726839 41
5 3651.12846734385 46
6 3129.89794359699 52
7 2757.99783223641 58
8 2449.95698424748 64
9 2172.90143429797 69
10 1925.7031742354 75
11 1705.63775612399 81
12 1515.91065744721 87
13 1355.1434149008 92
14 1216.24176094734 98
15 1094.78357611765 103
16 986.842713350476 109
17 889.933724976067 115
18 804.216575934173 120
19 730.494975228671 126
20 670.214269351252 131
21 625.354681883064 137
22 595.663606526713 143
23 578.660733884108 148
24 570.568616629287 154
25 567.064609866449 159
26 565.493261362971 165
27 564.600113689383 171
28 563.951778702945 176
29 563.4143493024 182
30 562.936472464724 187
31 562.491121374123 193
32 562.06120565367 198
33 561.635860013334 204
34 561.209221083606 210
35 560.779085167683 215
36 560.345285827365 222
37 559.910260978149 227
38 559.482944895824 233
39 559.079427327801 239
40 558.715462254086 245
41 558.399305482074 251
42 558.131461492589 257
43 557.907927102708 262
44 557.723029549698 268
45 557.570960738937 273
46 557.446387728124 279
47 557.344617414561 285
48 557.261599838841 290
49 557.193887783346 296
50 557.138586019496 301
51 557.09329535347 307
52 557.056052358478 313
53 557.025267287177 318
54 556.999663687622 324
55 556.978222808028 330
56 556.960134695377 336
57 556.944756686564 342
58 556.931579101401 348
59 556.920197430712 353
60 556.910290093333 359
61 556.901600808632 364
62 556.893924708207 370
63 556.887097430705 376
64 556.880986573536 381
65 556.875484994925 387

0 9637.03606527285 18
1 8811.65549768714 23
2 7274.71400012073 29
3 5166.56425102364 35
4 3441.81715096232 41
5 2415.02008404484 47
6 1800.25704292182 53
7 1373.98409629598 58
8 1063.78913908656 64
9 850.455686998542 70
10 716.42970667579 75
11 643.961134949772 81
12 606.960164407314 87
13 588.787771555382 92
14 579.268446003388 98
15 573.846769968128 104
16 570.565135643787 109
17 568.480834614555 115
18 567.080824848022 121
19 566.072777335491 126
20 565.297668967931 132
21 564.676686103987 137
22 564.1691441234 143
23 563.746513751884 149
24 563.384117044919 154
25 563.061187685614 160
26 562.761727718099 165
27 562.47423788561 171
28 562.190815489413 177
29 561.906243716368 182
30 561.617334033064 188
31 561.322541622953 194
32 561.021776643689 199
33 560.716275753434 205
34 560.408379697938 211
35 560.101150757681 216
36 559.797891668682 222
37 559.501624264223 228
38 559.214448163127 233
39 558.936682321051 239
40 558.666139014151 245
41 558.399007565093 251
42 558.134324360743 257
43 557.879460101585 263
44 557.647865798317 269
45 557.449614901496 275
46 557.28691926919 281
47 557.156734262412 287
48 557.054144897567 293
49 556.974059356898 299
50 556.911842808038 304
51 556.863542309222 310
52 556.825935132628 316
53 556.796480138945 322
54 556.773220249818 327
55 556.754670816893 333
56 556.73971490321 339
57 556.727514848118 344
58 556.717442070554 350
59 556.7090233966 355
60 556.70190091821 361
61 556.695802332314 366
62 556.690519142028 372

0 9603.93623760788 18
1 8869.30867143397 23
2 7548.66120640838 29
3 5763.2104458815 34
4 4348.43360737053 40
5 3501.93046518476 46
6 2895.89635849751 51
7 2392.58624280742 57
8 1977.156691606 63
9 1648.59633880226 69
10 1373.10420332976 75
11 1139.07183928765 81
12 964.385589686129 87
13 834.613548727062 93
14 738.684108980945 99
15 675.532378476877 105
16 634.328596299014 110
17 608.926574424828 116
18 593.332830445036 122
19 582.372092602916 127
20 575.768211031615 133
21 571.373589089159 138
22 568.528550327624 144
23 566.619316941992 150
24 565.238277706622 155
25 564.160722939946 161
26 563.261841621341 167
27 562.478921925697 172
28 561.793377975983 178
29 561.210879890659 184
30 560.736643201379 190
31 560.360999449163 195
32 560.0637796056 201
33 559.82493512771 208
34 559.628855714314 213
35 559.462793274017 219
36 559.314749592019 225
37 559.173667331178 230
38 559.03203532904 236
39 558.888520783699 242
40 558.745899878938 247
41 558.604253292046 253
42 558.458012217348 259
43 558.301827905081 265
44 558.13750187426 270
45 557.973955733419 277
46 557.822830581979 282
47 557.693699353002 289
48 557.590928509072 294
49 557.513322409452 300
50 557.456023052047 306
51 557.413135606855 311
52 557.379605749149 317
53 557.351874742912 323
54 557.327726244385 328
55 557.305876858404 334
56 557.285609513639 339
57 557.266526146506 345
58 557.248401674447 351
59 557.231103495498 356
60 557.214548555488 362
61 557.198680708807 368
62 557.183458746232 373
63 557.168849985334 379
64 557.154826774879 384
65 557.141364546624 390
66 557.128440706283 395
67 557.116033991335 401
68 557.10412409648 407
69 557.092691457053 412
70 557.081717127869 418
71 557.071182720616 424
72 557.061070376684 429
73 557.051362760874 435
74 557.042043065941 440
75 557.03309502184 446
76 557.024502905146 451
77 557.016251546285 457
78 557.008326333137 463
79 557.000713210593 468
80 556.993398676094 474
81 556.986369771897 480
82 556.97961407455 485
83 556.973119682571 492
84 556.966875202944 497
85 556.960869737148 503
86 556.95509286708 509
87 556.949534641323 515

0 9669.03434571974 18
1 8781.89246665071 23
2 7205.45252428602 29
3 5440.69558672055 34
4 4299.39157576025 40
5 3594.63548436043 46
6 2939.56518033045 52
7 2227.16176378016 57
8 1613.43312259539 63
9 1192.25978884344 69
10 933.479878663455 74
11 778.127952914703 80
12 688.460437990248 85
13 637.712992161138 91
14 605.015263877823 97
15 585.209310869051 102
16 575.426818278852 108
17 570.776551157254 114
18 568.257067841735 119
19 566.639067217604 125
20 565.466730024111 130
21 564.550697252516 136
22 563.787433814677 141
23 563.107537538912 147
24 562.466774400066 152
25 561.845117989947 158
26 561.235010258853 164
27 560.625690174786 170
28 560.010679336165 176
29 559.40611719143 182
30 558.844008939841 187
31 558.351914205223 193
32 557.943526042902 199
33 557.619323245152 205
34 557.370590596098 211
35 557.184153546351 217
36 557.046236009978 222
37 556.944678525118 228
38 556.869744738942 233
39 556.81408982601 239
40 556.772367690228 245
41 556.740759851312 250
42 556.716556510576 256
43 556.697830046238 261
44 556.683198113566 267
45 556.671658385732 273
46 556.662475369303 278
47 556.655103169679 284
48 556.649132448987 290
49 556.64425353876 295

0 9500.47356423039 18
1 8458.66407351474 23
2 6858.89940250171 29
3 5084.06714235444 35
4 3757.16504165683 40
5 2823.46169110124 46
6 2198.82582417555 51
7 1784.6736629215 57
8 1470.13443681208 63
9 1214.87097377017 69
10 1012.22794950841 74
11 858.571056504071 80
12 745.49676202731 86
13 672.028816736567 91
14 626.716249728829 97
15 600.690913288166 103
16 585.875527164726 109
17 577.25951853957 114
18 571.957206568914 120
19 568.487429935754 126
20 566.087771252972 132
21 564.343455303173 138
22 563.015866619303 144
23 561.972358588365 149
24 561.147658674582 155
25 560.502579369447 160
26 560.000203554686 166
27 559.605749755253 172
28 559.291592239066 177
29 559.038143599143 183
30 558.831749987374 188
31 558.662334147779 194
32 558.521987935145 199
33 558.404411793449 205
34 558.304699752797 211
35 558.219148403465 216
36 558.145021639467 222
37 558.080309972671 227
38 558.023523130237 233
39 557.973529602572 238
40 557.929440854013 244
41 557.8905322585 250
42 557.85619191959 256
43 557.82588918933 262
44 557.799155985487 267
45 557.775575670581 273
46 557.754776002062 279
47 557.736424149306 285
48 557.720222793556 290
49 557.705906882123 296
50 557.693240834931 302
51 557.682016065092 307
52 557.672048693288 313
53 557.663177362031 319
54 557.655261096636 324
55 557.648177202393 330
56 557.641819219129 336
57 557.636094968976 341
58 557.630924733494 347

0 9658.64326891699 18
1 8895.4226189311 23
2 7723.14817649354 29
3 6375.44517717027 35
4 5268.09405922602 41
5 4382.50401509749 46
6 3606.73130536189 52
7 2975.68672843109 58
8 2548.65847788837 64
9 2287.31085980232 69
10 2123.22638542079 75
11 2006.13559882077 81
12 1908.70709288747 86
13 1810.01598725116 92
14 1702.50036392295 97
15 1587.42848078794 103
16 1468.14255394042 109
17 1342.6046736418 114
18 1218.6738628982 120
19 1095.73066822308 125
20 982.812087303639 131
21 883.23050078385 138
22 797.050993415018 144
23 724.584822469445 150
24 665.185238654629 156
25 619.934514390882 162
26 590.485828922277 168
27 574.039688980815 174
28 566.317514190333 180
29 563.149911810029 186
30 561.936984268413 191
31 561.379923447581 197
32 561.042045886116 203
33 560.791375891041 208
34 560.578368304145 214
35 560.379640905222 219
36 560.183691504999 225
37 559.985738043932 231
38 559.784892801399 236
39 559.58224158338 242
40 559.379491018311 247
41 559.17837412802 253
42 558.980952619387 259
43 558.790290333689 264
44 558.610450681818 270
45 558.445369633913 275
46 558.297500058465 281
47 558.167363205955 287
48 558.054023130174 292
49 557.955785922557 298
50 557.870694233767 303
51 557.796796015112 309
52 557.732282170963 314
53 557.675554444648 320
54 557.625250065539 326
55 557.580237667573 331
56 557.53959601124 337
57 557.502584754575 344
58 557.468613646967 349
59 557.437213820639 355
60 557.408012864897 361
61 557.380714136985 367
62 557.35508010479 373
63 557.330919220124 379
64 557.308075728095 384
65 557.286421830995 390
66 557.265851688457 395
67 557.246276818676 401
68 557.227622552211 407
69 557.209825269716 413
70 557.192830224004 418
71 557.176589802573 424
72 557.161062129057 430
73 557.146209932834 435
74 557.13199963679 441
75 557.118400626563 446
76 557.105384672638 452
77 557.092925481269 458
78 557.080998352768 464
79 557.069579927705 469
80 557.058648002867 475
81 557.048181400869 480
82 557.038159878973 486
83 557.028564065417 492
84 557.019375413288 497
85 557.010576164942 503
86 557.002149321616 508
87 556.994078615025 514
88 556.986348479071 520
89 556.978944020946 525
90 556.97185099176 531
91 556.965055757024 537
92 556.958545267833 544
93 556.952307033241 550
94 556.946329094562 555
95 556.940600001746 561
96 556.935108792174 567

0 9707.76571392022 18
1 9082.89337669466 24
2 8039.68790615684 29
3 6571.75219133217 35
4 5214.7116435321 40
5 4286.67213062007 46
6 3646.63914373381 52
7 3189.21094451111 57
8 2877.94900103922 63
9 2680.47816876223 69
10 2563.53927521304 74
11 2492.68338446729 80
12 2444.6356465319 86
13 2406.85200554814 92
14 2376.04091498973 97
15 2348.78057609482 103
16 2322.31706958002 108
17 2296.18674647564 114
18 2270.64161635872 119
19 2242.72411174408 125
20 2212.23582837652 131
21 2177.99709770557 136
22 2140.29924219382 142
23 2097.79813687674 147
24 2048.08017333353 153
25 1988.88764808704 158
26 1918.66295240849 164
27 1834.44377699617 170
28 1731.35977268015 176
29 1609.57897075133 182
30 1473.59423965126 189
31 1329.00428472857 195
32 1182.79845522431 200
33 1046.84512403112 206
34 923.662541086453 212
35 819.058721878872 218
36 734.334018992086 223
37 669.553521115374 229
38 623.047646100175 235
39 592.292297478554 240
40 574.462646981548 246
41 566.242621719169 251
42 562.937943975316 257
43 561.317087872839 263
44 560.309033930429 269
45 559.566330364851 274
46 558.9625877373 280
47 558.447800114207 286
48 558.006645440422 291
49 557.640375420231 297
50 557.352472623635 303
51 557.139180567315 308
52 556.988544189496 314
53 556.885086752765 319
54 556.814512659144 325
55 556.765857188711 330
56 556.731565573019 336
57 556.706722049804 342
58 556.68820154971 347
59 556.674017992029 353
60 556.662891094595 359
61 556.653977060354 365
62 556.646705493462 370
63 556.640680859222 376
64 556.635622205968 382

0 9589.58194116118 18
1 8413.49236167248 24
2 6439.55814257517 30
3 4266.32231881454 36
4 2718.98402780267 41
5 1760.21312781299 47
6 1198.36626102524 52
7 901.858968935961 58
8 738.454139395515 63
9 655.604040739107 69
10 612.491976292528 75
11 591.931880276937 80
12 581.8912181445 86
13 576.542456217351 92
14 573.390920831877 97
15 571.345205089069 103
16 569.889065657197 108
17 568.762358913301 114
18 567.832025684288 120
19 567.035490601304 125
20 566.34912165069 131
21 565.762897669886 137
22 565.263851783741 143
23 564.831409183275 148
24 564.441361591852 154
25 564.073461350892 160
26 563.717914509877 166
27 563.3763985136 171
28 563.055868440643 177
29 562.759965522949 182
30 562.484955434544 188
31 562.220820472715 194
32 561.953172225859 200
33 561.663192474622 206
34 561.32743096539 211
35 560.924799142605 217
36 560.45754522408 223
37 559.970144292615 228
38 559.529868291613 234
39 559.178753976703 239
40 558.914464372046 245
41 558.711384036984 251
42 558.544173090044 256
43 558.395231090704 262
44 558.253104247508 267
45 558.109950986349 273
46 557.960813061868 279
47 557.804788618504 284
48 557.646602216474 290
49 557.495769965842 295
50 557.362217530225 301
51 557.251557908211 306
52 557.163954261012 312
53 557.096236703895 318
54 557.044346571108 323
55 557.004584259583 329
56 556.973932248117 335
57 556.950040865746 340
58 556.931139691352 346
59 556.915931576661 351
60 556.903483897806 357
61 556.893130727976 363
62 556.884394585852 368
63 556.876928934791 374
64 556.870478086556 379
65 556.864849965907 385
66 556.859897741151 391

0 9789.83973620223 18
1 9283.65679761234 24
2 8434.57312085115 30
3 6997.94799255917 36
4 5195.73143246647 42
5 3586.23070907477 47
6 2387.00438999709 53
7 1600.06300781862 58
8 1131.45456372971 64
9 868.737877981919 70
10 728.256934530504 75
11 655.472930887358 81
12 616.614062397153 87
13 596.79500496216 92
14 585.987120515825 98
15 579.640396357686 104
16 575.750352904525 109
17 573.267776817043 115
18 571.611418225259 121
19 570.45836936026 126
20 569.622781836882 132
21 568.990237447388 137
22 568.488566643813 143
23 568.073488777403 149
24 567.717901008127 154
25 567.403471904222 160
26 567.11559891678 165
27 566.841375776351 171
28 566.569176257993 177
29 566.288879484571 183
30 565.992600287598 188
31 565.676077085657 194
32 565.340173456492 199
33 564.99071544636 205
34 564.635432514761 211
35 564.280018336862 217
36 563.927248007505 224
37 563.580763834393 229
38 563.249940679737 235
39 562.94853823836 241
40 562.686110676191 247
41 562.462019724917 253
42 562.268085326386 260
43 562.094412460852 265
44 561.932631504525 271
45 561.776430020234 277
46 561.621193102047 282
47 561.463738005214 288
48 561.302252714279 294
49 561.136192700092 299
50 560.965935160769 305
51 560.792293838467 310
52 560.616210710191 316
53 560.438756224174 321
54 560.26120831168 327
55 560.08492606382 333
56 559.911034428955 338
57 559.740166180797 344
58 559.5724141257 349
59 559.407437062521 355
60 559.244577350166 361
61 559.082868413432 366
62 558.920851306086 372
63 558.756220676586 377
64 558.585636814094 383
65 558.40564280805 388
66 558.215844947949 394
67 558.023338451289 400
68 557.842941860012 406
69 557.689394406848 412
70 557.568468217105 418
71 557.476395279885 424
72 557.405586531977 430
73 557.349296109545 436
74 557.302948629968 442
75 557.263728837458 448
76 557.229901216102 454
77 557.200333169144 459
78 557.174228648998 465
79 557.150990203226 471
80 557.130147647 476
81 557.111319493274 482
82 557.094190480409 487
83 557.07849727996 493
84 557.064018613707 499
85 557.050567938441 504
86 557.037987758663 510
87 557.026145057682 516
88 557.014927549028 521
89 557.004240559079 527
90 556.994004411383 533
91 556.984152218217 538
92 556.974628007601 544
93 556.965385129435 549
94 556.956384895987 555
95 556.947595420681 561
96 556.938990625822 566
97 556.93054939509 572
98 556.922254850528 578
99 556.914093736875 583
100 556.906055897969 589
101 556.898133831878 595
102 556.890322312083 600
103 556.882618063773 606
104 556.875019484373 612
105 556.867526399003 618
106 556.860139842297 624
107 556.852861859328 629
108 556.845695319837 635
109 556.838643741407 641
110 556.831711118923 647
111 556.824901759312 653
112 556.818220121695 658
113 556.811670664926 664
114 556.805257704673 669
115 556.798985283318 675
116 556.792857055634 680
117 556.786876193068 686
118 556.781045308735 692
119 556.775366404372 697
120 556.769840839344 703

0 9486.05297982213 18
1 8195.89121700446 23
2 6185.89492670368 29
3 4430.74374108843 35
4 3446.16914417041 41
5 2939.80430212862 46
6 2657.88283087482 52
7 2486.02451226746 58
8 2370.16250462132 63
9 2281.53020213221 69
10 2205.79325852938 74
11 2139.06200377958 80
12 2077.66173716729 85
13 2018.59885872371 91
14 1958.46910244161 97
15 1895.94113498417 102
16 1829.7652623592 109
17 1759.1984970222 114
18 1682.98764974193 120
19 1601.26942985714 126
20 1516.19182101417 131
21 1425.4439535656 137
22 1329.38055931938 143
23 1230.96240550654 148
24 1131.55310577672 154
25 1032.23835556835 159
26 937.399050023682 165
27 848.753901073723 171
28 768.381917758298 176
29 700.235422222045 182
30 646.562786104721 188
31 608.447493323218 193
32 585.061614607441 199
33 571.14390543091 204
34 564.967528342884 210
35 562.443637550532 215
36 561.579838773504 221
37 561.246857278076 227
38 561.049031257378 232
39 560.891975018805 238
40 560.747345584945 243
41 560.599461995071 249
42 560.436805000147 255
43 560.257053823302 260
44 560.074360962202 266
45 559.913056461188 272
46 559.788404159131 277
47 559.698247588645 283
48 559.631597032631 288
49 559.578280112074 294
50 559.531891302314 299
51 559.48898266835 305
52 559.447768763765 311
53 559.40730735731 317
54 559.367099516782 323
55 559.326912949148 329
56 559.28670045561 334
57 559.246548995802 340
58 559.206631446836 346
59 559.167153324781 351
60 559.128297854323 357
61 559.090177374563 363
62 559.052798506816 368
63 559.016044872357 374
64 558.979676951417 380
65 558.943345708216 385
66 558.906615381366 391
67 558.868990964162 396
68 558.829946805372 402
69 558.788954148363 408
70 558.745507278923 413
71 558.699150227807 419
72 558.649508149021 424
73 558.59632816604 430
74 558.53953125304 436
75 558.479266908824 441
76 558.415945586091 447
77 558.350207224259 453
78 558.282786526222 458
79 558.214277791508 464
80 558.144879827543 470
81 558.074266649734 475
82 558.001714167484 481
83 557.926470246889 487
84 557.848093595671 493
85 557.766246045678 498
86 557.67954864874 504
87 557.583975234688 510
88 557.472862024971 516
89 557.341841558058 521
90 557.19838071031 527
91 557.064421291795 533
92 556.961825432218 539
93 556.896414903127 545
94 556.859785354187 550
95 556.840457416566 556
96 556.830183473328 561
97 556.824402140903 567
98 556.820869276365 573

0 9678.38213279376 17
1 8608.7363459288 23
2 6774.38968304848 29
3 4726.16074927354 34
4 3325.79858622902 40
5 2549.82270397816 46
6 2096.2714580498 51
7 1776.64413734243 57
8 1508.37148664035 62
9 1278.01225541525 68
10 1080.51949632499 74
11 916.634066691152 79
12 791.266797381961 85
13 698.818853168177 91
14 638.127423903849 96
15 602.85436950438 102
16 584.038361003162 107
17 574.184247135336 113
18 568.952595433337 119
19 565.877939208968 124
20 563.813853156624 130
21 562.349637293064 136
22 561.307131349129 141
23 560.553681171862 147
24 559.988661744217 153
25 559.543093482938 159
26 559.171877109165 165
27 558.846061118636 171
28 558.547418097282 176
29 558.265161568622 182
30 557.994364692161 188
31 557.735491621076 193
32 557.49399907885 199
33 557.278675737633 204
34 557.098141630353 210
35 556.956881934734 216
36 556.853395126176 222
37 556.781502492953 227
38 556.733270748812 233
39 556.701414290633 239
40 556.680345261949 244
41 556.666209259026 250
42 556.656502151355 255
43 556.649643428493 261
44 556.644643696388 267

