0 6480.72797760286 31
1 6559.93698557561 60
2 6861.09976192262 91
3 6336.92337025694 124
4 6181.34174996064 158
5 5726.46396783358 188
6 5361.13382664448 219
7 4598.01031124869 249
8 4045.44315576763 280
9 3899.83411662744 311
10 3426.45495272493 344
11 3214.05938834328 374
12 2999.98376077983 405
13 2808.29151031857 435
14 2660.91816527081 465
15 2482.01561711188 495
16 2409.52901702763 525
17 2354.01685610126 556
18 2297.15173496192 585
19 2258.22062910083 615
20 2232.52128522058 645
21 2216.70417496923 674
22 2197.12105064259 704
23 2154.24269379734 735
24 2129.63003660823 766
25 2105.2576561728 796
26 2093.6677088332 827
27 2081.36554628533 857
28 2074.17089028613 887
29 2069.7013126627 918
30 2066.64195379038 950
31 2064.09784801171 980
32 2062.99738475394 1010
33 2061.8735815656 1040
34 2061.06073067691 1070
35 2060.38147067705 1100
36 2059.89265538985 1131
37 2059.45554701027 1162
38 2059.09053422869 1192
39 2058.90510060628 1222
40 2058.64427941102 1252
41 2058.47755600019 1282
42 2058.2677826902 1312
43 2058.11297434657 1344
44 2058.01316729471 1375
45 2057.89256522947 1405
46 2057.77868317121 1434
47 2057.69549886013 1465
48 2057.63750667647 1495
49 2057.58522413055 1525
50 2057.58734669333 1561
51 2057.51827612806 1593
52 2057.47035859415 1623
53 2057.41271622164 1653
54 2057.38874141266 1683
55 2057.35592716205 1713
56 2057.32843474776 1745
57 2057.29811920195 1778
58 2057.26640445601 1809
59 2057.24177832019 1839
60 2057.22094479872 1868
61 2057.18824448321 1898

0 6658.69110472713 30
1 7095.18072004448 62
2 6576.78250382257 92
3 6457.98254254747 122
4 6268.1305109408 151
5 5919.20920412638 181
6 5279.3534816256 211
7 4724.24803954324 241
8 4451.51851618388 272
9 3842.76724843201 302
10 3379.72172368868 332
11 2999.8874765401 362
12 2963.41572656539 392
13 2804.61463824129 421
14 2604.52751955238 452
15 2519.88877709543 483
16 2401.68175891771 512
17 2378.8418990928 542
18 2294.12111856035 572
19 2241.93823529616 601
20 2210.86455043458 631
21 2224.18337714836 662
22 2205.93370082861 692
23 2153.59121392462 722
24 2117.7282636908 753
25 2101.95149323227 783
26 2088.2802319495 814
27 2080.83509357414 844
28 2073.27738447232 876
29 2069.60929165807 906
30 2066.57967466937 935
31 2064.63693147853 965
32 2063.14657802994 995
33 2061.84924723757 1026
34 2061.07382508702 1058
35 2060.08445088389 1094
36 2059.43775098332 1125
37 2058.99692072999 1155
38 2058.44222021291 1188
39 2058.11951181881 1218
40 2057.8882790323 1248
41 2057.73086348827 1281
42 2057.54658435118 1312
43 2057.46578622514 1342
44 2057.40609807243 1372
45 2057.2693770002 1402
46 2057.19493792056 1432
47 2057.09379597215 1462
48 2057.04258633436 1494
49 2057.00021624408 1524
50 2056.93043576495 1555
51 2056.88445610043 1584
52 2056.85760797281 1614
53 2056.83015252085 1644
54 2056.80121184185 1676
55 2056.76455559598 1706
56 2056.75161215008 1736
57 2056.72376298894 1766
58 2056.6988171143 1796
59 2056.67143675582 1826

0 6525.20119953905 31
1 6994.31797992488 62
2 6564.35081231503 92
3 6615.91294232709 121
4 6446.15182721519 151
5 6025.94289364374 181
6 5507.1577640853 211
7 4737.79925238657 243
8 4269.26377427375 274
9 3891.44965040339 305
10 3616.07913555763 335
11 3111.94977818684 365
12 2952.9334633003 395
13 2777.68055343684 424
14 2643.28652193489 456
15 2556.62942028775 487
16 2458.86569766305 517
17 2358.1277705622 547
18 2289.15141688954 576
19 2258.46303983464 606
20 2238.7587045101 636
21 2213.23253826576 669
22 2205.57700300043 701
23 2153.43772467697 733
24 2123.79734840618 763
25 2099.09440368837 793
26 2088.75867607486 823
27 2078.71303239819 854
28 2072.49032792629 885
29 2068.73772721963 915
30 2065.45792806358 945
31 2064.24212419985 975
32 2062.39659189509 1005
33 2061.81520985392 1034
34 2061.40086964602 1066
35 2060.72328251971 1096
36 2060.00200007491 1126
37 2059.61799280693 1156
38 2059.18253395981 1186
39 2058.95871653808 1217
40 2058.66920811622 1247
41 2058.53598090002 1278
42 2058.27841475224 1308
43 2058.16961526356 1338
44 2057.99176704505 1368
45 2057.83580596773 1398
46 2057.72812096695 1428
47 2057.5959879956 1458
48 2057.50497454478 1490
49 2057.45143821488 1519
50 2057.37242043034 1549
51 2057.29882881971 1580
52 2057.23100724962 1610
53 2057.16217186009 1640
54 2057.11338951383 1672
55 2057.05208272249 1703
56 2057.01754540577 1734
57 2056.97087873974 1764
58 2056.93085086253 1794
59 2056.8782928388 1824

0 7346.51197667939 31
1 7023.64837709775 62
2 6916.51402747286 92
3 6643.23898904002 122
4 6373.39250741142 152
5 6088.95816903897 182
6 5366.00405042821 212
7 4844.5720034766 245
8 4183.09381271236 279
9 3911.36361889416 309
10 3502.44963651197 338
11 3138.31139968406 368
12 2915.87615471046 397
13 2744.3000496882 427
14 2653.39686413515 458
15 2507.08886552189 490
16 2409.88664312635 520
17 2375.29391432559 549
18 2268.05369886148 579
19 2251.33264347991 608
20 2224.47701033355 638
21 2224.84846963178 669
22 2187.77807747484 699
23 2150.91184666406 729
24 2127.74925692557 759
25 2105.37376323565 789
26 2092.93325173248 819
27 2084.1319570615 851
28 2078.16897617981 882
29 2073.72831686401 912
30 2070.36403028515 942
31 2068.79876497481 972
32 2067.23092526829 1002
33 2065.80148938645 1032
34 2064.72550784483 1063
35 2063.90122448194 1093
36 2063.3179208772 1123
37 2062.86501204195 1153
38 2062.47270322453 1183
39 2062.27403206791 1213
40 2061.96807174166 1243
41 2061.73533994209 1274
42 2061.62447834768 1305
43 2061.40682482955 1335
44 2061.30519759008 1366
45 2061.16714760617 1396
46 2061.09643195528 1425
47 2061.02710758776 1456
48 2060.9401314931 1487
49 2060.81565926296 1517
50 2060.81649316742 1547
51 2060.7972243145 1577
52 2060.71667532718 1607
53 2060.66507653755 1637
54 2060.62020652318 1670
55 2060.59299087979 1705
56 2060.54835091002 1738
57 2060.52122054007 1768
58 2060.50158840714 1798
59 2060.46894002705 1829
60 2060.45390366702 1859
61 2060.42899583215 1891
62 2060.4054493044 1922
63 2060.39865867448 1952

0 6941.66613073058 30
1 6882.20555279089 60
2 6758.97266783845 89
3 6845.88060714769 120
4 6378.79342326223 151
5 5800.9810578469 181
6 5428.62527269913 211
7 4913.86732746907 241
8 4221.53141472688 271
9 3992.66236149079 301
10 3433.49559066337 332
11 3235.75860468128 362
12 2919.48790037867 392
13 2783.65629363121 422
14 2677.10616437014 451
15 2515.41789921902 481
16 2408.24132754221 511
17 2361.19265269392 542
18 2280.87894005952 572
19 2239.50626321857 604
20 2237.75148459785 634
21 2203.23865476245 664
22 2195.195583904 695
23 2145.19284614874 726
24 2122.90181095965 757
25 2104.97144371821 787
26 2088.71264629472 817
27 2078.11466157988 847
28 2072.39774235709 877
29 2067.30367658458 907
30 2064.9761460164 939
31 2063.38071362972 970
32 2061.76752992858 1000
33 2061.01098249 1030
34 2060.1129494353 1060
35 2059.84470357565 1090
36 2059.21966501742 1121
37 2058.80867326085 1157
38 2058.62196039269 1187
39 2058.27841887109 1217
40 2058.08034574575 1247
41 2057.74506612356 1277
42 2057.58184592564 1307
43 2057.45763539568 1340
44 2057.32524636069 1371
45 2057.19092657549 1401
46 2057.04160401408 1431
47 2056.94126390845 1461
48 2056.84940683937 1491
49 2056.73412644145 1520
50 2056.61055067872 1552
51 2056.52255650231 1583
52 2056.41909854419 1613
53 2056.29939135063 1642
54 2056.21621326295 1672
55 2056.13981855519 1702
56 2056.0572494496 1733
57 2055.99348033327 1766
58 2055.96174812473 1796

0 6647.07003490297 30
1 6931.45321366102 60
2 6540.95465151341 90
3 6303.05732355597 119
4 6108.96878481444 151
5 6155.93199136246 182
6 5412.39259429919 212
7 4708.34675386414 242
8 4560.75111727806 272
9 3838.1969814984 301
10 3432.25721564336 331
11 3224.41221667234 362
12 3009.03208286064 394
13 2790.82679684879 423
14 2666.3769865179 453
15 2517.80442948928 482
16 2445.5450118152 512
17 2362.78354014817 542
18 2302.88059183081 574
19 2253.37039805197 604
20 2213.46887240562 634
21 2220.57900514045 663
22 2186.18048419944 693
23 2143.76154705894 723
24 2119.74380107298 755
25 2102.89230233058 790
26 2089.02769808469 823
27 2080.67379910357 854
28 2074.38748737157 885
29 2069.20256386914 915
30 2067.1648048477 946
31 2065.20926839505 978
32 2063.9448908294 1008
33 2063.05402622408 1038
34 2062.36682285902 1068
35 2061.87903755053 1098
36 2061.25335897157 1128
37 2060.87254800285 1159
38 2060.56617238869 1190
39 2060.2822515161 1220
40 2060.08468880413 1250
41 2059.89347286309 1280
42 2059.75188303555 1310
43 2059.45438524852 1339
44 2059.34684423627 1371
45 2059.17463423838 1401
46 2059.09605105506 1431
47 2059.0069775563 1461
48 2058.84581505464 1491
49 2058.79376062881 1521
50 2058.72615398071 1552
51 2058.60044101126 1583
52 2058.56208536103 1613
53 2058.49398646127 1644
54 2058.40433819839 1673
55 2058.33895081614 1703
56 2058.26262401084 1733
57 2058.20287195123 1764
58 2058.1498763578 1796
59 2058.09683181639 1827

0 6634.00653312091 30
1 6521.4634931387 60
2 6515.71873982198 90
3 6764.97286093629 119
4 6490.4592064417 150
5 6465.69636874555 181
6 5644.94068042412 211
7 5085.65887076404 241
8 4413.45417062811 271
9 3758.5056049428 301
10 3490.11074891695 331
11 3255.27626636171 367
12 2910.24097197107 400
13 2729.91789723413 430
14 2643.08992900618 459
15 2536.64418904048 488
16 2426.7682943651 518
17 2394.39344810641 549
18 2285.34541194378 579
19 2245.98444749177 609
20 2237.20166140724 638
21 2214.3978420688 668
22 2192.50181824169 697
23 2144.05507529865 727
24 2129.36291541765 759
25 2106.61438157866 790
26 2096.41383694559 820
27 2087.00722842748 850
28 2077.60328559455 880
29 2072.47571842561 910
30 2068.70472418993 940
31 2065.04992526331 971
32 2063.56094100081 1002
33 2062.36610496366 1031
34 2061.31758482627 1061
35 2060.76934199587 1092
36 2060.35086342339 1122
37 2059.76452688628 1153
38 2059.49615680259 1184
39 2059.16880428618 1214
40 2058.83616814968 1244
41 2058.58966123888 1273
42 2058.33767526494 1303
43 2058.21189471091 1334
44 2058.04384962754 1365
45 2057.89902230472 1396
46 2057.76829145605 1426
47 2057.69520723259 1456
48 2057.59354263385 1486
49 2057.50534514617 1516
50 2057.42327494309 1545
51 2057.38062073783 1577
52 2057.31547329969 1608
53 2057.27172168138 1638
54 2057.1863782613 1667
55 2057.14523795703 1697
56 2057.09716469004 1727
57 2057.03514709228 1757
58 2057.0135315996 1795
59 2056.98657858863 1825

0 6787.46058132924 30
1 6635.89716060846 60
2 6807.27910648688 89
3 7005.33510857536 119
4 6519.09646717343 151
5 6048.7947902568 187
6 5429.02077815999 218
7 4895.84579183131 247
8 4417.72999495711 277
9 3833.86425092564 306
10 3448.42803646469 336
11 3115.04940325889 367
12 3026.2208257328 397
13 2750.77528485219 426
14 2635.47797042545 456
15 2529.59909131849 485
16 2415.82371185697 515
17 2378.08920514287 545
18 2274.51566145589 576
19 2248.82875807748 606
20 2224.50735831151 635
21 2234.43392221667 664
22 2206.41605076252 694
23 2149.32750457505 724
24 2121.1829805378 756
25 2102.94082574673 787
26 2090.2804695215 817
27 2080.38423953442 847
28 2073.72522678051 877
29 2069.87069974531 907
30 2066.5752378328 937
31 2064.38417916301 968
32 2062.8393094301 1000
33 2062.05101249072 1029
34 2061.49379961709 1059
35 2060.92988655155 1089
36 2060.5674766753 1119
37 2060.19098981256 1150
38 2059.9283198966 1182
39 2059.67591415651 1212
40 2059.51669825278 1243
41 2059.40412982258 1273
42 2059.29459535062 1302
43 2059.10790259136 1332
44 2059.0717854903 1364
45 2058.96915839524 1398
46 2058.90232572508 1431
47 2058.84656335727 1461
48 2058.73041712407 1491
49 2058.73048948156 1522
50 2058.67351160933 1552
51 2058.61514475404 1584
52 2058.59902875221 1614
53 2058.56743554952 1644
54 2058.54629484168 1674
55 2058.51792901023 1704
56 2058.49830620525 1733
57 2058.47513198176 1765
58 2058.4385078255 1796
59 2058.43658203367 1826
60 2058.42174824397 1856
61 2058.40918589097 1886

0 6982.88167337238 31
1 6508.63061409217 60
2 6617.83643890112 92
3 6447.87900815809 122
4 6656.11920746927 152
5 5903.4443804329 181
6 5739.03783603761 211
7 4797.45992772715 241
8 4207.6187758681 272
9 3793.92009621123 303
10 3568.66681916017 333
11 3167.07499857396 363
12 2921.94516414512 393
13 2777.59827904339 423
14 2604.4701102434 452
15 2545.25018065098 483
16 2412.96918066683 514
17 2359.82716566804 543
18 2294.05545428955 573
19 2244.07544659934 602
20 2230.97696268537 632
21 2244.95580218721 662
22 2199.47180487031 693
23 2147.14621135765 724
24 2125.22274333108 754
25 2108.19132803267 784
26 2091.90566247208 814
27 2081.50551871754 844
28 2075.08181400796 874
29 2068.78686025232 908
30 2065.22240726074 941
31 2062.77852469862 971
32 2061.70889359961 1002
33 2060.7995302893 1032
34 2059.87803935168 1062
35 2059.24916188831 1094
36 2059.0327237344 1127
37 2058.71723554132 1157
38 2058.35245213401 1187
39 2058.26935411558 1217
40 2058.03511748005 1247
41 2057.90068884185 1277
42 2057.79067787477 1309
43 2057.7024512099 1340
44 2057.59306453137 1371
45 2057.47278445541 1402
46 2057.39951890823 1432
47 2057.35300188124 1462
48 2057.29036561486 1492
49 2057.22224203862 1524
50 2057.19892528823 1555
51 2057.1639273376 1585
52 2057.1254648503 1616
53 2057.05619423636 1646
54 2057.03944045085 1676
55 2057.00182949853 1707
56 2056.97971089803 1738
57 2056.92822872746 1767
58 2056.90085734972 1797
59 2056.87548071598 1827
60 2056.84695751511 1857
61 2056.81505739812 1887

0 6674.49895409814 31
1 6683.44289554081 61
2 6676.7219425248 91
3 6361.66218911309 122
4 6158.37056611562 151
5 5858.16354855009 181
6 5247.99715295198 211
7 4740.80545474646 243
8 3938.42253080191 273
9 3885.04745489665 303
10 3392.64671000957 332
11 3132.92160109863 362
12 2927.72619341054 391
13 2797.65582599572 421
14 2585.50377449351 456
15 2524.90558076468 487
16 2419.28688058523 517
17 2367.11602231932 547
18 2290.50367522455 576
19 2242.61109478676 606
20 2217.71669260364 638
21 2214.21016502203 670
22 2198.82360457347 700
23 2151.13678051511 731
24 2119.47846110682 761
25 2109.84321093143 791
26 2093.92774500958 822
27 2082.7719806588 853
28 2076.81320618955 884
29 2070.31243935877 914
30 2067.49391597947 944
31 2064.83548964111 973
32 2064.23000004929 1003
33 2062.82924487631 1035
34 2062.15987791563 1066
35 2061.4232140677 1097
36 2060.86051526817 1126
37 2060.47123948507 1156
38 2060.19939943167 1186
39 2059.95480250298 1216
40 2059.8559818636 1248
41 2059.51565622301 1279
42 2059.35680868787 1309
43 2059.13282109401 1339
44 2059.05810722392 1369
45 2058.95561813075 1401
46 2058.84515218069 1433
47 2058.72115499893 1464
48 2058.58684891872 1494
49 2058.54245886047 1525
50 2058.48104475427 1555
51 2058.39463167247 1585
52 2058.34050854775 1615
53 2058.27825847248 1646
54 2058.23605771108 1677
55 2058.18404770894 1707
56 2058.13200800473 1738
57 2058.08970942936 1768
58 2058.03752808408 1798
59 2057.99330282623 1828

0 6543.25262990509 35
1 6520.3519376324 66
2 6522.1197275887 96
3 6808.52431421084 126
4 6165.92046759353 155
5 5792.37954444867 185
6 5365.45033862319 216
7 4638.00694939438 249
8 4308.84977581309 280
9 3801.76047618651 310
10 3590.90196088361 340
11 3224.64422854753 370
12 2865.84438896049 399
13 2762.53228485967 430
14 2628.16769406851 461
15 2513.79519704278 490
16 2434.18264770757 520
17 2386.34464283715 549
18 2288.80000779839 579
19 2250.99176914278 609
20 2228.96807502705 639
21 2224.42550023437 669
22 2205.27786521644 699
23 2154.29788068605 729
24 2124.10492429748 759
25 2104.42507818487 789
26 2092.21301332317 820
27 2082.34931098376 851
28 2076.03674202224 881
29 2071.13205304576 912
30 2068.8155984846 942
31 2066.885627748 972
32 2064.33746440807 1002
33 2063.17797252292 1033
34 2062.46095112305 1064
35 2061.55207542493 1094
36 2061.0267875381 1124
37 2060.41017210318 1154
38 2059.85052588592 1183
39 2059.42671466229 1214
40 2059.23762666665 1245
41 2058.99142656907 1275
42 2058.86795194482 1305
43 2058.67557854387 1335
44 2058.38266162175 1365
45 2058.26532335268 1395
46 2058.21931699594 1425
47 2058.04123950015 1460
48 2057.90647758949 1492
49 2057.80068874608 1523
50 2057.69901438935 1553
51 2057.62824027667 1583
52 2057.53326584284 1613
53 2057.45555061303 1645
54 2057.37929634138 1677
55 2057.30350757777 1708
56 2057.24318376962 1738
57 2057.17025128851 1768
58 2057.11434563272 1797
59 2057.06205916807 1828
60 2057.00044629118 1859

0 6862.75897596357 31
1 7220.54118103192 61
2 6971.59893713656 90
3 6579.04906309099 120
4 6444.83370035563 150
5 6567.53854599978 180
6 5492.51119610428 212
7 4744.2078587139 242
8 4402.3256446114 272
9 3736.54259008983 302
10 3455.65749428363 331
11 3115.2914027888 361
12 3010.56011488868 392
13 2792.64652090596 423
14 2675.85408049384 453
15 2532.83920315813 482
16 2407.61162885299 511
17 2378.07133256121 541
18 2311.33247104701 571
19 2257.73875875109 601
20 2236.80364418496 632
21 2230.64958310572 661
22 2191.99438075589 691
23 2153.15870437918 721
24 2122.13132849838 751
25 2103.72309961738 782
26 2092.20919889244 814
27 2082.27811304368 844
28 2076.37808006537 874
29 2072.37471910568 904
30 2069.42840455731 934
31 2067.24079108872 964
32 2065.76661961819 997
33 2065.38285988343 1031
34 2064.47871312975 1062
35 2063.75430001696 1092
36 2063.41371589216 1122
37 2063.01522480058 1152
38 2062.73694443461 1182
39 2062.57119576252 1216
40 2062.21448895247 1247
41 2062.15774160023 1277
42 2062.03448366843 1307
43 2061.9217027768 1337
44 2061.79459541318 1366
45 2061.65861919843 1397
46 2061.616566386 1429
47 2061.53784884187 1459
48 2061.49977366818 1489
49 2061.39486421292 1519
50 2061.3471442979 1549
51 2061.31407001751 1579
52 2061.29347659569 1611
53 2061.24393532129 1641
54 2061.21146166002 1671
55 2061.15936449208 1701
56 2061.13319793007 1731
57 2061.10517658394 1761
58 2061.07528458708 1791
59 2061.04899652921 1823
60 2061.02539080159 1854
61 2060.99475069953 1885

0 6598.81376321595 30
1 6744.74870181688 60
2 6557.22779234331 89
3 6417.61438521107 120
4 6160.77316129646 152
5 6220.9712081196 183
6 5415.19129873581 214
7 4765.09756834175 244
8 4255.16990275662 274
9 3757.09716858025 305
10 3601.84739206205 335
11 3065.96801870025 366
12 2982.93560881892 395
13 2756.44278989058 425
14 2645.95679166342 455
15 2513.84219981137 484
16 2441.97715808163 514
17 2384.8954149229 549
18 2329.01109388094 580
19 2228.16119032774 610
20 2228.40966571847 639
21 2212.45193905218 669
22 2199.68760860474 698
23 2145.56733576069 729
24 2121.21249106968 763
25 2097.06049008961 794
26 2085.5019227879 824
27 2075.9343368354 857
28 2070.39207430992 887
29 2068.67021907305 917
30 2065.75006324218 949
31 2064.37517454304 979
32 2063.14739565463 1009
33 2062.41685552286 1039
34 2061.52870515959 1069
35 2060.97334075966 1099
36 2060.67018727363 1129
37 2060.34792888212 1161
38 2059.93424049013 1191
39 2059.82443943246 1221
40 2059.62187626315 1251
41 2059.46885246728 1281
42 2059.24431277885 1311
43 2059.15388718213 1342
44 2059.10386528935 1373
45 2059.03561381194 1402
46 2058.97490873106 1432
47 2058.88766163735 1462
48 2058.83654759211 1492
49 2058.81711677273 1522
50 2058.79806511356 1553
51 2058.72724134654 1583
52 2058.6881214024 1613
53 2058.64996885604 1643
54 2058.64420926903 1673
55 2058.62638925694 1703
56 2058.60612045545 1733
57 2058.59545778315 1765
58 2058.57275193917 1795
59 2058.5489807762 1825

0 6448.38646643701 30
1 6732.53383400648 60
2 6440.47863455017 90
3 6429.39951343009 123
4 6097.72610966498 157
5 5775.10729048446 187
6 5575.43937466286 217
7 4924.38122742034 247
8 4293.25021003706 277
9 3848.80989179201 307
10 3488.07176275804 340
11 3182.29392452182 371
12 2938.87431528695 401
13 2942.62829413419 430
14 2623.72232932286 460
15 2548.57989509701 489
16 2395.35245190185 521
17 2380.69774638696 552
18 2287.66581721822 582
19 2246.66554265767 611
20 2229.68556606528 641
21 2225.7901727175 670
22 2202.9175481371 700
23 2151.59457347752 731
24 2123.01125254252 762
25 2100.16469453145 792
26 2085.86857647741 822
27 2074.424972201 852
28 2068.58250464794 882
29 2065.05534351299 912
30 2062.65915378564 944
31 2061.49068213342 975
32 2060.15267591794 1005
33 2059.43286414592 1034
34 2058.76073347638 1064
35 2058.22440724166 1094
36 2057.81867833128 1125
37 2057.47425460618 1156
38 2057.27039722427 1186
39 2057.0892607425 1216
40 2056.86839457586 1246
41 2056.65877280277 1276
42 2056.57638209855 1306
43 2056.46080796189 1338
44 2056.39554403216 1369
45 2056.28126260309 1399
46 2056.23155162392 1429
47 2056.14783653124 1459
48 2056.07710127013 1489
49 2056.05897136052 1519
50 2055.99716210919 1552
51 2055.99110444592 1586
52 2055.93559022567 1617
53 2055.90028787448 1647
54 2055.88416467291 1677
55 2055.85851107731 1707
56 2055.81936665837 1739
57 2055.78685114409 1772
58 2055.77915893391 1802

0 6653.24791210575 30
1 6367.74298353021 60
2 6675.91610289182 89
3 6454.37643913881 119
4 6163.75645686177 151
5 6182.46442436283 182
6 5528.83648972193 212
7 4914.29379820322 242
8 4337.35069207733 272
9 3800.04498761175 302
10 3511.89742325539 332
11 3195.49371525588 363
12 2908.22330980749 393
13 2737.18573874014 422
14 2654.42175122026 452
15 2520.51431967705 482
16 2439.96888924182 512
17 2364.48421602032 542
18 2278.02321177691 573
19 2232.84217244975 603
20 2213.96626566203 632
21 2221.96966854366 662
22 2188.15846747954 692
23 2151.39481312423 721
24 2124.61099792541 752
25 2105.71893929032 784
26 2097.00391217711 814
27 2086.3847017702 843
28 2078.04824451523 873
29 2074.43017374699 903
30 2070.83495478185 933
31 2068.86483811095 965
32 2067.75993618158 995
33 2066.94234739308 1025
34 2065.82702302448 1055
35 2065.05585276656 1085
36 2064.90674018792 1115
37 2064.39498792061 1146
38 2063.95800595906 1182
39 2063.8610791582 1212
40 2063.48171467871 1242
41 2063.24821795128 1272
42 2063.04822346887 1302
43 2062.85041082527 1332
44 2062.62410425072 1364
45 2062.53633410211 1396
46 2062.40666934379 1426
47 2062.24841908055 1457
48 2062.13449046586 1487
49 2062.04374984194 1518
50 2061.92521004932 1549
51 2061.81326771219 1580
52 2061.75609643949 1610
53 2061.64726097509 1640
54 2061.58641747265 1670
55 2061.51879456456 1700
56 2061.43247159371 1730
57 2061.36208914391 1760
58 2061.29597908554 1791
59 2061.23986552608 1822
60 2061.17528753819 1852
61 2061.11473784622 1883
62 2061.04480063724 1913
63 2061.00121607404 1942

0 7031.63707078811 33
1 6846.09261227676 63
2 6909.11859498718 93
3 6498.07293807321 123
4 6589.60776554043 153
5 6271.43912463848 182
6 5282.66520024695 213
7 4744.436898876 245
8 4309.11173896581 276
9 3872.21902275336 308
10 3471.55728577134 338
11 3164.82752820837 367
12 2959.29295392562 397
13 2750.24246626167 427
14 2663.29351435611 458
15 2548.38690787436 488
16 2407.1468586779 517
17 2362.35717887606 546
18 2305.19664732381 576
19 2234.08338657947 606
20 2217.16980709388 638
21 2226.85099256071 673
22 2203.20816700727 706
23 2148.59469832618 736
24 2121.42218084875 766
25 2102.53612597959 796
26 2087.18463682703 826
27 2073.46962628058 858
28 2067.28872609582 889
29 2063.92099611111 919
30 2061.13347090568 949
31 2060.21282235713 979
32 2059.55028050001 1009
33 2058.26622427559 1040
34 2057.85878339396 1071
35 2057.38816908078 1101
36 2057.04469932255 1131
37 2056.82927915294 1161
38 2056.69081157994 1191
39 2056.51274593299 1221
40 2056.40876746173 1252
41 2056.34496038655 1283
42 2056.17881136723 1313
43 2056.11796717428 1343
44 2056.05477911149 1373
45 2056.01787152618 1403
46 2055.97104076237 1434
47 2055.89340989759 1465
48 2055.81034038461 1496
49 2055.74779920307 1525
50 2055.74237963365 1555
51 2055.7111632575 1586
52 2055.69414926744 1616
53 2055.67512230703 1647
54 2055.60974295341 1678
55 2055.59824721167 1708
56 2055.58926127713 1738
57 2055.55702329304 1768
58 2055.54744506679 1798

0 7214.37219286182 30
1 6955.81990776403 61
2 6365.67967727207 92
3 6308.49787466133 121
4 6317.74619859967 151
5 5812.72733294541 181
6 5673.90835464995 210
7 4655.07120147287 240
8 4164.81721245515 277
9 3813.23098865849 307
10 3482.23808088701 337
11 3109.54183636973 367
12 2926.9787063977 396
13 2798.94713461377 426
14 2653.77478557675 457
15 2539.08053195075 490
16 2407.33449843884 520
17 2397.02807393923 550
18 2290.28896408338 579
19 2240.9121709739 608
20 2225.34606311816 638
21 2214.94715044346 669
22 2191.69491093409 700
23 2157.12137424648 730
24 2120.60078180742 760
25 2105.89851574405 790
26 2093.06240948816 820
27 2080.30768411164 850
28 2073.13939349647 882
29 2068.76107474347 912
30 2066.28639127802 942
31 2064.15173245177 972
32 2062.59282901107 1002
33 2061.6444803113 1032
34 2060.84291323224 1063
35 2060.28569398325 1094
36 2059.59095306643 1124
37 2059.1575592501 1154
38 2058.78251705181 1184
39 2058.58108475437 1215
40 2058.1544778813 1245
41 2057.96513734994 1276
42 2057.78212333058 1307
43 2057.64642127563 1337
44 2057.48166469831 1367
45 2057.41589212669 1397
46 2057.2698471083 1427
47 2057.22044113316 1457
48 2057.1220539757 1489
49 2057.03176215591 1519
50 2056.95520350434 1549
51 2056.89848393297 1579
52 2056.86475807512 1609
53 2056.78921469369 1639
54 2056.71684588404 1670
55 2056.67154906965 1706
56 2056.63480032437 1737
57 2056.60157800953 1768
58 2056.5730236831 1798

0 6757.02416818903 30
1 6439.16862686677 60
2 6423.9530229795 93
3 6213.85853099838 125
4 6493.82618878234 154
5 6304.06752017832 184
6 5734.04908370254 214
7 4988.05219601001 244
8 4163.06461041115 274
9 3713.86069526576 306
10 3556.88778299987 336
11 3118.45161492957 365
12 2943.07464415196 395
13 2841.70890986902 424
14 2619.20682419494 454
15 2515.10529039178 484
16 2391.31125893572 515
17 2353.21218233278 544
18 2294.71083927766 574
19 2260.94340941271 603
20 2214.23552597488 633
21 2222.25797446409 662
22 2193.34031387891 695
23 2151.38490384315 725
24 2116.75777869134 755
25 2097.06715445943 785
26 2087.03398840551 815
27 2074.45629454844 845
28 2069.63146622576 876
29 2065.59748492099 906
30 2064.17830388321 937
31 2062.32372411802 968
32 2061.21859069732 998
33 2060.27198826569 1028
34 2059.24797602648 1057
35 2058.74025297824 1088
36 2058.35686955933 1120
37 2058.10940803535 1150
38 2057.64954111828 1180
39 2057.48377667773 1210
40 2057.29939497781 1240
41 2057.04861425421 1270
42 2056.85528939538 1305
43 2056.70632295822 1338
44 2056.5329995119 1368
45 2056.35837311282 1399
46 2056.27112237227 1429
47 2056.20826149015 1458
48 2056.15530770648 1490
49 2056.12626351633 1523
50 2056.03065600142 1554
51 2056.01072977549 1584
52 2055.96281583285 1613
53 2055.90480025548 1643
54 2055.8738290375 1673
55 2055.83248103628 1708
56 2055.81211531635 1739
57 2055.78368778095 1769
58 2055.77258944104 1799

0 6353.18390276273 30
1 6852.00203039225 60
2 6885.92421380536 90
3 6616.11615681624 121
4 6624.26457005503 151
5 6353.25390415837 181
6 5635.55708542936 211
7 4918.02644927698 241
8 4256.42168913521 270
9 3729.34279549647 301
10 3412.84229341979 332
11 3210.29450723103 362
12 3003.49707236594 391
13 2797.63207152125 421
14 2667.70515016321 451
15 2524.15981004348 480
16 2430.07033256869 512
17 2366.04628342128 542
18 2285.50511658946 572
19 2255.99723394777 602
20 2209.58308806384 632
21 2219.5642255084 661
22 2200.62839799146 691
23 2154.42133548876 722
24 2123.53012599907 753
25 2101.07490869856 783
26 2084.06460428192 813
27 2076.86957536615 843
28 2068.95687889617 873
29 2065.66253537346 904
30 2063.83556389601 940
31 2062.22256376064 971
32 2061.05305711181 1001
33 2060.21216885736 1031
34 2058.99457933082 1061
35 2058.29679615379 1091
36 2057.82065782369 1123
37 2057.52631987364 1156
38 2057.35637012606 1187
39 2057.17009960159 1217
40 2056.95663213314 1247
41 2056.75543370527 1277
42 2056.64098297715 1307
43 2056.55789561862 1340
44 2056.50250500164 1371
45 2056.37911750651 1401
46 2056.32209046306 1432
47 2056.27696883675 1462
48 2056.2106573416 1492
49 2056.15593515382 1523
50 2056.13462747821 1554
51 2056.10929981413 1584
52 2056.05048385339 1614
53 2056.0082358353 1644
54 2056.00461750933 1674
55 2055.97472955478 1704
56 2055.93123025655 1736
57 2055.91803080634 1767
58 2055.90851201452 1797

0 6892.99141875161 30
1 6877.94173337353 60
2 7131.34165149518 90
3 6681.57871911675 120
4 6373.63011826693 151
5 6220.45536938067 183
6 5479.17203977902 213
7 5033.90975754674 242
8 4250.07559354773 272
9 3850.39882810326 302
10 3380.4218193083 333
11 3138.47278277687 364
12 2985.32067799153 394
13 2810.28564252581 424
14 2695.50012437506 453
15 2526.18263966453 483
16 2458.57610616692 512
17 2407.10066033897 544
18 2274.00776286941 578
19 2254.74716534244 609
20 2233.38278170553 638
21 2206.62478439458 668
22 2188.1071196043 698
23 2152.64298203338 728
24 2123.52340140324 762
25 2105.47768590657 794
26 2088.67412184482 824
27 2077.42511886898 854
28 2069.68658006177 884
29 2066.16168857102 914
30 2063.1498611844 946
31 2061.10453522656 977
32 2059.9004005832 1007
33 2059.14049625672 1037
34 2058.72262108937 1067
35 2058.13239020162 1096
36 2057.70734841146 1126
37 2057.48606333475 1158
38 2057.33627085829 1189
39 2057.02553945982 1220
40 2056.90045594699 1250
41 2056.71610714259 1279
42 2056.55199072522 1309
43 2056.45729305828 1340
44 2056.38569902681 1371
45 2056.27053394476 1402
46 2056.2406328832 1432
47 2056.17626659702 1462
48 2056.13053150099 1492
49 2056.05457853122 1522
50 2056.03953594378 1553
51 2055.98729610347 1585
52 2055.93743753761 1616
53 2055.93218785959 1645
54 2055.89012647831 1675
55 2055.85916564255 1705
56 2055.82946717146 1736
57 2055.8040738849 1767
58 2055.77147977291 1798
59 2055.7529542135 1828

0 6532.47539091525 30
1 6889.53184389946 60
2 6310.10833930897 90
3 7013.28945461233 121
4 6217.38162579324 155
5 6075.26914695796 189
6 5439.21819477708 219
7 4779.90886403619 249
8 4343.40141795202 279
9 3902.16951857938 308
10 3500.77880779176 340
11 3167.4109985986 372
12 2955.1674814515 401
13 2777.2855775165 431
14 2684.90285219979 460
15 2541.48719235458 490
16 2414.60573288725 520
17 2378.79678427593 552
18 2288.37356466459 582
19 2253.15482368026 612
20 2218.40465048669 641
21 2216.59588215855 671
22 2211.68143994337 701
23 2154.05651584737 731
24 2121.53632183032 762
25 2103.27321493985 794
26 2092.11320725143 824
27 2084.20591324631 854
28 2077.99819673954 884
29 2073.75340785799 914
30 2071.07024378987 945
31 2069.28778898885 977
32 2068.11695388672 1006
33 2067.50094244927 1036
34 2066.4685405513 1067
35 2066.07373306625 1096
36 2065.61549933576 1128
37 2065.22138893563 1159
38 2064.79084415635 1190
39 2064.5590586362 1220
40 2064.36714035165 1250
41 2064.16266309537 1280
42 2064.05170100542 1313
43 2063.97506621433 1345
44 2063.88478338416 1377
45 2063.77796894662 1407
46 2063.66213307872 1437
47 2063.60660619113 1466
48 2063.53947233142 1496
49 2063.48876711309 1526
50 2063.42847230864 1560
51 2063.38535576324 1594
52 2063.35641823777 1624
53 2063.33991476532 1654
54 2063.29325811168 1684
55 2063.24053825953 1714
56 2063.19984354932 1745
57 2063.16076207953 1778
58 2063.14044403064 1809
59 2063.12592178335 1838
60 2063.11559554839 1868
61 2063.07000294993 1898
62 2063.04054669562 1929

0 6534.674725345 33
1 6582.13198160443 63
2 7177.87227197541 93
3 6700.86403289143 123
4 6243.92548992495 153
5 5785.78578756369 182
6 5552.75545254512 214
7 4998.96442398147 246
8 4357.97739390068 276
9 3846.52914320676 306
10 3439.22058180761 336
11 3254.6227629167 365
12 2919.72778097975 395
13 2751.13588751641 426
14 2628.00053416541 457
15 2528.14990625948 487
16 2422.17839988674 516
17 2368.0298577671 546
18 2297.84045046434 575
19 2228.39512344116 605
20 2218.58104334133 636
21 2219.77851138234 667
22 2206.30769688878 697
23 2147.98497615462 727
24 2127.60943395003 757
25 2103.91691356999 787
26 2092.69711195146 818
27 2082.22889827224 848
28 2075.35648225249 879
29 2072.01361361068 909
30 2069.44250644655 939
31 2067.09651753616 970
32 2066.09857839057 1000
33 2065.11570080215 1031
34 2064.17099592561 1067
35 2063.27038933386 1098
36 2062.92015883597 1128
37 2062.51250254291 1158
38 2062.08681990444 1187
39 2061.80541600324 1218
40 2061.53018864722 1249
41 2061.25655287187 1282
42 2061.00896065392 1313
43 2060.84079994063 1343
44 2060.6248018214 1373
45 2060.44692098948 1403
46 2060.28705973478 1434
47 2060.20622723709 1465
48 2060.10794309099 1496
49 2060.00064381869 1526
50 2059.92106436444 1555
51 2059.81067096762 1585
52 2059.74709128708 1616
53 2059.69866837814 1648
54 2059.64318749024 1679
55 2059.58087351644 1709
56 2059.53045678487 1739
57 2059.4778336964 1769
58 2059.42656867464 1799
59 2059.39646316168 1829
60 2059.35907522313 1862
61 2059.32903669443 1893

0 6347.58552903603 30
1 7151.87036782742 60
2 6648.34097799241 90
3 6434.47583792397 119
4 6281.97052216372 150
5 6204.98968334016 182
6 5754.49963112877 213
7 4617.08793189101 245
8 4243.62382528483 275
9 3880.10321760796 304
10 3361.27039778008 334
11 3141.62824290315 365
12 2972.69215557797 396
13 2824.0488782617 425
14 2638.38754637832 454
15 2547.32619185404 484
16 2434.94204878426 513
17 2369.16076595003 542
18 2305.79253675151 576
19 2245.92640349256 609
20 2226.23200423147 639
21 2200.22791769678 668
22 2195.16159881803 698
23 2152.48148701951 729
24 2123.20819143828 761
25 2106.4835619831 793
26 2096.87466188456 824
27 2084.07792105452 855
28 2075.98827475839 885
29 2072.6221907732 914
30 2069.17830300346 944
31 2067.48792751922 976
32 2066.40768949751 1007
33 2065.28048463901 1037
34 2064.83706377004 1066
35 2064.19673726709 1096
36 2063.47661010813 1126
37 2063.10597392812 1156
38 2062.61536776807 1188
39 2062.29542075678 1218
40 2062.01564983553 1248
41 2061.7239732996 1278
42 2061.51980017567 1308
43 2061.22056134559 1338
44 2061.02949166871 1369
45 2060.79413784059 1400
46 2060.56714311857 1430
47 2060.36994827076 1460
48 2060.18322815536 1490
49 2059.99583417702 1520
50 2059.80202184634 1550
51 2059.65184775474 1582
52 2059.49029825088 1612
53 2059.36025412492 1642
54 2059.19971331453 1672
55 2059.04611132603 1702
56 2058.89124660474 1733
57 2058.75096235107 1763
58 2058.62419603215 1795
59 2058.51163353507 1825
60 2058.41905843697 1855
61 2058.29513155339 1886
62 2058.1797506713 1916
63 2058.06405489908 1945
64 2057.92802586211 1978
65 2057.79571167604 2012
66 2057.65737844412 2042
67 2057.51381758146 2073

0 6558.87918517521 30
1 6939.58491337279 61
2 6562.44106553513 91
3 6588.87461016107 125
4 6347.90800095135 155
5 6450.09678353089 185
6 5298.47383225794 215
7 4953.1807993211 245
8 4257.26508972562 275
9 3836.41281481366 306
10 3404.0575967847 337
11 3105.9270007908 367
12 3049.81810075271 396
13 2762.96335900349 430
14 2677.49835565801 459
15 2512.72995474732 489
16 2402.62146868112 520
17 2370.26662697664 550
18 2306.35156010091 580
19 2229.43662671852 609
20 2217.1181441969 638
21 2220.13356600837 668
22 2194.39475024803 698
23 2152.86140934305 730
24 2121.64652115126 761
25 2106.01688959491 791
26 2093.14368782259 821
27 2084.77407443793 851
28 2077.59760124988 881
29 2073.73612985233 911
30 2071.33261543515 942
31 2069.84006392212 973
32 2068.22817494098 1003
33 2067.19094336165 1033
34 2066.58250061161 1063
35 2065.95447509638 1093
36 2065.27550652911 1124
37 2064.95685543176 1155
38 2064.44591092339 1185
39 2064.26253217751 1215
40 2063.967334522 1245
41 2063.72770141913 1275
42 2063.52344434462 1305
43 2063.36737093237 1341
44 2063.15219633972 1375
45 2062.95741661233 1405
46 2062.80696944497 1435
47 2062.66568550902 1465
48 2062.51187788552 1495
49 2062.33767177836 1525
50 2062.22487613245 1557
51 2062.12574619424 1588
52 2062.01159162786 1619
53 2061.88768339895 1650
54 2061.79062809845 1681
55 2061.69827583492 1713
56 2061.58517750166 1745
57 2061.52464324734 1776
58 2061.43166835316 1806
59 2061.36126647032 1835
60 2061.29624889153 1865
61 2061.22858416431 1895
62 2061.17276545805 1925

0 6603.15036568444 32
1 6823.20030668861 61
2 6821.71561472457 91
3 6470.74086771559 121
4 6443.45117513596 151
5 5823.36549402786 181
6 5609.19999952014 212
7 4576.89380540596 245
8 4307.33854899237 276
9 3966.6028582029 306
10 3490.37037826099 337
11 3194.43925361267 367
12 2980.55434151938 398
13 2786.10471827623 430
14 2669.54420241991 460
15 2558.73991887556 489
16 2443.41082057582 519
17 2373.93967734759 549
18 2302.19726757461 578
19 2262.8777688163 608
20 2231.85830075999 640
21 2227.43338968494 673
22 2197.03710276711 703
23 2148.59585998318 734
24 2118.26322095563 765
25 2105.10608118394 796
26 2089.05321314384 830
27 2077.93874326338 863
28 2071.39942743824 894
29 2067.7563248223 925
30 2065.57243499691 955
31 2063.82388755863 985
32 2062.62422503367 1016
33 2061.64695775385 1049
34 2060.79577231523 1081
35 2060.41820309015 1114
36 2059.85324081937 1146
37 2059.45747087864 1177
38 2059.17986579742 1209
39 2058.95881720892 1240
40 2058.70983757141 1271
41 2058.48868001425 1301
42 2058.22681422452 1332
43 2057.97541171944 1363
44 2057.72016498522 1394
45 2057.54162783877 1426
46 2057.39221330355 1458
47 2057.28202865448 1489
48 2057.20311301513 1519
49 2057.09543134164 1549
50 2057.03255099149 1579
51 2056.93722638526 1609
52 2056.87402402738 1640
53 2056.83862178177 1671
54 2056.7727806836 1701
55 2056.72671060338 1731
56 2056.68310608612 1761
57 2056.64700587253 1791
58 2056.60588772415 1821
59 2056.55567416155 1853

