0 21334.0994799018 113
1 21440.6457820355 215
2 18245.4070666162 333
3 15421.4026114913 437
4 10959.2681133992 549
5 8592.78711298957 653
6 7367.06033608104 761
7 6524.89567052436 867
8 6112.04265785822 972
9 5865.13806764432 1069
10 5733.6423899262 1171
11 5643.20269276532 1268
12 5508.65486870028 1370
13 5477.24632254478 1467
14 5469.88507719647 1569
15 5467.61769485707 1669
16 5466.7092113581 1772
17 5466.29906260363 1874
18 5466.10300836414 1972
19 5466.00708858113 2069

0 22285.5573120445 103
1 21372.760442599 202
2 18899.8403339376 311
3 15137.0138977631 411
4 10807.6448191044 515
5 8859.10197865479 612
6 7405.29918876047 717
7 6561.77029566141 819
8 6121.07276984948 923
9 5871.52667305508 1022
10 5699.2449272121 1124
11 5642.56943763274 1221
12 5510.30405191164 1325
13 5477.91364510698 1425
14 5470.20611375197 1527
15 5467.84560165525 1624
16 5466.85618009489 1732
17 5466.41013956231 1834
18 5466.19700437918 1938
19 5466.09226094282 2035

0 21314.263070256 99
1 19898.1130563477 196
2 19516.0703392999 300
3 14934.5705283355 399
4 11278.7526154031 503
5 8478.54123182338 601
6 7388.65701213171 703
7 6583.27565039118 805
8 6129.4473449406 910
9 5863.53481953758 1007
10 5733.43525392885 1112
11 5632.97337597941 1213
12 5511.44340447751 1315
13 5480.54518937435 1412
14 5473.23426080372 1515
15 5471.03336902897 1611
16 5470.17524598391 1716
17 5469.79292128373 1818
18 5469.6110094834 1927
19 5469.52198982515 2030

0 21690.4884215396 107
1 20587.9668309463 212
2 19795.5267601353 315
3 14317.670085461 421
4 11198.0256171985 522
5 8449.88342764162 622
6 7414.23138333087 722
7 6588.28709844264 828
8 6098.28637439057 932
9 5848.4801789517 1031
10 5706.4496889945 1133
11 5640.92127626368 1234
12 5510.1434605072 1334
13 5476.81168263206 1434
14 5468.64836497663 1533
15 5466.08486217151 1638
16 5465.05564496092 1740
17 5464.58249769095 1850
18 5464.35578610899 1952
19 5464.24427427305 2056

0 21841.340241478 100
1 21102.1738790182 203
2 18878.1570217746 304
3 15332.1449140513 406
4 10987.1758441783 506
5 8628.86568168019 606
6 7299.44882772846 706
7 6609.0375261523 813
8 6112.51768247511 914
9 5815.40393014183 1014
10 5729.24218825831 1113
11 5620.79254426212 1213
12 5511.19666916147 1312
13 5478.42581370149 1414
14 5470.79509195502 1515
15 5468.52300730551 1615
16 5467.60334812867 1715
17 5467.18845358888 1820
18 5466.9913112155 1919
19 5466.89470448932 2019

0 20857.1518491586 101
1 20491.3190355333 210
2 19125.0613005603 313
3 15444.6660506782 416
4 11005.1739874341 517
5 8564.41198660389 619
6 7440.52167552531 720
7 6577.60084580099 826
8 6103.45694583806 927
9 5851.93441454596 1033
10 5702.31767898661 1144
11 5629.99357913618 1247
12 5511.23753507685 1345
13 5479.21567149624 1448
14 5471.95648117489 1548
15 5469.67380896692 1660
16 5468.76261742776 1764
17 5468.35998299473 1872
18 5468.16780651945 1971
19 5468.07331192841 2075

0 20187.0662296279 100
1 20926.2925652725 206
2 19134.9578183936 307
3 15899.6786589882 415
4 10791.0906655617 514
5 8424.25465958684 617
6 7265.50564380706 717
7 6614.891667326 820
8 6100.40332635536 917
9 5859.49035659238 1024
10 5718.85926624896 1121
11 5627.68255192463 1227
12 5508.06856266567 1325
13 5475.84046057063 1430
14 5468.88885303205 1527
15 5466.69491438348 1637
16 5465.81636873104 1741
17 5465.41557013188 1848
18 5465.22419341547 1947
19 5465.13027723022 2050

0 21056.7104567945 102
1 19921.2488464692 204
2 19154.3639629679 305
3 15774.0884843598 409
4 11301.53447977 507
5 8472.73289977831 610
6 7391.67743016004 713
7 6655.12582596106 814
8 6111.58791535099 911
9 5857.07913244401 1013
10 5733.71527203566 1110
11 5624.45286480974 1214
12 5507.55843900748 1312
13 5478.68097554072 1412
14 5470.94365482014 1507
15 5468.5452680879 1612
16 5467.58227723298 1713
17 5467.14434160879 1820
18 5466.93434737715 1919
19 5466.83136233998 2021

0 20386.3963439173 101
1 19762.1976120099 205
2 18932.1479828591 302
3 14558.6270955593 406
4 10918.9597934552 505
5 8549.26077462989 608
6 7412.95247650883 711
7 6580.51468725359 818
8 6114.87528662911 920
9 5857.45110605179 1027
10 5732.4022015514 1125
11 5628.96841314973 1229
12 5511.84718915947 1330
13 5476.92900448888 1435
14 5469.11049700299 1539
15 5466.61701630279 1644
16 5465.58789950199 1753
17 5465.11508710431 1857
18 5464.88782477068 1958
19 5464.77623550786 2057

0 21180.3110008127 109
1 20011.6765954013 213
2 18658.7396631232 322
3 15047.2149839291 426
4 11358.4893848472 534
5 8635.756430809 640
6 7267.41656966087 748
7 6552.17526618027 851
8 6122.59781646276 959
9 5855.16406580397 1059
10 5728.74960192052 1167
11 5618.11402897135 1266
12 5506.86617152806 1381
13 5474.47844590271 1487
14 5466.04699486383 1598
15 5463.47343553898 1709
16 5462.43831942091 1813
17 5461.96466876694 1917
18 5461.73938519869 2018
19 5461.62884650827 2116

0 20493.5673475412 99
1 19370.9178958763 200
2 19144.9775118431 306
3 15130.4900383332 408
4 11147.2804302815 513
5 8613.36440154645 620
6 7469.01386273994 723
7 6570.02261626487 827
8 6123.61648836046 926
9 5886.74425864674 1034
10 5739.92365342236 1138
11 5621.30805508518 1240
12 5510.06190192261 1339
13 5477.60953150455 1440
14 5469.63770058386 1542
15 5467.26420665097 1646
16 5466.35183593993 1745
17 5465.93739157401 1846
18 5465.73885029503 1947
19 5465.64167229662 2048

0 21330.0619128297 99
1 20627.0492223953 200
2 18723.6259584787 300
3 15732.8312257557 411
4 11141.5287779974 516
5 8717.14181190115 623
6 7312.07455251995 725
7 6503.81782402159 830
8 6135.92084777884 929
9 5886.05691758861 1033
10 5707.07473867817 1131
11 5629.3169655023 1234
12 5512.92293459437 1335
13 5482.69780364098 1436
14 5475.25666110535 1539
15 5472.90762515513 1646
16 5471.99844850545 1745
17 5471.58717672138 1854
18 5471.39233202076 1953
19 5471.29696168942 2060

0 21227.6540503373 99
1 21062.4841589203 204
2 19556.5217737129 303
3 15459.8934479308 412
4 10700.4199479982 514
5 8593.2244680909 622
6 7455.16672069939 727
7 6572.52084469523 837
8 6108.23341511054 938
9 5878.83266962631 1045
10 5724.70130997975 1144
11 5634.7397055584 1251
12 5513.07192228495 1350
13 5481.07432222702 1452
14 5473.66013022658 1555
15 5471.35837089093 1657
16 5470.47955251175 1756
17 5470.0824877653 1857
18 5469.89479120014 1956
19 5469.80290391441 2057

0 21256.351944414 101
1 20931.8003648 202
2 18456.5348841169 300
3 15033.6108974064 404
4 11128.0197473707 510
5 8773.13184101298 616
6 7338.92623463507 717
7 6596.60978747951 819
8 6097.11367339133 920
9 5867.72792505809 1020
10 5696.72266844499 1116
11 5637.80450390894 1217
12 5509.51707768135 1314
13 5478.62094010731 1417
14 5471.32763025944 1517
15 5469.14255653682 1622
16 5468.26796240838 1718
17 5467.87494883962 1820
18 5467.68743540097 1920
19 5467.59530735661 2023

0 21867.0632519019 101
1 20818.6894875887 203
2 18374.5766732865 300
3 15139.7926248009 405
4 10889.4932022289 506
5 8615.00746125162 612
6 7436.55670712502 711
7 6558.23158535514 814
8 6094.17615574123 911
9 5854.99278668516 1014
10 5715.27099429844 1110
11 5627.53514465197 1213
12 5508.14225930274 1310
13 5475.09541745459 1415
14 5466.66022803686 1516
15 5463.89108627443 1620
16 5462.73145312414 1716
17 5462.20028426962 1821
18 5461.94429360775 1918
19 5461.81862686554 2022

0 21460.4417009881 101
1 20547.3417177184 204
2 18947.7636725618 301
3 15489.5062273699 408
4 10723.953827402 512
5 8539.85306499829 624
6 7446.16677833903 732
7 6567.54571761093 838
8 6144.8374104573 941
9 5850.13168853298 1040
10 5741.84062094068 1139
11 5651.40650622107 1240
12 5514.64730180318 1339
13 5481.05629870463 1439
14 5473.0646063573 1544
15 5470.56969367447 1645
16 5469.56541211603 1743
17 5469.11185564664 1843
18 5468.8976641151 1940
19 5468.79279909085 2041

0 20690.4255089777 105
1 21294.4801921955 207
2 18859.2277263104 309
3 14853.4257374758 411
4 10988.8226449536 518
5 8618.86805964664 620
6 7451.54805787909 719
7 6565.76115490965 819
8 6099.02522326191 917
9 5834.48552668338 1018
10 5768.53970511708 1115
11 5625.48707573908 1215
12 5510.06772948104 1311
13 5478.34783473103 1411
14 5470.86161872788 1515
15 5468.53862658867 1616
16 5467.60926295489 1713
17 5467.1940105751 1817
18 5466.99496068026 1914
19 5466.89718054714 2016

0 19585.8877696924 100
1 21086.2722107674 204
2 20009.1788535076 303
3 14888.8843015906 407
4 10994.807979328 511
5 8865.63195967298 616
6 7265.28142231741 715
7 6614.32420231956 816
8 6160.10317834741 914
9 5860.67304193244 1017
10 5712.38705947393 1113
11 5633.84976994975 1217
12 5507.58614917278 1314
13 5477.19467428489 1417
14 5469.84075022409 1517
15 5467.50252579524 1621
16 5466.54109084806 1719
17 5466.1082897194 1823
18 5465.90093421462 1921
19 5465.79900576015 2025

0 21240.3262123076 102
1 20442.8786529975 213
2 17786.6747425737 319
3 14849.3356620685 425
4 10624.7886751812 532
5 8665.36604529434 634
6 7394.24894925843 736
7 6604.52151190858 836
8 6093.52691219099 934
9 5879.61281189087 1034
10 5717.21752949505 1132
11 5635.67044617024 1233
12 5509.32975672677 1330
13 5474.48970982407 1431
14 5466.80225501096 1533
15 5464.32651854641 1635
16 5463.30888518932 1738
17 5462.84714573982 1841
18 5462.62613861267 1940
19 5462.5177513439 2042

0 20722.3401617798 104
1 20636.8015369355 204
2 18588.9066274449 303
3 14932.40589147 409
4 11120.0167172229 514
5 8630.99791541351 617
6 7427.47779952232 719
7 6681.04026583659 822
8 6118.932242526 921
9 5844.84393056507 1021
10 5720.1710802717 1121
11 5634.80226921481 1224
12 5508.22037995844 1322
13 5477.63555278825 1425
14 5471.04216256175 1530
15 5468.96161504697 1632
16 5468.12326835117 1732
17 5467.74957683806 1831
18 5467.57254822771 1930
19 5467.48632282385 2030

0 20859.6150069658 103
1 20211.796729 204
2 18573.7158618739 302
3 14725.7451203537 407
4 10891.2402043011 520
5 8830.09400747071 622
6 7424.35426021297 724
7 6543.68529701006 825
8 6147.23070073101 927
9 5879.19124990915 1026
10 5689.84560960396 1124
11 5636.2894079063 1224
12 5512.25963534119 1323
13 5478.79543083216 1423
14 5471.3507042986 1527
15 5469.02658571654 1627
16 5468.08739569935 1725
17 5467.66376664712 1825
18 5467.46267021341 1931
19 5467.36388328428 2037

0 21385.2402171171 108
1 20052.8680230015 214
2 18323.0368505846 317
3 14606.2634002077 420
4 10952.093074905 526
5 8624.1104047023 626
6 7362.56210340343 727
7 6625.44438776825 826
8 6073.70894347287 927
9 5851.93464776301 1027
10 5728.65229417212 1128
11 5641.95212764001 1227
12 5506.52582651126 1332
13 5476.6693261239 1432
14 5469.05288462251 1538
15 5466.55809170653 1639
16 5465.55362324011 1741
17 5465.10525537446 1841
18 5464.88917087794 1942
19 5464.78299657991 2044

0 20868.76025221 106
1 19963.8062134119 207
2 18693.4199250518 311
3 15565.9295913649 415
4 11137.8560289961 528
5 8638.22909048354 630
6 7294.57653785299 737
7 6512.24285181419 837
8 6092.52290996657 942
9 5860.43057696483 1040
10 5725.99779684469 1143
11 5627.60188258422 1241
12 5510.43645845429 1346
13 5476.88868426341 1449
14 5469.69161976543 1557
15 5467.41379918123 1656
16 5466.5124042219 1761
17 5466.10408934775 1858
18 5465.91067045378 1970
19 5465.81583713464 2069

0 21208.1532542156 105
1 19991.2937088169 202
2 18690.2305713488 308
3 15028.3807867773 411
4 10795.894398888 517
5 8922.91928200414 614
6 7367.91512646135 717
7 6518.12488114922 813
8 6137.67871377967 917
9 5875.72077665704 1013
10 5709.76425327258 1119
11 5620.9729958049 1217
12 5506.88367805928 1328
13 5476.31056098364 1432
14 5469.40854828944 1535
15 5467.10203208549 1632
16 5466.17294656418 1742
17 5465.74819616139 1847
18 5465.54620397945 1953
19 5465.44699270381 2054

0 21095.0941088432 101
1 20261.1056295172 201
2 18907.8676674142 305
3 15206.770541724 413
4 11253.7649349575 516
5 8601.91982637101 619
6 7344.73238835476 720
7 6550.31719171374 823
8 6137.2608198817 924
9 5853.48282001555 1022
10 5717.56072129495 1121
11 5635.32518882971 1221
12 5508.33738351501 1321
13 5475.59568104054 1425
14 5468.26738374139 1524
15 5465.94257847758 1622
16 5465.01476747648 1723
17 5464.59415163061 1820
18 5464.39285203938 1919
19 5464.29415572479 2017

0 20417.9550310734 99
1 21207.2538617109 198
2 18746.7986558239 300
3 15226.8711352591 404
4 11064.4788886334 507
5 8818.44078051954 605
6 7358.66624240517 707
7 6666.76294192251 803
8 6143.44354300965 905
9 5837.15420631826 1003
10 5720.586718747 1108
11 5622.14748206593 1207
12 5505.72781365159 1309
13 5474.72537009898 1411
14 5467.56145077587 1517
15 5465.29334337044 1615
16 5464.40942375944 1717
17 5464.01256249355 1813
18 5463.82428558325 1917
19 5463.7320113271 2015

0 21385.7238450387 106
1 19726.6368074588 204
2 20442.2710229389 308
3 14890.2519296008 411
4 11226.5579031681 518
5 8716.73649363917 616
6 7348.50890303163 719
7 6529.93394850648 819
8 6108.53206917352 921
9 5846.27278175567 1018
10 5730.75733431921 1124
11 5628.44057999066 1224
12 5507.93867890725 1332
13 5476.58332510328 1442
14 5469.80967496651 1547
15 5467.62435755864 1648
16 5466.76594494797 1748
17 5466.38265600777 1847
18 5466.20038460973 1947
19 5466.11097535803 2044

0 21508.0717859169 104
1 19718.2430505595 209
2 18905.6971690125 312
3 15951.8175662792 423
4 11473.4366340054 528
5 8711.11565323417 629
6 7288.61809754192 731
7 6644.1582929437 833
8 6130.96425738147 933
9 5869.54595987121 1034
10 5722.86112567688 1135
11 5628.43171574196 1234
12 5506.06284960531 1334
13 5474.08019266924 1439
14 5466.83182652527 1538
15 5464.44440680768 1643
16 5463.46088249294 1743
17 5463.01200176475 1848
18 5462.79607859499 1948
19 5462.69008339069 2049

0 21362.0468256013 98
1 20358.3058684324 198
2 19312.655029744 301
3 14670.2274965164 408
4 11104.43392435 511
5 8712.02372810811 612
6 7511.79631629385 713
7 6626.76709588998 816
8 6148.53903724413 918
9 5882.28036165284 1024
10 5691.9380101702 1124
11 5637.26810493542 1226
12 5510.5862258865 1327
13 5477.68049601671 1432
14 5470.1260680201 1533
15 5467.66220086111 1634
16 5466.65743876433 1734
17 5466.19852860384 1838
18 5465.97697716846 1940
19 5465.86819566094 2040

0 21063.039914282 102
1 21549.6129196793 203
2 18896.4680169466 306
3 15013.8729096505 423
4 11180.2701060566 524
5 8595.75135129594 630
6 7324.09239213638 730
7 6613.21525610525 838
8 6114.77772594866 936
9 5831.63377379179 1047
10 5708.42455739185 1148
11 5633.92776514877 1257
12 5508.81065353915 1362
13 5477.95326520667 1465
14 5471.22028942466 1561
15 5469.1140357889 1665
16 5468.29377129631 1763
17 5467.92314016004 1874
18 5467.74717371456 1975
19 5467.66131372454 2082

0 20741.1904506799 104
1 20124.696817831 206
2 18349.143640366 309
3 15128.9006706309 414
4 11376.5884845417 511
5 8820.20508337652 613
6 7487.93375899501 712
7 6528.10456082054 814
8 6128.31357300647 911
9 5862.35576127684 1016
10 5692.74507586298 1116
11 5656.05584358827 1221
12 5512.03890662316 1323
13 5479.67441706584 1426
14 5472.24634572613 1523
15 5470.00786652775 1626
16 5469.13313712723 1724
17 5468.74117770929 1830
18 5468.55447445499 1930
19 5468.46292954557 2036

0 21051.9386436281 105
1 21361.8095423367 207
2 18550.6510957565 312
3 15098.2237638447 415
4 11208.3342604792 519
5 8771.80964445018 624
6 7442.97593180234 725
7 6621.46433785758 827
8 6157.35504607773 927
9 5853.55592290295 1031
10 5745.09747209728 1132
11 5618.88676869412 1232
12 5509.79476952074 1337
13 5477.63870315699 1437
14 5470.06068152248 1539
15 5467.57873008168 1640
16 5466.58332637563 1748
17 5466.13729661578 1852
18 5465.92467240231 1961
19 5465.82022803217 2062

0 21338.4663167997 108
1 20503.648402757 211
2 19048.9609324676 319
3 15159.7288885925 421
4 11244.4451572628 531
5 8866.6689761003 636
6 7353.98668779525 748
7 6627.09838048506 852
8 6103.64115876431 958
9 5871.30160007393 1055
10 5726.29910370587 1163
11 5638.45807979995 1263
12 5506.39920096293 1370
13 5476.46198095051 1468
14 5468.94436477449 1573
15 5466.69954230504 1672
16 5465.78371925551 1774
17 5465.37456360842 1871
18 5465.17921391431 1978
19 5465.08330583595 2077

0 19677.1085180928 100
1 20843.9765677395 201
2 18301.5365889762 307
3 15436.5677655173 407
4 10727.5764824366 523
5 8687.47638336188 632
6 7317.6724429194 737
7 6576.19656722964 839
8 6079.12372354776 940
9 5870.41898852662 1041
10 5712.51899769733 1141
11 5620.2404347633 1245
12 5509.97986546322 1345
13 5479.66337161031 1443
14 5472.66861069648 1545
15 5470.52297087617 1646
16 5469.67574150161 1748
17 5469.29100420643 1853
18 5469.10759478095 1955
19 5469.01801211868 2058

0 20844.7761452512 100
1 19636.488017871 204
2 18293.5295084366 306
3 14870.696074836 411
4 11045.3878599357 513
5 8541.32498920599 615
6 7467.81707762634 718
7 6606.89704080333 822
8 6120.66126807507 924
9 5849.68527186212 1023
10 5737.36949550181 1125
11 5638.80393967367 1235
12 5512.82785003061 1335
13 5480.13241964002 1440
14 5472.84651196902 1541
15 5470.74196994752 1643
16 5469.91262223135 1754
17 5469.53799014479 1868
18 5469.36012749423 1970
19 5469.27314196271 2075

0 20045.3526105837 104
1 20818.1020997663 211
2 18205.4910938227 310
3 14900.4180579111 418
4 11016.2317238402 520
5 8875.99568228887 632
6 7426.76232943795 735
7 6576.21716548753 839
8 6070.4155515252 935
9 5862.78020989706 1038
10 5692.59744808106 1138
11 5650.8771459444 1241
12 5504.11791004304 1339
13 5474.70718515331 1443
14 5467.41909002521 1541
15 5465.20549442038 1643
16 5464.31041351548 1739
17 5463.90523994701 1845
18 5463.71218052101 1944
19 5463.61742122151 2052

0 21202.3749688269 108
1 19430.9473282581 216
2 19561.1410235613 324
3 14360.8503490723 430
4 10847.5273172101 532
5 8704.62123353626 634
6 7395.52416068646 737
7 6505.45137343662 839
8 6114.78007838583 939
9 5863.85547324024 1040
10 5723.39252026277 1146
11 5659.81418445351 1248
12 5513.64869466744 1355
13 5479.89390032004 1456
14 5472.64248504539 1562
15 5470.41932566221 1665
16 5469.53509675282 1767
17 5469.13958566853 1867
18 5468.9522056554 1968
19 5468.86073434022 2068

0 21245.7743104571 107
1 21705.8162443732 209
2 18610.7352642428 315
3 14664.2614725148 419
4 11548.583523391 522
5 8820.11540059858 626
6 7425.21492549931 735
7 6561.77378642248 834
8 6125.87582314946 940
9 5822.93042272491 1042
10 5699.79279278135 1151
11 5644.55259124877 1250
12 5511.47358839388 1357
13 5478.97514306062 1458
14 5471.29712072105 1562
15 5468.9887634717 1660
16 5468.06958627341 1766
17 5467.65801118481 1865
18 5467.46203771098 1969
19 5467.36605420038 2068

0 20777.7605873687 113
1 20040.8013489124 211
2 18532.0649059806 319
3 15379.1423101603 421
4 11385.6191852385 524
5 8882.57934826828 621
6 7316.99106422768 724
7 6597.54566121304 820
8 6101.21344190437 925
9 5854.89720575574 1028
10 5715.30468220847 1133
11 5632.83329814781 1232
12 5513.85716185381 1334
13 5477.42706238863 1431
14 5470.10910157185 1537
15 5467.71748290578 1636
16 5466.72500614753 1739
17 5466.27595792075 1836
18 5466.05968797418 1947
19 5465.95312815714 2057

0 21547.6080219243 108
1 19605.6589979667 215
2 19060.8354364628 317
3 14798.4295050162 420
4 10689.3830051747 528
5 8715.72064019036 630
6 7413.96469773601 729
7 6622.78806167771 833
8 6114.34818244839 935
9 5859.53860171149 1046
10 5703.60508296253 1144
11 5633.35857382279 1247
12 5510.16656794726 1350
13 5478.57534930548 1451
14 5471.58194706358 1555
15 5469.43094038527 1662
16 5468.57173934143 1764
17 5468.18535432814 1867
18 5467.99987699395 1969
19 5467.90889238562 2076

0 20412.0526964675 99
1 21844.8295924804 209
2 19087.4974449468 311
3 15254.513859299 422
4 11255.5829532389 526
5 8640.7402084448 636
6 7344.89549826202 734
7 6601.24922086208 841
8 6147.6695105086 944
9 5829.65629364979 1051
10 5721.21016206072 1151
11 5639.52281885984 1256
12 5508.3881723245 1358
13 5477.27021654535 1464
14 5469.04647217058 1565
15 5466.55445156087 1668
16 5465.54650625595 1767
17 5465.09039416619 1873
18 5464.87254426157 1979
19 5464.76549482211 2081

0 19807.2497593914 105
1 21866.0441997239 208
2 18450.4023299873 316
3 15250.3655966821 424
4 11191.8845382096 534
5 8732.73740288311 636
6 7384.10961073804 744
7 6665.28151501521 849
8 6121.45625460382 964
9 5855.44045653405 1068
10 5716.4657652528 1183
11 5643.99033390674 1286
12 5508.8234808639 1395
13 5477.45563506952 1499
14 5469.50857198973 1611
15 5466.97861153665 1714
16 5465.96008108742 1817
17 5465.4910934987 1923
18 5465.26468973789 2031
19 5465.15312608701 2134

0 20984.8594644411 102
1 20733.5817635327 208
2 18793.0180566288 313
3 15508.4516675823 429
4 11440.8502286501 534
5 8843.94183635134 639
6 7291.55560487591 744
7 6603.65363407237 853
8 6138.17715435156 955
9 5862.34031454087 1061
10 5741.10773503144 1162
11 5629.40492028597 1271
12 5507.47656455472 1369
13 5476.21772987363 1474
14 5468.741963685 1577
15 5466.40976681596 1687
16 5465.46346724785 1792
17 5465.03415144714 1896
18 5464.82839202284 1993
19 5464.72754438065 2099

0 22735.996066912 104
1 20149.4970518575 209
2 20148.8420268758 308
3 14979.4191708894 416
4 10725.9778328247 533
5 8878.6534658297 644
6 7388.22561801121 759
7 6566.40003164077 860
8 6123.35785486703 967
9 5849.89336659731 1067
10 5743.44381269741 1183
11 5634.28665847947 1298
12 5509.82982537434 1404
13 5476.32217196813 1501
14 5468.84004129741 1608
15 5466.44138435459 1708
16 5465.48483401943 1815
17 5465.04891413351 1912
18 5464.84145969379 2017
19 5464.7398756211 2118

0 21127.233330961 110
1 20771.2235234379 208
2 18701.4431193081 315
3 14909.0412031607 415
4 11002.5277336762 522
5 8887.69251239254 624
6 7283.66375338516 729
7 6657.35190363737 833
8 6149.24546860063 942
9 5879.57878545829 1047
10 5703.89151605846 1156
11 5634.97129124481 1259
12 5513.86021838616 1360
13 5478.84741804085 1468
14 5471.28111174344 1570
15 5468.88178686876 1680
16 5467.95715293595 1781
17 5467.53994885591 1885
18 5467.34168804515 1986
19 5467.24472974095 2089

0 22278.1923102655 101
1 20660.0755604113 203
2 18828.4267016836 304
3 14882.4068948645 407
4 11664.2546906667 511
5 8434.27018862866 620
6 7383.63039273723 722
7 6551.3840361575 837
8 6112.4096096264 940
9 5865.75522747352 1047
10 5719.37842118513 1146
11 5635.49717630038 1252
12 5506.71202290966 1349
13 5475.48059809914 1453
14 5467.7617194181 1554
15 5465.46667159458 1661
16 5464.54275249207 1765
17 5464.12670581616 1872
18 5463.92806236598 1971
19 5463.83037325053 2076

0 20468.9754382447 104
1 20303.3770044324 210
2 17867.3669482465 309
3 15023.3918392519 414
4 11057.7703385247 517
5 8644.93139864263 620
6 7313.68894938817 719
7 6684.60502263496 821
8 6126.41041823727 918
9 5860.31747271214 1022
10 5710.51300716425 1120
11 5624.97399327579 1221
12 5510.97224779684 1321
13 5479.47561427198 1430
14 5472.40755654342 1535
15 5470.16597411107 1639
16 5469.27393889942 1737
17 5468.87485416005 1839
18 5468.68551816017 1938
19 5468.59264049149 2041

0 21700.026717167 104
1 20460.9744172821 206
2 19747.0301921553 307
3 14704.3748786896 416
4 11620.3761779733 524
5 8736.19998763875 625
6 7417.05592945381 735
7 6606.341806876 837
8 6081.69226453471 940
9 5881.46375837507 1039
10 5728.01814472981 1139
11 5627.07749223297 1237
12 5505.52777232871 1338
13 5475.69514029401 1438
14 5468.46339003164 1541
15 5466.09151304922 1642
16 5465.13255061107 1742
17 5464.69329262984 1842
18 5464.48198851456 1943
19 5464.37824649061 2042

0 20447.3270066632 113
1 19998.5683933919 215
2 18765.957501784 315
3 14621.6377040855 417
4 11087.4041937182 522
5 8701.01836230008 623
6 7421.85910009725 727
7 6640.5229000677 827
8 6069.29430457436 931
9 5849.67186426942 1031
10 5717.05480067691 1133
11 5624.53054776822 1233
12 5509.13784259076 1334
13 5475.61897499993 1437
14 5468.32551122232 1550
15 5465.86299344677 1652
16 5464.87736088818 1757
17 5464.42814604874 1860
18 5464.21361329218 1967
19 5464.10848036553 2066

0 20744.8570670865 105
1 19855.6680876279 203
2 18927.1657436144 306
3 14484.852609916 407
4 11302.78279337 516
5 8780.88431955652 617
6 7402.77690320662 724
7 6720.28173669978 824
8 6136.61281245382 933
9 5839.47497988184 1032
10 5715.06801677092 1138
11 5638.83693741065 1236
12 5509.75246075592 1339
13 5477.40821807487 1438
14 5470.72799887337 1542
15 5468.56806670855 1637
16 5467.71355017371 1742
17 5467.33052558218 1839
18 5467.14840211568 1942
19 5467.05934364248 2038

