0 108841.106744828 469
1 103208.264119673 536
2 96664.0849976401 601
3 88159.2737700973 666
4 77347.0132548121 734
5 65170.686603034 800
6 53888.9462817672 865
7 45419.6295432684 936
8 39689.2636207379 1002
9 35775.8514255166 1067
10 32824.3736407428 1134
11 30369.8183288467 1199
12 28220.1540141368 1265
13 26293.5035861952 1334
14 24550.5267875264 1399
15 22990.1582987915 1464
16 21627.10098077 1531
17 20479.7874319122 1596
18 19552.5963438801 1662
19 18815.3918025303 1728
20 18230.2519014752 1795
21 17773.8491612983 1860
22 17422.4116304779 1926
23 17156.6703792979 1992
24 16954.4853019413 2058
25 16799.1706081957 2124
26 16681.3043768055 2191
27 16592.1967054357 2257
28 16525.0523466034 2325
29 16474.8582722532 2394
30 16437.5416098183 2459
31 16409.4306940864 2525
32 16388.1572885765 2594
33 16371.8555287033 2660
34 16359.0451017175 2726
35 16348.7633613158 2793
36 16340.4213099004 2859
37 16333.5778413852 2925
38 16327.9321155357 2991
39 16323.1942107014 3057
40 16319.2636065423 3123
41 16315.9771345872 3189
42 16313.2098732647 3255
43 16310.8847724432 3321
44 16308.9228224568 3389
45 16307.2532303726 3454
46 16305.8160283075 3521
47 16304.5674466816 3588
48 16303.4855023423 3653
49 16302.5509806062 3718
50 16301.7414729231 3788
51 16301.0355696223 3857
52 16300.4151872275 3921
53 16299.8656071091 3989
54 16299.3708420526 4054
55 16298.9115760357 4120
56 16298.4992392325 4187
57 16298.1264869624 4253
58 16297.7896647375 4319
59 16297.4864552862 4386
60 16297.213820217 4455
61 16296.967051296 4521
62 16296.742040957 4589
63 16296.5372541765 4655
64 16296.350692809 4721
65 16296.1793610123 4789
66 16296.0195275294 4856

0 108146.114628224 468
1 101855.392120601 535
2 93981.2164684146 602
3 83260.2686659318 667
4 70342.7366251614 734
5 58214.9696924485 800
6 48807.2980451548 866
7 42045.4773817047 933
8 37200.3669568522 999
9 33465.0264078666 1065
10 30397.6428000387 1131
11 27833.3703206512 1197
12 25701.6938938439 1263
13 23976.7567314488 1330
14 22614.3959413896 1396
15 21544.8812839779 1462
16 20719.1898778316 1529
17 20080.4118876053 1596
18 19583.6576941615 1661
19 19191.3288256303 1728
20 18876.6526490311 1797
21 18624.3997603416 1863
22 18419.5203714682 1929
23 18249.8249276212 1998
24 18106.049150298 2063
25 17978.6080552556 2129
26 17862.2810294861 2195
27 17755.7894530085 2262
28 17657.7485186547 2328
29 17566.9138109788 2395
30 17481.5111635968 2461
31 17399.1609163548 2529
32 17320.6134773738 2596
33 17243.8619050132 2663
34 17169.1856673986 2730
35 17095.6590764727 2796
36 17026.2397623148 2863
37 16962.1132081239 2929
38 16901.889560943 2997
39 16844.7411053315 3063
40 16791.7662181542 3129
41 16743.0996040917 3199
42 16698.9200510188 3265
43 16659.4746318211 3330
44 16624.8726701488 3398
45 16594.0573116318 3464
46 16566.1162595995 3531
47 16540.3894532339 3599
48 16516.7381004081 3666
49 16495.325742539 3731
50 16476.3460160447 3798
51 16459.6567324641 3864
52 16444.7948700538 3930
53 16431.1991220595 3998
54 16418.9650277363 4064
55 16407.8073410125 4130
56 16397.7412276432 4196
57 16388.6592607853 4262
58 16380.4120695092 4329
59 16373.0294323852 4397
60 16366.3692339478 4463
61 16360.3708985996 4529
62 16354.8969286186 4597
63 16349.8163095776 4664
64 16345.2032266444 4729
65 16341.0436650067 4798
66 16337.2821025318 4863
67 16333.8862564769 4929
68 16330.836739383 4997
69 16328.0635144094 5065
70 16325.5325137032 5131
71 16323.2321475339 5199
72 16321.1311134676 5266
73 16319.1842314932 5332
74 16317.3442954974 5399
75 16315.6097562462 5465
76 16314.0014397366 5531
77 16312.5174156885 5598
78 16311.1588805736 5665
79 16309.9062887298 5731
80 16308.7529863561 5798
81 16307.6926660182 5864
82 16306.7070227411 5930
83 16305.7907068442 5996
84 16304.9516258498 6064
85 16304.1828071448 6129
86 16303.4774596421 6196
87 16302.8328879565 6263
88 16302.2459480688 6328
89 16301.7125028431 6394
90 16301.2284410168 6462
91 16300.7896665961 6527
92 16300.3920109151 6593
93 16300.0314800974 6659
94 16299.7044200848 6724
95 16299.4075309492 6791
96 16299.1378153112 6857
97 16298.8925023874 6923
98 16298.6689567351 6989
99 16298.4645860946 7057
100 16298.2767899391 7123
101 16298.1030318733 7189
102 16297.9411215147 7257

0 109930.90374621 468
1 104103.218391087 533
2 96415.4860685234 600
3 85490.849162001 665
4 72043.6244364887 732
5 59162.7463058279 800
6 49197.6646027476 865
7 42204.5766310216 931
8 37427.6185193798 998
9 34050.1536388016 1064
10 31452.090443428 1130
11 29256.6951748935 1197
12 27307.8260196414 1263
13 25596.7280456546 1329
14 24105.3411286356 1396
15 22838.2699201282 1462
16 21768.6757265675 1527
17 20871.320768656 1595
18 20112.1251504821 1662
19 19458.0248011667 1728
20 18900.538718 1797
21 18432.277905993 1863
22 18038.3588425971 1929
23 17709.5276509126 1997
24 17441.2092993717 2063
25 17227.0124191685 2129
26 17056.6741349508 2195
27 16921.0220448956 2261
28 16812.5465999061 2328
29 16723.5042625455 2395
30 16650.5979882237 2460
31 16591.2232902601 2526
32 16543.7820251547 2592
33 16505.5336019914 2657
34 16474.6873730996 2723
35 16449.9030413527 2789
36 16429.4801437427 2855
37 16412.3338589066 2921
38 16397.7772127905 2987
39 16385.5530724446 3055
40 16375.2375773895 3120
41 16366.3475677247 3186
42 16358.7298550918 3253
43 16352.1559091532 3320
44 16346.4670285001 3385
45 16341.4912508816 3452
46 16337.1005996237 3518
47 16333.196349516 3585
48 16329.7109520824 3652
49 16326.6067470433 3718
50 16323.8273738829 3784
51 16321.3202925639 3851
52 16319.0611106836 3919
53 16317.0256798007 3985
54 16315.2006917431 4051
55 16313.5767173833 4117
56 16312.1354173165 4183
57 16310.8467143163 4251
58 16309.6878516659 4317
59 16308.6221039664 4383
60 16307.6025908412 4453
61 16306.630459066 4520
62 16305.708865781 4585
63 16304.8677578353 4654
64 16304.1029275569 4720
65 16303.415763808 4786
66 16302.7986220798 4854
67 16302.2419803846 4920
68 16301.7384404367 4986
69 16301.2811969713 5053
70 16300.8657430542 5119
71 16300.4882208206 5185
72 16300.1454417799 5252
73 16299.8349674119 5318
74 16299.5547052001 5383
75 16299.3025011049 5450
76 16299.0759685199 5516
77 16298.872522402 5582
78 16298.6895097666 5649
79 16298.5243451004 5715
80 16298.3745996439 5782

0 110664.861448489 472
1 105412.22189597 537
2 98450.4195288295 603
3 88158.6173012043 669
4 73412.6670575627 734
5 56616.6180704661 799
6 42390.9529649487 865
7 32789.0452518799 931
8 27222.200900992 997
9 24053.4400442232 1064
10 22144.7451636409 1131
11 20952.5981330676 1196
12 20181.899505985 1263
13 19662.2947249691 1329
14 19300.7407499744 1395
15 19042.0211015289 1461
16 18853.4436161601 1529
17 18711.913036334 1595
18 18604.6362739572 1661
19 18520.9854470458 1728
20 18454.2202615831 1793
21 18399.8261117175 1858
22 18355.0594186649 1925
23 18317.5550466918 1990
24 18284.3315916041 2056
25 18255.4278511333 2124
26 18229.5952065417 2190
27 18205.4849617501 2256
28 18182.4697532939 2322
29 18160.0364765961 2388
30 18137.8279802021 2454
31 18115.5429751618 2520
32 18093.3041741733 2586
33 18071.51229185 2651
34 18049.6337693572 2718
35 18027.0392847673 2784
36 18003.824806382 2850
37 17978.9653102935 2919
38 17953.6365071696 2985
39 17929.2933554166 3052
40 17906.570390723 3121
41 17885.4388398673 3186
42 17865.3583648814 3252
43 17845.9743070468 3318
44 17826.6790251502 3383
45 17807.4042532382 3449
46 17788.0867442656 3517
47 17768.718447558 3582
48 17749.874788503 3648
49 17731.7745459344 3715
50 17714.7205028311 3781
51 17698.6891807854 3846
52 17683.3993214244 3913
53 17668.7916099297 3978
54 17654.6952287714 4044
55 17640.8563486334 4112
56 17627.330671106 4179
57 17614.0044537161 4245
58 17601.2850366303 4312
59 17589.1286148422 4379
60 17577.5597191012 4445
61 17566.392540592 4512
62 17555.3904153767 4579
63 17544.8911301686 4645
64 17534.8299115681 4711
65 17525.1886659033 4776
66 17515.9851175429 4841
67 17507.2588844155 4906
68 17498.8730803514 4973
69 17490.8161277719 5039
70 17483.0273450889 5105
71 17475.5077017465 5172
72 17468.2197442224 5238
73 17461.1071642736 5304
74 17454.2153171493 5371
75 17447.5896264557 5437
76 17441.2829790977 5503
77 17435.2650102789 5570
78 17429.5837636814 5636
79 17424.1972839696 5701
80 17419.0935367918 5770
81 17414.1889247932 5836
82 17409.5188119178 5902
83 17405.1067650309 5969
84 17400.9349731263 6034
85 17396.9808679957 6100
86 17393.2220532037 6167
87 17389.5870714731 6233
88 17386.1423624315 6299
89 17382.8489380464 6365
90 17379.7440105264 6431
91 17376.8260231741 6495
92 17374.0925721772 6563
93 17371.510325318 6628
94 17369.0539994032 6694
95 17366.7390931275 6761
96 17364.5712999409 6827
97 17362.5389892735 6892
98 17360.6301919761 6959
99 17358.8437920414 7025
100 17357.1692262671 7090
101 17355.5942794279 7158
102 17354.0969383652 7225
103 17352.6779193287 7290
104 17351.3348119061 7357
105 17350.0481443373 7422
106 17348.7950764109 7487
107 17347.5700428352 7554
108 17346.3799094097 7619
109 17345.2172916671 7684
110 17344.0797913734 7751
111 17342.998770959 7818
112 17341.9860762019 7883
113 17341.0420693519 7949
114 17340.1651018868 8016
115 17339.3536737127 8082
116 17338.6046425915 8148
117 17337.913278568 8215
118 17337.274065483 8281
119 17336.6815841758 8347
120 17336.1308916872 8414
121 17335.6173617738 8480
122 17335.136256452 8546
123 17334.6825667194 8615
124 17334.2527063498 8680
125 17333.8463531556 8746
126 17333.4639782531 8813
127 17333.104973846 8879
128 17332.7679186495 8945
129 17332.4509915871 9012
130 17332.1521631301 9078
131 17331.869342027 9145
132 17331.6005638701 9213
133 17331.344222159 9279
134 17331.0992031626 9344
135 17330.8648244264 9411
136 17330.640708474 9476
137 17330.4266341624 9542
138 17330.2218139874 9610
139 17330.0238061986 9677
140 17329.8343196592 9743
141 17329.6558283115 9809
142 17329.4867010029 9875

0 109666.958823315 469
1 103404.013143695 536
2 94096.4060494657 601
3 80326.450145344 666
4 63948.1601996949 733
5 49552.2928613746 798
6 39163.6854089751 864
7 32329.4513408951 931
8 27877.9029609478 997
9 24887.8858477531 1064
10 22828.3954260274 1131
11 21408.2099094758 1197
12 20421.9271287571 1261
13 19717.7356730881 1327
14 19211.0825203052 1394
15 18867.2081172335 1459
16 18640.2210761989 1526
17 18484.189784068 1594
18 18371.3649220642 1660
19 18284.9038445261 1726
20 18215.8175873464 1793
21 18158.2519490099 1859
22 18109.4993373772 1926
23 18066.3748996266 1992
24 18027.4327296027 2058
25 17991.6134545381 2124
26 17957.4565657294 2190
27 17924.3606454204 2256
28 17891.6106395631 2323
29 17858.4027609812 2391
30 17824.8482859922 2458
31 17791.2534645215 2524
32 17757.3715130462 2591
33 17722.2516005885 2656
34 17686.1876963288 2722
35 17649.335845253 2789
36 17611.880192255 2855
37 17573.7431023085 2920
38 17534.3984252624 2990
39 17494.1809952948 3057
40 17454.0114521366 3122
41 17413.9030856319 3190
42 17373.4642050316 3255
43 17333.0496299005 3321
44 17293.0038588821 3389
45 17253.1542272938 3455
46 17213.41537106 3522
47 17174.315785043 3589
48 17135.8010969016 3655
49 17097.9476519478 3721
50 17061.071263884 3788
51 17024.7857540946 3853
52 16989.3516086796 3919
53 16954.6127901315 3987
54 16920.3496217748 4053
55 16886.2025252074 4118
56 16853.2561239633 4186
57 16821.6216580702 4251
58 16791.3671904109 4317
59 16762.5820665224 4386
60 16734.7999496264 4453
61 16708.1818778034 4519
62 16682.462742216 4586
63 16658.0878173116 4652
64 16634.9005775808 4717
65 16612.5901034294 4784
66 16590.9853050818 4850
67 16569.7994462941 4916
68 16549.5253610267 4983
69 16530.4766079815 5049
70 16512.7741829056 5115
71 16496.2005997451 5182
72 16480.7829138552 5247
73 16466.4884442396 5312
74 16453.25483513 5382
75 16440.9293413333 5451
76 16429.5783714094 5519
77 16419.2072933775 5591
78 16409.7458995829 5660
79 16401.0583321392 5729
80 16392.9854830547 5797
81 16385.6504576794 5868
82 16378.9176534893 5933
83 16372.6843805897 5999
84 16366.9048888784 6066
85 16361.5819554022 6132
86 16356.6240483723 6198
87 16351.9847260674 6263
88 16347.6551147559 6329
89 16343.6296174007 6394
90 16339.996412718 6460
91 16336.7007392233 6527
92 16333.6735829533 6593
93 16330.923843677 6661
94 16328.4165486041 6726
95 16326.1189262957 6791
96 16323.9628271624 6858
97 16321.9400491909 6923
98 16320.0284501573 6989
99 16318.2199502436 7056
100 16316.526756785 7121
101 16314.9580420788 7186
102 16313.5077491832 7256
103 16312.1447775717 7322
104 16310.8343419241 7387
105 16309.6012741554 7456
106 16308.4687613874 7522
107 16307.4252369507 7587
108 16306.4724184865 7653
109 16305.6079083282 7719
110 16304.8209420967 7784
111 16304.103413219 7851
112 16303.449185096 7917
113 16302.8534645248 7982
114 16302.3119831066 8049
115 16301.8204030037 8115
116 16301.374131359 8180
117 16300.9686427609 8247
118 16300.599806156 8312
119 16300.2639793394 8377
120 16299.9579986544 8444
121 16299.6791848803 8509
122 16299.4253452238 8574
123 16299.194678733 8642
124 16298.9855565761 8708
125 16298.7962717656 8774
126 16298.6248961742 8841
127 16298.4693007867 8907

0 108961.291543834 464
1 103120.874254678 530
2 95966.3167112237 596
3 86567.6383861387 661
4 74536.3914197232 726
5 61597.7710207116 792
6 50646.7552224663 857
7 42799.0062047798 923
8 37635.1514755484 989
9 34318.8910417406 1054
10 32170.9796616544 1127
11 30735.6763557774 1200
12 29722.5067682297 1266
13 28966.8403619299 1332
14 28367.0147308629 1400
15 27849.3263916431 1465
16 27377.1654068446 1531
17 26929.3154027934 1598
18 26497.0461627664 1664
19 26065.2064319819 1730
20 25624.2616169651 1797
21 25163.5889075585 1862
22 24682.2333805979 1928
23 24177.4806451682 1995
24 23640.9096984131 2062
25 23066.2719841419 2129
26 22464.1032374924 2195
27 21842.5184089067 2261
28 21220.295749511 2327
29 20609.2515843699 2395
30 20025.1036284498 2461
31 19472.1072810476 2527
32 18960.3531719002 2597
33 18496.2495812692 2664
34 18082.3822465756 2730
35 17724.3999687664 2797
36 17419.9683935183 2863
37 17173.2786962776 2929
38 16980.9329384527 2998
39 16831.8778729507 3064
40 16719.1199490117 3129
41 16634.5664991845 3197
42 16572.4788788717 3262
43 16526.4350738943 3329
44 16492.2993707184 3397
45 16465.6981872923 3463
46 16443.7015290712 3528
47 16425.4192079468 3597
48 16410.2703288388 3663
49 16397.2006881004 3729
50 16385.9053723218 3796
51 16376.3252098397 3863
52 16368.0689710971 3929
53 16360.8744216073 3999
54 16354.6244170944 4066
55 16349.027978999 4131
56 16343.9893438621 4199
57 16339.46625324 4265
58 16335.3180430656 4331
59 16331.4463275858 4399
60 16328.0600158076 4465
61 16325.0462036562 4531
62 16322.373470944 4599
63 16319.9367091034 4666
64 16317.7693308672 4732
65 16315.8304786148 4800
66 16314.060945765 4866
67 16312.3771948774 4932
68 16310.8562941456 5004
69 16309.4368727255 5070
70 16308.1331540708 5137
71 16306.9394526144 5205
72 16305.8436208874 5272
73 16304.8378975262 5338
74 16303.9196013716 5405
75 16303.0874872824 5472
76 16302.3367077644 5538
77 16301.6600422184 5606
78 16301.0498123956 5673
79 16300.4982770506 5739
80 16299.9968895087 5806
81 16299.5349175271 5873
82 16299.1014577083 5939
83 16298.6967327193 6006
84 16298.3251831237 6071
85 16297.9863756161 6137
86 16297.6776768419 6204
87 16297.3960539295 6269
88 16297.13863951 6335
89 16296.9028273874 6401
90 16296.6862165766 6468
91 16296.4865447126 6534
92 16296.3016644394 6601
93 16296.1295558728 6669
94 16295.9683542741 6735

0 109874.138217159 469
1 105215.761402677 535
2 100413.443455306 600
3 94928.3789325471 666
4 88612.8942527861 733
5 81743.7121798875 799
6 74576.4222605764 866
7 67213.6819747324 933
8 60117.8724782895 999
9 53847.80485159 1065
10 48646.6608807102 1132
11 44600.6843199321 1198
12 41588.0913049932 1265
13 39347.0590500224 1331
14 37648.2600509123 1397
15 36312.9433692386 1463
16 35222.9327658729 1533
17 34305.0059632034 1600
18 33489.5674073271 1666
19 32720.7774496944 1735
20 31955.8165605644 1800
21 31162.4900428629 1866
22 30323.5149057538 1935
23 29435.6839176902 2001
24 28504.3554647519 2066
25 27546.4924367455 2133
26 26592.3025256671 2199
27 25655.7734392458 2265
28 24745.3865148244 2332
29 23867.381171437 2397
30 23026.2236714063 2463
31 22234.1789651041 2530
32 21511.2166693749 2596
33 20875.7121749197 2662
34 20331.1820472157 2730
35 19873.0738477039 2795
36 19509.2052998631 2862
37 19224.2147801223 2931
38 18998.2978798199 2999
39 18817.4255808166 3064
40 18670.6545239752 3132
41 18551.4457187819 3200
42 18453.7327560257 3266
43 18372.4963522162 3333
44 18304.6878416111 3400
45 18247.7947194828 3466
46 18199.1494218849 3533
47 18157.1344726147 3599
48 18120.7271307048 3664
49 18088.2804700439 3732
50 18058.0075200951 3798
51 18029.5003108616 3864
52 18003.0417108711 3932
53 17977.6603794242 3998
54 17953.664158387 4067
55 17930.1259707928 4134
56 17906.0327373957 4199
57 17882.4218953802 4265
58 17859.3993827125 4331
59 17837.0205667008 4399
60 17815.4577557886 4465
61 17794.9229407487 4532
62 17775.0771621885 4599
63 17755.7177832729 4665
64 17737.0805695991 4731
65 17719.4558060851 4798
66 17702.7075015877 4863
67 17686.4969104238 4930
68 17670.9099826873 4997
69 17656.0913889032 5064
70 17642.012156079 5130
71 17628.2993221435 5201
72 17614.8876285145 5267
73 17602.0750525875 5333
74 17589.8967533601 5401
75 17578.1975343204 5466
76 17566.9260838219 5532
77 17556.0807000478 5598
78 17545.6922241325 5664
79 17535.7575968098 5729
80 17526.288919216 5800
81 17517.3494786307 5866
82 17508.8289702029 5932
83 17500.3566765791 6002
84 17492.2424404756 6067
85 17484.5848240122 6133
86 17477.2641481088 6200
87 17470.1893434051 6266
88 17463.369131253 6333
89 17456.8220315857 6401
90 17450.5929439919 6466
91 17444.6762226856 6533
92 17439.0388981196 6601
93 17433.6756375849 6667
94 17428.5627376699 6733
95 17423.6797727669 6800
96 17418.9755730642 6866
97 17414.380916269 6932
98 17409.9575418254 7000
99 17405.7395459742 7066
100 17401.7808984673 7131
101 17398.0781285146 7200
102 17394.5589975643 7266
103 17391.2074025886 7332
104 17388.03393534 7400
105 17385.0752990585 7465
106 17382.3037985674 7531
107 17379.7002228969 7599
108 17377.2552011373 7664
109 17374.9440225672 7729
110 17372.7752671083 7796
111 17370.7009364135 7862
112 17368.7167217902 7928
113 17366.8110707283 7995
114 17364.946610208 8061
115 17363.1358490396 8128
116 17361.3819306754 8194
117 17359.7009898755 8260
118 17358.1080015465 8325
119 17356.605478102 8392
120 17355.1830681786 8460
121 17353.8071297251 8525
122 17352.4546317488 8591
123 17351.1693034471 8660
124 17349.9444493982 8726
125 17348.7803693489 8793
126 17347.6708162544 8860
127 17346.6053409081 8926
128 17345.5710104018 8992
129 17344.5639016668 9059
130 17343.5917577918 9126
131 17342.6549690493 9191
132 17341.7521359547 9261
133 17340.8848342066 9326
134 17340.0632052481 9393
135 17339.2944297357 9461
136 17338.5804548792 9527
137 17337.9147051884 9593
138 17337.2809997142 9660
139 17336.6771004293 9726
140 17336.1072022497 9792
141 17335.5705183256 9859
142 17335.0677420932 9924
143 17334.5990785112 9989
144 17334.1634734644 10060
145 17333.7587097279 10127
146 17333.3817403383 10193
147 17333.0293677439 10262
148 17332.6991273058 10328
149 17332.3892325284 10395
150 17332.0975366769 10463
151 17331.8214150171 10528
152 17331.5598410474 10594
153 17331.3129949807 10662
154 17331.080063908 10727
155 17330.8594304492 10793
156 17330.6493834204 10861
157 17330.4487828717 10926
158 17330.2572364799 10992
159 17330.0746191544 11061
160 17329.9006461451 11126
161 17329.7347607948 11192

0 107744.55511441 471
1 99841.9551470284 536
2 88750.5679726392 602
3 73578.0328287207 669
4 57614.1590897353 735
5 45272.8176465508 802
6 37407.937483865 870
7 32391.1828945988 936
8 28918.0595788632 1001
9 26368.7606957958 1068
10 24445.1224966958 1134
11 22933.2699888217 1199
12 21723.6999437107 1267
13 20763.0041063784 1334
14 20006.4149520905 1399
15 19446.7561546685 1465
16 19053.67085197 1531
17 18785.5050719919 1596
18 18596.7171803065 1663
19 18457.0536558091 1732
20 18355.0799857545 1798
21 18279.6132877556 1866
22 18221.441446139 1932
23 18174.642319602 1999
24 18135.6957071772 2065
25 18102.0131325153 2131
26 18072.3430815662 2197
27 18045.7967917861 2264
28 18021.7534253782 2331
29 17999.424312768 2396
30 17978.1243942812 2462
31 17957.5593460902 2528
32 17937.9015798489 2594
33 17918.9602869458 2660
34 17900.1618137981 2726
35 17881.3589930356 2792
36 17862.1220773038 2858
37 17843.0281876327 2927
38 17824.8076904811 2992
39 17807.3936065232 3058
40 17790.9355725733 3128
41 17775.5386407539 3194
42 17760.8338125507 3260
43 17746.3340603266 3327
44 17732.1690453562 3393
45 17718.2540175481 3459
46 17704.5310875744 3526
47 17690.9897409968 3591
48 17677.6640466685 3656
49 17664.7435303608 3723
50 17652.270624754 3789
51 17640.0719364297 3855
52 17628.0455339116 3923
53 17616.1018772235 3989
54 17604.341282543 4055
55 17592.7526618818 4123
56 17581.2847913798 4189
57 17570.2283138175 4255
58 17559.5990966511 4323
59 17549.4761367041 4391
60 17539.865892098 4458
61 17530.6705327113 4528
62 17521.869556809 4593
63 17513.358122343 4659
64 17505.136481131 4729
65 17497.2326156535 4796
66 17489.601205308 4862
67 17482.2319377674 4930
68 17475.1544901106 4996
69 17468.2907297564 5062
70 17461.6759678502 5129
71 17455.2997032425 5195
72 17449.2002999998 5262
73 17443.3763008456 5331
74 17437.8269987627 5397
75 17432.5382243584 5464
76 17427.4331505426 5534
77 17422.5657806292 5600
78 17417.9392744741 5666
79 17413.5192379582 5735
80 17409.2607134884 5802
81 17405.1459079306 5868
82 17401.2090965645 5938
83 17397.5342366636 6005
84 17394.0894021457 6070
85 17390.8210794421 6138
86 17387.69081117 6204
87 17384.7018728057 6271
88 17381.8723096171 6339
89 17379.206083744 6404
90 17376.7020954596 6470
91 17374.3569222105 6536
92 17372.1447955927 6602
93 17370.050707879 6670
94 17368.0569656648 6737
95 17366.125699443 6803
96 17364.2252009296 6871
97 17362.3718366239 6939
98 17360.5666435224 7007
99 17358.8340272046 7073
100 17357.1949389112 7141
101 17355.6495034011 7208
102 17354.1878217862 7275
103 17352.7932306363 7343
104 17351.4601088671 7410
105 17350.2056643132 7478
106 17349.0209220112 7546
107 17347.89597121 7615
108 17346.8186906298 7681
109 17345.7698378114 7747
110 17344.7359624263 7813
111 17343.7436696863 7878
112 17342.798111174 7946
113 17341.8945729946 8014
114 17341.0368294117 8080
115 17340.2269485952 8146
116 17339.4645588839 8213
117 17338.7455544194 8279
118 17338.0650384534 8345
119 17337.4191925189 8412
120 17336.810303393 8479
121 17336.2360589721 8547
122 17335.6861843885 8615
123 17335.1732033408 8681
124 17334.6974028968 8748
125 17334.2561455695 8817
126 17333.8460937155 8883
127 17333.463856011 8949
128 17333.1069951152 9020
129 17332.7738561409 9086
130 17332.4624624642 9152
131 17332.1702108898 9220
132 17331.8943333603 9286
133 17331.6332127938 9352
134 17331.3867073588 9419
135 17331.1545907469 9486
136 17330.9358893884 9551
137 17330.7272762921 9618
138 17330.5233997343 9684
139 17330.3287655594 9750
140 17330.1443654104 9817
141 17329.9691772574 9883
142 17329.8018380731 9948

0 109514.698449995 471
1 102723.500320228 536
2 93265.1760004501 602
3 80301.2099914702 668
4 65506.876868939 733
5 52148.7211046369 799
6 42026.198194698 866
7 34926.2996527985 932
8 30133.0973945766 997
9 26820.1954844147 1065
10 24422.8028483528 1131
11 22638.9260996089 1196
12 21308.7926832929 1263
13 20315.5030399748 1328
14 19600.6626098889 1394
15 19100.3127309576 1461
16 18751.1884534525 1526
17 18503.9523311729 1592
18 18337.1724179942 1660
19 18226.2778175854 1726
20 18147.4132719875 1791
21 18085.8817298169 1859
22 18032.5077740666 1924
23 17984.3291725789 1990
24 17939.4442644646 2056
25 17895.8691270972 2122
26 17851.8545614887 2186
27 17807.663501198 2252
28 17764.038328188 2319
29 17720.9570080819 2384
30 17677.4433694569 2450
31 17633.4409137415 2515
32 17589.3433483554 2581
33 17545.358161689 2647
34 17501.2930246656 2714
35 17457.0720039174 2779
36 17413.2663577327 2845
37 17369.720687124 2912
38 17326.21049688 2978
39 17282.6662177584 3043
40 17239.5868671323 3112
41 17197.0380417952 3178
42 17154.2753589779 3245
43 17110.8663504193 3312
44 17065.9887048821 3378
45 17020.2334559082 3444
46 16973.8079708895 3511
47 16927.3860758344 3577
48 16881.3874610219 3642
49 16836.1719277662 3709
50 16791.7073908456 3774
51 16749.7913935164 3839
52 16710.6539097833 3906
53 16673.2784673311 3972
54 16638.3597750444 4039
55 16606.6210143113 4106
56 16577.9332493667 4173
57 16551.8151453132 4239
58 16527.6921125571 4306
59 16505.4788975381 4371
60 16485.6263590789 4437
61 16467.6432322795 4506
62 16451.4756061658 4573
63 16436.865178243 4639
64 16423.5726863905 4707
65 16411.5939200542 4772
66 16400.873731464 4838
67 16391.2426501814 4905
68 16382.4871866325 4970
69 16374.497368801 5036
70 16367.2688663079 5102
71 16360.7944103897 5169
72 16354.9467755571 5235
73 16349.6908892168 5302
74 16344.85554661 5368
75 16340.3884892594 5435
76 16336.2700158542 5502
77 16332.4238083432 5568
78 16328.7940385855 5633
79 16325.4437546847 5699
80 16322.3979411414 5765
81 16319.6306832664 5831
82 16317.1492057694 5896
83 16314.9456057746 5964
84 16312.982064081 6030
85 16311.2277540141 6096
86 16309.6634410215 6164
87 16308.2553829129 6230
88 16306.985059663 6295
89 16305.8478271283 6361
90 16304.8294706874 6427
91 16303.9147268504 6493
92 16303.1043727019 6560
93 16302.380571845 6626
94 16301.7016427804 6693
95 16301.0920969701 6759
96 16300.5479878961 6825
97 16300.060256605 6890
98 16299.6164956077 6957
99 16299.1958916233 7022
100 16298.8044561935 7087
101 16298.4501462086 7154
102 16298.1298897111 7220
103 16297.8399544886 7286
104 16297.5759499134 7355
105 16297.3340086386 7422
106 16297.1131604648 7487
107 16296.9110472627 7555
108 16296.7242120638 7621
109 16296.5495611398 7687
110 16296.3849793422 7754
111 16296.2292525687 7820

0 109057.394059549 466
1 103337.301145416 533
2 96598.1387125151 598
3 88084.5069864228 663
4 77921.166329601 730
5 67202.7754395779 796
6 57601.4974719589 861
7 49716.256793921 929
8 43434.4468924749 996
9 38499.4647655906 1062
10 34651.7603041705 1128
11 31680.7520371946 1194
12 29383.7519666007 1259
13 27587.2033815817 1326
14 26130.7748387313 1392
15 24925.4945813403 1457
16 23909.6488869347 1523
17 23034.8569127024 1590
18 22282.0777646563 1655
19 21638.359306276 1722
20 21085.7065890306 1789
21 20605.7106773028 1855
22 20185.974492889 1922
23 19819.3091072388 1988
24 19492.8408704916 2054
25 19200.8909136801 2120
26 18938.9249022969 2186
27 18704.3270272538 2252
28 18491.2057389954 2319
29 18299.3400956938 2390
30 18128.8347832171 2456
31 17978.6797782768 2521
32 17847.366693198 2590
33 17732.0567114742 2656
34 17627.2019332862 2722
35 17530.8971543521 2789
36 17443.4915151845 2855
37 17364.115273553 2921
38 17293.5856613569 2989
39 17230.3823608828 3055
40 17171.9885266555 3121
41 17119.1138189133 3188
42 17071.4447042024 3254
43 17027.3974059491 3321
44 16985.5242699183 3388
45 16945.7046895419 3454
46 16907.8950032961 3520
47 16871.3733751172 3588
48 16836.2461996478 3655
49 16802.0157402044 3721
50 16768.9196062899 3789
51 16737.4296372699 3856
52 16707.6215193149 3922
53 16679.6228305779 3989
54 16653.5657697622 4055
55 16629.6676906928 4121
56 16607.1021126478 4188
57 16585.2171848607 4254
58 16564.186092954 4320
59 16544.3603429994 4387
60 16525.9001010382 4453
61 16508.7486491182 4520
62 16492.7676145994 4588
63 16477.6930826276 4654
64 16463.5773632419 4720
65 16450.4647187733 4787
66 16438.5309073376 4853
67 16427.7313207288 4920
68 16417.7758853115 4987
69 16408.4542966584 5053
70 16399.7925548017 5120
71 16391.7264004369 5188
72 16384.2186433281 5256
73 16377.3312162056 5321
74 16370.9593791757 5388
75 16365.0271631077 5456
76 16359.4242827013 5522
77 16354.2257435188 5589
78 16349.3428398177 5655
79 16344.7889806082 5722
80 16340.5867970843 5788
81 16336.7584528203 5854
82 16333.2337745427 5920
83 16330.0395942898 5987
84 16327.1344254378 6053
85 16324.4944264667 6119
86 16322.0783398522 6186
87 16319.8677435888 6253
88 16317.8525231045 6319
89 16315.9996611363 6386
90 16314.2522886659 6454
91 16312.6422061571 6520
92 16311.1493709643 6586
93 16309.758229873 6655
94 16308.4881667685 6721
95 16307.3267710949 6787
96 16306.274264389 6855
97 16305.3225819793 6922
98 16304.4586260595 6988
99 16303.6760364446 7057
100 16302.967654771 7122
101 16302.3258835443 7188
102 16301.7447145957 7256
103 16301.2176674361 7322
104 16300.7294206265 7388
105 16300.272615645 7456
106 16299.8518046543 7522
107 16299.4630541806 7589
108 16299.1057486346 7655
109 16298.7772827146 7722
110 16298.4643376411 7788
111 16298.1763693388 7856
112 16297.9045880972 7922
113 16297.6391810348 7989
114 16297.3698516427 8059
115 16297.0907321029 8125
116 16296.8069190426 8191
117 16296.5393793501 8260
118 16296.306380602 8326
119 16296.1077129591 8392
120 16295.9361110024 8460
121 16295.7848850118 8526

0 109166.524169803 464
1 102726.555791855 530
2 94615.1077036232 596
3 83842.5597464184 661
4 70674.2075337224 727
5 56965.7757918708 792
6 45020.4209858165 858
7 36100.3262658494 925
8 30103.786801885 992
9 26214.1051337257 1058
10 23678.6327622948 1126
11 21970.6474390358 1193
12 20786.70717038 1259
13 19952.0983878194 1326
14 19344.6331787543 1393
15 18896.8161862139 1459
16 18581.5284469835 1527
17 18383.4443784455 1593
18 18278.6617587416 1659
19 18222.2460981885 1726
20 18186.740732559 1792
21 18162.4340625079 1858
22 18144.9997437671 1925
23 18132.2320717214 1991
24 18122.4812951563 2057
25 18114.712356365 2124
26 18108.4787628812 2190
27 18103.4384487633 2256
28 18099.2691778409 2323
29 18095.7957204687 2391
30 18092.8204779472 2458
31 18090.2598475605 2523
32 18088.0047685801 2590
33 18085.9559166392 2655
34 18084.0046052588 2721
35 18082.2183378226 2788
36 18080.5637778416 2854
37 18079.0134914064 2919
38 18077.5434025272 2987
39 18076.1324191871 3053
40 18074.7584977135 3119
41 18073.3943387192 3185
42 18072.012937828 3251
43 18070.5921328201 3317
44 18069.1255878178 3384
45 18067.6029910444 3450
46 18065.9949844541 3515
47 18064.3290950061 3582
48 18062.5830985675 3647
49 18060.7171588085 3713
50 18058.7104235139 3783
51 18056.5307597936 3848
52 18054.1171928383 3914
53 18051.486724512 3983
54 18048.6582774404 4050
55 18045.5846272634 4116
56 18042.1502018447 4183
57 18038.4249309057 4248
58 18034.4155294553 4314
59 18030.1343420447 4383
60 18025.611174439 4449
61 18020.8501010874 4516
62 18015.8797500229 4583
63 18010.5499894639 4649
64 18004.9358084374 4715
65 17999.0225987806 4782
66 17992.7887495304 4849
67 17986.2955309226 4915
68 17979.546811196 4983
69 17972.4716796456 5049
70 17964.9695988299 5114
71 17957.1353187442 5181
72 17948.9962356484 5248
73 17940.4359864418 5313
74 17931.4989779921 5380
75 17922.3184753543 5446
76 17912.938250954 5512
77 17903.1535494664 5579
78 17892.8727942268 5645
79 17882.170374021 5711
80 17871.0434352566 5777
81 17859.8360120993 5844
82 17848.4490844019 5910
83 17836.8457429009 5976
84 17825.0499307746 6044
85 17812.9824108934 6110
86 17800.8301036163 6176
87 17788.6459154265 6243
88 17776.4048671147 6310
89 17764.0832030442 6376
90 17751.6764316784 6443
91 17739.2588511955 6509
92 17726.8152954128 6574
93 17714.5365933262 6644
94 17702.3568560108 6710
95 17690.2886895925 6775
96 17678.4555286456 6843
97 17666.9293732064 6910
98 17655.6883969125 6975
99 17644.7925796592 7043
100 17634.1119217383 7109
101 17623.50184755 7175
102 17612.9203772826 7242
103 17602.4507066249 7307
104 17592.0145650897 7373
105 17581.7541103883 7440
106 17571.6811006558 7506
107 17561.7202007704 7572
108 17551.8898794813 7640
109 17542.3320222029 7706
110 17533.1002576252 7772
111 17524.2239362909 7840
112 17515.7311908247 7905
113 17507.5267705958 7971
114 17499.5755779217 8039
115 17491.9008587384 8106
116 17484.5895452923 8172
117 17477.6041983894 8241
118 17470.8497155414 8307
119 17464.2982306162 8372
120 17457.8480459402 8439
121 17451.5493483665 8504
122 17445.5193859544 8570
123 17439.7690435331 8637
124 17434.2680328631 8703
125 17429.0581415195 8769
126 17424.124680006 8835
127 17419.4576146271 8901
128 17415.0131682271 8967
129 17410.7329565733 9034
130 17406.6445584585 9100
131 17402.7624300782 9165
132 17399.0731915982 9232
133 17395.6007599986 9297
134 17392.3467583446 9364
135 17389.2842445584 9430
136 17386.3866154797 9497
137 17383.66219997 9564
138 17381.0842901162 9630
139 17378.6498981273 9697
140 17376.3332299437 9763
141 17374.1085287611 9830
142 17371.9692736265 9897
143 17369.9099300261 9962
144 17367.9443537205 10028
145 17366.0888346997 10095
146 17364.3465586136 10161
147 17362.7081369971 10227
148 17361.1706533728 10295
149 17359.7180765914 10360
150 17358.3080024651 10426
151 17356.952458385 10492
152 17355.6316198419 10558
153 17354.3493306138 10625
154 17353.1366430346 10691
155 17352.0109286133 10756
156 17350.9650667411 10822
157 17349.9863474428 10892
158 17349.0642376673 10958
159 17348.1763209744 11023
160 17347.330090539 11091
161 17346.5060360953 11156
162 17345.6906687803 11222
163 17344.9125426151 11290
164 17344.1807677021 11356
165 17343.493597745 11421
166 17342.8459206587 11488
167 17342.2324347045 11555
168 17341.6539419752 11621
169 17341.111989465 11688
170 17340.6053872164 11754
171 17340.1324542117 11820
172 17339.6914524616 11887
173 17339.2801385349 11953
174 17338.896218427 12018
175 17338.5376754652 12086
176 17338.2027221385 12152
177 17337.889633876 12218
178 17337.5966252476 12286
179 17337.3217870071 12352
180 17337.0630884896 12419
181 17336.8185651281 12486
182 17336.5867274364 12553
183 17336.3662362584 12619
184 17336.1529481217 12686
185 17335.9463442275 12751
186 17335.7518303674 12817
187 17335.5701522425 12883
188 17335.4009260071 12949

0 107279.667800654 467
1 99351.7377312089 533
2 88765.7903071888 600
3 75263.9544261144 666
4 61414.7219981557 732
5 50312.050613661 802
6 42603.2347992499 867
7 37259.5573894812 933
8 33365.8053606704 999
9 30394.1344087965 1065
10 28103.0110818766 1131
11 26341.280523523 1199
12 24967.7912089966 1265
13 23848.0630232203 1330
14 22904.3797074543 1397
15 22105.9168118017 1462
16 21430.1613948436 1528
17 20857.9023771546 1594
18 20384.1826526875 1660
19 19990.5952660055 1726
20 19662.6964034275 1793
21 19389.126857288 1859
22 19157.7766793009 1925
23 18958.2592298126 1992
24 18784.6024966182 2058
25 18630.3143007317 2123
26 18494.1545976347 2194
27 18373.8967374707 2260
28 18265.2041243591 2325
29 18163.3831020674 2393
30 18069.4077128603 2460
31 17983.4254756745 2526
32 17903.2925539532 2593
33 17827.9341349013 2659
34 17755.5541181949 2726
35 17684.9327963987 2792
36 17615.4123958035 2858
37 17544.0270071178 2925
38 17471.048318962 2992
39 17399.0523374589 3059
40 17328.2027049347 3124
41 17260.6167772213 3192
42 17195.5894852035 3258
43 17132.7843240909 3324
44 17071.5285294574 3391
45 17012.4646536089 3457
46 16955.7903160732 3523
47 16901.6206184785 3592
48 16850.4916573482 3658
49 16801.3615853222 3725
50 16753.6535632269 3791
51 16708.8730786345 3858
52 16667.5289961119 3924
53 16630.2067914559 3991
54 16596.74281887 4064
55 16566.3780529272 4130
56 16538.7751926121 4197
57 16513.877698712 4264
58 16491.5794115372 4330
59 16471.5740761363 4398
60 16453.7253375544 4464
61 16438.0145998946 4530
62 16423.9985546407 4598
63 16411.4940399243 4664
64 16400.341606024 4730
65 16390.3321154631 4797
66 16381.26947938 4863
67 16372.980787612 4929
68 16365.3774302296 4996
69 16358.4176051151 5065
70 16352.0422904242 5131
71 16346.3236096824 5197
72 16341.21406295 5263
73 16336.6530418499 5330
74 16332.5564335578 5396
75 16328.843605879 5463
76 16325.4851759192 5530
77 16322.4930819823 5595
78 16319.827960977 5661
79 16317.4435439086 5727
80 16315.2815872094 5793
81 16313.3351657091 5860
82 16311.5744169731 5927
83 16309.9708896942 5993
84 16308.5082146651 6061
85 16307.1824051993 6128
86 16305.9875529388 6194
87 16304.9137721728 6263
88 16303.9511924924 6328
89 16303.0908984707 6394
90 16302.3240137374 6464
91 16301.6399962577 6530
92 16301.0246827457 6596
93 16300.4673413234 6664
94 16299.9648336258 6731
95 16299.5067109112 6797
96 16299.0900551276 6864
97 16298.7139445119 6929
98 16298.3735207818 6996
99 16298.0634593385 7063
100 16297.7787945806 7129
101 16297.5161826841 7194
102 16297.2744171777 7262
103 16297.0528904039 7328
104 16296.850130298 7395
105 16296.6639001674 7462
106 16296.4918560511 7528
107 16296.3319200238 7593

0 108269.101792254 473
1 101391.321595072 538
2 92458.7440478324 603
3 80285.0877532839 671
4 66114.6556919919 737
5 53008.390804438 803
6 42896.6516441481 870
7 35956.0442484575 935
8 31174.4990941987 1000
9 27699.178651409 1069
10 25055.015457507 1134
11 22960.5516412945 1200
12 21319.8789577684 1267
13 20042.3802384526 1333
14 19067.7388903531 1399
15 18351.4546243202 1466
16 17850.4407553305 1533
17 17502.6572082107 1600
18 17253.7921989772 1667
19 17072.2133026891 1734
20 16936.4003496138 1800
21 16833.3853443005 1868
22 16751.2943862457 1934
23 16684.9997364073 1999
24 16631.0836024378 2066
25 16586.8572048276 2132
26 16549.7301609366 2198
27 16518.062151296 2264
28 16491.3398802138 2331
29 16468.8883335069 2397
30 16449.866483005 2463
31 16433.3725059114 2530
32 16418.837795781 2596
33 16406.2474175218 2662
34 16395.3296124931 2728
35 16385.6808628144 2796
36 16376.9901199135 2862
37 16369.2564378072 2929
38 16362.3364826697 2995
39 16356.1020668208 3061
40 16350.5813599499 3130
41 16345.6287516818 3196
42 16341.2802449161 3261
43 16337.4323315344 3329
44 16334.0464660475 3394
45 16331.0168028196 3460
46 16328.2121897759 3528
47 16325.6504312224 3594
48 16323.3239582759 3659
49 16321.2252217843 3726
50 16319.2798918678 3792
51 16317.4607582412 3859
52 16315.775532158 3925
53 16314.2034306181 3990
54 16312.6865934317 4056
55 16311.2806482689 4124
56 16309.9683411176 4190
57 16308.7560859442 4256
58 16307.6666064399 4323
59 16306.7034234623 4389
60 16305.8467474532 4455
61 16305.0758279179 4524
62 16304.379898383 4589
63 16303.7493761695 4655
64 16303.1752526984 4723
65 16302.64862616 4789
66 16302.1608309635 4856
67 16301.7093809024 4923
68 16301.2950289071 4988
69 16300.9149907138 5054
70 16300.5648698244 5122
71 16300.240141646 5188
72 16299.9351766916 5253
73 16299.6447594569 5321
74 16299.3738827128 5388
75 16299.126467162 5453
76 16298.9025598608 5520
77 16298.7006033055 5585
78 16298.518213075 5650
79 16298.3526750862 5717
80 16298.201267539 5784

0 109107.480680026 470
1 103227.67566472 536
2 95832.6001166453 602
3 85975.1383921498 668
4 73801.0443988048 733
5 60801.2750072546 799
6 49280.3245289651 865
7 40640.5807514402 931
8 34721.7661562344 998
9 30516.1568846554 1064
10 27398.6764481633 1130
11 25056.502668945 1197
12 23308.9245495852 1263
13 22004.3270455936 1329
14 21039.1049403989 1396
15 20326.9874233891 1462
16 19787.0643146604 1527
17 19368.2560021165 1596
18 19039.5370114115 1663
19 18774.6013438742 1729
20 18555.3240984158 1797
21 18372.3941505466 1863
22 18217.5588640385 1928
23 18086.3532716366 1996
24 17976.3472336449 2062
25 17883.0108828143 2128
26 17804.5342992421 2196
27 17739.1255641698 2262
28 17684.90681825 2328
29 17639.425893339 2396
30 17600.8565453093 2462
31 17568.5272858847 2529
32 17541.4542070239 2596
33 17518.5610935318 2663
34 17499.0763632674 2730
35 17482.3121958194 2797
36 17467.9264368142 2863
37 17455.4646327624 2929
38 17444.485301284 2998
39 17434.7802919887 3065
40 17426.1432642433 3132
41 17418.4584382929 3200
42 17411.5533096089 3265
43 17405.3008264272 3332
44 17399.6490123649 3399
45 17394.5746537109 3465
46 17390.0136194183 3532
47 17385.9123165797 3600
48 17382.2147092509 3666
49 17378.8599259636 3732
50 17375.8028054997 3799
51 17373.0013622543 3865
52 17370.4207187943 3931
53 17368.0625514027 3998
54 17365.9052945981 4064
55 17363.9037739842 4131
56 17362.003270077 4197
57 17360.1713536023 4264
58 17358.4207345289 4331
59 17356.7695784258 4398
60 17355.2158381899 4466
61 17353.7494894895 4532
62 17352.3661267137 4600
63 17351.0714286091 4667
64 17349.8556502614 4733
65 17348.6875105246 4800
66 17347.5329801554 4866
67 17346.3960745902 4933
68 17345.3056528765 4999
69 17344.2780873402 5067
70 17343.3099481806 5133
71 17342.391677193 5199
72 17341.5100192296 5266
73 17340.6425635506 5332
74 17339.8194716103 5398
75 17339.0324297858 5467
76 17338.277562722 5533
77 17337.5576807374 5600
78 17336.8740473042 5667
79 17336.2151932439 5733
80 17335.5569050655 5801
81 17334.8992929626 5870
82 17334.2853620584 5936
83 17333.7409449918 6001
84 17333.2593771579 6069
85 17332.8282445853 6134
86 17332.4384290795 6200
87 17332.0835055894 6266
88 17331.758662964 6332
89 17331.4600582332 6398
90 17331.1844308494 6465
91 17330.9288700972 6530
92 17330.6906863389 6597
93 17330.4673576536 6664
94 17330.256531833 6730
95 17330.056112204 6797
96 17329.8644953963 6863
97 17329.6806354203 6929
98 17329.5026600475 6995
99 17329.3310323878 7063

0 109793.506846986 472
1 103688.549534518 537
2 95883.3712854669 604
3 84883.6225909125 670
4 71612.8033137884 736
5 59466.2101963851 804
6 50655.2384089483 870
7 44850.6196926602 936
8 40908.7635969329 1003
9 37976.4804668071 1070
10 35643.0122370512 1136
11 33719.4353124591 1204
12 32088.5076276449 1270
13 30683.7723063041 1337
14 29445.4576153147 1405
15 28324.9101758749 1471
16 27282.815845923 1538
17 26322.3621102475 1605
18 25447.7299417913 1673
19 24656.1161716988 1738
20 23940.6366690207 1806
21 23283.415121087 1872
22 22670.2238878674 1939
23 22092.0886077407 2007
24 21540.9559898602 2073
25 21018.865435623 2138
26 20519.3697891824 2207
27 20040.1669835245 2274
28 19579.6180954761 2340
29 19135.1355863743 2407
30 18725.8363532998 2473
31 18383.1162635393 2539
32 18119.8610857543 2606
33 17914.1984448388 2672
34 17746.8370866208 2738
35 17606.2240357962 2805
36 17484.8361843174 2871
37 17377.2247035164 2937
38 17279.0307654529 3004
39 17189.5351034024 3073
40 17107.9316045718 3139
41 17032.8171576517 3206
42 16963.5956327484 3274
43 16900.1229868956 3339
44 16842.2204257635 3407
45 16789.9071631182 3474
46 16742.5382877457 3540
47 16699.1234259641 3606
48 16659.3620570312 3672
49 16623.8334905959 3738
50 16592.0983955139 3805
51 16563.6264697857 3871
52 16538.0707787598 3937
53 16515.0495956679 4003
54 16494.2822132146 4069
55 16475.4808001016 4134
56 16458.5875999002 4201
57 16443.2584282697 4268
58 16429.4270932775 4334
59 16416.8636964044 4399
60 16405.5909878938 4469
61 16395.3247946755 4535
62 16385.8946694455 4600
63 16377.3347106944 4667
64 16369.5726231262 4733
65 16362.5293237092 4799
66 16356.1816880033 4866
67 16350.4848595862 4932
68 16345.3000721481 4998
69 16340.6214445845 5068
70 16336.3798456646 5133
71 16332.5235122337 5199
72 16328.9834047426 5267
73 16325.6936595072 5333
74 16322.7243645505 5399
75 16320.037979156 5467
76 16317.5834950875 5534
77 16315.3613675675 5600
78 16313.3530410274 5667
79 16311.5557511073 5733
80 16309.9435387986 5799
81 16308.4785385139 5868
82 16307.1345910814 5934
83 16305.9107818434 6002
84 16304.8023133914 6070
85 16303.8104790352 6136
86 16302.9305067084 6202
87 16302.1488798888 6269
88 16301.4514923437 6335
89 16300.8272960038 6401
90 16300.2672733381 6468
91 16299.7631769221 6535
92 16299.3079016196 6602
93 16298.895843412 6671
94 16298.5225613369 6737
95 16298.1841950851 6803
96 16297.8771116252 6871
97 16297.597829362 6937
98 16297.3430866861 7003
99 16297.1099803955 7071
100 16296.8960916142 7138
101 16296.6994197105 7204
102 16296.518064984 7273
103 16296.3498462893 7340
104 16296.1922172299 7406

0 108979.32178385 467
1 101530.736052313 532
2 91248.2397116995 598
3 77192.0764009059 665
4 61633.7951519802 732
5 49153.9145220838 797
6 40990.6355378739 863
7 35629.2197751506 929
8 31812.0689773305 995
9 28982.1844474839 1062
10 26828.9213531675 1128
11 25144.0015672368 1197
12 23769.8430021295 1262
13 22593.8395632536 1331
14 21566.4192593436 1397
15 20682.6841173681 1462
16 19929.6455476744 1529
17 19299.7435291661 1594
18 18775.5031232587 1660
19 18339.6048895228 1726
20 17963.8852740434 1792
21 17636.530974783 1857
22 17379.1121867067 1924
23 17199.8638989894 1990
24 17073.7454711892 2056
25 16978.1177606839 2123
26 16901.7216472427 2190
27 16837.9804582803 2256
28 16783.6050334618 2322
29 16736.3489075744 2388
30 16694.7899201488 2454
31 16658.3118195328 2521
32 16625.8324657702 2587
33 16596.5771485093 2652
34 16570.3604473879 2723
35 16546.6702352052 2789
36 16524.9442814499 2855
37 16505.1061557824 2922
38 16487.0430575938 2988
39 16470.6875622172 3054
40 16455.8605292672 3125
41 16442.0665181621 3191
42 16429.0566139946 3256
43 16417.4354852133 3323
44 16407.1528583505 3389
45 16397.9391757527 3457
46 16389.534276283 3525
47 16381.8348236039 3592
48 16374.8200238401 3657
49 16368.4653135899 3725
50 16362.6397361323 3791
51 16357.2236454491 3857
52 16352.2079270658 3926
53 16347.5846903222 3994
54 16343.3422045027 4060
55 16339.4936461383 4129
56 16336.0170961326 4197
57 16332.8799417061 4264
58 16330.0392863729 4333
59 16327.4588714808 4398
60 16325.1051214984 4466
61 16322.9498678274 4535
62 16320.9566461843 4601
63 16319.0718866004 4668
64 16317.2661596954 4735
65 16315.5447561779 4802
66 16313.9652339225 4870
67 16312.5409528578 4939
68 16311.2508216905 5004
69 16310.0649977361 5070
70 16308.9658849492 5137
71 16307.9534143624 5203
72 16307.0132073869 5272
73 16306.1315627254 5341
74 16305.3067567692 5408
75 16304.5425638777 5475
76 16303.832625637 5546
77 16303.1745695275 5614
78 16302.5701156276 5682
79 16302.0185712808 5751
80 16301.5169269409 5816
81 16301.0591685817 5885
82 16300.6393928749 5952
83 16300.2540768679 6018
84 16299.9026139201 6084
85 16299.5852690695 6151
86 16299.3007960845 6218
87 16299.0461282668 6286
88 16298.8174479819 6353
89 16298.6110998477 6419
90 16298.4239230972 6484
91 16298.2532382021 6551
92 16298.0967330845 6618

0 109513.773378232 473
1 103524.693878617 539
2 96115.9000658906 605
3 86042.6158190569 671
4 73475.2890341595 736
5 60683.7240702728 802
6 49803.3719557096 867
7 41657.5206290913 935
8 35760.9837129058 1001
9 31413.1492927994 1067
10 28145.6935651463 1133
11 25631.4199410706 1201
12 23688.1500656218 1267
13 22176.0636721629 1333
14 21015.0779525938 1401
15 20118.4607559508 1467
16 19412.2373383715 1533
17 18839.6856133905 1601
18 18362.986798921 1668
19 17964.4908101774 1734
20 17628.4156707362 1803
21 17355.8179755367 1870
22 17143.0244403748 1936
23 16983.1430587322 2003
24 16862.5802867036 2069
25 16769.5965548936 2134
26 16697.0397120305 2202
27 16639.2286731481 2267
28 16592.8170338347 2333
29 16554.9437373855 2400
30 16523.4180581708 2466
31 16497.1203047049 2532
32 16474.9680990623 2599
33 16455.8575882935 2665
34 16439.3357605316 2731
35 16424.9589585084 2799
36 16412.433100291 2865
37 16401.2525859034 2931
38 16391.2366953528 2998
39 16382.1729100974 3065
40 16374.0328122052 3131
41 16366.6966858949 3201
42 16360.1364635046 3267
43 16354.2456254947 3332
44 16348.9497081145 3400
45 16344.1462272675 3466
46 16339.7882851786 3532
47 16335.8006249277 3599
48 16332.095802736 3665
49 16328.5993749432 3731
50 16325.3437512624 3797
51 16322.33152316 3863
52 16319.6072205733 3929
53 16317.1563939494 3996
54 16314.9290020648 4062
55 16312.9320166663 4128
56 16311.1581326421 4195
57 16309.5813140938 4262
58 16308.1723758271 4328
59 16306.8859980182 4395
60 16305.7262786412 4461
61 16304.6727383385 4527
62 16303.7157252848 4596
63 16302.86105243 4663
64 16302.0977584294 4729
65 16301.415580948 4796
66 16300.8067362972 4863
67 16300.2628081483 4928
68 16299.7747759036 4996
69 16299.3342744434 5064
70 16298.9344460768 5129
71 16298.5703344735 5196
72 16298.2385723612 5263
73 16297.9364895073 5330
74 16297.6613115304 5398
75 16297.40991727 5464
76 16297.1792651518 5530
77 16296.9671093017 5596
78 16296.7718532988 5662
79 16296.5917942158 5728
80 16296.4247737758 5794
81 16296.2676508425 5861

0 110055.873417705 470
1 104888.910160641 535
2 98546.7931951636 602
3 89409.9292801655 667
4 76681.5803418005 732
5 62105.0394953631 799
6 49368.9403028395 864
7 40085.9475929879 931
8 33687.0002926685 998
9 29250.9756266625 1065
10 26141.8072430933 1131
11 23948.7049094377 1198
12 22358.9568241681 1262
13 21179.8233650791 1327
14 20289.9854553383 1395
15 19616.8886845221 1461
16 19111.1146200202 1527
17 18734.5720383446 1598
18 18460.4807892103 1664
19 18263.0256012787 1729
20 18121.5591729694 1797
21 18018.5781763672 1863
22 17937.9449868836 1930
23 17870.7257277933 1998
24 17810.5735926298 2063
25 17753.9741403023 2128
26 17699.4549174914 2194
27 17644.8659071004 2260
28 17588.8128328723 2326
29 17530.8979051585 2393
30 17471.8502683928 2459
31 17411.6050003668 2524
32 17350.0586857863 2589
33 17288.3607543936 2655
34 17226.7335447942 2721
35 17166.3250290279 2788
36 17107.3753133874 2854
37 17049.3899644861 2919
38 16993.5333825615 2986
39 16939.858095407 3054
40 16888.5046601218 3120
41 16838.8514305835 3187
42 16791.2825236112 3253
43 16746.2801265103 3318
44 16704.2701637744 3384
45 16665.6886967628 3451
46 16630.6458240372 3517
47 16599.2638814941 3583
48 16570.9043385837 3649
49 16544.8589630299 3714
50 16520.7969474827 3780
51 16498.9866440896 3847
52 16479.4708731409 3912
53 16461.9122916618 3978
54 16446.3248459035 4045
55 16432.3025886857 4111
56 16419.4828318749 4177
57 16407.9367796452 4243
58 16397.5166210461 4309
59 16388.1229046019 4375
60 16379.5141780999 4446
61 16371.6969856278 4511
62 16364.6567109969 4576
63 16358.309333765 4646
64 16352.5641915836 4712
65 16347.3278161477 4778
66 16342.5653502222 4845
67 16338.2065912979 4910
68 16334.1490481804 4977
69 16330.3306571503 5044
70 16326.7832618384 5110
71 16323.5635662556 5176
72 16320.6735679231 5244
73 16318.1110477124 5312
74 16315.854397063 5378
75 16313.8480000273 5445
76 16312.0427344833 5510
77 16310.447570267 5575
78 16309.0137731452 5643
79 16307.6943469171 5709
80 16306.4699674712 5776
81 16305.3479060668 5845
82 16304.3376021546 5911
83 16303.4380853933 5977
84 16302.6371971162 6045
85 16301.9217033451 6111
86 16301.2805058298 6176
87 16300.7018159859 6243
88 16300.1781707338 6309
89 16299.7040948788 6375
90 16299.273403004 6442
91 16298.8816511786 6508
92 16298.5250806663 6573
93 16298.1997320091 6640
94 16297.9022146336 6706
95 16297.6303180976 6772
96 16297.3824569503 6839
97 16297.1566143609 6905
98 16296.9500411376 6971
99 16296.7597707453 7038
100 16296.5832010713 7104
101 16296.4183350369 7169
102 16296.2637064409 7235

0 109252.000359858 471
1 103431.724504124 536
2 96002.3916936048 601
3 85812.4680885331 668
4 73277.6697993735 734
5 60962.616293923 799
6 51006.8288953032 866
7 43413.8114608994 932
8 37717.4357300131 997
9 33386.815048645 1063
10 30018.8791370934 1129
11 27370.6402033291 1195
12 25269.668915394 1264
13 23599.7528874685 1329
14 22241.8687403596 1395
15 21097.8395913004 1463
16 20113.3902574525 1529
17 19262.3993827272 1594
18 18528.8081518066 1663
19 17928.6225902709 1728
20 17479.5697730378 1796
21 17183.3722464558 1864
22 17004.1253496471 1930
23 16887.4617323476 1997
24 16803.8482672827 2064
25 16743.959468088 2130
26 16698.7798906519 2196
27 16663.0821395369 2264
28 16633.5626519141 2330
29 16607.4254705335 2396
30 16583.7065878827 2463
31 16561.9510564475 2528
32 16541.7284570422 2593
33 16522.9776839928 2660
34 16505.6389254978 2725
35 16489.5702272093 2791
36 16474.7961987925 2860
37 16460.891585744 2928
38 16447.8167430747 2994
39 16435.6549268537 3061
40 16424.4490443671 3130
41 16414.1629777597 3196
42 16404.7448375884 3263
43 16396.1608035672 3329
44 16388.3302014658 3395
45 16381.1335412862 3462
46 16374.3048649925 3528
47 16368.0501520665 3594
48 16362.3096387288 3661
49 16357.0515850509 3728
50 16352.1097872393 3794
51 16347.4495980781 3861
52 16343.1241911685 3927
53 16339.0963582283 4000
54 16335.3939740259 4067
55 16332.025187469 4133
56 16329.0167089869 4199
57 16326.3038189442 4266
58 16323.7913116243 4335
59 16321.445835462 4402
60 16319.2751289607 4469
61 16317.2680251557 4535
62 16315.3642935343 4601
63 16313.599620392 4668
64 16311.96630855 4736
65 16310.4800278906 4802
66 16309.1247225267 4869
67 16307.8869888538 4936
68 16306.769122719 5002
69 16305.7549264231 5068
70 16304.8143455582 5135
71 16303.9673685784 5201
72 16303.2099619797 5268
73 16302.5281016647 5335
74 16301.8975900818 5401
75 16301.3255974435 5466
76 16300.8101219462 5533
77 16300.3463223197 5600
78 16299.9292416293 5665
79 16299.5532155517 5735
80 16299.2103016847 5802
81 16298.891241377 5867
82 16298.5917292215 5935
83 16298.3078657961 6001
84 16298.0366138313 6068
85 16297.7746014897 6135
86 16297.516380731 6201
87 16297.254997585 6267
88 16296.9833378359 6334
89 16296.6993763151 6400
90 16296.4192528755 6467
91 16296.1711945625 6534
92 16295.9632089672 6601
93 16295.7882132628 6666
94 16295.6378590871 6733

0 109540.617087675 468
1 103626.952615303 534
2 95752.2412041925 602
3 84885.2352021496 669
4 71818.0110693409 735
5 58924.3665291149 802
6 47534.7241955959 868
7 38255.2042152349 934
8 31450.0492603024 1002
9 26806.2036589668 1068
10 23655.7142754482 1134
11 21479.5503261437 1202
12 19947.0279839033 1269
13 18889.5105565354 1335
14 18192.2084039593 1403
15 17736.8186289644 1469
16 17428.6518069988 1534
17 17216.7405043413 1603
18 17062.3568379838 1668
19 16948.7171540428 1734
20 16860.8935711982 1802
21 16788.4179238351 1870
22 16724.9663555089 1936
23 16666.5699962159 2004
24 16612.677123782 2073
25 16564.8474586724 2139
26 16524.1499708602 2207
27 16490.2993490341 2273
28 16462.6124361018 2338
29 16439.4890974606 2405
30 16420.2645536 2471
31 16404.001288513 2536
32 16389.8125271329 2603
33 16377.5823537589 2671
34 16367.1025333436 2737
35 16358.2929630317 2803
36 16350.7200451625 2869
37 16344.197240503 2935
38 16338.5766024464 3002
39 16333.7080258744 3069
40 16329.4582505983 3135
41 16325.7173298739 3201
42 16322.4277938496 3271
43 16319.5293352148 3337
44 16316.9674654709 3403
45 16314.7101129355 3471
46 16312.71926711 3537
47 16310.9513168684 3603
48 16309.3596452459 3670
49 16307.9072252289 3736
50 16306.5840803975 3802
51 16305.3877724799 3869
52 16304.311196072 3935
53 16303.3456931775 4002
54 16302.4816489847 4068
55 16301.7112612288 4135
56 16301.0276822049 4201
57 16300.4227935248 4268
58 16299.8869713188 4334
59 16299.4105179885 4400
60 16298.9848569743 4467
61 16298.6027773418 4533
62 16298.2580136512 4599
63 16297.9448739581 4670
64 16297.6591452194 4737
65 16297.3979715415 4803
66 16297.1571347002 4873
67 16296.9315329296 4939
68 16296.7195369914 5004
69 16296.523094203 5072
70 16296.3429556482 5139
71 16296.177203131 5206
72 16296.0227477853 5273

0 109227.983717472 465
1 102825.528036378 531
2 94810.3985788517 598
3 84309.1322244413 664
4 71801.6564300034 730
5 60107.5251578005 798
6 51012.6457619329 866
7 44366.8507942657 932
8 39399.1647756807 1000
9 35566.0166726169 1067
10 32540.8499736404 1133
11 30119.1326338566 1200
12 28179.6927231311 1266
13 26637.0308973659 1331
14 25394.0014562488 1400
15 24345.9666152523 1466
16 23433.8868742311 1531
17 22602.3872704907 1598
18 21847.4249605296 1663
19 21165.3700499826 1729
20 20543.5711037646 1796
21 19980.8953842171 1863
22 19507.8094979907 1929
23 19158.1470416705 1996
24 18913.0700192253 2064
25 18734.4630526514 2129
26 18595.4337058025 2196
27 18481.4052715113 2263
28 18384.9621849915 2329
29 18302.2554427046 2396
30 18229.6235301608 2464
31 18164.2390941088 2530
32 18105.2125580455 2596
33 18050.9346695933 2663
34 18000.6552084513 2729
35 17954.9842274996 2795
36 17913.6901108255 2861
37 17876.5712640321 2928
38 17842.4100682714 2994
39 17811.5552123915 3061
40 17783.5887182902 3126
41 17757.6810972553 3192
42 17733.5593436118 3259
43 17711.0704438041 3324
44 17690.2674852728 3390
45 17671.2188017393 3457
46 17653.6014628813 3524
47 17636.9325291533 3590
48 17620.9519626697 3661
49 17605.5796798865 3727
50 17590.9261340081 3794
51 17577.1614882968 3861
52 17564.394764407 3927
53 17552.4577752794 3994
54 17541.1252333014 4062
55 17530.3874397654 4127
56 17520.1764021918 4193
57 17510.3705451094 4260
58 17501.1015539014 4325
59 17492.342810777 4391
60 17484.0966450568 4458
61 17476.3036260623 4523
62 17468.9819743406 4593
63 17462.0084761793 4659
64 17455.2452241395 4724
65 17448.6917608153 4789
66 17442.3973996647 4856
67 17436.3811082192 4922
68 17430.5877594308 4990
69 17425.0226249041 5061
70 17419.8377107088 5127
71 17414.9627378583 5193
72 17410.4112130863 5261
73 17406.1229198397 5326
74 17402.0718072763 5392
75 17398.2516252874 5460
76 17394.6385760535 5526
77 17391.2493141501 5591
78 17388.0565403851 5658
79 17385.0538178778 5725
80 17382.2627090308 5791
81 17379.6540356314 5859
82 17377.1585462943 5925
83 17374.7794336863 5992
84 17372.5291948654 6059
85 17370.4122588965 6126
86 17368.3862390299 6192
87 17366.4487243973 6259
88 17364.5916375737 6325
89 17362.850788784 6391
90 17361.213773584 6459
91 17359.6687212055 6526
92 17358.1929627702 6592
93 17356.7654107253 6660
94 17355.4247725842 6728
95 17354.152537772 6794
96 17352.9569748214 6861
97 17351.8399474805 6927
98 17350.7807894547 6994
99 17349.7714763446 7060
100 17348.8186085146 7127
101 17347.918980827 7194
102 17347.0641409825 7260
103 17346.2465081319 7326
104 17345.4672870944 7393
105 17344.7275964329 7460
106 17344.0158281847 7528
107 17343.3280687127 7593
108 17342.6744619143 7659
109 17342.0616464474 7727
110 17341.4906391873 7792
111 17340.9584863941 7858
112 17340.4599280718 7926
113 17339.9916223106 7993
114 17339.5515862281 8058
115 17339.137257232 8127
116 17338.7479944717 8193
117 17338.3817099661 8258
118 17338.0362677239 8324
119 17337.710266225 8390
120 17337.4007927751 8456
121 17337.1037701119 8523
122 17336.8208999299 8589
123 17336.5560414167 8654
124 17336.3093608205 8721
125 17336.0798513255 8787
126 17335.8666165336 8853
127 17335.6688612126 8920
128 17335.4857628071 8986
129 17335.3164573529 9052

0 107445.927568839 471
1 99986.5882720235 536
2 90116.8809642933 602
3 77546.1926231818 668
4 63492.0461024712 734
5 51165.123328841 799
6 42530.3145581351 867
7 37045.1990755258 932
8 33630.1930619628 998
9 31483.9276773333 1064
10 30093.3064909203 1130
11 29159.8764487117 1196
12 28508.8863304532 1263
13 28032.1865741456 1329
14 27655.926514512 1396
15 27344.6520025994 1464
16 27078.4594077098 1531
17 26845.4371547861 1597
18 26633.1535339013 1666
19 26430.9474683077 1733
20 26233.5547522518 1799
21 26036.7272977255 1866
22 25838.100565869 1932
23 25634.3317181815 1999
24 25424.0971188661 2066
25 25203.7641510749 2133
26 24971.0898488796 2198
27 24721.3289491785 2265
28 24456.5896643464 2331
29 24173.8921254985 2397
30 23871.0437420361 2464
31 23547.238581476 2531
32 23203.9754121482 2596
33 22830.9250839638 2662
34 22426.5053033256 2728
35 21994.1527390989 2794
36 21532.3750730596 2861
37 21029.4569214401 2928
38 20497.8810311543 2994
39 19983.3687290559 3060
40 19536.6064417127 3130
41 19186.641314562 3196
42 18925.8011376731 3262
43 18732.2470710536 3329
44 18585.6809226716 3395
45 18472.8229465845 3460
46 18380.7434771968 3527
47 18301.8237869246 3593
48 18234.2421894896 3659
49 18175.6206075596 3728
50 18124.3498612428 3794
51 18079.1827832101 3861
52 18038.9224925922 3929
53 18002.987599594 3996
54 17970.3091250426 4062
55 17940.2670956083 4129
56 17912.7451471061 4196
57 17886.9658591544 4261
58 17862.6082832585 4329
59 17839.487568076 4395
60 17817.257933171 4460
61 17796.509664924 4531
62 17777.000783071 4597
63 17758.604704856 4662
64 17740.9308079494 4730
65 17723.7646070184 4796
66 17706.9369992353 4861
67 17690.526984429 4929
68 17674.6630321894 4995
69 17659.7342648403 5061
70 17645.6037766458 5129
71 17631.9222323106 5195
72 17618.6613421829 5260
73 17605.8265320635 5328
74 17593.4635562914 5394
75 17581.2898694558 5460
76 17569.6692335347 5528
77 17558.8090760286 5594
78 17548.5978953034 5659
79 17538.8490473763 5727
80 17529.4025825745 5796
81 17520.2669475961 5862
82 17511.3971647559 5930
83 17502.813008009 5997
84 17494.5341834788 6063
85 17486.583741412 6131
86 17478.9799782136 6197
87 17471.7512058689 6262
88 17464.8295591726 6329
89 17458.1561532641 6395
90 17451.8145281325 6461
91 17445.7743404631 6528
92 17439.9720682108 6595
93 17434.3630809042 6660
94 17429.0846297601 6727
95 17424.1046568925 6793
96 17419.378843824 6858
97 17414.8901244266 6926
98 17410.5774867522 6992
99 17406.4294558772 7058
100 17402.5287441315 7124
101 17398.8554773293 7190
102 17395.3089660851 7256
103 17391.9518972926 7323
104 17388.8358113827 7391
105 17385.9216845759 7457
106 17383.1640102353 7524
107 17380.5339400998 7592
108 17378.0551021523 7658
109 17375.7126462821 7723
110 17373.4859497343 7790
111 17371.3573233672 7856
112 17369.3314178386 7923
113 17367.4131824775 7992
114 17365.6046934501 8057
115 17363.8912533049 8124
116 17362.2675545366 8190
117 17360.7428149041 8256
118 17359.3041957105 8323
119 17357.9404486961 8389
120 17356.630040664 8456
121 17355.3802007363 8522
122 17354.1920141137 8590
123 17353.0722166873 8656
124 17352.0185958518 8722
125 17351.0209564071 8792
126 17350.0676569457 8858
127 17349.1516566901 8923
128 17348.2726664935 8992
129 17347.4312835732 9057
130 17346.600322344 9123
131 17345.7826683532 9191
132 17345.0019125682 9257
133 17344.26651776 9323
134 17343.5773836415 9390
135 17342.9299480814 9457
136 17342.31355568 9523
137 17341.7263162792 9590
138 17341.1752791771 9656
139 17340.6598201065 9721
140 17340.1784823451 9788
141 17339.7306085827 9854
142 17339.3138834605 9920
143 17338.925577772 9987
144 17338.5633119042 10052
145 17338.2250676884 10119
146 17337.9090081534 10187
147 17337.6133097584 10256
148 17337.3360285219 10322
149 17337.0749852935 10389
150 17336.8278995603 10455
151 17336.5931373397 10521
152 17336.3696419477 10588
153 17336.1551421576 10654
154 17335.9489369421 10720
155 17335.7540177791 10787
156 17335.5716517107 10853
157 17335.4017499721 10919

0 108368.092914919 465
1 100568.331149008 531
2 89576.1398411063 596
3 74654.1529065891 663
4 58175.9156450574 730
5 44589.7251068743 796
6 35745.1738670139 861
7 30517.0464068935 927
8 27248.1811890946 993
9 25025.1449923977 1059
10 23418.2048375451 1126
11 22216.9963950548 1191
12 21292.1705139876 1257
13 20555.3953910754 1324
14 19954.0888449834 1390
15 19456.9336787234 1456
16 19043.052431755 1523
17 18707.7557065669 1589
18 18441.7733817044 1655
19 18231.9030058282 1725
20 18064.8862993038 1790
21 17932.1659013808 1856
22 17826.4405372944 1923
23 17742.2547235603 1989
24 17674.2465238284 2055
25 17618.7308583389 2125
26 17573.863965791 2191
27 17537.1187487442 2257
28 17507.1857713944 2325
29 17482.5131911407 2390
30 17462.0797133309 2456
31 17445.0064977087 2522
32 17430.6759049068 2588
33 17418.3390579853 2655
34 17407.5127550851 2723
35 17398.0808869392 2789
36 17390.0060442554 2857
37 17383.0502050587 2924
38 17376.9953277712 2989
39 17371.7370044617 3055
40 17367.2385219401 3122
41 17363.3510626183 3189
42 17359.9660860512 3256
43 17356.9629468523 3323
44 17354.2954154361 3389
45 17351.914196371 3455
46 17349.8083244902 3523
47 17347.9357578121 3589
48 17346.2379330339 3656
49 17344.7231734214 3723
50 17343.3748144913 3789
51 17342.1746473817 3855
52 17341.0983578863 3922
53 17340.1267564766 3988
54 17339.2540499205 4053
55 17338.4717601408 4120
56 17337.7667944479 4186
57 17337.1253055455 4252
58 17336.5354688304 4318
59 17335.9896941449 4385
60 17335.4832669094 4452
61 17335.0115712388 4518
62 17334.5693145943 4585
63 17334.1481619532 4651
64 17333.7306308937 4717
65 17333.3165102109 4785
66 17332.9226051544 4852
67 17332.554034916 4918
68 17332.2128794202 4987
69 17331.8985760179 5053
70 17331.6071697418 5118
71 17331.3338891033 5185
72 17331.0755870993 5251
73 17330.83051098 5316
74 17330.5969483631 5382
75 17330.3724776914 5448
76 17330.1542139151 5514
77 17329.9403264911 5580
78 17329.7325470438 5645
79 17329.5365335378 5711
80 17329.3575817638 5780
81 17329.1967510395 5845

0 108232.738911241 466
1 100741.537168569 535
2 89894.5973589801 600
3 74254.9744878278 665
4 56472.3071998718 732
5 41910.3962539956 798
6 32279.8166494254 864
7 26380.8191408238 931
8 22857.442549274 998
9 20731.376630496 1063
10 19387.3338333781 1130
11 18517.3969671357 1196
12 17945.1976629229 1261
13 17556.0959475215 1328
14 17286.1486177022 1394
15 17091.9796738695 1461
16 16948.9480149405 1528
17 16840.1606275872 1594
18 16757.2888111579 1660
19 16693.1512968287 1727
20 16642.5384153842 1792
21 16601.3161522668 1857
22 16566.7430933521 1925
23 16537.6882186794 1992
24 16512.8776623652 2059
25 16491.1666276969 2128
26 16472.1119515151 2193
27 16455.0829059644 2260
28 16439.6803524747 2326
29 16425.7736584144 2392
30 16413.3846426119 2458
31 16402.3842013517 2524
32 16392.5351156415 2590
33 16383.6468982859 2655
34 16375.5989079262 2721
35 16368.2578764016 2788
36 16361.6207037776 2853
37 16355.6890337253 2919
38 16350.38441209 2987
39 16345.5802258305 3055
40 16341.1607982873 3121
41 16337.0943656263 3187
42 16333.3139514685 3253
43 16329.8051824204 3319
44 16326.5326615921 3389
45 16323.4884275396 3455
46 16320.6591815976 3521
47 16318.0757927441 3588
48 16315.718850381 3655
49 16313.6009459361 3720
50 16311.7318919397 3787
51 16310.0769238661 3852
52 16308.6050224415 3918
53 16307.2971726279 3986
54 16306.1297293015 4052
55 16305.0840873535 4118
56 16304.1501990157 4185
57 16303.3156164077 4250
58 16302.569246415 4316
59 16301.8828027497 4383
60 16301.2509291031 4450
61 16300.6894375824 4515
62 16300.1878539542 4583
63 16299.7332953897 4649
64 16299.3115918002 4715
65 16298.9183541617 4785
66 16298.5569408891 4851
67 16298.2269067139 4917
68 16297.927449721 4985
69 16297.6569178681 5051
70 16297.408208898 5117
71 16297.1776840422 5184
72 16296.9680235925 5249
73 16296.7751632244 5315
74 16296.5949152044 5381
75 16296.4240859634 5447
76 16296.2609160461 5513
77 16296.1046808028 5580

0 107468.424334047 463
1 100539.070738653 528
2 91687.1179777472 595
3 80011.6886417099 662
4 66337.6048539293 727
5 53480.1166573532 793
6 43382.1456774033 860
7 35818.1059819394 925
8 30202.1234289857 991
9 26139.4677433681 1057
10 23294.6394574236 1123
11 21369.2747896486 1189
12 20106.1286962822 1256
13 19285.3858550048 1321
14 18748.4891144364 1387
15 18391.3921218993 1454
16 18150.6145053606 1520
17 17985.9785624509 1586
18 17868.1599460574 1652
19 17782.5683215556 1718
20 17718.6242212219 1784
21 17669.2839566802 1852
22 17630.2259348059 1918
23 17598.8354992774 1985
24 17572.8652963951 2055
25 17550.7574805616 2121
26 17531.6935037816 2186
27 17514.8168278496 2254
28 17499.8284271475 2319
29 17486.3604268126 2386
30 17474.2081019182 2454
31 17463.1398372305 2520
32 17453.0560892082 2586
33 17443.9422966365 2653
34 17435.7314139552 2719
35 17428.2933037193 2785
36 17421.4896582916 2852
37 17415.2931797375 2918
38 17409.6552148371 2984
39 17404.5104799948 3051
40 17399.7919603493 3117
41 17395.42950533 3183
42 17391.3729001268 3250
43 17387.6380890516 3315
44 17384.1951274848 3381
45 17380.9940795733 3449
46 17378.0173530874 3516
47 17375.2206940165 3583
48 17372.5903296056 3650
49 17370.1374419652 3717
50 17367.853724973 3783
51 17365.7289846701 3849
52 17363.7431587416 3915
53 17361.8699830709 3981
54 17360.0876538837 4048
55 17358.3765167987 4115
56 17356.7392820355 4180
57 17355.2405508858 4247
58 17353.8774163656 4313
59 17352.6086888693 4379
60 17351.3920588007 4446
61 17350.2513668489 4513
62 17349.1950861577 4578
63 17348.20405917 4645
64 17347.2547013766 4711
65 17346.3295356335 4777
66 17345.430830343 4844
67 17344.5844102812 4913
68 17343.8013741901 4979
69 17343.0734218308 5044
70 17342.3892164168 5113
71 17341.7456914351 5178
72 17341.1465003104 5244
73 17340.59480967 5315
74 17340.0884736897 5382
75 17339.6199736783 5447
76 17339.1788643655 5513
77 17338.7548683361 5581
78 17338.3426850488 5646
79 17337.9463783423 5712
80 17337.5749922615 5780
81 17337.2311595987 5848
82 17336.9056468568 5914
83 17336.5802650301 5981
84 17336.2411269647 6048
85 17335.9013488076 6116
86 17335.5926421815 6181
87 17335.3296909449 6246
88 17335.1077314853 6316
89 17334.9174030385 6383
90 17334.7509512866 6449

