0 1346.85886915 1
1 1470.17467482138 3
2 1383.06029458829 4
3 1166.29759556282 6
4 1145.59542659335 8
5 1030.12023419988 9
6 833.442178580422 11
7 747.269684908172 13
8 638.117260732141 14
9 584.266717396742 17
10 544.799485846035 18
11 529.915025313165 20
12 522.666722029895 22
13 520.379553998418 23
14 519.325817338902 25
15 518.747803429836 26
16 518.445720549114 28
17 518.2671477976 29
18 518.158611879642 31
19 518.090691760548 32

0 1421.49272531815 2
1 1494.14100550044 3
2 1371.66444985691 4
3 1276.72971522432 6
4 986.79910946811 8
5 1072.67520696296 9
6 788.737138634386 11
7 688.57381427475 12
8 636.410085810898 13
9 581.53722593545 15
10 551.282657368658 16
11 532.936665036086 18
12 524.805515432422 19
13 521.204145982104 21
14 520.009462215744 22
15 519.382452390016 24
16 519.071121585004 25
17 518.883954808538 27
18 518.76943893699 28
19 518.698702269374 29

0 1197.07100613231 1
1 1095.22632721496 3
2 1046.47682451014 4
3 1396.46529663658 6
4 1302.74248035276 7
5 992.127971978065 8
6 833.556333559436 10
7 670.095759977482 11
8 650.212994885094 13
9 577.392087902976 14
10 549.490639491531 16
11 526.310017656363 17
12 519.50103609932 18
13 516.804049202351 20
14 515.814985919294 21
15 515.248739569456 23
16 514.943151940238 24
17 514.755246183546 26
18 514.648338049145 27
19 514.580223523271 29

0 1585.18601374658 1
1 1195.65891902431 2
2 1439.97894792089 4
3 1469.33703511068 5
4 1056.14484258927 7
5 1005.24065324105 8
6 823.089673959984 10
7 695.042019553159 11
8 645.593039074877 13
9 606.653504010941 14
10 553.732302592669 16
11 537.118581459249 17
12 529.737147909106 18
13 527.165730014039 20
14 525.753393378856 21
15 525.027815620969 23
16 524.656049852983 24
17 524.445859314251 26
18 524.316563395466 27
19 524.234446388749 28

0 1348.35233941904 1
1 1444.24864508188 3
2 1398.84744338982 4
3 1163.0391631017 5
4 1209.84832810605 7
5 1000.28462683005 8
6 787.467103549547 10
7 694.664513707098 11
8 609.364673776061 13
9 572.629718426895 14
10 540.126080005888 16
11 522.699269422696 17
12 516.966114706847 19
13 514.183720531027 20
14 513.272116136008 22
15 512.739951424678 23
16 512.457492641803 25
17 512.293544067638 26
18 512.196449885028 28
19 512.137489239555 29

0 1214.47744722191 1
1 1223.07429482248 2
2 1322.29631223089 4
3 1182.90556555831 5
4 1187.11520547949 7
5 1001.43433568868 8
6 801.772352258238 10
7 670.976951600817 11
8 615.143304834549 12
9 573.457841847734 14
10 539.367061115112 15
11 528.488593743758 17
12 522.673558293503 18
13 519.278238835266 20
14 517.914684780487 22
15 517.225988149464 23
16 516.88002398348 24
17 516.684584920198 26
18 516.565915693256 27
19 516.492386915845 29

0 1134.56315153082 1
1 1321.78271495905 3
2 1421.07405347506 4
3 1317.12831318381 6
4 1118.3614322479 7
5 899.031265611767 9
6 885.678735315987 10
7 735.716370755261 12
8 659.108466577484 13
9 590.471294773111 15
10 551.324954038304 16
11 539.479673157773 18
12 529.829222749924 19
13 526.497809633232 21
14 524.905862805933 22
15 524.167291779572 24
16 523.775295921594 25
17 523.55114852972 27
18 523.418330392402 28
19 523.334777220707 30

0 1455.66741893159 1
1 1290.36505158644 3
2 1441.06126075131 4
3 1509.42117360564 6
4 1196.26220428204 8
5 1039.21494334024 9
6 829.794259083232 11
7 743.517897925264 12
8 673.684891799952 14
9 584.497472056634 15
10 559.952984449316 17
11 540.143765593379 18
12 533.131747959703 20
13 530.303229543066 21
14 528.663792758319 22
15 527.966716472849 24
16 527.532091756524 25
17 527.263436597925 27
18 527.100733891545 28
19 526.9976437995 30

0 1101.95517567019 1
1 1495.12365524791 3
2 1237.62489861119 4
3 1051.10714720054 5
4 1159.25016446601 7
5 1091.8842293108 8
6 930.942232441066 10
7 747.573799426031 11
8 673.615464072023 13
9 602.22984453862 14
10 557.237124542771 16
11 535.832412887169 17
12 529.562006492488 19
13 526.026769028955 20
14 524.698766182054 22
15 524.058421311467 23
16 523.70631583654 25
17 523.501424012809 26
18 523.376972765548 28
19 523.296201857067 29

0 1459.53367475541 1
1 1469.40670866709 2
2 1049.75411369333 4
3 1327.17268001489 5
4 1189.7295351094 7
5 983.323681930634 8
6 847.691692158036 10
7 677.098441980103 11
8 622.087596029107 13
9 573.426706304936 14
10 533.068473206255 16
11 523.053569912909 17
12 518.581920364497 19
13 515.146876741447 20
14 514.129845514951 22
15 513.658287674617 23
16 513.385582215879 25
17 513.237601012075 26
18 513.155028523735 27
19 513.101971996793 29

0 1764.45281594464 1
1 1285.70607173064 3
2 1291.41109305379 4
3 1124.56197847831 6
4 1305.2796066374 7
5 1017.28505767396 9
6 768.297506659903 10
7 678.601534632966 12
8 620.71962837027 13
9 576.017112726239 14
10 536.977337762358 16
11 523.828852075075 18
12 517.574320053753 19
13 514.854772611176 20
14 513.21606213681 22
15 512.589297567228 24
16 512.309340975457 25
17 512.161892065555 27
18 512.076162951637 28
19 512.022880139058 29

0 1769.41371095994 1
1 1282.33735354727 3
2 1247.27048834202 4
3 1274.75028733355 6
4 1086.8177782626 7
5 994.280700579011 9
6 800.634208309199 10
7 669.953807077702 12
8 604.680436899558 13
9 569.723521492831 15
10 542.900521941368 16
11 523.510854532045 18
12 517.878823968039 19
13 514.295467688424 21
14 513.496430623853 22
15 512.973623992449 24
16 512.678165286551 25
17 512.506479713395 27
18 512.404211389127 28
19 512.340197351403 29

0 1297.18348329537 1
1 1254.44628448775 2
2 1576.11839843231 4
3 1393.43263957604 5
4 1118.99983004073 7
5 938.41230957995 8
6 848.391499069059 10
7 634.743430957438 11
8 618.362032037549 13
9 563.641759049463 14
10 531.353118007783 15
11 520.578893465422 17
12 515.334848580431 18
13 513.316842343213 20
14 512.451220675656 21
15 511.924302100989 22
16 511.671184352825 24
17 511.54555724751 25
18 511.473333402263 27
19 511.429636560682 28

0 1653.32414606417 1
1 1481.31074619377 2
2 1306.478977172 4
3 1547.9138347693 5
4 1240.54166707036 7
5 912.277266426029 8
6 858.500370112375 10
7 697.960897755551 12
8 641.388044658158 13
9 582.607802376642 15
10 544.270265868785 16
11 535.749857061005 17
12 528.166634241474 19
13 525.222440811635 20
14 523.920203888295 22
15 523.356846773654 23
16 523.047037898007 24
17 522.876848166453 26
18 522.774042673012 27
19 522.710823303787 29

0 1360.12031786291 1
1 1270.13784432392 3
2 1548.32918700748 4
3 1452.47750897136 6
4 980.354217790906 7
5 944.218656822727 9
6 832.582957091144 10
7 687.814823096308 12
8 635.979947646229 13
9 572.70741323463 15
10 540.66065580561 16
11 524.501848167458 18
12 518.858112146273 19
13 516.204690810621 21
14 515.399918090375 22
15 514.83980655696 23
16 514.520350063663 25
17 514.325783285123 26
18 514.2095246173 28
19 514.135695926089 29

0 1147.26384842194 1
1 1395.61313122087 2
2 1498.36961695252 4
3 1256.30445728425 5
4 1087.23558592889 7
5 1020.87589207729 8
6 856.94464548285 10
7 698.25269945791 11
8 611.796828396744 13
9 584.579047200792 14
10 543.116166879342 16
11 526.564216069843 17
12 518.801481459942 18
13 516.432724578421 20
14 515.331515003443 21
15 514.787294824485 23
16 514.49537088349 24
17 514.319656241295 26
18 514.2190853593 27
19 514.155200533282 29

0 1456.64621409288 1
1 1246.11610606261 3
2 1288.80937083692 4
3 1363.61643030291 5
4 948.973045486467 7
5 969.533510428439 8
6 910.419917492409 10
7 740.22460265966 11
8 646.987924354188 12
9 592.473680529931 14
10 564.847881626186 15
11 545.309071829012 17
12 537.376223617896 18
13 534.513342530758 20
14 533.144941100601 21
15 532.558522084353 23
16 532.222814331131 24
17 532.033299620452 26
18 531.91283284652 27
19 531.837421121664 29

0 1876.94461194295 1
1 1549.5779177055 3
2 1218.64654185405 4
3 1325.03423551073 6
4 1200.57668696605 7
5 1115.98132076024 9
6 760.449058289502 10
7 695.473207098703 12
8 605.122597171395 13
9 563.222131110738 15
10 540.101270693547 16
11 525.901059650041 18
12 517.620442003394 19
13 514.496788484308 21
14 513.317939983067 22
15 512.893822617317 24
16 512.653934592436 25
17 512.533307050094 26
18 512.459132228648 28
19 512.415018759012 29

0 1735.46903439576 1
1 1262.91905878436 3
2 1354.36859049124 4
3 1357.1558529886 5
4 1088.46949767201 7
5 1099.81247689899 8
6 862.790699219917 10
7 677.549395171594 11
8 612.90221207292 12
9 596.851764023708 14
10 546.613814522114 15
11 532.809468693948 17
12 524.859043813659 18
13 521.468398269233 20
14 520.436753938396 21
15 519.81934063314 22
16 519.514972036669 24
17 519.347077349787 25
18 519.245175521472 27
19 519.182624061934 28

0 1342.81811973156 1
1 1381.19892726473 2
2 1284.47805877681 4
3 1429.78737458812 5
4 1417.87875341269 7
5 992.647019617403 8
6 917.668132055594 9
7 649.478441860872 11
8 618.897255603031 12
9 585.950976726885 13
10 544.574472660472 15
11 529.180552499278 16
12 523.679743903486 17
13 520.373054528313 19
14 519.208042161956 20
15 518.68885452641 22
16 518.412855216966 23
17 518.2598860519 24
18 518.168400219181 26
19 518.112313870699 27

0 1218.06544693063 1
1 1273.37161398905 3
2 1228.95362122486 4
3 1436.23532615273 6
4 1120.72772622346 7
5 990.782511792567 8
6 835.051096633182 10
7 664.75383613158 11
8 610.784084934709 13
9 558.847013260443 14
10 537.238190757893 15
11 527.103173306201 17
12 518.801571245175 18
13 516.097375671289 20
14 514.926760527244 21
15 514.296655748836 23
16 513.933233646256 24
17 513.733093649403 26
18 513.616440993673 27
19 513.54530474648 29

0 1182.08768447514 1
1 1313.40177341443 3
2 1115.13864554807 4
3 1133.21777337297 6
4 1098.89557049967 7
5 951.999104637381 9
6 971.437177318506 10
7 756.456509664865 11
8 621.616887194211 13
9 580.930672178675 14
10 538.95535283319 16
11 523.616291100065 17
12 517.744608026904 19
13 515.529814775786 20
14 514.423391325385 22
15 513.951099863167 23
16 513.679725875776 25
17 513.514172545828 26
18 513.418752229594 27
19 513.360970302285 29

0 1353.20711357022 1
1 1553.66299877691 3
2 1285.62760867683 4
3 1172.67509556815 5
4 913.809491955859 7
5 1008.38989676811 9
6 780.645720697378 10
7 641.821744564254 13
8 614.791743456567 14
9 570.311390247171 16
10 535.175996790367 17
11 523.511209411296 19
12 517.019399254493 20
13 514.484118823447 22
14 513.663101386251 23
15 513.295354701858 25
16 513.109742470243 26
17 513.00473952474 28
18 512.939776924182 29
19 512.900570234178 31

0 1267.32012856121 1
1 1385.41309657287 3
2 1342.90008962498 4
3 1314.12447225282 5
4 1154.49343324414 7
5 1035.3215859977 8
6 857.716274350964 10
7 697.098431640177 11
8 653.782863947037 13
9 601.274334072415 14
10 560.230238877275 16
11 537.606363511905 18
12 528.544428444929 19
13 525.656065846719 21
14 524.041186358081 22
15 523.106609459711 24
16 522.618227224068 25
17 522.328291255746 27
18 522.147813670177 28
19 522.03309119163 30

0 1500.21078827709 1
1 1410.56358334489 3
2 1708.9852700195 4
3 1158.74979149069 6
4 1110.77200033204 7
5 911.041018635997 9
6 837.821944588037 10
7 674.986420448399 12
8 618.991874679934 13
9 574.089224751806 14
10 544.861159720537 16
11 526.146975698012 17
12 517.302454025829 19
13 514.814094452469 20
14 513.925675693291 22
15 513.427753513624 23
16 513.169835392332 25
17 513.039947768019 26
18 512.960738448726 28
19 512.910184271849 29

0 1460.65037637691 1
1 1260.07023287115 3
2 1055.45810020081 4
3 1364.74198132007 6
4 1013.72856969182 7
5 1064.72021756279 9
6 734.18432086222 10
7 687.719232386688 12
8 623.485455943269 13
9 573.386536115229 15
10 540.591985721705 16
11 520.479165525774 18
12 515.552259054106 19
13 513.604326420647 21
14 512.607508702095 22
15 511.983115746504 24
16 511.720506715712 25
17 511.58722572187 26
18 511.505429270548 28
19 511.456666709479 29

0 1517.77540321252 1
1 1535.47706137733 2
2 1223.72934064403 4
3 1383.56529276362 5
4 1180.96977313264 7
5 1140.53969874763 8
6 836.374975379116 10
7 723.736318549098 11
8 638.320525519803 13
9 600.25145142663 14
10 560.180388460609 16
11 539.852862678849 17
12 531.897597229599 18
13 528.819818799635 20
14 527.520949506264 21
15 526.912605324651 23
16 526.60071533427 24
17 526.418547129258 26
18 526.311280952815 27
19 526.244717891643 28

0 1719.11280826912 1
1 1329.28231470055 3
2 1427.48782515666 4
3 1343.53616575894 5
4 1083.82398290902 7
5 987.331378836574 8
6 825.307532196163 10
7 732.893765909263 11
8 634.141166096531 13
9 608.735179977008 14
10 571.598625427768 16
11 553.804222591857 17
12 546.686290402644 19
13 543.785202568312 20
14 542.563171823891 22
15 541.944288093159 23
16 541.638797783586 25
17 541.468451920803 26
18 541.365648313594 28
19 541.302013873909 29

0 1351.8831547605 1
1 1250.92270119099 3
2 1042.17326158716 4
3 1115.62874718748 5
4 1203.06901265067 7
5 1010.37850502934 8
6 849.256733305754 10
7 674.67611605462 11
8 616.006076059155 13
9 612.749713875889 14
10 551.885851641962 15
11 532.757215634655 17
12 526.157593704848 18
13 523.165796738403 20
14 521.956836042165 21
15 521.297665941174 23
16 520.97901595698 24
17 520.788530723133 26
18 520.675221065756 27
19 520.604281730679 29

0 1481.0245456945 1
1 1203.46040502095 3
2 1300.06004228755 4
3 1330.08585684862 5
4 1321.60836173558 7
5 970.588822506814 8
6 848.846345454244 10
7 703.940909775003 11
8 605.026226991456 12
9 582.855530563089 14
10 532.005353987865 15
11 525.048975596531 17
12 515.656785905702 18
13 512.84881256519 19
14 511.922031202477 21
15 511.522734731521 22
16 511.308746217908 24
17 511.180079306542 25
18 511.100990981507 27
19 511.052934732199 28

0 1584.32034434152 1
1 1297.12262959543 3
2 1212.916748191 4
3 1292.78216436674 6
4 1168.31154504225 7
5 1079.97349749356 9
6 873.22884263653 10
7 686.125292397342 12
8 637.494416006694 13
9 599.131023726053 14
10 550.065576088154 16
11 531.131838430784 17
12 522.198103373452 19
13 519.404897991811 20
14 518.145533810815 22
15 517.593105065656 23
16 517.265324325696 24
17 517.085930670335 26
18 516.976111197795 27
19 516.906120203614 29

0 1963.51703467407 1
1 1389.80074588063 2
2 1375.28910536369 4
3 1232.27653988471 5
4 1152.59326730647 7
5 1051.1013435886 8
6 871.056207643237 10
7 723.490561165989 11
8 666.544686991336 13
9 619.287538112008 14
10 563.999871486741 15
11 544.147977631515 17
12 536.500968575544 18
13 533.338753186557 20
14 531.973317417435 21
15 531.239122632029 23
16 530.7920326208 24
17 530.53343085442 25
18 530.372814305588 27
19 530.267286595117 28

0 2145.8928840396 1
1 1225.46402191999 3
2 1384.07049161472 4
3 1222.91375543894 5
4 1080.73599480899 7
5 1132.03936765216 8
6 888.037455097401 10
7 699.746359625685 11
8 624.123646556834 12
9 596.870773613496 14
10 562.704083733017 15
11 543.538958300139 17
12 534.811724937829 18
13 531.453250636839 20
14 529.967311721064 21
15 529.271207620779 23
16 528.914035172463 24
17 528.712176332501 25
18 528.591139635291 27
19 528.51503913318 28

0 1660.01667069356 1
1 1037.47171322558 3
2 1420.67678314228 4
3 1270.33743706163 6
4 1257.01223179532 7
5 1027.45603954701 8
6 889.850257034309 10
7 699.933658568263 11
8 638.804156156128 13
9 582.503469235644 14
10 538.49729488434 15
11 524.796138779746 17
12 519.090416194028 18
13 517.174077999419 20
14 516.241981964159 21
15 515.797430830165 22
16 515.578354613431 24
17 515.457050100091 26
18 515.387605136535 27
19 515.344751448163 29

0 1326.41121225831 1
1 1392.47399851951 2
2 1542.90856673831 4
3 1494.81628171815 5
4 941.82986963541 7
5 1095.03138086671 8
6 830.46526302372 10
7 670.907576730938 11
8 607.769560183105 13
9 579.288517939753 14
10 543.327072309167 16
11 525.825937799895 17
12 517.8836084215 19
13 515.704653416905 20
14 514.66430112192 22
15 514.191353472631 23
16 513.906028018914 25
17 513.750602671588 26
18 513.660076955696 28
19 513.606660003423 29

0 1385.01956382848 1
1 1187.27693196422 2
2 1185.58275200672 4
3 1229.05184707233 5
4 1310.05498546381 7
5 1065.09024850838 8
6 905.95403953616 10
7 665.084748629622 11
8 637.951949645855 12
9 563.828242172411 14
10 535.703428759905 15
11 525.303964434363 17
12 519.254411696578 18
13 517.135686201985 20
14 516.146590692182 21
15 515.812790190227 23
16 515.59053737094 24
17 515.467546634366 26
18 515.39144943368 27
19 515.342964868933 29

0 1081.19836829822 1
1 1589.16912401832 4
2 1430.88226946958 5
3 1449.09776390922 7
4 970.023480002256 8
5 1061.81377193185 10
6 831.213176639911 11
7 668.03264676952 13
8 639.245036681305 14
9 566.500521593227 16
10 541.876771423392 17
11 525.033432749762 18
12 518.177094562083 20
13 516.029197519524 21
14 515.042532183399 23
15 514.549947492195 24
16 514.301180004399 26
17 514.156517657412 27
18 514.072034651707 28
19 514.019064091988 30

0 1194.18265734813 1
1 1216.89181555465 3
2 1292.84015951248 4
3 1461.74971568123 5
4 964.462317784137 7
5 1144.7861264148 8
6 829.416624848961 10
7 684.025914028263 11
8 616.782078954249 13
9 578.111225573431 14
10 549.972284723343 15
11 525.954192998354 17
12 518.184402884051 18
13 515.490492511294 20
14 514.252390683177 21
15 513.725597728187 23
16 513.437451746163 24
17 513.26726977388 26
18 513.166431541326 27
19 513.104629994633 28

0 1390.30232905245 1
1 1221.36433216147 3
2 1525.03633463229 4
3 1211.66164006149 5
4 1224.20978357024 7
5 1102.19328461043 8
6 868.601904651678 10
7 682.937494031465 11
8 644.306804005264 13
9 598.736453761963 14
10 558.372341016674 15
11 542.533067299473 17
12 535.234500237235 18
13 532.656283065665 20
14 531.077676358183 21
15 530.385791827803 22
16 530.041356052398 24
17 529.851325585435 25
18 529.733024386837 27
19 529.660065213965 28

0 1517.13382005392 1
1 1325.64834401024 2
2 1466.9552495851 4
3 1548.82938243285 5
4 1194.21066650393 7
5 1115.33204269098 8
6 822.681204746388 9
7 670.391618495131 11
8 636.948994880513 12
9 575.846456037278 14
10 537.792366445541 15
11 523.849414525058 17
12 520.125705507171 18
13 517.722210184663 19
14 516.371885798323 21
15 515.705486758632 22
16 515.340523045751 24
17 515.133071406873 25
18 515.008511632957 26
19 514.931203009167 28

0 1487.91278643119 1
1 1133.03503925651 2
2 1367.6471398799 4
3 1251.3704834902 5
4 1090.66925156156 7
5 969.346409941229 8
6 865.523498844364 10
7 691.111518891857 11
8 661.435650246076 13
9 610.426968101097 14
10 555.039011122781 15
11 543.346563935168 17
12 534.008247418289 19
13 530.365472146274 20
14 528.829435338492 22
15 528.016307764696 23
16 527.614482371167 24
17 527.394675944225 26
18 527.261452121601 27
19 527.178763073802 29

0 1401.82461029586 1
1 1475.49638697864 3
2 1152.9156901431 4
3 1202.08904706413 6
4 1155.72036352793 7
5 1034.84076935957 10
6 922.678320530299 11
7 686.030669945064 13
8 632.121625451068 14
9 568.65491675182 16
10 533.332563087827 17
11 521.801829445059 19
12 516.102551941597 20
13 513.745296384111 22
14 512.851863656037 23
15 512.351856406495 25
16 512.064619615706 26
17 511.900984223345 28
18 511.806255752125 29
19 511.748560206247 30

0 1665.76595083301 1
1 1492.58101200922 2
2 1199.54768702045 4
3 1500.05918703359 5
4 1043.58862917636 7
5 969.274574219732 8
6 772.873176000366 10
7 691.440872822716 11
8 621.807533868752 12
9 587.641128003918 14
10 544.492578184016 15
11 527.826469150073 17
12 520.232895544288 18
13 517.570344522034 19
14 516.09351122351 21
15 515.463626776111 22
16 515.108663513635 24
17 514.900229981218 25
18 514.772605223873 27
19 514.692692429603 28

0 1570.91430398858 1
1 1316.41859464773 2
2 1253.02411519646 4
3 1318.03417850496 5
4 1123.11830595672 7
5 1042.37411990872 8
6 839.012868691222 10
7 701.471302860192 11
8 661.520278245745 12
9 618.620067438071 14
10 564.556023516054 15
11 549.8897101851 17
12 544.229200468252 18
13 542.129545460083 20
14 540.72452934542 21
15 540.282916068498 22
16 540.042516111216 24
17 539.917826943338 25
18 539.841546053322 27
19 539.794865474509 28

0 1369.27313960176 1
1 1232.06406659642 2
2 1256.2618652621 4
3 1112.30041018915 5
4 1102.246802104 7
5 979.184240758382 8
6 795.765613838197 10
7 660.6397024622 11
8 639.389980097167 12
9 569.543007557483 14
10 542.913198661867 15
11 526.352450998674 17
12 521.32752926982 18
13 518.720318025635 19
14 517.661963401613 21
15 517.131449474387 22
16 516.85669025519 24
17 516.700052019836 25
18 516.603904313283 26
19 516.5436085709 28

0 1558.94544272242 1
1 1341.96307252121 3
2 1417.52117319403 4
3 1295.19211009251 5
4 1171.16249822542 7
5 956.624970629715 8
6 867.151792115432 10
7 688.620435495449 11
8 650.670676675294 12
9 569.641314622501 14
10 543.813292971161 15
11 525.798454911533 17
12 520.611561525528 18
13 517.260844290702 20
14 516.06775759703 21
15 515.617410690743 22
16 515.366508148464 24
17 515.217368751032 25
18 515.129369134434 27
19 515.07501561197 28

0 1389.36974839541 1
1 1337.81267111598 2
2 1160.49833487738 4
3 1205.90831441224 5
4 1210.19038801346 7
5 995.071322501355 8
6 769.824248717429 10
7 698.996668430535 11
8 624.184182408503 13
9 583.975468830554 14
10 540.06164975517 15
11 530.963005636954 17
12 522.879051104446 18
13 520.8199739222 20
14 519.591641507396 21
15 518.99740593073 22
16 518.674124580548 24
17 518.500127629743 25
18 518.397656860639 27
19 518.336043968316 28

0 1388.06581621298 1
1 1411.58480197926 3
2 1174.95172268187 4
3 1092.0430588954 5
4 1124.57001549064 7
5 1015.20165572965 8
6 875.874738693078 10
7 685.118873318911 11
8 637.133538344266 13
9 579.45005681916 14
10 537.088326348141 16
11 522.285861517409 18
12 517.661511205525 19
13 514.940924016881 20
14 513.841501517017 22
15 513.418990104656 23
16 513.223675857305 25
17 513.103436659893 27
18 513.036124351193 28
19 512.993443099059 29

0 1260.73738603627 1
1 1440.36363108895 3
2 1650.08410430739 4
3 1242.45719433815 5
4 1022.77050504463 7
5 1017.1180962187 9
6 815.272914799405 11
7 713.982357729347 12
8 621.914842354952 14
9 570.267853228637 15
10 539.685865290328 16
11 524.880698144804 18
12 518.001501979777 19
13 515.784056475567 21
14 514.861778802133 22
15 514.428008566263 23
16 514.206130458887 25
17 514.074907136439 26
18 513.995058488413 28
19 513.947428261901 29

0 1273.98422057829 1
1 1371.01020089664 2
2 1195.90996253049 4
3 1213.65130521006 5
4 1128.15275378111 7
5 1212.01064446064 8
6 877.938074965903 9
7 772.054181706191 11
8 644.345513625015 12
9 577.424505678784 13
10 542.508030501055 15
11 525.579357788935 16
12 519.020966102375 17
13 516.942080839099 19
14 515.913398781758 20
15 515.355309541596 21
16 515.052780283972 23
17 514.892398037788 24
18 514.786869417768 26
19 514.71563203769 27

