0 44.4989912084572 0
1 41.895545629713 0
2 39.8773475674553 0
3 38.6279701670243 0
4 37.8146140354201 0
5 36.9519381920085 0
6 36.1620451142235 0
7 35.3609737593901 0
8 34.41366231767 0
9 33.3913102207001 1
10 32.4426449758138 1
11 31.639104841006 1
12 30.9904615823268 1
13 30.4598115506746 1
14 30.0222598722336 1
15 29.6582301016727 1
16 29.3479846956414 1
17 29.0779565876302 1
18 28.8423843797674 1
19 28.639399116362 2
20 28.4662158189135 2
21 28.3169779612771 2
22 28.1837904178782 2
23 28.0583996027162 2
24 27.9321582137366 2
25 27.7938840357616 2
26 27.6266175160685 2
27 27.4069738980665 2
28 27.1162998769575 2
29 26.7643479318047 2
30 26.3966592643734 3
31 26.0671556155942 3
32 25.801257909136 3
33 25.5919306038164 3
34 25.4219930166697 3
35 25.2783187179567 3
36 25.1537589038851 3
37 25.0445482724144 3
38 24.94749606786 3
39 24.858415625027 3
40 24.7721969436045 3
41 24.6843623059841 4
42 24.5931725959369 4
43 24.5006234723401 4
44 24.4113198584828 4
45 24.3300037940289 4
46 24.259457806285 4
47 24.1999697249027 4
48 24.1501308991179 4
49 24.1079201216691 4
50 24.0713989558338 4
51 24.038974636621 4
52 24.0094244477669 5
53 23.9818370700456 5
54 23.955543234587 5
55 23.9300591232354 5
56 23.9050465247321 5
57 23.880287419897 5
58 23.8556685217197 6
59 23.8311704002747 6
60 23.8068558442765 6
61 23.7828534089504 6
62 23.7593346745973 6
63 23.7364867535627 6
64 23.7144837018822 6
65 23.69346093088 6
66 23.6734959593303 6
67 23.6545980726574 6
68 23.6367091341842 7
69 23.6197171481387 7
70 23.6034821485913 7
71 23.5878705009907 7
72 23.5727898574886 7
73 23.5582145391883 7
74 23.5441919293005 7
75 23.5308258831715 7
76 23.5182422223451 8
77 23.5065495683756 8
78 23.4958104000729 8
79 23.4860307428947 8
80 23.4771670948079 8
81 23.4691427027293 8
82 23.4618647908084 8
83 23.455237692935 9
84 23.449170608125 9
85 23.4435809609306 9
86 23.4383950116019 9
87 23.4335471170238 9
88 23.4289785390726 9
89 23.4246362651367 9
90 23.4204720345487 9
91 23.4164416298402 9
92 23.4125044417078 9
93 23.4086233087352 10
94 23.4047646398653 10
95 23.4008988331692 10
96 23.3970009985053 10
97 23.3930519669072 10
98 23.3890395212554 10
99 23.3849597112033 10
100 23.3808180300319 10
101 23.3766301550098 10
102 23.3724219217239 10
103 23.3682282557839 10
104 23.364090944808 11
105 23.3600553827952 11
106 23.3561666915492 11
107 23.3524658218228 11
108 23.3489862756053 11
109 23.3457519462672 11
110 23.3427762983775 11
111 23.3400628071526 11
112 23.3376063486002 11
113 23.3353951283904 11
114 23.3334127556002 11
115 23.3316401637291 11
116 23.3300572039878 11
117 23.3286438457189 11
118 23.3273809968658 12
119 23.3262510012048 12
120 23.3252378854614 12
121 23.3243274280876 12
122 23.3235071109476 12
123 23.3227660015108 12
124 23.3220945999119 12
125 23.3214846740808 12
126 23.320929097529 12
127 23.3204216981642 12
128 23.3199571222597 12
129 23.3195307149669 12
130 23.3191384171059 13
131 23.318776677052 13
132 23.3184423761042 13
133 23.3181327655925 13
134 23.3178454140243 13
135 23.3175781627092 13
136 23.317329088482 13
137 23.3170964723314 13

0 49.3685310775481 0
1 45.4278848535422 0
2 42.8347032447498 0
3 41.1195615409456 0
4 39.6481984075178 0
5 38.2226907009615 0
6 36.7745240719353 0
7 35.3489489504254 0
8 33.9559346776657 0
9 32.5847721986027 0
10 31.3794112908214 0
11 30.3894892379442 0
12 29.5329329220193 1
13 28.768050856607 1
14 28.0639506272013 1
15 27.4025146595378 1
16 26.7986378987804 1
17 26.2048879112309 1
18 25.6387077985822 1
19 25.2259786532456 1
20 24.9705667519316 1
21 24.8180110190968 1
22 24.7196413069863 1
23 24.6468581904641 1
24 24.5853228508602 1
25 24.5282556943367 2
26 24.4725881535888 2
27 24.4170780321121 2
28 24.3613545264533 2
29 24.3053483922583 2
30 24.2489116670102 2
31 24.1916228144011 2
32 24.1328413120793 2
33 24.0720481221722 2
34 24.0094049935593 2
35 23.9462731333252 2
36 23.8852319851074 2
37 23.8292879305741 2
38 23.7806603681399 2
39 23.7400519228572 3
40 23.7068323657417 3
41 23.6797187101854 3
42 23.6573613952859 3
43 23.6386211018934 3
44 23.6226185366251 3
45 23.6086905247577 3
46 23.5963306136075 3
47 23.5851412378815 3
48 23.5748004287336 3
49 23.565039189488 3
50 23.5556254881444 3
51 23.5463521788403 3
52 23.5370273780147 4
53 23.527466620302 4
54 23.5174866417988 4
55 23.5069010599185 4
56 23.4955186534067 4
57 23.4831454155026 4
58 23.4695919504963 4
59 23.4546878157149 4
60 23.4383035800646 4
61 23.4203791429013 4
62 23.4009531892573 4
63 23.3801847958337 4
64 23.3583569704919 5
65 23.3358561811512 5
66 23.313131318974 5
67 23.2906446091764 5
68 23.2688289484727 5
69 23.2480597381613 5
70 23.2286404019588 5
71 23.2107962376056 5
72 23.1946724042733 5
73 23.1803351706135 5
74 23.1677774371561 5
75 23.1569291389121 6
76 23.1476716236324 6
77 23.1398539001943 6
78 23.1333083819156 6
79 23.1278642754113 6
80 23.1233576400094 6
81 23.1196379687598 6
82 23.1165717113836 6
83 23.1140434355477 6
84 23.1119553676912 6
85 23.1102259606337 7
86 23.1087879835677 7
87 23.1075864750076 7
88 23.1065767687104 7
89 23.1057227053992 7
90 23.1049950775103 7
91 23.1043703137924 7
92 23.1038293882702 7
93 23.1033569276621 7
94 23.1029404881509 7
95 23.102569973234 7
96 23.1022371671668 7
97 23.1019353620429 7
98 23.1016590601236 8
99 23.1014037363268 8
100 23.1011656486396 8
101 23.1009416866362 8

0 45.6695841057749 0
1 43.0986305066451 0
2 41.3769056150107 0
3 39.8978841611364 0
4 38.3590134233593 0
5 37.0591215444416 0
6 36.032053155809 0
7 35.181287577455 0
8 34.4332039764174 0
9 33.7112642760057 0
10 32.9855238673671 0
11 32.3032570327856 0
12 31.707995302598 1
13 31.1844709579988 1
14 30.6801860440773 1
15 30.1630489537938 1
16 29.653683697108 1
17 29.1977879411854 1
18 28.819553448451 1
19 28.5086017025887 1
20 28.2327901298246 1
21 27.967042327902 1
22 27.7171628925819 1
23 27.4893172705093 1
24 27.2744062136831 1
25 27.0626182843876 2
26 26.8468605893761 2
27 26.6200089453476 2
28 26.3788926656937 2
29 26.1295206396918 2
30 25.8801746672844 2
31 25.6326567908879 2
32 25.386735159582 2
33 25.1469768171357 2
34 24.9208189318727 2
35 24.7132350138291 2
36 24.5261064347255 2
37 24.3602155659914 2
38 24.2150514123662 3
39 24.0877067293298 3
40 23.9736590080405 3
41 23.868950891893 3
42 23.7719542754839 3
43 23.683603801416 3
44 23.6059187653851 3
45 23.5400043338341 3
46 23.4852050535652 3
47 23.4396417775946 3
48 23.4011432340396 3
49 23.3678497485882 3
50 23.338414802097 3
51 23.3119763852983 4
52 23.2880406455089 4
53 23.2663499355463 4
54 23.2467680109726 4
55 23.2291976767034 4
56 23.213534562119 4
57 23.1996509442466 4
58 23.1873982672557 4
59 23.1766173464333 4
60 23.1671489675144 4
61 23.1588416545943 4
62 23.1515560984047 4
63 23.145166949339 4
64 23.1395629211407 5
65 23.1346459753169 5
66 23.1303300950019 5
67 23.1265399434854 5
68 23.1232095618579 5
69 23.1202811773907 5
70 23.1177041486225 5
71 23.1154340490356 5
72 23.1134318791748 5
73 23.1116633918009 5
74 23.1100985132887 5
75 23.1087108452764 5
76 23.1074772324966 5
77 23.1063773850695 6
78 23.1053935458873 6
79 23.1045101958034 6
80 23.10371379106 6
81 23.1029925287175 6
82 23.1023361368254 6
83 23.1017356867574 6
84 23.1011834255997 6
85 23.1006726267826 6
86 23.1001974573405 6
87 23.0997528603236 6
88 23.0993344509709 6
89 23.098938425338 6
90 23.0985614801402 7
91 23.0982007426451 7
92 23.0978537095226 7
93 23.0975181936368 7
94 23.0971922778459 7
95 23.0968742749541 7
96 23.0965626930419 7
97 23.0962562054763 7
98 23.0959536249762 7
99 23.0956538811782 7
100 23.095356001212 7
101 23.0950590928504 7
102 23.0947623298566 7
103 23.0944649391943 8
104 23.0941661898105 8
105 23.0938653827376 8
106 23.0935618422948 8
107 23.0932549081947 8
108 23.0929439283865 8
109 23.0926282524897 8
110 23.0923072256867 8
111 23.0919801829577 8
112 23.0916464435571 8
113 23.0913053056341 8
114 23.0909560409135 8
115 23.0905978893545 8
116 23.0902300537104 9
117 23.0898516939131 9
118 23.089461921208 9
119 23.0890597919589 9
120 23.0886443010443 9
121 23.0882143747536 9
122 23.0877688630873 9
123 23.0873065313512 9
124 23.0868260509188 9
125 23.0863259890142 9
126 23.0858047973446 9
127 23.0852607993739 9
128 23.0846921759891 9
129 23.0840969492588 10
130 23.0834729639118 10
131 23.0828178660857 10
132 23.0821290787847 10
133 23.0814037733604 10
134 23.0806388361649 10
135 23.0798308293264 10
136 23.0789759443578 10
137 23.0780699470101 10
138 23.0771081114333 10
139 23.0760851412894 10
140 23.0749950749797 10
141 23.0738311716044 11
142 23.0725857736777 11
143 23.071250142011 11
144 23.0698142576115 11
145 23.068266585023 11
146 23.0665937914489 11
147 23.0647804165155 11
148 23.062808489121 11
149 23.0606570911534 11
150 23.0583018739785 11
151 23.0557145439836 11
152 23.0528623501365 11
153 23.0497076320797 11
154 23.0462075246039 12
155 23.0423139658197 12
156 23.037974221938 12
157 23.0331322153145 12
158 23.027731006647 12
159 23.0217168003816 12
160 23.0150447538573 12
161 23.0076865964065 12
162 22.9996395376794 12
163 22.9909351778816 12
164 22.9816463113308 12
165 22.9718890453957 12
166 22.9618180588961 13
167 22.9516143942368 13
168 22.9414675801368 13
169 22.9315560654684 13
170 22.922030689584 13
171 22.9130047217459 13
172 22.9045515298884 13
173 22.8967085164275 13
174 22.889484634665 13
175 22.8828687818498 13
176 22.8768371851068 13
177 22.8713589206699 14
178 22.8663995111559 14
179 22.8619229922306 14
180 22.8578929777745 14
181 22.8542731964528 14
182 22.8510278309015 14
183 22.8481218392842 14
184 22.8455213191014 14
185 22.8431938991249 14
186 22.8411091137942 14
187 22.8392387131625 14
188 22.8375568764992 14
189 22.8360403174325 14
190 22.8346682857767 15
191 22.8334224827029 15
192 22.8322869113578 15
193 22.8312476856326 15
194 22.8302928172607 15
195 22.8294119973766 15
196 22.8285963842605 15
197 22.8278384049634 15
198 22.8271315751861 15
199 22.826470339283 15
200 22.8258499305124 15
201 22.8252662505289 15
202 22.8247157664775 15
203 22.8241954237459 15
204 22.8237025723737 16
205 22.8232349051911 16
206 22.8227904059215 16
207 22.8223673056791 16
208 22.8219640464986 16
209 22.8215792507303 16
210 22.8212116953182 16
211 22.8208602901353 16
212 22.8205240596919 16
213 22.8202021276486 16
214 22.8198937036638 16
215 22.8195980721906 16
216 22.8193145829022 16
217 22.8190426424847 17
218 22.8187817075781 17
219 22.8185312786886 17
220 22.8182908949223 17
221 22.8180601294178 17
222 22.8178385853758 17

0 47.8401031275013 0
1 45.1473247898867 0
2 43.3175130636579 0
3 42.1141706958986 0
4 41.0478119911599 0
5 39.8015535588851 0
6 38.4868343076128 0
7 37.1734694720628 0
8 35.856844546549 0
9 34.6995826057206 0
10 33.8230541974703 0
11 33.1605600009938 0
12 32.5750334054274 1
13 31.9555978324223 1
14 31.301039040083 1
15 30.6906512026049 1
16 30.1781190551381 1
17 29.7566085286096 1
18 29.3828569429635 1
19 29.0030413600279 1
20 28.5853751397789 1
21 28.1597687702407 1
22 27.7853696305722 1
23 27.4602722381044 1
24 27.1386091865277 2
25 26.8286644332723 2
26 26.5654735629764 2
27 26.3375239219018 2
28 26.1127414480885 2
29 25.8729358924547 2
30 25.6228446714621 2
31 25.3812687417941 2
32 25.1678132243162 2
33 24.9924674822796 2
34 24.8530961825652 2
35 24.74111297004 2
36 24.6475643724396 2
37 24.5656828263798 2
38 24.4905462665646 3
39 24.4171993480043 3
40 24.3378829500668 3
41 24.2385051124153 3
42 24.0973038078976 3
43 23.8997164723181 3
44 23.6747387699673 3
45 23.4846018887613 3
46 23.3571217875588 3
47 23.2793370942248 3
48 23.2313596328544 3
49 23.2000552034453 3
50 23.1783047856573 4
51 23.1623310630671 4
52 23.1500402278816 4
53 23.1401997160186 4
54 23.132041231332 4
55 23.1250618527333 4
56 23.1189188843363 4
57 23.1133712748262 4
58 23.1082454776657 4
59 23.1034148398772 4
60 23.0987868556349 4
61 23.0942951861753 4
62 23.0898946441599 4
63 23.0855580076035 4
64 23.0812738727448 5
65 23.0770449386687 5
66 23.0728862365407 5
67 23.068822937961 5
68 23.0648875393247 5
69 23.0611164298814 5
70 23.0575460811282 5
71 23.0542092845008 5
72 23.0511319469679 5
73 23.0483308918348 5
74 23.0458129193373 5
75 23.0435751240429 5
76 23.0416062306406 5
77 23.0398885652409 6
78 23.0384002506811 6
79 23.0371172819358 6
80 23.0360152569234 6
81 23.0350706629723 6
82 23.0342617188928 6
83 23.0335688348149 6
84 23.0329747790404 6
85 23.0324646428289 6
86 23.0320256812689 6
87 23.0316470900466 6
88 23.0313197596772 6
89 23.0310360334609 6
90 23.0307894839323 7
91 23.0305747146753 7

0 48.9903708903384 0
1 46.6493092283107 0
2 44.8014314436825 0
3 43.269382960798 0
4 41.9807208197847 0
5 40.9137353164302 0
6 39.9627332829934 0
7 39.1368808616696 0
8 38.4725858844954 0
9 37.9147550545286 1
10 37.4075983926771 1
11 36.9334539890666 1
12 36.4899025929944 1
13 36.0753552757536 1
14 35.6929229004862 1
15 35.349500324795 1
16 35.0462657201682 1
17 34.7732309327168 1
18 34.5003604005576 1
19 34.0520476931949 1
20 33.3098551890441 1
21 32.5995507104318 2
22 31.9863643474703 2
23 31.4640234433689 2
24 30.9974092074278 2
25 30.5222991347978 2
26 29.9947952336405 2
27 29.4508698668228 2
28 28.963140153593 2
29 28.5605614346618 2
30 28.2158004175807 2
31 27.8882751027707 2
32 27.5540038081538 2
33 27.2038613160256 2
34 26.8397616043927 2
35 26.4722147508495 3
36 26.1146057357998 3
37 25.7762700002969 3
38 25.4633306718903 3
39 25.1885646442823 3
40 24.966073215735 3
41 24.7967309190611 3
42 24.6696438783787 3
43 24.5719197238183 3
44 24.4938569455774 3
45 24.4293417113487 3
46 24.3746866657065 3
47 24.3275649885945 3
48 24.2863751408393 4
49 24.2499284927052 4
50 24.2173076412426 4
51 24.1877976906265 4
52 24.1608441333357 4
53 24.13602030774 4
54 24.1129999039831 4
55 24.0915337548749 4
56 24.0714306248578 4
57 24.0525415011424 4
58 24.034746848907 4
59 24.0179464698066 4
60 24.0020518193612 4
61 23.9869807447731 4
62 23.9726545609344 5
63 23.9589972374575 5
64 23.9459363014961 5
65 23.9334049271845 5
66 23.9213446014825 5
67 23.9097077222902 5
68 23.8984594946648 5
69 23.8875785619766 5
70 23.8770559728433 5
71 23.8668923606666 5
72 23.8570935732037 5
73 23.8476653475628 5
74 23.8386078590631 5
75 23.8299109816504 6
76 23.8215508653513 6
77 23.8134880429559 6
78 23.8056668630888 6
79 23.798015739495 6
80 23.7904475725682 6
81 23.7828597314314 6
82 23.7751331321978 6
83 23.7671301600579 6
84 23.7586914460336 6
85 23.7496318668982 6
86 23.7397366930481 6
87 23.728759710909 6
88 23.7164265084516 7
89 23.7024478097543 7
90 23.6865489897641 7
91 23.6685207052985 7
92 23.6482888367562 7
93 23.6259877598909 7
94 23.6020041068259 7
95 23.5769536157894 7
96 23.5515770606259 7
97 23.5265861184688 7
98 23.5025216625987 7
99 23.4796764398539 7
100 23.458093137303 7
101 23.4376138695266 8
102 23.4179482712197 8
103 23.3987380671142 8
104 23.3796111661746 8
105 23.3602289336789 8
106 23.3403338713384 8
107 23.3198013793514 8
108 23.298689302568 8
109 23.2772664818858 8
110 23.255996057644 8
111 23.2354612907527 8
112 23.2162498749553 8
113 23.1988379219996 8
114 23.1835155765455 9
115 23.170371945524 9
116 23.1593281572513 9
117 23.1501930575241 9
118 23.14271872282 9
119 23.1366434265063 9
120 23.1317191509682 9
121 23.1277259556874 9
122 23.1244771401797 9
123 23.1218188522301 9
124 23.1196268473897 9
125 23.1178021464452 9
126 23.1162665922551 9
127 23.1149588045843 9
128 23.113830726277 10
129 23.1128447868174 10
130 23.1119716290638 10
131 23.1111883148679 10
132 23.1104769214987 10
133 23.1098234490428 10
134 23.109216971436 10
135 23.1086489765861 10
136 23.1081128524895 10
137 23.1076034857953 10
138 23.1071169469338 10
139 23.1066502419513 10
140 23.1062011158557 10
141 23.1057678958717 11
142 23.1053493657567 11
143 23.1049446644316 11
144 23.1045532037925 11
145 23.1041746017912 11
146 23.1038086278068 11
147 23.1034551580342 11
148 23.1031141391447 11
149 23.1027855588688 11
150 23.1024694224404 11
151 23.102165734051 11
152 23.1018744826164 11
153 23.1015956312582 11
154 23.1013291099846 11
155 23.1010748111028 12
156 23.1008325869379 12
157 23.1006022494673 12

0 47.1128113148505 0
1 44.6531379743663 0
2 43.0996485236234 0
3 41.5986749723575 0
4 40.0489380901726 0
5 38.7169345125827 0
6 37.6422230312086 0
7 36.7247912413003 0
8 35.8754965584032 0
9 35.1760378296021 0
10 34.6405957161388 0
11 34.0723459734932 0
12 33.279677815329 1
13 32.4526172591598 1
14 31.6063015127381 1
15 30.651963657632 1
16 29.6072748289041 1
17 28.7414456065871 1
18 28.0987615612043 1
19 27.6135501170097 1
20 27.2398381086144 1
21 26.9452283979503 1
22 26.7037583014402 1
23 26.4917646331621 1
24 26.2852462339481 1
25 26.0625610474513 1
26 25.8128058037068 2
27 25.5457996903311 2
28 25.2898793682809 2
29 25.0683528342817 2
30 24.8826941680682 2
31 24.721828517558 2
32 24.5762932833106 2
33 24.4428223660592 2
34 24.321712035638 2
35 24.2129017212756 2
36 24.1146190983352 2
37 24.0242477393562 2
38 23.9393691109831 2
39 23.8581532273692 3
40 23.7793958338711 3
41 23.7026107865886 3
42 23.6282609291167 3
43 23.5578803154654 3
44 23.4937386338036 3
45 23.43799495399 3
46 23.3917931763613 3
47 23.3548833608602 3
48 23.3259070397636 3
49 23.3030013922252 3
50 23.2843251381626 3
51 23.2683457137538 3
52 23.2539268175427 4
53 23.2403112362283 4
54 23.2270666874099 4
55 23.2140233178658 4
56 23.2012092469084 4
57 23.1887849300688 4
58 23.1769789493577 4
59 23.1660298830496 5
60 23.1561390769546 5
61 23.1474383553624 5
62 23.1399753979569 5
63 23.1337168862785 5
64 23.1285656711143 5
65 23.1243850688692 5
66 23.1210229428101 5
67 23.1183304763558 5
68 23.1161738041182 5
69 23.1144392178685 5
70 23.1130338454108 5
71 23.1118837691857 5
72 23.1109310754785 6
73 23.1101307505367 6
74 23.1094478824043 6
75 23.1088553347073 6
76 23.1083319015408 6
77 23.1078608838094 6
78 23.1074290075044 6
79 23.1070256077008 6
80 23.1066420140289 6
81 23.1062710869024 6
82 23.1059068658888 6
83 23.105544301415 6
84 23.1051790485335 6
85 23.1048073070992 7
86 23.104425696837 7
87 23.1040311587905 7
88 23.1036208768302 7
89 23.1031922144934 7
90 23.1027426635853 7
91 23.1022698018278 7
92 23.1017712574649 7
93 23.1012446792053 7
94 23.10068771023 7
95 23.1000979652581 7
96 23.0994730098704 7
97 23.0988103414479 7
98 23.0981073712165 8
99 23.0973614069929 8
100 23.0965696363259 8
101 23.0957291098124 8
102 23.0948367244496 8
103 23.0938892069681 8
104 23.0928830971735 8
105 23.0918147314081 8
106 23.0906802263347 8
107 23.0894754633315 8
108 23.088196073881 8
109 23.0868374264222 8
110 23.0853946152249 8
111 23.0838624519233 9
112 23.082235460426 9
113 23.0805078759838 9
114 23.0786736492697 9
115 23.0767264563986 9
116 23.0746597159035 9
117 23.0724666138173 9
118 23.0701401381965 9
119 23.0676731246937 9
120 23.0650583151687 9
121 23.0622884318256 9
122 23.0593562699742 9
123 23.056254813177 9
124 23.0529773751757 9
125 23.0495177734033 10
126 23.0458705388456 10
127 23.0420311662037 10
128 23.0379964063468 10
129 23.0337645995995 10
130 23.0293360431959 10
131 23.0247133792445 10
132 23.0199019811455 10
133 23.0149103075113 10
134 23.0097501848876 10
135 23.0044369761789 10
136 22.9989895932347 10
137 22.99343032175 10
138 22.9877844453818 11
139 22.9820796823276 11
140 22.9763454771222 11
141 22.9706122161184 11
142 22.9649104491357 11
143 22.9592701961018 11
144 22.9537203947771 11
145 22.9482885085707 11
146 22.9430002720265 11
147 22.9378795179828 11
148 22.9329480149781 11
149 22.9282252509649 11
150 22.9237281275764 11
151 22.9194705695327 12
152 22.9154630943042 12
153 22.9117124160665 12
154 22.9082211672076 12
155 22.9049878080781 12
156 22.9020067655161 12
157 22.8992688017702 12
158 22.8967615781636 12
159 22.8944703508141 12
160 22.8923787235729 12
161 22.8904693860371 12
162 22.8887247784452 12
163 22.8871276451277 12
164 22.8856614587724 12
165 22.8843107152891 13
166 22.8830611115631 13
167 22.8818996255566 13
168 22.8808145208145 13
169 22.8797952967283 13
170 22.8788326032269 13
171 22.8779181349815 13
172 22.8770445165244 13
173 22.8762051863406 13
174 22.8753942852221 13
175 22.8746065520355 13
176 22.873837228484 13
177 22.8730819733713 13
178 22.8723367861833 13
179 22.8715979393942 14
180 22.87086191871 14
181 22.8701253704011 14
182 22.8693850549197 14
183 22.8686378061006 14
184 22.8678804953904 14
185 22.8671100007328 14
186 22.8663231799366 14
187 22.8655168485866 14
188 22.8646877628035 14
189 22.8638326074414 14
190 22.8629479906138 14
191 22.8620304457695 14
192 22.8610764428916 15
193 22.8600824107487 15
194 22.8590447724672 15
195 22.8579599969785 15
196 22.8568246690615 15
197 22.8556355806825 15
198 22.8543898460095 15
199 22.8530850417395 15
200 22.8517193730696 15
201 22.8502918636476 15
202 22.8488025650493 15
203 22.847252777741 15
204 22.8456452712365 15
205 22.8439844865711 16
206 22.8422766999064 16
207 22.8405301228819 16
208 22.8387549143149 16
209 22.8369630800802 16
210 22.8351682443303 16
211 22.8333852858956 16
212 22.8316298481123 16
213 22.8299177467747 16
214 22.8282643167739 16
215 22.8266837501655 16
216 22.8251884840355 16
217 22.8237886938405 16
218 22.8224919367866 16
219 22.8213029720643 17
220 22.8202237636167 17
221 22.8192536504599 17
222 22.8183896529026 17
223 22.817626872668 17
224 22.8169589416398 17
225 22.816378477021 17
226 22.8158775083488 17
227 22.8154478518727 17
228 22.815081418253 17
229 22.8147704488246 17
230 22.8145076829128 17
231 22.8142864635767 17

0 46.8709708055211 0
1 44.463263923889 0
2 42.9573657251289 0
3 41.7864429852887 0
4 40.7990133622148 0
5 39.8303664377872 0
6 38.7622332001323 0
7 37.6720514350151 0
8 36.691024480193 0
9 35.8217116841116 0
10 34.9478429496796 0
11 33.9438691462366 0
12 32.7964182476623 0
13 31.607181753639 1
14 30.4496113120079 1
15 29.362463480114 1
16 28.4165536881028 1
17 27.6529463569943 1
18 27.0302464390661 1
19 26.4845289919087 1
20 26.0026612969397 1
21 25.6125564932029 1
22 25.3059871645992 1
23 25.0528840162369 1
24 24.8353212019514 1
25 24.6458725726428 1
26 24.4802990240453 2
27 24.3347566435719 2
28 24.205489477462 2
29 24.0893639525111 2
30 23.9844687976385 2
31 23.8902313552035 2
32 23.8068397043553 2
33 23.7343414719107 2
34 23.6720766018421 2
35 23.6187306009334 2
36 23.5727495625681 2
37 23.5327183908241 2
38 23.4975149182959 2
39 23.4662751340612 3
40 23.438283599901 3
41 23.412876883114 3
42 23.3893938092521 3
43 23.3671679477761 3
44 23.3455443379906 3
45 23.3239063185786 3
46 23.3017079605975 3
47 23.2785143807849 3
48 23.254051439031 3
49 23.2282567414181 3
50 23.2013094759327 3
51 23.1736097251424 4
52 23.1456941418238 4
53 23.1181136127462 4
54 23.0913294434427 4
55 23.0656736247239 4
56 23.0413724612742 4
57 23.0185943638686 4
58 22.9974811256991 4
59 22.9781478321844 4
60 22.9606625599664 4
61 22.945026277854 4
62 22.9311668379811 4
63 22.918949210692 4
64 22.9081960639882 4
65 22.8987108062677 5
66 22.8902972307906 5
67 22.8827730776321 5
68 22.8759774130615 5
69 22.8697731685741 5
70 22.8640466217601 5
71 22.858705407204 5
72 22.8536761680146 5
73 22.848902442302 5
74 22.8443429573104 5
75 22.8399702251956 5
76 22.8357691963358 5
77 22.8317357056449 5
78 22.8278745176305 5
79 22.8241969086655 6
80 22.8207178856382 6
81 22.8174532856768 6
82 22.814417087534 6
83 22.81161926171 6
84 22.8090643934109 6
85 22.8067511619638 6
86 22.8046726026618 6
87 22.8028169586453 6
88 22.8011688762114 6
89 22.7997107056117 6
90 22.7984237211688 6
91 22.7972891438325 6
92 22.7962889150141 7
93 22.7954062206668 7
94 22.7946257957587 7
95 22.7939340537542 7
96 22.7933190882259 7
97 22.7927705890844 7
98 22.7922797080462 7
99 22.7918388993962 7
100 22.791441754319 7
101 22.7910828406725 7
102 22.7907575552028 7
103 22.7904619916995 7
104 22.7901928262287 7
105 22.789947219078 7
106 22.7897227321853 8

0 43.8187428501711 0
1 40.7177062669894 0
2 39.068265653207 0
3 38.1717031190847 0
4 37.6383648377159 0
5 37.2736864037383 0
6 36.968814111207 0
7 36.6690617280009 0
8 36.3536121367996 0
9 36.0199442869679 0
10 35.6709125730188 0
11 35.3046033104872 0
12 34.9175914875865 1
13 34.5193306135534 1
14 34.1349944793058 1
15 33.7864279667088 1
16 33.4761656565309 1
17 33.1921736575788 1
18 32.9200109196995 1
19 32.6497142191132 1
20 32.3735088910435 1
21 32.079844778332 1
22 31.7604351826275 1
23 31.4250650805276 1
24 31.0946887459358 1
25 30.7863037268614 1
26 30.5116310477577 2
27 30.2756263117951 2
28 30.070795066912 2
29 29.8772226140077 2
30 29.6730478515336 2
31 29.4522306352783 2
32 29.2337104533227 2
33 29.0429037637933 2
34 28.8865068961882 2
35 28.7530072968034 2
36 28.6259193664356 2
37 28.4933387525052 2
38 28.3520260159914 2
39 28.2001912067969 2
40 28.0297435371283 3
41 27.8323343821706 3
42 27.6033159329901 3
43 27.3322661067106 3
44 27.0072709813922 3
45 26.6313970904648 3
46 26.2114220185808 3
47 25.7588064914811 3
48 25.3292100193511 3
49 24.9962586301754 3
50 24.7722575494807 3
51 24.6203288084227 3
52 24.5062324792121 3
53 24.4114720599894 4
54 24.3274514192697 4
55 24.2499809072752 4
56 24.1766085463887 4
57 24.1055495934509 4
58 24.0353229801383 4
59 23.9647173528706 4
60 23.8929545105298 4
61 23.8199684078605 4
62 23.7466340440075 4
63 23.6746811389577 4
64 23.6061485790702 4
65 23.5426387719268 4
66 23.4848791435171 4
67 23.4327930498222 5
68 23.3858078427121 5
69 23.3430716369772 5
70 23.3035334806697 5
71 23.2660340571011 5
72 23.2295066763807 5
73 23.1932433853314 5
74 23.1570925794263 5
75 23.1214732187252 5
76 23.0871917574941 5
77 23.0551545240074 5
78 23.0261033868755 5
79 23.0004629370747 5
80 22.9783206912328 5
81 22.9595036754995 6
82 22.9436882908456 6
83 22.9304933890631 6
84 22.9195381949395 6
85 22.9104701718928 6
86 22.9029750010215 6
87 22.8967782361554 6
88 22.8916437023224 6
89 22.887370675438 6
90 22.8837905163044 6
91 22.8807630094271 6
92 22.8781725858662 6
93 22.8759246055971 6
94 22.8739418524763 7
95 22.872161349918 7
96 22.8705315538703 7
97 22.8690099347167 7
98 22.8675609271218 7
99 22.8661542068989 7
100 22.8647632443178 7
101 22.8633640807579 7
102 22.8619342774362 7
103 22.8604519889583 7
104 22.8588951192934 7
105 22.8572405226957 7
106 22.8554632168422 7
107 22.8535355801945 7
108 22.8514265108267 8
109 22.8491005305982 8
110 22.8465168278872 8
111 22.8436282459824 8
112 22.8403802450869 8
113 22.8367098967668 8
114 22.8325450141408 8
115 22.8278035827356 8
116 22.8223937383363 8
117 22.8162146391178 8
118 22.809158693622 8
119 22.8011157167913 9
120 22.791979658747 9
121 22.7816585246323 9
122 22.7700878833416 9
123 22.7572478180591 9
124 22.7431821643524 9
125 22.7280173561867 9
126 22.7119763620047 9
127 22.6953817278884 9
128 22.6786418591576 10
129 22.6622176064314 10
130 22.646572146996 10
131 22.632114132466 10
132 22.6191484301595 10
133 22.6078473922665 10
134 22.5982485263895 10
135 22.5902753752695 10
136 22.5837719784322 10
137 22.5785398876614 10
138 22.5743695097406 10
139 22.5710619644104 10
140 22.5684413868987 10
141 22.5663596941422 10
142 22.5646964114297 11
143 22.5633558288754 11
144 22.5622630985854 11
145 22.5613602431906 11
146 22.5606025653945 11
147 22.5599556414794 11
148 22.5593929121882 11
149 22.5588938055375 11
150 22.5584422998031 11
151 22.5580258353795 11
152 22.557634496036 11
153 22.5572603950689 11
154 22.5568972160987 11
155 22.5565398703172 12
156 22.5561842415522 12
157 22.5558269978218 12
158 22.5554654534861 12
159 22.5550974700665 12
160 22.5547213866504 12
161 22.5543359728001 12
162 22.5539403982714 12
163 22.5535342147725 12
164 22.5531173456171 12
165 22.5526900795338 12
166 22.5522530652065 12
167 22.5518073034092 12
168 22.5513541339394 12
169 22.5508952150107 13
170 22.5504324933669 13
171 22.5499681641433 13
172 22.5495046203994 13
173 22.5490443932276 13
174 22.5485900843202 13
175 22.5481442937483 13
176 22.5477095463619 13
177 22.5472882205816 13
178 22.5468824833482 13
179 22.5464942346339 13
180 22.5461250642268 13
181 22.5457762225698 13
182 22.5454486063831 14
183 22.5451427587427 14
184 22.5448588823478 14
185 22.5445968639764 14
186 22.5443563076395 14
187 22.544136573733 14

0 52.1159624021747 0
1 49.6160654865039 0
2 47.8817356959402 0
3 46.5673011042483 0
4 45.4177020129168 0
5 44.322723750574 0
6 43.1884345855347 0
7 41.8749729007454 0
8 40.5087309421806 0
9 39.4246736587532 0
10 38.584070109681 0
11 37.8188146483253 0
12 37.0028470036402 0
13 36.2012305251586 1
14 35.5451858271243 1
15 35.0125256838723 1
16 34.5183814080401 1
17 34.0061521894511 1
18 33.4610954360815 1
19 32.8944602813503 1
20 32.3291223797745 1
21 31.7777566056071 1
22 31.2306343015399 1
23 30.6711839586391 1
24 30.0984645845735 1
25 29.5230435931568 1
26 28.9341670438088 2
27 28.3074560464144 2
28 27.6663925100958 2
29 27.0782614475414 2
30 26.6017148852871 2
31 26.2377476968351 2
32 25.94019678859 2
33 25.6620985062629 2
34 25.3780869642145 2
35 25.0799093299218 2
36 24.7673991201823 2
37 24.450554524546 2
38 24.154846882404 3
39 23.9078749163163 3
40 23.7170344556902 3
41 23.5700956962028 3
42 23.451339566979 3
43 23.3497725681877 3
44 23.2584863199962 3
45 23.1731632325938 3
46 23.0931478986673 3
47 23.0224033717591 3
48 22.9660435609427 3
49 22.9254874515589 3
50 22.8981169567894 3
51 22.8800109072878 3
52 22.8678853011691 4
53 22.8595258889698 4
54 22.853560313401 4
55 22.8491525247544 4
56 22.8457848370912 4
57 22.8431269809066 4
58 22.8409613013213 4
59 22.8391399502228 4
60 22.8375597538925 4
61 22.8361469500574 4
62 22.8348476002338 4
63 22.8336213846377 4
64 22.8324374866822 4
65 22.831271812032 4
66 22.8301050865082 5
67 22.8289215497725 5
68 22.8277080646423 5
69 22.8264535248722 5
70 22.8251484833263 5
71 22.8237849464695 5
72 22.8223562950452 5
73 22.8208572975725 5
74 22.8192841848212 5
75 22.8176347512506 5
76 22.8159084452294 5
77 22.8141064057766 5
78 22.8122314021054 5
79 22.8102876360174 6
80 22.8082803781971 6
81 22.806215428115 6
82 22.8040984115756 6
83 22.801933955318 6
84 22.7997247980547 6
85 22.7974709056231 6
86 22.7951686506855 6
87 22.7928100950718 6
88 22.7903823803075 6
89 22.7878671968976 6
90 22.7852402736904 6
91 22.7824708113641 6
92 22.7795207822158 6
93 22.7763440336776 7
94 22.772885167599 7
95 22.7690782271861 7
96 22.7648453207891 7
97 22.760095466382 7
98 22.7547241780483 7
99 22.7486146568714 7
100 22.7416418827332 7
101 22.733681335326 7
102 22.7246242404863 7
103 22.7144006419446 7
104 22.703009562481 7
105 22.6905516009679 7
106 22.6772541885002 8
107 22.6634760813357 8
108 22.6496797021258 8
109 22.6363702357326 8
110 22.6240156970307 8
111 22.6129732734921 8
112 22.6034456640554 8
113 22.595477313763 8
114 22.5889837005515 8
115 22.583797014408 8
116 22.5797116734254 8
117 22.5765194592536 8
118 22.5740312317095 8
119 22.5720869616514 8
120 22.5705576947734 9
121 22.5693429711076 9
122 22.5683663036018 9
123 22.5675703060357 9
124 22.566912275448 9
125 22.5663605330198 9
126 22.5658915540954 9
127 22.5654877941986 9
128 22.5651360788278 9
129 22.5648264274387 9
130 22.5645512013451 9
131 22.5643044884315 9
132 22.5640816588474 9

0 42.8615489621161 0
1 38.9861276771275 0
2 37.2028955494757 0
3 36.1513845149564 0
4 35.2454727167968 0
5 34.3101351885074 0
6 33.3214278343715 0
7 32.2242794113843 0
8 30.9823392780864 0
9 29.6939210437353 0
10 28.5309308523794 0
11 27.6049088390935 0
12 26.9002363865182 1
13 26.3292752698492 1
14 25.8779828789424 1
15 25.5473266043067 1
16 25.2899159073778 1
17 25.0669433921386 1
18 24.8611588926759 1
19 24.6691599935057 1
20 24.4941551963664 1
21 24.3402104261025 1
22 24.2085113164861 1
23 24.0968832502487 1
24 24.0015027601885 1
25 23.9185546208842 1
26 23.8449354111677 2
27 23.7783234793651 2
28 23.7170956451307 2
29 23.6603198609333 2
30 23.6077786446393 2
31 23.5598158156883 2
32 23.5169182342574 2
33 23.4792546862901 2
34 23.4464844866141 2
35 23.4178916786441 2
36 23.3926493567379 2
37 23.3700211238362 2
38 23.3494428139203 2
39 23.3305197809914 2
40 23.3129898137478 3
41 23.2966825617781 3
42 23.281487140035 3
43 23.2673293731209 3
44 23.254156680339 3
45 23.2419282425824 3
46 23.2306086599265 3
47 23.2201639273706 3
48 23.2105589970893 3
49 23.201756463027 3
50 23.1937160538235 3
51 23.1863947027987 3
52 23.1797470120767 3
53 23.1737259608136 4
54 23.1682837345596 4
55 23.1633725780442 4
56 23.158945598097 4
57 23.1549574664792 4
58 23.1513649931035 4
59 23.1481275575624 4
60 23.1452074005164 4
61 23.1425697862086 4
62 23.1401830534511 4
63 23.1380185753967 4
64 23.1360506489628 4
65 23.1342563335996 4
66 23.1326152568406 4
67 23.1311094012734 5
68 23.1297228846238 5
69 23.1284417418375 5
70 23.1272537155398 5
71 23.1261480591392 5
72 23.1251153551322 5
73 23.1241473498503 5
74 23.1232368049129 5
75 23.1223773649688 5
76 23.1215634408508 5
77 23.1207901070055 5
78 23.1200530119148 5
79 23.1193483001935 5
80 23.1186725450687 6
81 23.1180226900194 6
82 23.1173959984473 6
83 23.1167900103568 6
84 23.1162025051351 6
85 23.115631469629 6
86 23.1150750708217 6
87 23.114531632504 6
88 23.1139996154254 6
89 23.1134776004824 6
90 23.1129642745727 6
91 23.1124584188027 6
92 23.1119588987827 6
93 23.1114646567913 6
94 23.1109747056226 7
95 23.1104881239575 7
96 23.1100040531233 7
97 23.1095216951186 7
98 23.1090403117887 7
99 23.1085592250393 7
100 23.1080778179716 7
101 23.1075955368139 7
102 23.1071118935084 7
103 23.1066264687973 7
104 23.1061389156302 7
105 23.105648962694 7
106 23.1051564178476 7
107 23.1046611712282 8
108 23.104163197784 8
109 23.1036625589906 8
110 23.1031594035162 8
111 23.1026539666243 8
112 23.1021465681422 8
113 23.1016376088731 8
114 23.1011275653934 8
115 23.1006169832525 8
116 23.100106468669 9
117 23.0995966788973 9
118 23.09908831151 9
119 23.0985820929047 9
120 23.0980787663831 9
121 23.0975790801787 9
122 23.0970837758019 9
123 23.0965935770548 9
124 23.0961091800181 9
125 23.0956312442575 9
126 23.0951603854229 9
127 23.0946971693393 9
128 23.0942421076165 10
129 23.0937956547352 10
130 23.0933582065122 10
131 23.0929300998067 10
132 23.0925116132984 10
133 23.0921029691563 10
134 23.0917043354141 10
135 23.091315828877 10
136 23.0909375183989 10
137 23.09056942839 10
138 23.0902115424381 10
139 23.0898638069477 10
140 23.0895261347243 10
141 23.0891984084493 10
142 23.0888804840089 11
143 23.0885721936522 11
144 23.088273348965 11
145 23.0879837436553 11
146 23.0877031561482 11
147 23.0874313519959 11
148 23.0871680861093 11
149 23.0869131048164 11
150 23.0866661477592 11
151 23.0864269496328 11
152 23.0861952417788 11
153 23.0859707536372 11

0 48.9409120585186 0
1 46.5536164032349 0
2 45.3835685470882 0
3 44.5092355401613 0
4 43.5878839802337 0
5 42.498757552672 0
6 41.2245880832829 0
7 39.8256343603186 0
8 38.4250685819364 0
9 37.0423039065 0
10 35.628508553612 0
11 34.2400231706944 0
12 32.9365135423837 1
13 31.6646256368252 1
14 30.3933276515838 1
15 29.398992930549 1
16 28.7670430397803 1
17 28.3398907671254 1
18 27.9605159965892 1
19 27.5525653175994 1
20 27.2363579383046 1
21 27.0125781274282 1
22 26.8389484048529 1
23 26.6929321847482 1
24 26.5699977039452 1
25 26.4679912059689 1
26 26.3819575875504 2
27 26.3067646587866 2
28 26.2389980447405 2
29 26.1769415921791 2
30 26.1199940034376 2
31 26.0681680097661 2
32 26.0216852136615 2
33 25.9805897864385 2
34 25.9444604707016 2
35 25.9123493272678 2
36 25.8829259600251 2
37 25.8546688764386 2
38 25.825967955349 2
39 25.7951028142148 3
40 25.760129018065 3
41 25.7187278531502 3
42 25.6681082095416 3
43 25.6051429841831 3
44 25.5270666423294 3
45 25.4330316575967 3
46 25.3261158284832 3
47 25.2140268741871 3
48 25.1067261398804 3
49 25.0121310583095 3
50 24.9334764034317 3
51 24.8698836000629 3
52 24.8184718543406 3
53 24.7760631705352 4
54 24.7399388691363 4
55 24.7079484397162 4
56 24.6783342296692 4
57 24.6494582098621 4
58 24.6194777953035 4
59 24.5859601108304 4
60 24.545462944258 4
61 24.4933357514347 4
62 24.4244907131811 4
63 24.3360764061824 4
64 24.2309274707285 4
65 24.1172183315513 5
66 24.0029499239529 5
67 23.8916093465143 5
68 23.7830336384903 5
69 23.6765054372808 5
70 23.5723777360362 5
71 23.4716672269848 5
72 23.3755332384981 5
73 23.2858018850751 5
74 23.2052483619342 5
75 23.1364693703901 5
76 23.0803535067079 5
77 23.0357568345003 5
78 23.0004318252246 5
79 22.9720915342093 6
80 22.9489270540014 6
81 22.9296586813037 6
82 22.9134087680846 6
83 22.899565873251 6
84 22.8876883917229 6
85 22.8774448611367 6
86 22.8685781642935 6
87 22.8608835901419 6
88 22.854194758823 6
89 22.8483741476826 6
90 22.8433064626252 6
91 22.8388938731457 6
92 22.8350525242926 7
93 22.8317099487328 7
94 22.8288031223093 7
95 22.826276981696 7
96 22.8240832737145 7
97 22.8221796423529 7
98 22.8205288863787 7
99 22.8190983403253 7
100 22.8178593462226 7
101 22.8167867939447 7
102 22.815858715404 7
103 22.815055922821 7
104 22.8143616845619 7
105 22.8137614340879 8
106 22.8132425087766 8
107 22.812793916067 8
108 22.8124061247332 8
109 22.8120708792799 8
110 22.8117810355349 8
111 22.8115304155746 8
112 22.811313680173 8

0 46.9918133644411 0
1 43.0993275726005 0
2 40.1804635481099 0
3 38.0225255083932 0
4 36.5077992753163 0
5 35.026231766249 0
6 33.4156629978181 0
7 32.3062327340607 0
8 31.5317546161653 0
9 30.7587650199436 0
10 30.145767602215 0
11 29.6375471671672 0
12 29.0413949681671 1
13 28.3646263220295 1
14 27.7822425332977 1
15 27.3506721524341 1
16 27.0295559701291 1
17 26.7734506534608 1
18 26.5526540203372 1
19 26.348831551 1
20 26.1496321574458 1
21 25.9457014949044 1
22 25.7289944887412 1
23 25.4920495088027 1
24 25.2317419993806 1
25 24.9621416475446 1
26 24.7199403882341 2
27 24.5359803666384 2
28 24.4100231555225 2
29 24.3241790461854 2
30 24.2621100891169 2
31 24.2139897275418 2
32 24.1745894757177 2
33 24.1410585047509 2
34 24.1116952412186 2
35 24.0853873348188 2
36 24.0613656348016 2
37 24.0390912783168 2
38 24.0181971975717 2
39 23.9984503606003 2
40 23.9797205135487 3
41 23.9619502786157 3
42 23.9451260354328 3
43 23.9292512835422 3
44 23.914324933611 3
45 23.9003265222727 3
46 23.8872090728272 3
47 23.87489882584 3
48 23.8632999518457 3
49 23.8523019780964 3
50 23.8417879750113 3
51 23.8316422492496 3
52 23.8217570214185 3
53 23.8120380812483 4
54 23.8024096218226 4
55 23.7928183848856 4
56 23.7832369901546 4
57 23.7736659893292 4
58 23.7641339154106 4
59 23.754694536571 4
60 23.7454207950443 4
61 23.7363955489372 4
62 23.7277001110356 4
63 23.7194023955537 4
64 23.7115468764069 4
65 23.7041482893276 4
66 23.6971901221075 5
67 23.6906277665599 5
68 23.6843951933405 5
69 23.6784134694881 5
70 23.6725994266732 5
71 23.6668731514236 5
72 23.6611634819893 5
73 23.6554111904089 5
74 23.6495699330038 5
75 23.643605367354 5
76 23.6374930690404 5
77 23.631216019455 5
78 23.6247624348631 6
79 23.6181245376022 6
80 23.6112985556409 6
81 23.6042858597719 6
82 23.597094820451 6
83 23.5897427796431 6
84 23.5822575212277 6
85 23.5746777613641 6
86 23.5670524072906 6
87 23.5594385839576 6
88 23.5518986515604 6
89 23.5444966004734 6
90 23.5372942943955 6
91 23.5303480299497 7
92 23.5237057968154 7
93 23.5174054777654 7
94 23.5114740576362 7
95 23.5059277539361 7
96 23.5007728714085 7
97 23.4960071329672 7
98 23.491621245399 7
99 23.4876005021301 7
100 23.4839262853364 7
101 23.4805773878553 7
102 23.4775311215534 7
103 23.4747642100444 7
104 23.4722534816965 8
105 23.4699763873296 8
106 23.4679113695044 8
107 23.4660381095892 8
108 23.4643376765651 8
109 23.4627925987531 8
110 23.461386876758 8
111 23.4601059531126 8
112 23.4589366514705 8
113 23.4578670957613 8
114 23.4568866175389 8
115 23.4559856578331 8
116 23.4551556681728 8
117 23.4543890140879 8
118 23.4536788833022 9
119 23.4530191999713 9
120 23.4524045456762 9
121 23.451830087416 9
122 23.4512915125146 9
123 23.4507849701464 9
124 23.450307019052 9
125 23.4498545809518 9
126 23.449424899136 9
127 23.449015501718 9
128 23.448624169058 9
129 23.4482489048996 9
130 23.4478879107979 9
131 23.4475395634629 10
132 23.4472023946759 10
133 23.446875073478 10
134 23.4465563903647 10
135 23.4462452432486 10
136 23.4459406249831 10
137 23.445641612265 10
138 23.4453473557532 10
139 23.4450570712628 10
140 23.4447700319096 10
141 23.4444855610947 10
142 23.4442030262315 10
143 23.4439218331302 10
144 23.4436414209639 11
145 23.4433612577487 11
146 23.4430808362785 11
147 23.4427996704628 11
148 23.4425172920211 11
149 23.4422332474913 11
150 23.4419470955188 11
151 23.4416584043914 11
152 23.4413667497945 11
153 23.4410717127607 11
154 23.440772877793 11
155 23.4404698311436 11
156 23.4401621592314 11
157 23.4398494471873 12
158 23.4395312775133 12
159 23.43920722885 12
160 23.438876874844 12
161 23.4385397831108 12
162 23.4381955142917 12
163 23.4378436212038 12
164 23.4374836480845 12
165 23.4371151299341 12
166 23.4367375919623 12
167 23.4363505491465 12
168 23.4359535059119 12
169 23.4355459559449 12
170 23.4351273821562 13
171 23.4346972568084 13
172 23.4342550418298 13
173 23.4338001893352 13
174 23.4333321423791 13
175 23.4328503359676 13
176 23.4323541983601 13
177 23.4318431526908 13
178 23.4313166189449 13
179 23.4307740163237 13
180 23.4302147660355 13
181 23.429638294546 13
182 23.4290440373256 13
183 23.428431443123 14
184 23.4277999787948 14
185 23.4271491347127 14
186 23.4264784307603 14
187 23.4257874229248 14
188 23.4250757104682 14
189 23.4243429436518 14
190 23.4235888319628 14
191 23.4228131527687 14
192 23.4220157602989 14
193 23.4211965948199 14
194 23.4203556918398 14
195 23.4194931911436 14
196 23.4186093454252 14
197 23.4177045282523 15
198 23.4167792410728 15
199 23.4158341189497 15
200 23.4148699347014 15
201 23.4138876011281 15
202 23.4128881710198 15
203 23.4118728346785 15
204 23.4108429147432 15
205 23.4097998581757 15
206 23.408745225365 15
207 23.40768067641 15
208 23.4066079547643 15
209 23.4055288685502 15
210 23.4044452699713 16
211 23.403359033364 16
212 23.4022720325218 16
213 23.4011861179869 16
214 23.4001030950373 16
215 23.3990247030855 16
216 23.3979525971591 16
217 23.3968883320473 16
218 23.3958333495764 16
219 23.3947889693374 16
220 23.3937563830239 16
221 23.3927366523804 16
222 23.3917307105981 16
223 23.3907393668555 17
224 23.3897633135823 17
225 23.3888031359364 17
226 23.3878593229256 17
227 23.3869322795854 17
228 23.3860223396277 17
229 23.3851297780119 17
230 23.3842548229477 17
231 23.3833976669086 17
232 23.3825584763236 17
233 23.3817373997007 17
234 23.380934574029 17
235 23.3801501293906 17
236 23.3793841917939 18
237 23.3786368843125 18
238 23.3779083266704 18
239 23.3771986334664 18
240 23.376507911263 18
241 23.3758362547922 18
242 23.3751837425391 18
243 23.3745504319683 18
244 23.3739363546472 18
245 23.3733415115029 18
246 23.3727658684238 18
247 23.3722093523852 18
248 23.3716718482444 18
249 23.3711531963122 18
250 23.3706531907671 19
251 23.3701715789454 19
252 23.3697080615013 19
253 23.3692622934021 19
254 23.3688338856938 19
255 23.3684224079549 19
256 23.3680273913358 19
257 23.3676483320732 19
258 23.3672846953621 19
259 23.3669359194695 19
260 23.3666014199754 19
261 23.3662805940369 19
262 23.365972824578 19
263 23.3656774843239 20
264 23.3653939396068 20
265 23.365121553889 20
266 23.364859690958 20
267 23.3646077177629 20
268 23.3643650068739 20
269 23.3641309385552 20
270 23.3639049024504 20

0 44.407124886254 0
1 40.4419345353451 0
2 38.0535470144879 0
3 36.6358326734846 0
4 35.6708402131879 0
5 34.7836907273564 0
6 33.8806183006105 0
7 33.0289507684852 0
8 32.3134800890378 0
9 31.7482697534153 0
10 31.3061815564648 0
11 30.950071296359 0
12 30.64985942214 1
13 30.3811665101709 1
14 30.1180750586429 1
15 29.8211048909253 1
16 29.4529287210039 1
17 29.028427244354 1
18 28.5668882019168 1
19 28.0540232017855 1
20 27.5306722101041 1
21 27.0781235533749 1
22 26.6901369371184 1
23 26.310102694479 1
24 25.9133283909305 1
25 25.5344097621522 2
26 25.2164156507184 2
27 24.9650728040313 2
28 24.7730976944553 2
29 24.6334812038806 2
30 24.5352771756872 2
31 24.4659150658446 2
32 24.4152494738042 2
33 24.3765778238454 2
34 24.3458517292339 2
35 24.3206688932506 2
36 24.2995652194462 2
37 24.2816025317239 2
38 24.266143202386 2
39 24.2527272740494 3
40 24.241003716256 3
41 24.2306908365761 3
42 24.22155312653 3
43 24.2133877669884 3
44 24.2060168986007 3
45 24.1992832611578 3
46 24.193047683825 3
47 24.1871874819319 3
48 24.1815952096192 3
49 24.1761774830899 3
50 24.1708537562844 3
51 24.1655550240385 3
52 24.1602224698186 3
53 24.1548060856975 4
54 24.1492632868799 4
55 24.1435575325613 4
56 24.1376569554781 4
57 24.1315329966226 4
58 24.1251590390566 4
59 24.118509034053 4
60 24.1115561127961 4
61 24.1042711785555 4
62 24.0966214822127 4
63 24.0885692076245 4
64 24.0800701468985 4
65 24.0710726477111 4
66 24.0615171845475 5
67 24.0513371544183 5
68 24.040461808895 5
69 24.0288225269514 5
70 24.0163637052668 5
71 24.003059024684 5
72 23.9889322562808 5
73 23.9740788015321 5
74 23.9586803808132 5
75 23.9430028111357 5
76 23.927368950737 5
77 23.9121075774442 6
78 23.8974912707432 6
79 23.8836843943427 6
80 23.8707192924487 6
81 23.8585062243203 6
82 23.8468690859092 6
83 23.8355924259126 6
84 23.8244666265183 6
85 23.8133232029957 6
86 23.8020567978206 6
87 23.7906332157327 6
88 23.7790845403566 6
89 23.767494011471 7
90 23.7559749711099 7
91 23.7446490081349 7
92 23.7336277772832 7
93 23.7230010536073 7
94 23.7128313507057 7
95 23.7031538108174 7
96 23.6939794295341 7
97 23.685299813798 7
98 23.6770921782026 7
99 23.6693238269706 7
100 23.6619557860269 8
101 23.6549455128907 8
102 23.6482487532026 8
103 23.641820673502 8
104 23.6356164130866 8
105 23.6295911847614 8
106 23.6237000282432 8
107 23.6178972892632 8
108 23.612135867229 8
109 23.6063662479478 8
110 23.6005353174876 8
111 23.5945849408903 8
112 23.5884502885423 8
113 23.5820579100321 8
114 23.5753236020992 9
115 23.5681502136224 9
116 23.5604257067035 9
117 23.5520220883841 9
118 23.5427962802235 9
119 23.5325946024377 9
120 23.5212631924954 9
121 23.5086669611879 9
122 23.4947187864257 9
123 23.4794173644445 9
124 23.4628857275428 9
125 23.445394511406 9
126 23.4273504730532 9
127 23.4092395632942 10
128 23.3915364053948 10
129 23.3746147750546 10
130 23.3586961822562 10
131 23.3438510759997 10
132 23.3300383194651 10
133 23.3171554107393 10
134 23.3050781430604 10
135 23.2936822698114 10
136 23.2828499553658 10
137 23.2724672595795 10
138 23.26241801455 10
139 23.2525772935545 10
140 23.2428059363732 11
141 23.2329467231513 11
142 23.2228226760883 11
143 23.2122384197744 11
144 23.2009863703468 11
145 23.1888604612642 11
146 23.1756804707104 11
147 23.1613284839747 11
148 23.1457939779493 11
149 23.1292152024664 11
150 23.1118960198792 11
151 23.0942782498836 11
152 23.0768669141777 11
153 23.0601325146384 11
154 23.0444295106898 12
155 23.029959331777 12
156 23.0167795958323 12
157 23.0048409513451 12
158 22.9940298070489 12
159 22.9842034157753 12
160 22.9752132422796 12
161 22.9669181525903 12
162 22.9591907252366 12
163 22.9519196912006 12
164 22.9450106015589 12
165 22.9383859711801 12
166 22.9319855221224 12
167 22.9257667149237 13
168 22.919705434607 13
169 22.9137964461411 13
170 22.9080530586557 13
171 22.9025053940149 13
172 22.8971968153818 13
173 22.8921784668379 13
174 22.8875024360219 13
175 22.8832145887587 13
176 22.8793483954511 13
177 22.8759209123443 13
178 22.8729315295361 13
179 22.8703633765295 13
180 22.8681866747915 13
181 22.8663630413036 14
182 22.8648498011303 14
183 22.8636036456825 14
184 22.8625833177161 14
185 22.8617512926148 14
186 22.8610746049332 14
187 22.8605250428224 14
188 22.8600789323433 14
189 22.8597166943774 14
190 22.8594223058844 14
191 22.8591827502504 14
192 22.8589875048676 14

0 50.2968818553933 0
1 48.0241368019151 0
2 46.4544487874027 0
3 44.96655337302 0
4 43.7275963275723 0
5 42.733119286552 0
6 41.9065727845075 0
7 41.1786304758256 0
8 40.4833802162924 0
9 39.7745571658445 0
10 39.0252235803035 0
11 38.2556876602778 0
12 37.4992552089722 1
13 36.7663699265378 1
14 36.0607842573652 1
15 35.3879749583946 1
16 34.7925367461909 1
17 34.3114375984925 1
18 33.9117064643898 1
19 33.5327350250116 1
20 33.1231490353182 1
21 32.6551614293897 1
22 32.1504326972346 1
23 31.6782552977024 1
24 31.2793537341843 1
25 30.9413640980376 1
26 30.6459104901807 2
27 30.3813182651893 2
28 30.1411888749497 2
29 29.9270638708343 2
30 29.7308122453318 2
31 29.5021386684756 2
32 29.1584480621788 2
33 28.7330766753889 2
34 28.3480226448535 2
35 28.0445293995426 2
36 27.8028878807066 2
37 27.5879820035441 2
38 27.3738444936615 2
39 27.1467601601714 3
40 26.8911319791132 3
41 26.5918042391433 3
42 26.2633245099622 3
43 25.9548533844431 3
44 25.6985937639212 3
45 25.4921569342917 3
46 25.3228196859272 3
47 25.1783827026787 3
48 25.0497949697639 3
49 24.9325397854178 3
50 24.8258485438763 3
51 24.7307379262404 3
52 24.6479931459088 4
53 24.5770649948923 4
54 24.5162134275127 4
55 24.4631953601849 4
56 24.4156834950564 4
57 24.3711823144461 4
58 24.3266158015926 4
59 24.2780149887643 4
60 24.2212265969331 4
61 24.1545609839705 4
62 24.0815125085586 4
63 24.0090586104093 4
64 23.9426881549772 4
65 23.8842521075766 4
66 23.8332774130738 5
67 23.7886457019974 5
68 23.749369305198 5
69 23.7147489193611 5
70 23.6843064507095 5
71 23.6576736933769 5
72 23.6344993751423 5
73 23.6143935657076 5
74 23.596909122867 5
75 23.5815492152699 5
76 23.5677865209015 5
77 23.5550822171254 5
78 23.5428984858344 5
79 23.5307044740796 6
80 23.517981533514 6
81 23.5042389929344 6
82 23.4890551228755 6
83 23.4721534084818 6
84 23.4535024398681 6
85 23.4333898204765 6
86 23.4124000747245 6
87 23.3912720742426 6
88 23.3707047589445 6
89 23.3512193044722 6
90 23.3331257799935 6
91 23.3165628727371 6
92 23.3015569199235 7
93 23.2880688335481 7
94 23.2760225643509 7
95 23.2653201763758 7
96 23.2558501396528 7
97 23.2474933127309 7
98 23.2401285347947 7
99 23.233637969965 7
100 23.2279115898615 7
101 23.2228502111196 7
102 23.2183669008684 7
103 23.2143869633407 7
104 23.2108469446093 7
105 23.2076931249226 7
106 23.2048798778878 8
107 23.2023681420506 8
108 23.2001241271159 8
109 23.1981182877405 8
110 23.1963245449427 8
111 23.1947197110851 8
112 23.193283069044 8
113 23.1919960609899 8
114 23.1908420511449 8
115 23.1898061364153 8
116 23.1888749871251 8
117 23.1880367065835 8
118 23.1872807028831 8
119 23.1865975694376 9
120 23.1859789726815 9
121 23.1854175464288 9
122 23.1849067928987 9
123 23.18444099059 9
124 23.1840151091709 9
125 23.183624731441 9
126 23.1832659822934 9
127 23.1829354644729 9
128 23.1826302008239 9
129 23.1823475826438 9
130 23.1820853237089 9
131 23.1818414195159 9
132 23.1816141112742 10

0 47.4334529655499 0
1 43.3708407559422 0
2 41.7052786976535 0
3 40.3494508060565 0
4 39.1851546125438 0
5 38.2810315233957 0
6 37.5733915251882 0
7 36.9547286711244 0
8 36.3435331689683 1
9 35.7205256965191 1
10 35.0993294922297 1
11 34.4484936278776 1
12 33.7128305562281 1
13 32.9169395735818 1
14 32.1748184786813 1
15 31.5558402444324 1
16 31.0298513286135 1
17 30.5389187085684 2
18 30.0851114195043 2
19 29.6843780358416 2
20 29.2966859312503 2
21 28.9061594158362 2
22 28.5449471962915 2
23 28.1911481226484 2
24 27.8081185997185 2
25 27.4006137300799 2
26 27.0031210440068 2
27 26.6319203187083 2
28 26.2762623889122 2
29 25.9273680812846 3
30 25.6000557445443 3
31 25.3166833291538 3
32 25.0857879118671 3
33 24.9043351704707 3
34 24.7638451148669 3
35 24.6538359346522 3
36 24.5647756067486 3
37 24.4892311459681 3
38 24.42183126095 3
39 24.3591938434428 3
40 24.2999684718427 3
41 24.2445561648465 3
42 24.1942148823009 3
43 24.1499170182973 4
44 24.1116963264542 4
45 24.078748428496 4
46 24.0498973971996 4
47 24.0239817864304 4
48 24.0000272575917 4
49 23.9772774262358 4
50 23.9551728995953 4
51 23.9333241191129 4
52 23.9114890470048 4
53 23.8895514869334 4
54 23.8674931325027 4
55 23.8453570880489 5
56 23.8232082242269 5
57 23.8011008613778 5
58 23.779062876446 5
59 23.7570983111025 5
60 23.7352029971707 5
61 23.7133841805296 5
62 23.6916764281314 5
63 23.6701500500792 5
64 23.6489121006255 5
65 23.6281019475925 5
66 23.6078830298513 5
67 23.5884307637515 5
68 23.5699155037596 5
69 23.5524805240678 6
70 23.536217944223 6
71 23.5211482861321 6
72 23.5072095803739 6
73 23.4942591026598 6
74 23.4820866985815 6
75 23.4704358030743 6
76 23.4590280215847 6
77 23.4475889604876 6
78 23.4358751607576 6
79 23.4237026879776 6
80 23.4109759876905 6
81 23.3977111973751 6
82 23.3840436639298 7
83 23.370209640681 7
84 23.356500735771 7
85 23.343203796281 7
86 23.3305482322037 7
87 23.3186786173748 7
88 23.3076558138588 7
89 23.2974767391567 7
90 23.2880992985456 7
91 23.2794632970537 7
92 23.2715042225808 7
93 23.2641606911814 7
94 23.2573776215 7
95 23.2511070040506 8
96 23.2453075077245 8
97 23.2399436208788 8
98 23.2349846725979 8
99 23.2304038861457 8
100 23.2261775217598 8
101 23.2222841250077 8
102 23.2187038828255 8
103 23.2154180869458 8
104 23.2124087056008 8
105 23.2096580650569 8
106 23.2071486410635 8
107 23.2048629565471 8
108 23.2027835766088 9
109 23.2008931862991 9
110 23.1991747319093 9
111 23.1976116035739 9
112 23.1961878362633 9
113 23.1948883077593 9
114 23.1936989155408 9
115 23.1926067190316 9
116 23.1916000386757 9
117 23.1906685081823 9
118 23.1898030805584 9
119 23.1889959919287 9
120 23.1882406895353 9
121 23.1875317317241 9
122 23.186864668277 10
123 23.1862359092963 10
124 23.1856425901594 10
125 23.1850824390094 10
126 23.1845536519801 10
127 23.1840547800072 10
128 23.183584629755 10
129 23.1831421799753 10
130 23.1827265135715 10
131 23.1823367647939 10
132 23.1819720803625 10
133 23.1816315928905 10
134 23.1813144047458 10
135 23.1810195804148 11
136 23.1807461454825 11
137 23.1804930904868 11
138 23.1802593781094 11
139 23.1800439523984 11

0 45.4189795523728 0
1 42.5674922950023 0
2 40.6217879865869 0
3 39.0670756334276 0
4 37.4590272671267 0
5 35.8353912565381 0
6 34.7815266018266 0
7 34.0742353699866 0
8 33.3951744709486 0
9 32.6422947100987 0
10 31.790952810069 0
11 30.8694081655286 0
12 29.9045454817323 1
13 29.0705728210402 1
14 28.3934036090736 1
15 27.8099154836863 1
16 27.2738469706777 1
17 26.7690341994615 1
18 26.2903438311804 1
19 25.8337841408826 1
20 25.4047147224036 1
21 25.0208522911833 1
22 24.6986486836479 1
23 24.4367850456536 1
24 24.2209489452153 1
25 24.0418324465689 2
26 23.8981696684527 2
27 23.7881799969005 2
28 23.7060263214107 2
29 23.6444318607748 2
30 23.5972085420081 2
31 23.55987573754 2
32 23.5293643803506 2
33 23.5035906778443 2
34 23.4811282154305 3
35 23.460988953614 3
36 23.4424816819808 3
37 23.4251204710551 3
38 23.4085649164391 3
39 23.3925807398837 3
40 23.3770134546089 3
41 23.3617702420426 3
42 23.3468066915372 3
43 23.3321161171758 3
44 23.3177200488462 4
45 23.3036592761516 4
46 23.289985455017 4
47 23.2767536765953 4
48 23.2640164982649 4
49 23.2518197885791 4
50 23.2402004554695 4
51 23.2291858370773 4
52 23.2187943261109 4
53 23.2090367054074 4
54 23.199917687247 4
55 23.1914372461589 4
56 23.1835914842869 4
57 23.176372939327 5
58 23.1697704066592 5
59 23.1637684699194 5
60 23.1583469951267 5
61 23.1534808337107 5
62 23.1491399086997 5
63 23.1452897514284 5
64 23.1418924464438 5
65 23.1389078590422 5
66 23.1362949793851 5
67 23.1340132201374 5
68 23.1320235396334 5
69 23.1302893130397 6
70 23.1287769244705 6
71 23.1274560933557 6
72 23.1262999743334 6
73 23.1252850820367 6
74 23.1243910934666 6
75 23.1236005750884 6
76 23.1228986728452 6
77 23.1222727935273 6
78 23.121712296947 7
79 23.1212082109214 7
80 23.1207529753722 7
81 23.1203402177979 7
82 23.1199645596977 7
83 23.1196214519052 7
84 23.119307035942 7
85 23.1190180281746 7
86 23.1187516235675 7
87 23.1185054160304 7
88 23.1182773326616 7

0 47.4659030056821 0
1 44.7668509493449 0
2 43.347281557412 0
3 42.2743784384269 0
4 41.1339626857979 0
5 39.8351722213848 0
6 38.653016625186 0
7 37.7308414988745 0
8 37.0245715974291 0
9 36.4655815245626 0
10 35.9773102773199 0
11 35.4616711290701 0
12 34.8390357450742 1
13 34.0692619828318 1
14 33.1237543742233 1
15 32.2488224535541 1
16 31.6304966106925 1
17 31.1569908707884 1
18 30.7268273881727 1
19 30.3243252743597 1
20 29.9760678954125 1
21 29.7025858704013 1
22 29.5020293753257 1
23 29.3584455588099 1
24 29.2548249396668 1
25 29.1785290713516 1
26 29.1209713811948 2
27 29.0762325648361 2
28 29.0401288266193 2
29 29.0096862687169 2
30 28.9828060102537 2
31 28.9580178717495 2
32 28.9342914754885 2
33 28.910894544059 2
34 28.8872895901708 2
35 28.8630576678613 2
36 28.8378356252868 2
37 28.8112514248627 2
38 28.7828396429413 2
39 28.7519147018453 3
40 28.7173705001841 3
41 28.677362356582 3
42 28.6288315031302 3
43 28.5669541114961 3
44 28.4851076103443 3
45 28.3769463111844 3
46 28.2416758837725 3
47 28.088458808539 3
48 27.9337173696374 3
49 27.7928525068385 3
50 27.6719369351177 3
51 27.5658113016782 3
52 27.4635141079875 4
53 27.3556406468232 4
54 27.2401755425779 4
55 27.1235654611217 4
56 27.0151461736917 4
57 26.9186698452067 4
58 26.8253907424954 4
59 26.7102293685015 4
60 26.5555677702193 4
61 26.3874631586326 4
62 26.2379423387578 4
63 26.1183014549993 4
64 26.0256533343895 4
65 25.9521981905965 5
66 25.890478514239 5
67 25.8350614964342 5
68 25.7824903599062 5
69 25.7307028394584 5
70 25.6784986508889 5
71 25.6252701700905 5
72 25.5709757075948 5
73 25.5161986168834 5
74 25.4621015616336 5
75 25.4101712208357 5
76 25.3618228252354 5
77 25.3180528645082 5
78 25.2792718808824 6
79 25.2453039524185 6
80 25.2154719057728 6
81 25.188714465095 6
82 25.1637169257843 6
83 25.1390441507635 6
84 25.1132650418072 6
85 25.0850647178293 6
86 25.0533436051853 6
87 25.0172884504164 6
88 24.9763722283467 6
89 24.9302280406519 6
90 24.8783978872829 6
91 24.8200934979722 7
92 24.7542215340764 7
93 24.6798867919232 7
94 24.5974027184324 7
95 24.5095097651097 7
96 24.421855882285 7
97 24.3413997773803 7
98 24.2730397491873 7
99 24.2174400777361 7
100 24.1719928455766 7
101 24.1332284194791 7
102 24.0984088917783 7
103 24.0659128890197 7
104 24.0350313798226 7
105 24.0056568556746 8
106 23.9780219777466 8
107 23.9524954750762 8
108 23.9294234138395 8
109 23.9090205658803 8
110 23.8913226939456 8
111 23.8761976243858 8
112 23.8633948846208 8
113 23.852606321323 8
114 23.8435166053554 8
115 23.835834968538 8
116 23.8293094235137 8
117 23.8237290370248 8
118 23.8189198971315 9
119 23.8147386981908 9
120 23.8110660427066 9
121 23.807800267319 9
122 23.804851863466 9
123 23.8021381906985 9
124 23.799577974319 9
125 23.7970848906992 9
126 23.7945592634422 9
127 23.7918764206311 9
128 23.7888694823636 9
129 23.7853031356993 9
130 23.7808332888662 9
131 23.774945882348 9
132 23.766868906383 10
133 23.7554622388266 10
134 23.7391281140343 10
135 23.7158772625632 10
136 23.6838168314662 10
137 23.6422890508976 10
138 23.5932596464457 10
139 23.541542874456 10
140 23.492862062185 10
141 23.4511836770528 10
142 23.417687823541 10
143 23.3915915007068 10
144 23.3714097844487 10
145 23.3557248807275 11
146 23.3434313090418 11
147 23.3337233119964 11
148 23.3260157303747 11
149 23.3198735514982 11
150 23.3149644718901 11
151 23.3110295392114 11
152 23.3078647816726 11
153 23.305308917856 11
154 23.3032344365124 11
155 23.3015407052804 11
156 23.3001484673629 11
157 23.2989953995348 11
158 23.2980325329947 12
159 23.2972213891117 12
160 23.2965317053952 12
161 23.2959396429411 12
162 23.295426381401 12
163 23.2949770221341 12
164 23.2945797341006 12
165 23.2942250895851 12
166 23.2939055476359 12
167 23.2936150520905 12
168 23.2933487183431 13
169 23.293102588809 13
170 23.2928734415906 13

0 47.5795139146285 0
1 44.5621345875462 0
2 42.4968049237644 0
3 40.5391075519579 0
4 39.2015826896173 0
5 38.2791179062136 0
6 37.5490075089066 0
7 36.8854645289751 0
8 36.2468319037098 0
9 35.5771334775831 0
10 34.8589359799925 0
11 34.0778140969596 0
12 33.0652979942747 1
13 32.2874846862112 1
14 31.7403900900691 1
15 31.3008337230547 1
16 30.7412271818128 1
17 29.7138024850665 1
18 28.519149477126 1
19 27.6143804661819 1
20 26.9165299226845 1
21 26.3675344962485 1
22 25.9717427372757 1
23 25.699355124052 1
24 25.5079398058855 1
25 25.3677615105319 2
26 25.2576279869101 2
27 25.1573349911751 2
28 25.0507312895179 2
29 24.9434370145529 2
30 24.8538944574588 2
31 24.788116735393 2
32 24.7412926259097 2
33 24.7070755597562 2
34 24.6808036478474 3
35 24.6594632011692 3
36 24.641093886792 3
37 24.6243242560725 3
38 24.6080823984926 3
39 24.591430377936 3
40 24.5734886347109 3
41 24.5534448482091 3
42 24.530655006416 3
43 24.5048219574431 3
44 24.4761720509021 3
45 24.4454969954522 4
46 24.4139828785901 4
47 24.3829020949467 4
48 24.3533305923275 4
49 24.3259900008943 4
50 24.3012170348547 4
51 24.2790234386238 4
52 24.2592033544273 4
53 24.2414446716052 4
54 24.2254133166896 4
55 24.2108012948805 4
56 24.1973456933693 4
57 24.1848306790623 4
58 24.1730820151888 5
59 24.1619594907877 5
60 24.1513496272229 5
61 24.1411594213946 5
62 24.1313112128886 5
63 24.1217385433389 5
64 24.1123828336251 5
65 24.1031907134994 5
66 24.0941118530134 5
67 24.0850971526392 5
68 24.0760971471608 5
69 24.0670604670716 5
70 24.0579321787662 5
71 24.0486517869774 5
72 24.0391506219195 6
73 24.0293482371585 6
74 24.0191472937595 6
75 24.0084261746243 6
76 23.9970282231385 6
77 23.9847459908578 6
78 23.971298194129 6
79 23.9562963350646 6
80 23.9391977039557 6
81 23.9192436130257 6
82 23.8953913189941 6
83 23.8662766476266 6
84 23.8303092005118 6
85 23.7860987872723 7
86 23.7334120989351 7
87 23.6744135304623 7
88 23.613985877586 7
89 23.5579058044627 7
90 23.5100005019747 7
91 23.4710223075633 7
92 23.4397129292579 7
93 23.4142800547483 7
94 23.3931691149719 7
95 23.3752329461069 7
96 23.3596713519127 7
97 23.3459357932507 7
98 23.3336520525678 7
99 23.3225638880423 8
100 23.3124921955843 8
101 23.3033056578657 8
102 23.2949005785417 8
103 23.2871881657245 8
104 23.2800875033047 8
105 23.27352242465 8
106 23.2674207081589 8
107 23.2617143989302 8
108 23.2563404850263 8
109 23.2512415125273 8
110 23.2463659694805 8
111 23.2416684124605 8
112 23.2371093784687 9
113 23.2326551478962 9
114 23.2282774227918 9
115 23.2239529723789 9
116 23.21966328226 9
117 23.2153942287656 9
118 23.2111357869945 9
119 23.2068817707051 9
120 23.2026295943618 9
121 23.1983800422186 9
122 23.1941370263087 9
123 23.1899073146423 9
124 23.1857002128834 9
125 23.1815271872564 10
126 23.1774014232057 10
127 23.1733373228305 10
128 23.1693499534161 10
129 23.1654544682365 10
130 23.1616655278411 10
131 23.1579967539928 10
132 23.1544602484635 10
133 23.1510662048129 10
134 23.1478226335936 10
135 23.1447352113317 10
136 23.1418072526793 10
137 23.1390397949613 10
138 23.1364317762989 11
139 23.1339802834233 11
140 23.1316808434417 11
141 23.1295277348772 11
142 23.1275142965801 11
143 23.1256332177342 11
144 23.1238767973033 11
145 23.1222371661716 11
146 23.1207064694514 11
147 23.1192770097075 11
148 23.1179413541269 11
149 23.1166924100241 11
150 23.1155234736848 11
151 23.1144282575972 11
152 23.1134009007972 12
153 23.1124359665074 12
154 23.11152843061 12
155 23.1106736638463 12
156 23.1098674100253 12
157 23.1091057619925 12
158 23.1083851366596 12
159 23.1077022500323 12
160 23.1070540928816 12
161 23.1064379074845 12
162 23.1058511656954 12
163 23.1052915484837 12
164 23.1047569269899 12
165 23.1042453450909 12
166 23.1037550034269 13
167 23.1032842448142 13
168 23.1028315409575 13
169 23.1023954803643 13
170 23.1019747573669 13
171 23.1015681621533 13
172 23.1011745717179 13
173 23.100792941644 13
174 23.1004222986373 13
175 23.1000617337372 13
176 23.0997103961352 13
177 23.0993674875401 13
178 23.099032257031 13
179 23.0987039963483 14
180 23.0983820355733 14
181 23.0980657391565 14
182 23.0977545022535 14
183 23.0974477473353 14
184 23.0971449210397 14
185 23.0968454912359 14
186 23.096548944275 14
187 23.096254782402 14
188 23.0959625213083 14
189 23.0956716878012 14
190 23.0953818175749 14
191 23.0950924530615 15
192 23.0948031413469 15
193 23.0945134321359 15
194 23.0942228757487 15
195 23.0939310211367 15
196 23.0936374139007 15
197 23.0933415942983 15
198 23.0930430952256 15
199 23.0927414401581 15
200 23.0924361410371 15
201 23.0921266960846 15
202 23.0918125875314 15
203 23.091493279241 16
204 23.0911682142114 16
205 23.0908368119333 16
206 23.0904984655855 16
207 23.0901525390412 16
208 23.0897983636598 16
209 23.0894352348334 16
210 23.0890624082544 16
211 23.0886790958642 16
212 23.0882844614389 16
213 23.0878776157574 16
214 23.0874576112917 16
215 23.0870234363448 16
216 23.0865740085497 17
217 23.0861081676249 17
218 23.0856246672597 17
219 23.0851221659795 17
220 23.0845992168045 17
221 23.0840542554781 17
222 23.083485586992 17
223 23.0828913700712 17
224 23.0822695992105 17
225 23.0816180837592 17
226 23.0809344234409 17
227 23.080215979555 17
228 23.0794598409422 17
229 23.0786627835962 17
230 23.0778212225598 18
231 23.0769311544624 18
232 23.0759880887155 18
233 23.0749869649937 18
234 23.0739220541857 18
235 23.0727868394992 18
236 23.0715738738778 18
237 23.0702746093499 18
238 23.068879193448 19
239 23.0673762275093 19
240 23.0657524816669 19
241 23.0639925619374 19
242 23.0620785264472 19
243 23.0599894511869 19
244 23.0577009517484 19
245 23.0551846777391 19
246 23.052407812975 19
247 23.0493326396622 19
248 23.0459162614023 19
249 23.0421106302597 20
250 23.0378630871868 20
251 23.0331176967584 20
252 23.0278177188947 20
253 23.0219095761126 20
254 23.0153485856483 20
255 23.0081064550562 20
256 23.0001800239295 20
257 22.9915999880335 20
258 22.9824375468458 20
259 22.9728064655868 20
260 22.9628584386822 20
261 22.9527711667472 20
262 22.942730888324 21
263 22.9329132284414 21
264 22.9234669624378 21
265 22.9145041570159 21
266 22.9060977635209 21
267 22.8982853781 21
268 22.8910765705065 21
269 22.8844611361543 21
270 22.878416404067 21
271 22.8729127260483 21
272 22.8679170637647 21
273 22.8633950396068 21
274 22.8593119658487 21
275 22.8556333229692 22
276 22.8523250259662 22
277 22.8493536707453 22
278 22.8466868326122 22
279 22.8442934113054 22
280 22.8421439805245 22
281 22.8402110941119 22
282 22.8384695129539 22
283 22.8368963350375 22
284 22.8354710283756 22
285 22.8341753789406 22
286 22.8329933724766 22
287 22.8319110309345 22
288 22.8309162228085 23
289 22.8299984633571 23
290 22.8291487167608 23
291 22.8283592084742 23
292 22.8276232528001 23
293 22.8269350981859 23
294 22.8262897909269 23
295 22.8256830567439 23
296 22.8251111989697 23
297 22.8245710116956 23
298 22.8240597060959 23
299 22.8235748481669 23
300 22.8231143062326 23
301 22.8226762067329 24
302 22.8222588969877 24
303 22.8218609138139 24
304 22.8214809570363 24
305 22.8211178670856 24
306 22.8207706060084 24
307 22.8204382413283 24
308 22.8201199322886 24
309 22.8198149180926 24
310 22.8195225078199 24
311 22.8192420717538 24
312 22.8189730339007 24
313 22.8187148655182 24
314 22.8184670795025 24
315 22.8182292255067 25
316 22.8180008856868 25
317 22.8177816709859 25

0 47.8053727141072 0
1 45.3796381452905 0
2 44.0515287343611 0
3 42.9626705233614 0
4 41.5849430853291 0
5 40.1992402732796 0
6 38.7056012452881 0
7 37.1468585004109 0
8 35.5258051129193 0
9 33.8367629972798 0
10 32.4515620295256 0
11 31.3388569879649 0
12 30.3166884440058 1
13 29.3497814978674 1
14 28.5160097220336 1
15 27.7668071774741 1
16 27.0193071992122 1
17 26.3784325481769 1
18 25.8794419399511 1
19 25.4545843563774 1
20 25.0742496078326 1
21 24.762999315553 1
22 24.5213017273161 1
23 24.3276844268112 1
24 24.1642305597872 1
25 24.0213380553263 1
26 23.8947487742815 2
27 23.7826351292391 2
28 23.6840270297698 2
29 23.5981952783597 2
30 23.5244614560719 2
31 23.4620918963117 2
32 23.4101885095301 2
33 23.3676413019825 2
34 23.3331853415519 2
35 23.3055197594233 2
36 23.2834195937413 2
37 23.2658035498839 2
38 23.2517578146261 2
39 23.2405316698423 3
40 23.2315198753859 3
41 23.2242410047482 3
42 23.2183161149248 3
43 23.2134494659798 3
44 23.2094118181857 3
45 23.2060263598016 3
46 23.2031571198601 3
47 23.2006996220665 3
48 23.1985734853722 3
49 23.1967166602637 3
50 23.1950809999032 3
51 23.1936288935622 3
52 23.1923307278157 4
53 23.1911629817118 4
54 23.190106800917 4
55 23.1891469300246 4
56 23.1882709107994 4
57 23.1874684771043 4
58 23.1867310951534 4
59 23.1860516113676 4
60 23.1854239802779 4
61 23.1848430524064 4
62 23.1843044074921 4
63 23.1838042223529 4
64 23.1833391654852 4
65 23.1829063125232 4
66 23.1825030781247 5
67 23.1821271609015 5
68 23.1817764987721 5
69 23.1814492326865 5
70 23.1811436770933 5
71 23.1808582958483 5
72 23.1805916825157 5
73 23.1803425442125 5
74 23.1801096883106 5
75 23.1798920114346 5

0 46.5587403655331 0
1 42.1456173434123 0
2 39.283345053818 0
3 37.2438903680216 0
4 35.6763550995491 0
5 34.6208549274906 0
6 33.8685586906018 0
7 33.215951503858 0
8 32.4444911389925 0
9 31.2081099206146 0
10 30.1057588188277 0
11 29.3162583808962 0
12 28.7361916435532 0
13 28.2784623395294 1
14 27.8972527424265 1
15 27.5654478679757 1
16 27.2635920242123 1
17 26.9763029979888 1
18 26.691182039079 1
19 26.4040953617007 1
20 26.1276875377987 1
21 25.8839792631571 1
22 25.6842623369988 1
23 25.5236865941897 1
24 25.3899929758765 1
25 25.2709700473012 1
26 25.1562973510452 2
27 25.0361918984365 2
28 24.8996748039146 2
29 24.7370271099512 2
30 24.5510019759411 2
31 24.3635666314592 2
32 24.200137776082 2
33 24.0715742570518 2
34 23.9738796155721 2
35 23.8968513248967 2
36 23.8307331168659 2
37 23.7687173857075 2
38 23.7070675299293 2
39 23.6443409933254 2
40 23.5803097959291 3
41 23.515059816782 3
42 23.4487218187127 3
43 23.3817723701802 3
44 23.315385645989 3
45 23.2514111313962 3
46 23.1919593259132 3
47 23.1388689347476 3
48 23.0933171150292 3
49 23.0556543968279 3
50 23.0254425742616 3
51 23.0016661951613 3
52 22.98304691591 3
53 22.9683360017337 3
54 22.9564902866692 4
55 22.9467230658795 4
56 22.938477278062 4
57 22.9313713296047 4
58 22.9251468533966 4
59 22.9196285369211 4
60 22.9146962032555 4
61 22.9102661557935 4
62 22.9062787316654 4
63 22.902689842483 4
64 22.8994651131917 4
65 22.8965758180312 4
66 22.8939961572417 4
67 22.8917015847087 5
68 22.8896679568263 5
69 22.8878712860868 5
70 22.8862878900481 5
71 22.8848947475381 5
72 22.8836699120635 5
73 22.8825928799409 5
74 22.8816448573775 5
75 22.8808089087078 5
76 22.8800699937075 5
77 22.8794149157297 5
78 22.8788322069578 5
79 22.8783119756588 5
80 22.8778457358793 5
81 22.8774262346508 6
82 22.8770472867304 6
83 22.876703622765 6
84 22.8763907537015 6
85 22.8761048521624 6
86 22.8758426501976 6
87 22.8756013520853 6
88 22.8753785605219 6

0 49.9739389263943 0
1 47.4880967090103 0
2 45.6906558772999 0
3 43.9598178370381 0
4 42.2997785805177 0
5 40.502381024395 0
6 38.5817539579075 0
7 36.8538656727878 0
8 35.4960971614559 0
9 34.4033519288168 0
10 33.3823185481493 0
11 32.4564506184119 0
12 31.5237801790404 0
13 30.6940525351337 1
14 30.061020828639 1
15 29.5963679234821 1
16 29.2534206536631 1
17 28.9950422307084 1
18 28.7879973762308 1
19 28.5890260445907 1
20 28.3097782794284 1
21 27.8756669516007 1
22 27.3769719961585 1
23 26.9044655117696 1
24 26.4649367434084 1
25 26.0577326548422 1
26 25.6968387090904 2
27 25.4063145126333 2
28 25.1990543064902 2
29 25.0581261354671 2
30 24.9572686737861 2
31 24.8788054271663 2
32 24.8135065022752 2
33 24.7563673118543 2
34 24.7040661450431 2
35 24.6539944819235 2
36 24.6040892329115 2
37 24.5529748481529 2
38 24.5001059757682 2
39 24.4457196658849 3
40 24.3905721956557 3
41 24.335599981569 3
42 24.2816659500823 3
43 24.2294371708186 3
44 24.1793346032151 3
45 24.1314861902953 3
46 24.0856725884178 3
47 24.04132013005 3
48 23.9976182926322 3
49 23.9537980098905 3
50 23.9095118831299 3
51 23.8651364735625 3
52 23.8217570683079 4
53 23.7807411367846 4
54 23.7431347335805 4
55 23.709286487535 4
56 23.6788886075323 4
57 23.6512921408867 4
58 23.6258483519378 4
59 23.6021288308025 4
60 23.5799947251473 4
61 23.5595425163812 4
62 23.5409763596482 4
63 23.5244702360379 4
64 23.5100769577258 4
65 23.4977070358862 4
66 23.4871608297197 5
67 23.4781803647877 5
68 23.4704948914661 5
69 23.4638500564806 5
70 23.4580216287786 5
71 23.4528187636794 5
72 23.4480816371897 5
73 23.4436767713986 5
74 23.4394919235164 5
75 23.4354314267666 5
76 23.4314123177236 5
77 23.4273613224127 5
78 23.4232126782443 5
79 23.4189067561101 6
80 23.414389464777 6
81 23.4096124358892 6
82 23.4045339801592 6
83 23.3991207566994 6
84 23.3933499974794 6
85 23.387211980871 6
86 23.3807122797192 6
87 23.3738731793522 6
88 23.3667336520177 6
89 23.3593474599692 6
90 23.3517793514876 6
91 23.3440998195347 6
92 23.3363793254955 6
93 23.3286830570885 7
94 23.3210671054692 7
95 23.3135764970272 7
96 23.3062450054149 7
97 23.2990962995249 7
98 23.2921458461004 7
99 23.2854030493272 7
100 23.2788732742224 7
101 23.2725595695378 7
102 23.2664640260752 7
103 23.2605887689867 7
104 23.254936604568 7
105 23.249511345764 7
106 23.2443178429456 8
107 23.2393617552162 8
108 23.234649112595 8
109 23.2301857363058 8
110 23.2259765970228 8
111 23.2220251943229 8
112 23.2183330325198 8
113 23.2148992495318 8
114 23.2117204301587 8
115 23.2087906082497 8
116 23.206101438657 8
117 23.2036425030778 8
118 23.2014017053336 8
119 23.1993657108264 9
120 23.1975203900167 9
121 23.1958512344261 9
122 23.1943437236077 9
123 23.1929836310179 9
124 23.1917572646893 9
125 23.1906516445727 9
126 23.1896546223753 9
127 23.188754951934 9
128 23.1879423190013 9
129 23.1872073392003 9
130 23.1865415321696 9
131 23.1859372788643 9
132 23.1853877677954 9
133 23.184886934838 10
134 23.1844294001753 10
135 23.1840104050321 10
136 23.1836257500897 10
137 23.1832717368605 10
138 23.1829451128261 10
139 23.1826430207814 10
140 23.1823629525616 10
141 23.1821027071406 10
142 23.1818603529633 10
143 23.1816341942875 10

0 48.843646466641 0
1 46.0587066507558 0
2 44.3123883453247 0
3 42.9577932683666 0
4 41.6862754491424 0
5 40.31710800942 0
6 38.9326667552856 0
7 37.8068504662273 0
8 36.9580547036843 0
9 36.2165130399935 0
10 35.392399322755 0
11 34.3921974885633 0
12 33.2972245363219 0
13 32.3194685260842 1
14 31.5971892878309 1
15 31.0878631629495 1
16 30.6361743699978 1
17 30.0008843959473 1
18 29.2158028284838 1
19 28.5456022433274 1
20 28.0305654834152 1
21 27.6342639910574 1
22 27.3289782615254 1
23 27.0897041245751 1
24 26.8942921768911 1
25 26.7253209715135 1
26 26.569940021136 2
27 26.4189865458856 2
28 26.2661740976907 2
29 26.107348391685 2
30 25.9396755077241 2
31 25.7606937706623 2
32 25.5676199546115 2
33 25.3582219586377 2
34 25.1342222589559 2
35 24.9051461595599 2
36 24.6877564224042 2
37 24.4990285085789 2
38 24.3479546493108 2
39 24.233348932724 3
40 24.1477802975799 3
41 24.0824929494246 3
42 24.0301036034757 3
43 23.9852186686967 3
44 23.9441377292542 3
45 23.9044511842092 3
46 23.864846267357 3
47 23.8250835239336 3
48 23.7858808801785 3
49 23.7484831012866 3
50 23.714045991033 3
51 23.6832128693807 3
52 23.6560653713496 4
53 23.632307783671 4
54 23.6114749409458 4
55 23.5930673890729 4
56 23.5766146157986 4
57 23.561695780678 4
58 23.547941608619 4
59 23.5350301801566 4
60 23.5226823060361 4
61 23.5106588851325 4
62 23.4987613379458 4
63 23.4868355940374 4
64 23.4747794698137 4
65 23.4625522397061 4
66 23.4501837380603 5
67 23.4377788343352 5
68 23.4255125086895 5
69 23.4136121093621 5
70 23.4023271297793 5
71 23.3918918931883 5
72 23.3824903177554 5
73 23.3742320132356 5
74 23.3671449662576 5
75 23.3611841719885 5
76 23.3562508561744 5
77 23.3522152760588 5
78 23.3489373113044 5
79 23.3462816779088 5
80 23.3441271067399 6
81 23.3423704231831 6
82 23.3409270759195 6
83 23.3397296053576 6
84 23.3387251823246 6
85 23.3378729409675 6
86 23.3371414992036 6
87 23.3365068361715 6
88 23.3359505647121 6
89 23.3354585705187 6
90 23.3350199630273 6
91 23.334626278102 6
92 23.3342708776822 6
93 23.3339485003439 7
94 23.3336549259435 7
95 23.3333867257564 7
96 23.3331410763334 7
97 23.3329156206888 7

0 44.6555565957839 0
1 41.4839026925315 0
2 39.8290711279053 0
3 38.718360937953 0
4 37.7064944211975 0
5 36.5105739662435 0
6 35.2391229891528 0
7 33.9269280392795 0
8 32.8389476567114 0
9 32.022949396651 0
10 31.3324295578006 0
11 30.6743217138494 0
12 29.9991448849354 1
13 29.2337121696201 1
14 28.4698969791574 1
15 27.8606620013588 1
16 27.3908834554446 1
17 27.0221227851352 1
18 26.7265282787951 1
19 26.4825043546769 1
20 26.2740095665282 1
21 26.0894204834512 1
22 25.920204528261 1
23 25.7602310886387 1
24 25.6055982068887 1
25 25.4544968993825 1
26 25.306782656183 2
27 25.1633226605423 2
28 25.0254304877477 2
29 24.8945210405678 2
30 24.7718012162151 2
31 24.6578361519597 2
32 24.5521978442314 2
33 24.4536014785526 2
34 24.3606445926166 2
35 24.2727637968407 2
36 24.1907505846494 2
37 24.116373024545 2
38 24.0513224176062 2
39 23.996275719514 3
40 23.9506676917325 3
41 23.9130783039152 3
42 23.8817757008055 3
43 23.8550942742508 3
44 23.831592114058 3
45 23.8100646330788 3
46 23.7894997902021 3
47 23.7690271946575 3
48 23.7478833650799 3
49 23.7253976714962 3
50 23.7009970924032 3
51 23.6742314511223 3
52 23.6448248255763 3
53 23.6127435762195 4
54 23.5782330553075 4
55 23.54175512878 4
56 23.5038119954508 4
57 23.4647494884675 4
58 23.4246878439625 4
59 23.3836591890281 4
60 23.3418945258964 4
61 23.3000905674991 4
62 23.2594487538703 4
63 23.2213808381018 4
64 23.1870271799873 4
65 23.1569117284403 4
66 23.1309273968196 5
67 23.1085616344168 5
68 23.0891561666951 5
69 23.0720798838105 5
70 23.0568060399646 5
71 23.0429302335105 5
72 23.0301619808977 5
73 23.0183073933103 5
74 23.0072497621276 5
75 22.996930120516 5
76 22.9873285378565 5
77 22.9784469202223 5
78 22.9702943147509 5
79 22.9628756812136 5
80 22.9561847094813 6
81 22.9502006558455 6
82 22.9448885678158 6
83 22.9402018643353 6
84 22.9360861270832 6
85 22.9324831077425 6
86 22.9293342576248 6
87 22.9265834185771 6
88 22.924178590027 6
89 22.9220728679205 6
90 22.9202247389621 6
91 22.9185979314367 6
92 22.917161000467 6
93 22.9158867845944 6
94 22.9147518276927 7
95 22.9137358235916 7
96 22.9128211132161 7
97 22.9119922453088 7
98 22.9112356002847 7
99 22.9105390705106 7
100 22.9098917875313 7
101 22.9092838860906 7
102 22.9087062951985 7
103 22.9081505473171 7
104 22.9076085975441 7
105 22.9070726452162 7
106 22.9065349504722 8
107 22.905987637914 8
108 22.9054224784685 8
109 22.9048306387749 8
110 22.9042023847079 8
111 22.9035267217412 8
112 22.9027909493664 8
113 22.9019800991655 8
114 22.9010762156338 8
115 22.900057424438 8
116 22.8988967131508 8
117 22.8975603230186 8
118 22.8960056153027 9
119 22.894178231003 9
120 22.8920083092123 9
121 22.8894054733823 9
122 22.8862522559582 9
123 22.8823956579493 9
124 22.8776367357232 9
125 22.8717186823674 9
126 22.8643152054301 9
127 22.8550236857003 9
128 22.8433722746257 9
129 22.8288566614666 9
130 22.8110277793859 9
131 22.7896470125498 10
132 22.7648945537503 10
133 22.7375514779041 10
134 22.7090135370365 10
135 22.6810285752277 10
136 22.6552285262594 10
137 22.632710093878 10
138 22.6138879885284 10
139 22.5986247460558 10
140 22.5864762663982 10
141 22.5769033039279 10
142 22.5693945271718 10
143 22.5635153562998 10
144 22.5589150173837 10
145 22.555316558543 11
146 22.5525028579125 11
147 22.550303785954 11
148 22.5485858484872 11
149 22.5472441856689 11
150 22.5461964322825 11
151 22.5453779647152 11
152 22.5447381749822 11
153 22.5442375200694 11
154 22.5438451722722 11
155 22.5435371461129 11
156 22.5432948085362 11
157 22.5431036989962 11

0 41.0319563340781 0
1 38.7453103742319 0
2 37.4107712828731 0
3 36.4824718322055 0
4 35.7465918320255 0
5 35.1076697801371 0
6 34.5243184098972 0
7 33.9816613147884 0
8 33.4621791980049 0
9 32.9161590788943 0
10 32.3251035210778 0
11 31.7741768934494 0
12 31.3201608539477 0
13 30.9375180131829 1
14 30.4693407447489 1
15 29.8614902819572 1
16 29.3736142120683 1
17 29.0451350574275 1
18 28.818293951857 1
19 28.6222705936266 1
20 28.4012703367101 1
21 28.170396794509 1
22 27.9731375610824 1
23 27.8136848858473 1
24 27.6795143936963 1
25 27.5502205604635 1
26 27.3948275706821 2
27 27.1809297749991 2
28 26.9127278450136 2
29 26.6498895039819 2
30 26.4480066202016 2
31 26.312321650412 2
32 26.2184476520483 2
33 26.1428163903202 2
34 26.0699534217936 2
35 25.9890444437732 2
36 25.8938567130372 2
37 25.7862600362674 2
38 25.6756136754817 2
39 25.570064807537 2
40 25.4695175240659 3
41 25.3663873045274 3
42 25.249453342151 3
43 25.1115459586231 3
44 24.9614467198665 3
45 24.8195971702656 3
46 24.6981581751002 3
47 24.5964623028946 3
48 24.5086886511109 3
49 24.4285246162592 3
50 24.350327714113 3
51 24.2696189780797 4
52 24.1838601902685 4
53 24.093310054361 4
54 24.0011429829082 4
55 23.9122200729278 4
56 23.8310904663202 4
57 23.7605408050347 4
58 23.7013247510659 4
59 23.6527105347779 4
60 23.6132236041628 4
61 23.5812129299316 5
62 23.5551581160745 5
63 23.5337819821439 5
64 23.5160580798718 5
65 23.5011757790191 5
66 23.4884955030957 5
67 23.4775078015014 5
68 23.4678004712293 5
69 23.4590337217433 5
70 23.4509217640505 5
71 23.4432188719189 5
72 23.4357082158886 5
73 23.4281922102379 5
74 23.4204835209141 6
75 23.4123961675357 6
76 23.4037363059455 6
77 23.3942923366145 6
78 23.3838240160267 6
79 23.372050361872 6
80 23.3586365312246 6
81 23.3431808686672 6
82 23.3252055848241 6
83 23.3041589363817 6
84 23.2794441192892 6
85 23.2504993083351 6
86 23.216957226459 6
87 23.178892525274 7
88 23.1370963565222 7
89 23.0932112397943 7
90 23.0495250816432 7
91 23.0084038823346 7
92 22.9716510869097 7
93 22.9401654888522 7
94 22.9140066991037 7
95 22.8926911627494 7
96 22.8754974579698 7
97 22.8616736433409 7
98 22.8505419488346 7
99 22.8415347190321 7
100 22.8341947693098 8
101 22.8281614660605 8
102 22.8231534438926 8
103 22.8189525113269 8
104 22.8153901190595 8
105 22.8123364437592 8
106 22.8096917183151 8
107 22.8073793826101 8
108 22.8053406871523 8
109 22.8035304569902 8
110 22.8019137858803 8
111 22.8004634772658 8
112 22.7991580830725 8
113 22.7979804178264 8
114 22.7969164470195 9
115 22.7959544666233 9
116 22.7950845060015 9
117 22.7942978996268 9
118 22.7935869842051 9
119 22.7929448872383 9
120 22.7923653808823 9
121 22.7918427813535 9
122 22.791371879275 9
123 22.7909478904061 9
124 22.7905664193255 9
125 22.790223431008 9
126 22.7899152269725 9
127 22.7896384239314 9
128 22.7893899337371 10
129 22.7891669440009 10

0 45.7376421976554 0
1 42.8940962626903 0
2 40.5779556536788 0
3 38.3008461142272 0
4 36.4180110909681 0
5 34.8810799696801 0
6 33.6198613014031 0
7 32.4771757685417 0
8 31.3648795985584 0
9 30.4688090666465 0
10 29.8016315539043 0
11 29.2417095350367 0
12 28.6677961728882 1
13 27.9910392128672 1
14 27.2148423029314 1
15 26.4170820615088 1
16 25.6293411818448 1
17 24.8864026515606 1
18 24.2654843185175 1
19 23.8044764451078 1
20 23.4809440867372 1
21 23.2554210837518 1
22 23.0955748491044 1
23 22.9795427786568 1
24 22.8933790612548 1
25 22.8281368624501 1
26 22.7778549862646 2
27 22.7384028414019 2
28 22.7068515154698 2
29 22.6811128477924 2
30 22.6597084837757 2
31 22.6416069729249 2
32 22.626102043561 2
33 22.6127188473696 2
34 22.601140545228 2
35 22.5911508125976 2
36 22.5825901071224 2
37 22.5753247684746 2
38 22.5692280690924 2
39 22.5641715341223 3
40 22.560023888226 3
41 22.5566545039712 3
42 22.5539384740036 3
43 22.5517612373231 3
44 22.5500216790246 3
45 22.5486334566431 3
46 22.5475248247239 3
47 22.5466374397706 3
48 22.5459246259171 3
49 22.5453494754266 3
50 22.5448830269157 3
51 22.5445026508321 3
52 22.5441906908826 3
53 22.5439333606426 4
54 22.5437198690551 4

