0 29162.7867822318 122
1 27851.6600384043 233
2 23496.3265523507 348
3 16477.5066727788 457
4 10790.5263516546 574
5 7691.49731994758 687
6 5910.75314720711 800
7 5215.25645163466 912
8 4764.04303712211 1024
9 4595.26363094489 1142
10 4442.36811305394 1253
11 4401.25637393754 1374
12 4342.15627597779 1486
13 4334.16091443296 1600
14 4332.5648095336 1713
15 4332.10955546344 1825
16 4331.94297779093 1938
17 4331.87277821715 2048
18 4331.8410730115 2164
19 4331.82631660802 2276

0 27769.7240219486 116
1 27527.5174744094 224
2 22692.3966551045 344
3 16677.1449719003 465
4 10766.1851547787 579
5 7549.30899289015 695
6 5943.31602721348 806
7 5118.88022497658 923
8 4784.47599480244 1033
9 4569.803400105 1147
10 4440.02330267995 1257
11 4398.08467286989 1373
12 4342.69901546926 1498
13 4334.23476106107 1611
14 4332.572508548 1742
15 4332.11256467787 1855
16 4331.94472779833 1967
17 4331.8738244331 2078
18 4331.84181980077 2188
19 4331.82697059026 2299

0 28365.2307951205 116
1 27808.2547682732 237
2 23157.0892710964 349
3 17284.2337249158 465
4 10963.6099636141 576
5 7409.97291253318 687
6 5969.24702381782 808
7 5192.38040144122 920
8 4766.83333163352 1039
9 4594.51232143902 1153
10 4440.08341123586 1268
11 4402.5566607933 1375
12 4343.55252079488 1487
13 4334.36545875848 1598
14 4332.65648485533 1708
15 4332.16911462521 1818
16 4331.98997585306 1927
17 4331.91462228106 2042
18 4331.88074338931 2159
19 4331.8650412634 2282

0 28845.5197573402 117
1 28305.4128414194 233
2 24391.979383221 345
3 16281.7917743957 459
4 10952.7462369204 572
5 7654.4809550969 682
6 6010.13232113044 802
7 5134.07831417696 916
8 4770.0679607824 1026
9 4578.93626243802 1135
10 4435.69724169435 1245
11 4396.39907250895 1362
12 4341.99193075727 1472
13 4334.04874994577 1591
14 4332.51341056993 1703
15 4332.0737803731 1820
16 4331.90983337133 1931
17 4331.84073951383 2042
18 4331.80958534087 2152
19 4331.79516311599 2265

0 29965.6407713849 117
1 26280.2798640904 228
2 23973.8722400757 351
3 17578.6336012031 467
4 10528.3063984684 593
5 7501.67761643536 711
6 5931.71448002297 823
7 5156.01638193756 937
8 4768.21105739066 1050
9 4581.65406325561 1168
10 4442.65460610643 1275
11 4400.09194778213 1388
12 4342.59651047088 1496
13 4334.02098295216 1611
14 4332.51530853737 1726
15 4332.07504152587 1838
16 4331.91347843119 1963
17 4331.84547422649 2074
18 4331.81486102204 2191
19 4331.80065228954 2301

0 29078.0191530025 111
1 27291.9824266399 224
2 24168.5847446588 341
3 17199.5226452525 461
4 10792.1217190715 571
5 7428.2141717418 683
6 6119.94971031755 792
7 5231.43121542928 912
8 4788.47854134131 1024
9 4583.37254024891 1136
10 4444.4665139067 1248
11 4396.54765656593 1362
12 4343.55859103322 1479
13 4334.20717632487 1591
14 4332.6024995016 1710
15 4332.13706464823 1822
16 4331.96372442179 1934
17 4331.89094052244 2043
18 4331.85828331437 2154
19 4331.84310091639 2276

0 27284.0326506717 117
1 28142.3692509036 236
2 24554.5549466471 347
3 16246.8298606605 463
4 10961.8284931484 574
5 7503.52994764993 685
6 5909.27614990355 795
7 5166.26351154052 905
8 4771.36932731853 1018
9 4589.3602795949 1137
10 4444.63055387992 1254
11 4398.35022005828 1364
12 4342.31067846249 1479
13 4334.17264169082 1593
14 4332.58860117131 1709
15 4332.12824463103 1828
16 4331.9560840282 1941
17 4331.88347700392 2057
18 4331.85079137637 2170
19 4331.83564863116 2282

0 28443.7723156567 116
1 27424.3005076201 229
2 25621.2298161071 341
3 16700.126817448 452
4 10620.3066284577 576
5 7331.26161798166 689
6 6006.27677418556 806
7 5206.12557833639 920
8 4754.74618460598 1032
9 4582.53109756499 1145
10 4448.74524479638 1255
11 4397.05387759414 1370
12 4342.43810022975 1481
13 4334.14568808328 1597
14 4332.52998847685 1703
15 4332.07815237512 1819
16 4331.91459820037 1937
17 4331.84543129398 2048
18 4331.81439118685 2161
19 4331.79999766304 2271

0 29220.3399806766 115
1 28564.9623635497 225
2 23373.1872085866 345
3 16784.0953869413 456
4 10759.8931534686 575
5 7486.26645984084 693
6 5952.26584791665 803
7 5154.79743268426 918
8 4784.12683838709 1030
9 4585.05689212626 1157
10 4447.92279122909 1269
11 4397.64533367499 1382
12 4342.71590936 1491
13 4334.183175806 1606
14 4332.56534936892 1724
15 4332.10845599482 1834
16 4331.9413465915 1951
17 4331.87112931631 2061
18 4331.83959537066 2178
19 4331.8249431238 2287

0 28092.6803240111 110
1 30374.7306922381 225
2 23747.9656923269 342
3 16498.9798048859 465
4 10880.9257255896 579
5 7421.87397674523 702
6 5970.27746066994 819
7 5128.76942308585 936
8 4754.15781146001 1050
9 4587.28161978358 1162
10 4441.28428274528 1275
11 4402.06538522915 1393
12 4342.16305092942 1508
13 4334.03472309865 1618
14 4332.47604353426 1733
15 4332.04332585023 1843
16 4331.88145467135 1952
17 4331.81421345791 2063
18 4331.78390043173 2175
19 4331.76983837863 2288

0 28452.4824836957 115
1 25878.8847197811 233
2 23723.6456911318 341
3 16389.5806644705 455
4 10796.7352714248 566
5 7644.641634084 678
6 5937.33040818684 802
7 5158.01682466307 914
8 4778.74581941283 1034
9 4591.32098863267 1149
10 4444.23149797237 1266
11 4403.51366554899 1379
12 4341.9420065346 1494
13 4334.08588221911 1608
14 4332.53111242598 1722
15 4332.09148343393 1841
16 4331.92766452961 1954
17 4331.85814862716 2070
18 4331.82688986588 2193
19 4331.81240565925 2307

0 28742.2005252672 121
1 27572.2627484612 233
2 23829.3602218354 356
3 17055.8791817648 469
4 10443.2362675804 589
5 7514.67098657196 705
6 5883.61846451666 826
7 5138.14544947383 947
8 4742.20906211312 1056
9 4573.2119247646 1173
10 4441.78654444115 1285
11 4403.96796246931 1398
12 4342.15474971461 1507
13 4334.07352488462 1624
14 4332.56410491014 1745
15 4332.11223914414 1863
16 4331.94662263723 1986
17 4331.87677626795 2104
18 4331.84537396443 2218
19 4331.83076548564 2335

0 28332.4257678705 112
1 26832.8707204319 233
2 22363.2863319067 347
3 16721.2180777235 470
4 10825.1660096905 604
5 7512.3686366761 715
6 5994.02074258448 830
7 5136.07774977083 944
8 4774.553778873 1065
9 4572.06098766076 1173
10 4442.83264229915 1286
11 4401.87370629562 1401
12 4342.77852422186 1516
13 4334.02764628355 1633
14 4332.49040765625 1744
15 4332.05464736576 1871
16 4331.8943976023 1985
17 4331.82722549238 2099
18 4331.79698836187 2209
19 4331.78293443953 2321

0 28021.9723853267 116
1 27910.059355692 234
2 25605.5992910265 355
3 16645.8768490086 466
4 10827.7128009432 582
5 7423.55915806 692
6 6013.0935730374 803
7 5163.50875309414 922
8 4781.54228998605 1034
9 4594.24432729576 1153
10 4449.05211309018 1269
11 4402.73404770631 1384
12 4342.691829434 1493
13 4334.25474289022 1605
14 4332.61585241033 1716
15 4332.1493074853 1827
16 4331.97765310813 1938
17 4331.90533711804 2049
18 4331.87277785484 2163
19 4331.85769562954 2279

0 28862.5971606829 121
1 28817.388474308 237
2 24746.2162168463 364
3 17339.7870899701 505
4 11026.6624116602 635
5 7509.19369609186 765
6 5960.21098707518 910
7 5156.1409889043 1046
8 4774.66403285914 1159
9 4580.07191845427 1272
10 4443.87441444069 1389
11 4401.78438951634 1518
12 4342.33741247028 1631
13 4334.03027987149 1747
14 4332.51392222151 1857
15 4332.0732865594 1975
16 4331.91143739671 2092
17 4331.84268813115 2201
18 4331.81187257655 2316
19 4331.79757663126 2426

0 27923.3513828141 116
1 30624.9465786619 224
2 26078.9342951382 342
3 15771.4500225464 462
4 10543.7765903405 581
5 7466.34195669936 706
6 5944.58479030668 820
7 5183.12113248376 935
8 4762.55269613546 1043
9 4586.58144028096 1158
10 4443.75793769826 1269
11 4401.48207517374 1380
12 4342.30535423137 1498
13 4334.06317449165 1614
14 4332.50538953489 1729
15 4332.06317696315 1838
16 4331.90314843463 1957
17 4331.83536117564 2068
18 4331.80493221619 2180
19 4331.79077206595 2290

0 28788.4824683549 111
1 28556.8939373912 228
2 25782.0886684748 349
3 17378.4220570737 468
4 11163.5846003731 579
5 7707.40255579683 694
6 5966.54480631442 805
7 5161.81244660279 916
8 4746.52477297363 1039
9 4591.23056300747 1156
10 4439.75064254733 1281
11 4402.00047038222 1397
12 4342.60494894451 1508
13 4334.07119355065 1624
14 4332.52401475518 1740
15 4332.06845437223 1862
16 4331.90444949204 1974
17 4331.83546711376 2089
18 4331.80448372061 2199
19 4331.79006958545 2316

0 28339.0846639214 122
1 27539.7094975269 234
2 23617.5024907624 356
3 16678.0333892532 470
4 10947.4371285713 584
5 7606.30290355818 692
6 5892.93412609879 805
7 5243.27674358285 915
8 4793.54226399468 1032
9 4582.64934994716 1146
10 4439.94965534343 1256
11 4401.51617306629 1380
12 4342.42447019367 1494
13 4333.91528851783 1616
14 4332.45475062839 1731
15 4332.02771595832 1845
16 4331.87206831609 1962
17 4331.8065329117 2082
18 4331.77697451945 2200
19 4331.76329244724 2311

0 28561.5881016873 113
1 28119.3192366205 229
2 24708.7688955674 351
3 16081.2243155526 468
4 10714.6669389401 586
5 7686.43332886088 712
6 5981.22005401373 834
7 5157.78673822259 944
8 4766.24727219345 1055
9 4581.29195838238 1165
10 4441.83465659628 1305
11 4403.65112185756 1439
12 4342.65403311571 1557
13 4334.12039913712 1685
14 4332.55335231244 1802
15 4332.10149649685 1918
16 4331.93577789197 2031
17 4331.86577310824 2172
18 4331.83425411196 2296
19 4331.81962353769 2407

0 26934.8487730862 126
1 30229.0999221342 261
2 24721.5173265174 378
3 16225.4657605919 499
4 10654.7779894615 650
5 7484.09899826337 763
6 5943.63330025875 875
7 5156.34774855639 987
8 4785.62475854423 1115
9 4597.7311899118 1258
10 4445.4243013628 1373
11 4398.40981537561 1493
12 4341.8834336192 1604
13 4334.08831222435 1726
14 4332.52006556232 1856
15 4332.07495140765 1975
16 4331.91125792739 2105
17 4331.84254702402 2224
18 4331.81159880079 2365
19 4331.79725830339 2505

0 26565.5697646587 111
1 27133.9392088837 234
2 24876.4919561099 379
3 16515.419688269 498
4 10801.6613180858 614
5 7510.91455548951 726
6 6006.85006086609 847
7 5157.86368577439 996
8 4767.19157540574 1108
9 4589.03855371287 1220
10 4451.01466332641 1331
11 4395.72252850377 1455
12 4342.25665489398 1568
13 4334.12943190675 1687
14 4332.55514989031 1816
15 4332.10427429057 1932
16 4331.93656650326 2050
17 4331.86674785328 2159
18 4331.8352825995 2289
19 4331.82069927232 2399

0 28490.3538863862 111
1 27973.4580583213 224
2 24661.0051608998 338
3 16933.7197568621 461
4 10888.3844753901 591
5 7528.29869170055 705
6 5981.24416131995 815
7 5162.6791299045 929
8 4813.21505432053 1040
9 4585.34022305475 1156
10 4450.51129447145 1284
11 4398.12143623909 1397
12 4341.50223849864 1513
13 4333.8960417751 1625
14 4332.46779947363 1737
15 4332.04461515679 1871
16 4331.88886190491 1985
17 4331.82292090475 2102
18 4331.79315497634 2213
19 4331.77933358812 2327

0 30089.8893768199 116
1 27451.7407559814 232
2 23220.4963045129 352
3 16737.1902921707 466
4 11085.9151173329 588
5 7638.21716184558 699
6 5913.57174231209 808
7 5154.5386851872 923
8 4750.89584876149 1037
9 4577.72817216387 1160
10 4444.42893743539 1279
11 4401.22563015411 1399
12 4342.64372823302 1515
13 4334.11465414857 1628
14 4332.54869344432 1744
15 4332.10114959557 1857
16 4331.93668379474 1978
17 4331.86659064804 2091
18 4331.83508359003 2215
19 4331.82045837121 2329

0 28923.735125642 116
1 28697.2453540954 236
2 23487.734390305 349
3 16547.1675150896 468
4 10545.5464982143 580
5 7592.18371825672 694
6 6003.69467698482 803
7 5179.33188827962 926
8 4765.49108628006 1039
9 4582.81677517345 1159
10 4441.99130867819 1274
11 4401.23009437982 1386
12 4342.2993865068 1499
13 4334.0776110071 1609
14 4332.53357409999 1729
15 4332.08543590414 1841
16 4331.92033540758 1965
17 4331.85046700579 2084
18 4331.81906851134 2194
19 4331.80453376954 2303

0 27705.5202245049 113
1 27226.7171373789 224
2 24652.2077980561 336
3 16326.6482911747 448
4 10971.982639644 569
5 7586.52009902461 686
6 6005.67691835926 810
7 5138.99857272327 924
8 4766.08511716884 1039
9 4596.29245357951 1154
10 4442.68120019689 1271
11 4401.52167755802 1389
12 4342.40404300809 1503
13 4334.12838135701 1623
14 4332.5040676227 1738
15 4332.06578009396 1856
16 4331.90390371537 1976
17 4331.83560320376 2092
18 4331.80495762806 2216
19 4331.790705284 2335

0 27924.5619129777 119
1 28682.0391756254 235
2 23624.1548836645 349
3 16842.4404624861 466
4 10675.1165102323 580
5 7504.66948167231 697
6 5911.44955524345 807
7 5179.13150789042 923
8 4774.60009897474 1037
9 4584.26708201297 1150
10 4439.03958899684 1262
11 4401.46145989971 1378
12 4342.11175954155 1494
13 4334.17805408904 1606
14 4332.60726929435 1724
15 4332.13895476446 1838
16 4331.96689347974 1952
17 4331.89420237341 2065
18 4331.86148759715 2176
19 4331.84628841006 2294

0 28158.700175603 117
1 28602.3208635179 235
2 23509.6700699829 344
3 16287.0905017702 460
4 10522.617056132 572
5 7305.4437765964 699
6 6069.58504068183 829
7 5147.65598250604 951
8 4774.53843674642 1067
9 4583.86520222159 1177
10 4449.88989830457 1288
11 4399.68343632999 1407
12 4342.57197874649 1518
13 4333.98771523138 1634
14 4332.45613903821 1746
15 4332.03498368776 1861
16 4331.8769314088 1971
17 4331.81118689375 2084
18 4331.78154981075 2196
19 4331.7677741826 2307

0 27254.1254142476 121
1 26254.9958447982 238
2 24428.8210378978 359
3 17466.9599774824 471
4 10656.2522177479 588
5 7579.21193574379 702
6 6034.71187787125 819
7 5155.8930795093 938
8 4759.26434642129 1049
9 4586.83100308822 1178
10 4440.14450483705 1294
11 4399.71401926634 1413
12 4342.56852782276 1536
13 4334.08636750389 1651
14 4332.51640763692 1769
15 4332.07828350707 1884
16 4331.91547409141 2005
17 4331.84695268104 2116
18 4331.81628646755 2228
19 4331.80204757206 2340

0 28678.4797414697 110
1 27270.3051492849 223
2 24498.3109185545 338
3 16725.3819289515 458
4 10624.7967839491 572
5 7331.89941477764 685
6 5944.70769708147 795
7 5114.34250625412 905
8 4801.49745006957 1029
9 4587.39863817499 1139
10 4441.04353603792 1253
11 4398.0264538987 1361
12 4342.60601932004 1477
13 4334.18248226872 1588
14 4332.60240711341 1700
15 4332.14394974283 1810
16 4331.97383305936 1921
17 4331.90210159042 2032
18 4331.86967506625 2142
19 4331.85463276921 2255

0 28588.5029584114 113
1 29263.3733520845 238
2 24737.2845003202 358
3 16748.1770753244 474
4 10797.485907162 588
5 7703.76742726181 700
6 5932.06471038687 818
7 5153.85325498539 929
8 4785.97448698422 1041
9 4583.63661054443 1147
10 4443.88873210375 1260
11 4401.2745099565 1370
12 4342.81138355339 1481
13 4334.20351983323 1601
14 4332.57522603389 1713
15 4332.12231423591 1829
16 4331.95190101191 1940
17 4331.88010083479 2057
18 4331.84784420558 2166
19 4331.83287764759 2285

0 28882.967327686 117
1 26638.2171243477 229
2 23871.7391705732 346
3 16665.3410237308 460
4 10609.1336491779 587
5 7568.70288400575 708
6 5957.65222401453 822
7 5142.9119120359 940
8 4795.54673508945 1057
9 4577.23641852952 1175
10 4446.60207448481 1290
11 4397.98771711776 1407
12 4342.88402525627 1525
13 4334.20331924612 1640
14 4332.5834896848 1759
15 4332.12172525246 1877
16 4331.95152331744 2005
17 4331.88049515721 2123
18 4331.84846411311 2239
19 4331.83361206093 2353

0 28732.5033032059 117
1 29765.480151498 243
2 24964.7300397152 356
3 17403.766706417 474
4 10489.7817022266 589
5 7607.27343275408 707
6 6042.54223416336 834
7 5131.74068455786 950
8 4757.70199394795 1073
9 4583.83487995352 1192
10 4440.68137205334 1307
11 4400.8722166992 1424
12 4342.54231628072 1538
13 4334.07453555899 1657
14 4332.50138030171 1775
15 4332.06463659899 2460
16 4331.90281588983 2651
17 4331.83476275387 2793
18 4331.80404895343 2913
19 4331.7898383451 3057

0 28580.4843994821 116
1 27566.6823757142 234
2 24624.4926412131 349
3 16319.1240590084 473
4 10321.3758155551 595
5 7378.16694472065 716
6 6012.72422572589 838
7 5146.59233109593 964
8 4799.88190145668 1083
9 4600.28806581284 1197
10 4445.78807594586 1332
11 4397.98827782392 1452
12 4342.9564074383 1562
13 4334.24521425641 1678
14 4332.62117960486 1795
15 4332.14689807006 1905
16 4331.97437117237 2026
17 4331.9008120498 2139
18 4331.86780495126 2258
19 4331.85247636777 2372

0 28244.3572801231 112
1 26888.7420648173 219
2 25037.2076749483 336
3 16495.2522691909 458
4 10494.711066772 568
5 7475.9736604376 686
6 5897.52920252776 797
7 5163.92696765856 907
8 4764.99642697932 1016
9 4592.46519325756 1138
10 4441.08015120334 1269
11 4399.81833715982 1389
12 4341.86363712344 1513
13 4334.04087022821 1627
14 4332.53317578927 1746
15 4332.08558895287 1861
16 4331.92012355299 1975
17 4331.8509647058 2088
18 4331.81983381349 2201
19 4331.80536377595 2332

0 29912.7692387104 121
1 28208.5069037626 240
2 23809.9844460217 366
3 16717.4391915864 493
4 10645.1805950577 626
5 7557.43933266438 750
6 5854.91153719555 871
7 5172.75324588031 989
8 4768.80219997486 1105
9 4594.8793356186 1234
10 4445.59705669093 1353
11 4401.85226378885 1467
12 4342.02311975303 1588
13 4334.06714218703 1701
14 4332.54022247873 1826
15 4332.09279955426 1942
16 4331.92862333574 2061
17 4331.85920809518 2183
18 4331.8278674692 2296
19 4331.81334448191 2415

0 29971.327827166 117
1 27656.3266304293 238
2 24670.1047129497 357
3 16497.3139591164 472
4 10597.1357071909 596
5 7555.8568488304 714
6 5868.53707750675 837
7 5189.34858765425 955
8 4784.52119646351 1068
9 4581.67712914834 1182
10 4441.0483433001 1293
11 4399.99346900543 1408
12 4342.11534127088 1521
13 4334.15810402964 1641
14 4332.57963136377 1767
15 4332.11866148889 1880
16 4331.94899291296 2006
17 4331.87728054772 2119
18 4331.84509735411 2241
19 4331.83014546681 2355

0 29247.635605802 116
1 27176.3421796898 229
2 24124.1825089201 348
3 16911.4103388994 491
4 10563.9156169504 611
5 7533.04897826295 728
6 5917.93438780338 841
7 5178.83602412611 956
8 4754.98731072514 1080
9 4572.32588826397 1193
10 4446.49971864817 1314
11 4397.68944951053 1460
12 4342.6164986413 1612
13 4334.25924824937 1739
14 4332.60000194898 1861
15 4332.13253783671 1981
16 4331.96074316072 2100
17 4331.88830122447 2216
18 4331.8555701787 2347
19 4331.84041909111 2465

0 29220.5901391987 121
1 27349.8473926162 261
2 23186.6165922638 389
3 16191.613473692 531
4 10806.8169484677 721
5 7381.00525324184 895
6 6001.59386770723 1148
7 5178.23500125143 1426
8 4771.20027177656 1689
9 4586.16560014511 1888
10 4440.98016053883 2046
11 4397.53884158657 2204
12 4342.65281425272 2340
13 4334.12816315948 2516
14 4332.53699036077 2705
15 4332.08565237621 2884
16 4331.92233930803 3055
17 4331.85356987451 3222
18 4331.8224565703 3367
19 4331.80803377006 3512

0 27766.6084600828 132
1 28064.1712343629 284
2 23760.3283087112 428
3 16677.6204864704 566
4 10566.1709670807 707
5 7515.59747407734 830
6 6020.6457421728 963
7 5200.17334104086 1087
8 4779.78725627356 1261
9 4594.1559188936 1403
10 4447.08561580907 1530
11 4398.4132525057 1655
12 4342.47807745155 1789
13 4334.11691471073 1952
14 4332.5454469847 2100
15 4332.10083545646 2275
16 4331.93569323184 2451
17 4331.8661824293 2610
18 4331.83484993152 2746
19 4331.82031086128 2870

0 28587.5106199824 147
1 28104.4455902783 314
2 23570.0411272082 482
3 17269.8657297709 665
4 10787.8679971725 856
5 7558.78098635839 1025
6 5951.26690258287 1191
7 5149.06827884209 1564
8 4787.61929460544 1725
9 4585.88411891005 1868
10 4437.34969348157 1996
11 4399.58064314623 2119
12 4342.29553522017 2246
13 4334.1538439736 2451
14 4332.56872827949 2629
15 4332.12297374107 2790
16 4331.95435080413 2916
17 4331.88301071759 3059
18 4331.85094928074 3246
19 4331.83608283026 3444

0 28141.1073465082 167
1 27745.585428023 284
2 24346.3141869408 442
3 17436.9670760647 586
4 10279.9384529212 727
5 7662.59240071564 918
6 5940.25959410842 1061
7 5142.86175364627 1223
8 4798.54077344011 1372
9 4588.7588813467 1516
10 4446.8421498987 1644
11 4397.99859935083 1762
12 4342.41842271003 1983
13 4334.02320852146 2193
14 4332.49490474472 2327
15 4332.06127016317 2468
16 4331.90252533934 2612
17 4331.83527364925 2747
18 4331.80505707862 2904
19 4331.79104781322 3051

0 29627.532889941 133
1 26819.7709177364 268
2 25468.0888396111 421
3 16646.2107679729 571
4 10379.4856017293 738
5 7550.53092716447 906
6 5918.66602134302 1080
7 5157.90765144833 1263
8 4799.30351120347 1416
9 4582.94110450363 1548
10 4437.87335452658 1696
11 4400.67575820815 1905
12 4342.89886294866 2073
13 4334.21934302596 2240
14 4332.56844251063 2430
15 4332.10945694395 2611
16 4331.94200074479 2763
17 4331.87072405374 2938
18 4331.83857814266 3093
19 4331.82368485086 3243

0 30445.0181936583 137
1 25147.1003096494 290
2 23245.3986907429 426
3 16365.8343726888 617
4 10793.8037804947 766
5 7607.76055977039 885
6 5893.70825093719 1000
7 5146.1999063633 1124
8 4793.96816437577 1235
9 4576.13693816414 1342
10 4443.20274615868 1454
11 4398.90074978078 1610
12 4341.88871350553 1747
13 4334.08569656562 1881
14 4332.55824942401 2001
15 4332.10985925391 2119
16 4331.94397797799 2230
17 4331.87385321445 2339
18 4331.84241748145 2449
19 4331.82778257288 2595

0 27846.6115579405 112
1 28734.0810795003 221
2 24551.0647460407 336
3 16539.8696159297 474
4 10570.8795825596 591
5 7659.5090738589 703
6 6014.01134516267 817
7 5108.16748159744 964
8 4763.47378642625 1107
9 4588.70991396646 1229
10 4445.71618014556 1337
11 4402.65621939544 1453
12 4343.38962019216 1561
13 4334.19673719432 1673
14 4332.56091163743 1781
15 4332.10644776635 1894
16 4331.93865383265 2034
17 4331.86793527682 2147
18 4331.83615356796 2259
19 4331.82138613944 2370

0 28414.0846050076 130
1 27393.126755769 244
2 23361.8200126021 358
3 16658.8125176157 476
4 11079.6241432071 620
5 7588.69928471187 755
6 5993.10444732262 880
7 5156.51254656127 993
8 4766.18585189515 1114
9 4590.83561936359 1224
10 4444.34966288456 1360
11 4395.89344044585 1483
12 4342.50554089315 1651
13 4334.23814157999 1779
14 4332.60896340876 1898
15 4332.13716799314 2014
16 4331.96206108483 2142
17 4331.88894703715 2287
18 4331.8560650517 2408
19 4331.84079153451 2555

0 28345.8461247203 186
1 26966.0327004618 380
2 24368.5849099902 518
3 16895.4975035014 641
4 10046.8867906502 781
5 7495.64848076621 914
6 5978.66588060233 1053
7 5175.81055670821 1196
8 4758.70734461586 1326
9 4576.99253246078 1467
10 4442.2137236959 1591
11 4397.29781480022 1726
12 4343.05826437558 1856
13 4334.10537639125 2009
14 4332.54879031564 2217
15 4332.09744394296 2399
16 4331.93031643817 2533
17 4331.859796084 2677
18 4331.82812365397 2816
19 4331.81341629134 2956

0 28175.7977091145 137
1 27561.1228011592 261
2 24343.0147735348 386
3 16998.6457804774 508
4 10593.1939499371 627
5 7778.56667052612 750
6 5908.84528613842 874
7 5178.19166405029 992
8 4798.59717475281 1125
9 4595.44752960752 1266
10 4444.02351003454 1424
11 4400.47890713833 1549
12 4342.38746327888 1673
13 4334.23577591077 1807
14 4332.58910188191 1928
15 4332.11948887131 2063
16 4331.94627264313 2198
17 4331.87378546954 2312
18 4331.84131725257 2446
19 4331.82623384873 2570

0 28306.9788921624 127
1 26909.0422894207 250
2 23852.5417389662 374
3 16351.0592513305 501
4 10729.3119579282 634
5 7561.97624840389 756
6 5985.85464455756 878
7 5177.38235603872 1003
8 4756.98982912729 1125
9 4579.24437867939 1289
10 4447.15893994957 1427
11 4397.68331618545 1544
12 4342.53756466384 1683
13 4334.1823551893 1811
14 4332.55902582262 1936
15 4332.10533036331 2069
16 4331.93987668108 2194
17 4331.86981072829 2320
18 4331.83833374741 2439
19 4331.82372563308 2555

0 28052.5396578002 126
1 28364.3985418482 251
2 24562.1621349724 370
3 16433.8896263682 493
4 10643.1477808721 611
5 7473.48561211339 727
6 5882.24145428994 837
7 5153.64727124385 960
8 4770.95231630807 1075
9 4590.89295574045 1185
10 4446.39128136038 1299
11 4400.39819297901 1414
12 4342.17050214202 1531
13 4334.12658242565 1661
14 4332.55165798786 1794
15 4332.10275889184 1924
16 4331.93766576439 2071
17 4331.86760841512 2210
18 4331.83625949298 2357
19 4331.82168481203 2507

0 28854.0103128731 160
1 26881.8242927293 287
2 23860.098154749 426
3 16916.3507483071 544
4 10669.6489497719 685
5 7498.76333924314 811
6 5892.70303548834 941
7 5162.81864554807 1077
8 4792.44187541587 1211
9 4591.09851196941 1341
10 4444.55519456076 1479
11 4400.63476861908 1598
12 4342.82616017637 1713
13 4334.22268026612 1844
14 4332.5764929967 1974
15 4332.11097969785 2094
16 4331.94122889636 2216
17 4331.86989403326 2337
18 4331.83781904796 2463
19 4331.8229468768 2580

