0 43350.0873263726 52
1 26355.5451314326 101
2 17249.2481059439 144
3 13603.7866039485 193
4 11775.7955251741 235
5 10669.1027513782 282
6 10114.7185699952 325
7 9724.89501076629 366
8 9508.66196755096 405
9 9324.60570774078 447
10 9163.13596071187 489
11 9097.18213605654 531
12 9018.02591713647 573
13 8965.95295740876 613
14 8929.29095711486 656
15 8881.81995078457 695
16 8840.89195284667 733
17 8800.18360236568 771
18 8756.68519922571 815
19 8713.72796380674 855
20 8660.93353723645 898
21 8628.14537599027 938
22 8551.99486479766 978
23 8509.54108005907 1018
24 8486.90039600593 1057
25 8438.02680342429 1100
26 8415.6698967613 1140
27 8395.53897164187 1179
28 8385.26360218621 1219
29 8376.62858142148 1257
30 8367.90522073782 1293
31 8366.61655569004 1330
32 8360.49302338551 1367
33 8345.38216958749 1410
34 8340.99098592214 1448
35 8336.18066037678 1485
36 8328.13661516845 1521
37 8322.71612897182 1557
38 8319.45587188765 1595
39 8301.508673151 1637
40 8302.44039635679 1674
41 8281.66704576517 1711
42 8279.86953320926 1750
43 8277.48760420363 1791
44 8266.75780206276 1834
45 8266.16048204797 1875
46 8259.63858420314 1913
47 8254.75715190305 1950
48 8255.12626519021 1987
49 8256.47515110116 2027
50 8257.12180827754 2070
51 8253.97065783897 2108
52 8248.16038857813 2144
53 8251.68015796502 2181
54 8241.5129199011 2222
55 8248.36289209254 2260
56 8234.78188294872 2297
57 8241.29453822267 2334
58 8233.92081431419 2370
59 8238.26112549966 2408
60 8235.5249377031 2448
61 8241.1617728666 2487
62 8234.9293559338 2524
63 8233.17188718204 2560
64 8231.23759544797 2598
65 8231.13262714002 2637
66 8234.09260537103 2674
67 8227.67873885752 2712
68 8231.60063801758 2748
69 8227.45777719789 2785
70 8222.02604401629 2824
71 8226.68407336853 2863
72 8222.77107427821 2899
73 8221.31459425458 2936
74 8220.18595592985 2972
75 8221.44217009877 3011
76 8221.94024820758 3055
77 8227.31824031253 3093
78 8222.30337709974 3130
79 8220.98035929964 3166
80 8222.50879957996 3202
81 8221.24622525431 3241
82 8216.87614163019 3278
83 8218.01035860496 3314
84 8217.10881708628 3350
85 8217.53377050558 3388
86 8217.81331064552 3429
87 8213.72195874519 3468
88 8213.93981712936 3506
89 8216.1908622777 3542
90 8215.17700208996 3578
91 8215.13027273479 3615
92 8215.39813561714 3654
93 8210.63661489927 3690
94 8211.85670470528 3727
95 8213.76499151844 3764
96 8211.92609293566 3800
97 8212.67418111687 3839
98 8210.02409842959 3876
99 8210.22777466391 3912
100 8212.90566899793 3948
101 8211.95635002528 3984
102 8206.93050839083 4022
103 8207.1987990788 4060
104 8209.0388558681 4097
105 8207.46167164981 4134
106 8205.88925460675 4171
107 8210.19122263229 4207
108 8207.99462336598 4245
109 8207.07986992919 4284
110 8207.13413255039 4321
111 8207.34668100334 4357
112 8206.22427813503 4394
113 8207.33896357702 4432
114 8207.61205531818 4472
115 8206.59736569916 4509
116 8203.69069479999 4545
117 8206.01426961057 4582
118 8206.71911724254 4619
119 8204.74241236706 4657
120 8202.39796847483 4695
121 8203.16750576615 4732
122 8200.38918535395 4769
123 8203.23663808353 4806
124 8202.60177787395 4844
125 8203.92226502313 4882
126 8203.36134892628 4918
127 8201.59053700817 4954
128 8200.87680422655 4991
129 8198.08098951432 5028
130 8201.01101693798 5066
131 8201.21408596507 5104
132 8199.12008080903 5144
133 8198.61654772919 5181
134 8200.22154138587 5218
135 8198.59437621026 5256
136 8198.51316715442 5293
137 8199.34966028633 5329
138 8198.19550689449 5365
139 8197.84297499256 5402
140 8197.87788829739 5439
141 8197.50456417533 5478
142 8196.50646560003 5515
143 8199.39888144841 5552
144 8194.7969591346 5588
145 8197.2160068652 5625
146 8195.50040730302 5664
147 8196.02755363506 5702
148 8196.50274537771 5740
149 8192.78725147684 5778
150 8195.68513088385 5816
151 8195.00283116852 5856
152 8195.54467633636 5896
153 8196.13961315033 5933
154 8195.49693497854 5969
155 8193.41317283414 6006
156 8194.90962112769 6043
157 8194.30234355591 6082
158 8194.69054517794 6119
159 8193.67298447971 6157
160 8194.21085307476 6196
161 8196.69742543273 6235
162 8193.3597564861 6274
163 8194.73778652969 6313
164 8193.57645313859 6350
165 8193.1628387478 6387
166 8192.08368068981 6426
167 8193.13807446489 6466
168 8192.52755480838 6506
169 8192.03229524055 6544
170 8193.10350292967 6582
171 8193.08760379211 6620
172 8193.62265383784 6658
173 8192.95791230331 6698
174 8193.37474636318 6736
175 8192.09005747038 6773
176 8191.87018200324 6817
177 8191.89971689436 6858
178 8193.10168615642 6899
179 8192.17510088919 6935
180 8191.35785104853 6972
181 8190.27370093392 7008
182 8190.49849181435 7044
183 8192.02997277899 7083
184 8190.44560295982 7120
185 8191.60615293684 7157
186 8190.31137596291 7193
187 8189.91993226858 7229
188 8190.4803473609 7267
189 8190.21537026612 7307
190 8191.15670188108 7343
191 8190.52163374333 7379
192 8190.16775564888 7415
193 8188.22298174651 7452
194 8189.68010711364 7491
195 8189.5832861809 7529
196 8190.50225504656 7566
197 8188.69488703377 7603
198 8189.44828740113 7640
199 8189.00561596495 7678
200 8187.18630889771 7716
201 8187.87173866497 7754
202 8187.90254190872 7791
203 8187.55008060015 7828
204 8187.22806344345 7865
205 8189.09422823763 7902
206 8187.5057922902 7939
207 8187.07729044982 7976
208 8186.42240064875 8013
209 8186.68921465892 8050
210 8186.71602693083 8087
211 8186.46329011958 8125
212 8187.30182883224 8162
213 8187.81213726513 8198
214 8189.07657110996 8234
215 8188.21383456224 8270
216 8187.55711401266 8311
217 8186.9789020728 8347
218 8186.00004068647 8384
219 8185.77392674844 8420
220 8186.97944535542 8456
221 8186.45725172316 8494
222 8186.55841138721 8534
223 8185.09641332991 8572
224 8186.62375516697 8610
225 8185.95978060086 8646
226 8186.19374393468 8683
227 8186.53797128217 8727
228 8186.09347671211 8767
229 8186.29958286458 8806
230 8185.6532600009 8844
231 8186.7341991414 8882
232 8185.58490227335 8920
233 8185.69633290432 8958
234 8185.74838479071 8994
235 8184.61456526587 9030
236 8185.37704894231 9066
237 8184.10133153212 9104
238 8185.84132097379 9142
239 8184.83456434595 9179
240 8185.71241655383 9216
241 8184.37895111981 9252
242 8184.45626404711 9290
243 8184.48554385575 9329
244 8183.85214464091 9366
245 8184.95418974407 9402
246 8184.04634606346 9438
247 8182.66025499045 9475
248 8183.055578618 9514
249 8183.23642889366 9553

0 45355.470248484 38
1 28252.1283025702 82
2 20661.0156355009 119
3 16504.7592002799 157
4 14233.0395464974 195
5 13004.8225907663 232
6 11980.8468761078 272
7 11218.4167706785 309
8 10722.4645731437 348
9 10350.1904431055 389
10 9982.2825805852 426
11 9667.58368740799 463
12 9443.39731910997 501
13 9248.88793241066 540
14 9091.86551868486 585
15 8982.96895534066 634
16 8898.78915448141 672
17 8839.78705786597 709
18 8800.74071047572 746
19 8767.2789341242 786
20 8730.06248071322 830
21 8720.94445681881 867
22 8689.54312193193 904
23 8692.57413864877 940
24 8669.58710514927 979
25 8659.37617102943 1018
26 8642.51754264102 1055
27 8629.31994000725 1093
28 8614.46837967435 1131
29 8596.1382488458 1168
30 8595.7897825031 1206
31 8590.30348418348 1244
32 8558.50885219889 1282
33 8556.15703032353 1319
34 8547.37481665282 1356
35 8525.10888291101 1394
36 8528.02686937495 1435
37 8518.28134984845 1471
38 8508.24130426508 1508
39 8498.04437071374 1545
40 8494.20803772581 1583
41 8487.94303562127 1624
42 8479.37634784939 1661
43 8478.73724191705 1697
44 8470.76761863524 1734
45 8462.98291656329 1771
46 8464.73810829276 1812
47 8470.63559439063 1850
48 8458.88013476308 1887
49 8458.97759862874 1924
50 8454.83359096661 1961
51 8455.08457174659 2005
52 8446.58833712185 2043
53 8447.257319238 2079
54 8445.17408720688 2116
55 8444.22979356416 2154
56 8438.34677410769 2194
57 8434.11921201799 2232
58 8438.94072549147 2278
59 8434.53402245312 2317
60 8434.69863568582 2353
61 8424.66076429102 2392
62 8422.74271195027 2432
63 8411.93960233535 2468
64 8405.17840662711 2505
65 8398.32471573352 2543
66 8397.02078871272 2580
67 8395.60360198938 2620
68 8391.68801848566 2659
69 8394.28038707214 2696
70 8390.98960212336 2733
71 8391.07064945473 2771
72 8388.46045119994 2811
73 8384.4652364312 2850
74 8383.39808145569 2887
75 8382.63843877305 2924
76 8379.96115895908 2961
77 8380.21410393635 2999
78 8382.74836909281 3037
79 8379.75733329298 3074
80 8376.78201431056 3111
81 8376.87574677465 3148
82 8378.08669757203 3186
83 8372.36690630349 3231
84 8375.32535947524 3269
85 8377.43349569254 3306
86 8375.89388489958 3342
87 8374.61586005251 3379
88 8371.95221642356 3427
89 8375.18509250818 3466
90 8371.54862361717 3503
91 8370.60154967956 3539
92 8370.50594465408 3576
93 8371.50254053094 3615
94 8369.43914478098 3654
95 8370.24047336725 3692
96 8366.27856484819 3728
97 8368.47327957825 3766
98 8366.19490178781 3803
99 8367.64417217825 3841
100 8366.54249241238 3878
101 8365.53388199185 3914
102 8368.2856378991 3950
103 8364.60720970836 3986
104 8364.21460142527 4026
105 8362.95241849542 4064
106 8363.5801223087 4102
107 8363.17195016693 4138
108 8364.39450090328 4175
109 8361.94534521426 4212
110 8361.96258393104 4250
111 8361.08323139517 4288
112 8361.3999723326 4325
113 8362.84441491597 4362
114 8360.86648424971 4399
115 8359.45056016532 4438
116 8361.00895465232 4476
117 8360.26576539303 4512
118 8357.67426702504 4549
119 8360.47217044576 4588
120 8359.14030460681 4627
121 8358.48479249588 4665
122 8357.31566732769 4702
123 8359.04284493689 4738
124 8359.55154198822 4774
125 8359.55343468115 4814
126 8360.22736063064 4857
127 8357.45551942314 4895
128 8357.15514279821 4932
129 8358.39064222771 4968
130 8357.79174609136 5005
131 8357.94560687288 5046
132 8359.61640276444 5085
133 8357.98213359318 5121
134 8356.51971586749 5157
135 8357.54760269008 5198
136 8358.87336469836 5238
137 8356.67305266565 5275
138 8355.12949239777 5311
139 8355.36591703611 5348
140 8356.1937023377 5384
141 8356.90553855391 5421
142 8354.88477058662 5460
143 8356.43117768527 5497
144 8354.49849420943 5533
145 8356.70818462407 5569
146 8356.79966297899 5605
147 8354.86037412293 5644
148 8353.92070099208 5683
149 8354.52250046668 5719
150 8353.4214135043 5756
151 8356.36574284809 5792
152 8355.25421394299 5830
153 8353.74595883212 5869
154 8355.185932771 5906
155 8353.35256263212 5943
156 8353.80635370984 5979
157 8355.0115262009 6016
158 8352.73609903003 6058
159 8353.08518998532 6095
160 8354.08706458124 6131
161 8353.83115943512 6169
162 8353.74835248165 6207
163 8353.61465312069 6248
164 8353.6386752152 6287
165 8354.33221036852 6324
166 8352.82194443991 6360
167 8354.42280496533 6396
168 8354.34027664589 6434
169 8353.65789006363 6472
170 8352.79912698953 6509
171 8351.4637830758 6545
172 8352.14251567466 6582
173 8351.20233257239 6618
174 8351.32115486408 6656
175 8351.75160936053 6696
176 8352.32309286975 6734
177 8350.22217325118 6770
178 8352.46367010221 6807
179 8351.27043476838 6845
180 8351.97753498043 6882
181 8351.75533905441 6918
182 8351.5391483254 6955
183 8350.92023447575 6990
184 8350.79472852961 7027
185 8350.18732915927 7065
186 8350.36106935834 7102
187 8350.37379850004 7138
188 8350.58497525753 7174
189 8348.69180950575 7211
190 8351.58223763048 7249
191 8350.16010307002 7290
192 8349.91450702483 7330
193 8350.0503645519 7370
194 8348.82050383671 7411
195 8349.78972654509 7450
196 8349.03798117595 7499
197 8350.13968304761 7536
198 8349.59920716064 7572
199 8349.99725749963 7608
200 8350.33186921925 7645
201 8349.07650378109 7684
202 8349.26886305612 7722
203 8347.88347427073 7758
204 8348.79036165392 7794
205 8348.88472478018 7831
206 8349.21543403868 7869
207 8349.72919448385 7908
208 8350.03184499094 7945
209 8348.48230721377 7981
210 8348.6590938429 8017
211 8348.13844332923 8054
212 8348.4469824618 8092
213 8347.82409287171 8129
214 8349.01969717677 8165
215 8348.73040357099 8201
216 8348.97397717397 8238
217 8347.91518668045 8276
218 8348.79367718337 8314
219 8347.67690477014 8353
220 8348.16331857758 8391
221 8348.9344994705 8427
222 8347.55640775004 8464
223 8347.80254628366 8502
224 8349.1881016111 8539
225 8346.87590836139 8575
226 8347.68148678979 8612
227 8347.84862523281 8648
228 8348.40432543709 8688
229 8348.05470570477 8727
230 8346.93286517946 8765
231 8347.5743673587 8800
232 8347.66361894522 8836
233 8348.05103837876 8875
234 8348.23307076919 8915
235 8347.49840827849 8953
236 8347.63196727858 8989
237 8347.43919793355 9026
238 8348.56541318827 9063
239 8347.15147217188 9102
240 8346.20736435646 9139
241 8346.46368483057 9176
242 8347.58502601708 9212
243 8346.81225731533 9249
244 8346.85930518681 9289
245 8346.89824306728 9327
246 8345.76404192101 9363
247 8346.4725575443 9399
248 8346.7463574805 9435
249 8346.33727781625 9472

0 47649.501796756 38
1 26274.4154278801 74
2 16453.21022754 110
3 13060.5778133686 147
4 11798.0724535122 184
5 10951.9433316707 222
6 10358.4363139189 259
7 9930.06185560332 296
8 9633.89182513805 332
9 9428.33396264183 369
10 9210.40315600644 406
11 9051.75461154714 444
12 8915.01427645009 481
13 8827.4634719309 520
14 8748.81390295414 557
15 8708.01415032321 594
16 8660.61261242814 633
17 8625.84916022445 674
18 8587.14492131078 711
19 8572.87179475546 748
20 8554.01373595802 785
21 8549.6102951038 823
22 8521.38351740594 861
23 8515.92081870676 897
24 8490.40414184381 933
25 8477.79692656089 969
26 8475.20191722553 1005
27 8455.44947200364 1044
28 8461.46012361961 1081
29 8458.9976749324 1117
30 8443.15633904577 1155
31 8434.29474775132 1191
32 8432.99910767065 1228
33 8428.9201058716 1267
34 8420.3034675006 1303
35 8412.48663735375 1339
36 8410.20265316269 1376
37 8409.81494070351 1412
38 8408.82753528496 1450
39 8395.27234338448 1487
40 8406.21181144567 1522
41 8390.00885998111 1558
42 8392.44330187474 1594
43 8397.86908350325 1632
44 8391.76701655525 1671
45 8390.83453713433 1707
46 8386.42242916193 1743
47 8385.15952619951 1779
48 8389.26226789664 1816
49 8388.49158672155 1856
50 8386.8630769399 1892
51 8381.02059976879 1928
52 8377.61073972781 1966
53 8375.7480249998 2002
54 8378.85882445078 2041
55 8379.56081554162 2081
56 8378.22428243763 2117
57 8371.13483953327 2156
58 8373.52386162993 2195
59 8370.83864024273 2233
60 8371.32956509614 2273
61 8369.91483118717 2310
62 8364.95844007207 2346
63 8369.09856754183 2382
64 8365.27318945847 2419
65 8364.90614596884 2456
66 8367.54812309703 2494
67 8362.4309372659 2529
68 8361.96583637855 2565
69 8364.53504290704 2601
70 8359.02084520423 2638
71 8362.23208360273 2676
72 8358.11418614483 2713
73 8360.54367600905 2750
74 8358.36405526696 2786
75 8357.14524866722 2822
76 8356.75073700683 2864
77 8354.73804132981 2903
78 8350.27092790873 2939
79 8349.58235752521 2976
80 8347.00382257439 3013
81 8346.62891089097 3052
82 8345.04965624473 3093
83 8348.10679243969 3130
84 8348.8799288552 3167
85 8348.47632304418 3205
86 8346.4061847606 3242
87 8343.68075598823 3280
88 8343.90440669435 3317
89 8343.84829619297 3354
90 8345.45227460604 3390
91 8340.41870965844 3426
92 8340.28185035878 3466
93 8340.34554828007 3505
94 8340.70697631749 3542
95 8338.15535927624 3579
96 8337.38240561891 3617
97 8339.86299936751 3654
98 8340.02476429954 3693
99 8341.80234552498 3730
100 8341.66563358588 3767
101 8338.28992449448 3804
102 8336.4124284787 3842
103 8334.5458572131 3881
104 8335.08125470868 3919
105 8336.7950288273 3956
106 8332.77325219207 3993
107 8334.55082702876 4030
108 8334.5195564718 4067
109 8334.70282227498 4106
110 8335.58450997011 4142
111 8334.99965728192 4178
112 8332.63970993268 4214
113 8331.37152782456 4250
114 8330.2209275994 4289
115 8332.07611126324 4326
116 8333.28340258362 4363
117 8330.4385929709 4399
118 8332.34040585923 4436
119 8331.26882598467 4473
120 8329.95696819002 4511
121 8333.92137487617 4548
122 8332.06585014304 4585
123 8330.4581831342 4622
124 8329.86383209229 4659
125 8330.3935458481 4698
126 8330.97278509186 4735
127 8330.98088176751 4772
128 8329.01243540877 4813
129 8330.92916248898 4850
130 8325.40404688935 4890
131 8329.00826056573 4931
132 8327.39735325962 4969
133 8329.0844518447 5006
134 8327.28395906815 5042
135 8330.42996280254 5080
136 8329.21142628804 5117
137 8329.57689744312 5154
138 8327.83466974469 5190
139 8329.90838454544 5226
140 8326.59424418449 5263
141 8327.69660139812 5302
142 8326.84676652415 5340
143 8325.8914160907 5377
144 8326.98085204809 5418
145 8326.44466770746 5455
146 8325.50450439803 5495
147 8327.75225679405 5535
148 8326.69393996441 5572
149 8327.30547946931 5608
150 8327.64549532306 5645
151 8326.44073980476 5682
152 8326.54368210718 5721
153 8325.22967302173 5757
154 8325.34257313702 5795
155 8326.26827674693 5832
156 8324.4641646105 5868
157 8323.49235779293 5907
158 8323.807134259 5944
159 8326.30169485592 5980
160 8325.15469376594 6016
161 8326.03616339009 6052
162 8326.81263785647 6090
163 8323.26489158996 6128
164 8323.35263069338 6164
165 8324.33464022207 6201
166 8324.06709522279 6240
167 8323.16612221658 6277
168 8323.37276684659 6318
169 8323.61627271222 6355
170 8323.15669944184 6391
171 8322.53003437797 6428
172 8323.77506157002 6464
173 8325.33896212118 6502
174 8323.73921318137 6540
175 8324.13552855429 6577
176 8322.00824041915 6613
177 8323.94188403466 6649
178 8322.56607779902 6687
179 8323.62288385907 6725
180 8323.52596430114 6763
181 8324.13225604469 6799
182 8323.21223009269 6835
183 8323.48144035319 6871
184 8321.86954954689 6909
185 8322.23233957641 6947
186 8323.31539103123 6983
187 8322.54123621312 7019
188 8322.85388069165 7055
189 8324.22580896434 7092
190 8323.35002398837 7131
191 8322.37384219766 7168
192 8322.24909374536 7208
193 8322.16812922065 7245
194 8322.29279517431 7281
195 8321.81089789588 7319
196 8322.99722351747 7356
197 8321.7031252945 7393
198 8320.65039249557 7429
199 8320.90589850268 7465
200 8320.99681936871 7503
201 8320.85016203251 7541
202 8320.80382008304 7578
203 8322.29643964444 7614
204 8321.85617429555 7650
205 8320.17353113289 7686
206 8320.77500706621 7727
207 8320.63366203031 7765
208 8321.56355084019 7802
209 8320.89271525866 7838
210 8320.8436447115 7879
211 8320.06855831488 7919
212 8321.66729045228 7956
213 8320.50844776329 7992
214 8320.58343933188 8028
215 8320.31681113723 8065
216 8320.41420212951 8101
217 8319.87371382581 8139
218 8321.49929362696 8176
219 8321.21397480383 8213
220 8320.03828394065 8249
221 8320.70198786531 8285
222 8319.75068561583 8322
223 8320.59061297491 8360
224 8318.72760399701 8397
225 8320.06197994176 8433
226 8320.42136106672 8470
227 8318.91248613023 8508
228 8318.9961510682 8547
229 8319.35605004957 8585
230 8321.22643976892 8621
231 8320.01360934574 8657
232 8319.93495382089 8694
233 8319.19115715783 8731
234 8318.00268549132 8769
235 8319.54223270839 8805
236 8319.13716388564 8842
237 8319.79166929117 8880
238 8319.66993643224 8920
239 8318.98707170153 8959
240 8319.98127804761 8995
241 8319.99323556252 9032
242 8319.4549727783 9068
243 8319.29683254799 9104
244 8318.719585451 9144
245 8319.1231225414 9183
246 8319.54283640736 9219
247 8318.48434141391 9255
248 8319.22922738104 9291
249 8318.7433475493 9334

0 47622.6304277682 38
1 28035.7961617933 77
2 19516.2298893549 115
3 15955.2020472001 153
4 14394.6324531821 194
5 13727.9601920739 233
6 13229.9072893485 271
7 12846.1296654588 307
8 12542.8546420911 343
9 12364.9326516938 379
10 12162.187753702 419
11 12075.0585504127 456
12 12012.9207703116 494
13 11939.4984107533 531
14 11892.1936785943 568
15 11845.3540845429 606
16 11809.9620261464 643
17 11783.6210018391 679
18 11779.8950262962 716
19 11752.1457973093 752
20 11736.6439600729 789
21 11707.613014258 828
22 11683.4689763614 866
23 11669.6017058558 902
24 11633.2355201756 938
25 11613.6981129286 974
26 11597.5290109868 1013
27 11575.9179308196 1052
28 11560.5866809721 1088
29 11529.6413399563 1124
30 11526.0404927645 1160
31 11498.4665356349 1197
32 11476.1404006536 1239
33 11452.5463401644 1277
34 11432.2669321038 1313
35 11408.6649236573 1349
36 11402.2668170012 1385
37 11371.1174002607 1424
38 11360.2114495547 1463
39 11331.3121867877 1501
40 11332.6753535729 1539
41 11308.2842706315 1575
42 11290.6837188539 1612
43 11268.9290293535 1652
44 11252.7718698899 1688
45 11241.4429695939 1725
46 11212.6775480264 1763
47 11196.1307073928 1800
48 11177.6060441536 1838
49 11152.5488723893 1875
50 11132.2416049335 1913
51 11108.9116499525 1952
52 11089.8118186173 1991
53 11069.2961940742 2032
54 11052.2658483592 2070
55 11023.6557854063 2106
56 11003.1666731188 2143
57 10971.5817392891 2179
58 10949.4762289441 2216
59 10918.680340382 2255
60 10890.6736554543 2293
61 10850.2674074517 2332
62 10806.7951563673 2368
63 10745.0656279589 2404
64 10673.2280404725 2443
65 10600.8624228138 2482
66 10506.6700082986 2519
67 10410.5461836741 2555
68 10313.6249041767 2590
69 10220.6442009404 2628
70 10127.3137783302 2668
71 10041.7829969985 2704
72 9954.07334111396 2741
73 9853.85572066076 2777
74 9754.36904351444 2813
75 9634.13529698103 2852
76 9502.22729440961 2891
77 9354.28047293117 2930
78 9192.00926420203 2968
79 9036.65777644508 3005
80 8900.67479597067 3045
81 8799.17404064494 3083
82 8726.12585283333 3120
83 8672.87585329929 3157
84 8636.32602502486 3194
85 8609.13395287454 3231
86 8587.50359957844 3269
87 8571.39727999348 3306
88 8560.04577412724 3342
89 8548.84283961955 3379
90 8540.97461007798 3415
91 8531.27271546198 3453
92 8521.92734355003 3490
93 8516.12983659106 3528
94 8505.09884912667 3567
95 8501.29500264308 3604
96 8495.57421723476 3641
97 8489.22403335132 3681
98 8483.70287894742 3718
99 8479.09754164734 3755
100 8472.49983493764 3793
101 8470.13431247514 3832
102 8462.99617662836 3871
103 8461.810578839 3909
104 8452.47391904893 3945
105 8451.10219136561 3981
106 8446.25539782024 4017
107 8442.98682184177 4055
108 8439.34149573919 4096
109 8434.72783765531 4133
110 8430.5980009427 4170
111 8430.22794519645 4207
112 8427.17550510185 4244
113 8420.9364675553 4284
114 8421.99767163223 4320
115 8417.36988599516 4356
116 8416.39899733036 4393
117 8411.61359828338 4430
118 8411.71968098735 4468
119 8408.62134370345 4506
120 8410.05562132478 4542
121 8406.98458032642 4581
122 8402.55467022649 4618
123 8400.32383448706 4655
124 8394.62780923216 4693
125 8396.45157277978 4730
126 8394.4594832677 4766
127 8391.99456636515 4802
128 8387.73124501902 4838
129 8386.42571106259 4876
130 8386.57508136809 4913
131 8382.69620946276 4949
132 8381.29644386391 4986
133 8379.55271618843 5023
134 8375.73705781165 5060
135 8375.5886609019 5099
136 8372.63294836107 5135
137 8369.25279128921 5171
138 8369.26835969644 5207
139 8365.00105805235 5243
140 8361.9600761755 5281
141 8362.36064052659 5320
142 8363.17440747223 5357
143 8356.79100153281 5393
144 8354.97466128349 5431
145 8351.01476971884 5470
146 8349.86616855724 5510
147 8348.09774090749 5547
148 8343.32138828708 5583
149 8343.13761852418 5620
150 8340.10172587597 5656
151 8337.84426559645 5695
152 8335.84969432902 5732
153 8332.60489329967 5768
154 8331.97995807166 5805
155 8329.10062175547 5841
156 8326.34473639353 5878
157 8323.7542988496 5916
158 8323.54380050971 5951
159 8324.01681345396 5988
160 8321.53704254999 6024
161 8320.40270205937 6061
162 8317.9788028381 6099
163 8317.99373571338 6137
164 8316.45755940769 6173
165 8315.98921683524 6210
166 8314.10444470108 6246
167 8313.89388764157 6286
168 8313.69641847762 6325
169 8313.42161228683 6362
170 8311.56204838836 6399
171 8312.56771590878 6436
172 8312.25793268393 6476
173 8311.66052242806 6516
174 8309.62601638471 6554
175 8309.19802504662 6591
176 8307.93677313448 6627
177 8308.58410510045 6663
178 8308.16158384843 6702
179 8308.11107969958 6743
180 8308.36682102353 6779
181 8308.51480995993 6816
182 8306.10044287092 6852
183 8305.09378171133 6888
184 8306.39824692148 6927
185 8307.41158103562 6964
186 8306.90479544893 7001
187 8306.4029773074 7038
188 8307.69333945341 7075
189 8305.46365435104 7113
190 8306.41915819418 7151
191 8304.34171219933 7186
192 8303.82809896968 7222
193 8303.27503047225 7258
194 8303.75824667472 7295
195 8302.94932891571 7335
196 8303.87011673634 7371
197 8303.3619656315 7407
198 8303.8429308633 7445
199 8302.78205790328 7481
200 8302.01293635071 7519
201 8301.06546753677 7557
202 8300.78650731199 7593
203 8300.50412559543 7630
204 8299.26389618288 7666
205 8297.43918840218 7703
206 8300.25807514001 7743
207 8299.06224071008 7779
208 8297.31916488972 7815
209 8297.05416176719 7851
210 8299.39346352279 7887
211 8296.93039541967 7925
212 8297.62967566088 7964
213 8295.50661104053 8002
214 8296.19587721049 8040
215 8294.83696159876 8076
216 8295.23039657586 8115
217 8294.37369293787 8155
218 8293.78990706739 8192
219 8293.92210190408 8228
220 8294.59796320669 8264
221 8293.57691524492 8302
222 8293.82471682575 8341
223 8293.90276535922 8379
224 8293.38133233978 8418
225 8293.5600310139 8454
226 8293.26014970588 8490
227 8291.35216674538 8528
228 8292.90186458379 8569
229 8293.80510328186 8606
230 8293.089180237 8643
231 8292.46770206693 8679
232 8292.72058048703 8717
233 8293.75118113063 8756
234 8292.73506710692 8792
235 8292.83252783101 8830
236 8292.25014103438 8866
237 8292.1766058079 8902
238 8291.53531830132 8941
239 8291.83355032595 8979
240 8291.77059041243 9016
241 8291.84116359724 9053
242 8291.53787926841 9089
243 8292.14532268442 9128
244 8291.4382023431 9167
245 8291.60808627123 9203
246 8291.06395514799 9239
247 8291.83633218785 9275
248 8290.65509186959 9312
249 8291.694131316 9352

0 43867.4872251141 36
1 24814.9377306257 73
2 15879.3288679323 109
3 12902.6224950615 147
4 12068.1246258362 186
5 11667.7623969808 226
6 11476.197141613 263
7 11280.8270112787 300
8 11096.1903330779 340
9 10984.4263968685 379
10 10880.6784623052 417
11 10780.5381757876 453
12 10640.8775646608 490
13 10530.8782024929 526
14 10465.2070030824 563
15 10389.7271366341 601
16 10298.2500059562 640
17 10257.383527 678
18 10205.7425541701 717
19 10136.3979134046 753
20 10102.854829199 791
21 10068.1089682223 829
22 10026.6441725354 865
23 10026.1444110379 901
24 9982.97059123478 936
25 9949.76512117766 972
26 9925.7020351839 1011
27 9906.94952036594 1048
28 9880.73192424484 1085
29 9844.51363422673 1122
30 9815.68006255243 1158
31 9761.39799693292 1197
32 9709.45448691926 1235
33 9650.65175402092 1271
34 9588.49717382506 1307
35 9516.2394941961 1343
36 9433.81250037241 1381
37 9336.99453002298 1420
38 9221.13926405748 1457
39 9108.96041463549 1494
40 9002.01965145358 1529
41 8905.27853304971 1566
42 8823.62790441831 1606
43 8728.78105596784 1645
44 8650.56969232969 1683
45 8573.80435340126 1719
46 8512.07731045353 1755
47 8463.40303185247 1792
48 8418.86223555911 1831
49 8383.24299018355 1868
50 8364.8672285854 1904
51 8338.19217681961 1940
52 8328.53113871693 1976
53 8312.78296265673 2015
54 8294.44719905621 2056
55 8292.5841434647 2094
56 8287.59274680567 2133
57 8282.41191061839 2170
58 8272.1366177794 2207
59 8263.2252800249 2246
60 8263.24429906023 2283
61 8261.12415314749 2320
62 8256.76044776113 2356
63 8254.53697649472 2392
64 8252.45503072408 2431
65 8248.72099031902 2467
66 8243.85254771549 2503
67 8243.65991645356 2540
68 8240.60047829138 2576
69 8234.81102505837 2614
70 8235.98211178158 2652
71 8233.32765252682 2689
72 8232.36091467385 2725
73 8228.62042047525 2762
74 8228.87587202162 2800
75 8226.20278048077 2841
76 8224.60704129064 2878
77 8223.6521229713 2914
78 8220.54115512197 2951
79 8221.69041388504 2989
80 8219.20668925641 3029
81 8222.21716549514 3067
82 8215.17830528461 3103
83 8216.05342105366 3140
84 8214.28551946287 3176
85 8215.22845784935 3213
86 8214.6609127205 3251
87 8208.68331375995 3288
88 8212.19463570399 3325
89 8208.64256162373 3360
90 8206.88295711637 3396
91 8207.57720363072 3435
92 8204.48713473824 3472
93 8207.05166663068 3508
94 8204.34779603516 3545
95 8203.60252534719 3581
96 8202.01782100782 3618
97 8200.90691286142 3658
98 8201.90497330125 3694
99 8199.51321269698 3734
100 8204.38895915639 3771
101 8199.79321806089 3808
102 8199.1935645528 3846
103 8198.85951608114 3884
104 8200.91630428537 3920
105 8198.87288263908 3957
106 8197.60069746763 3995
107 8195.97338818966 4033
108 8197.01645410142 4072
109 8198.3291476581 4109
110 8196.33246395727 4146
111 8194.72243289447 4182
112 8195.73200737182 4223
113 8194.43770235341 4264
114 8192.84511974436 4301
115 8194.85924343488 4337
116 8193.56739661025 4373
117 8193.03328374969 4409
118 8194.42833589762 4450
119 8192.74906627863 4488
120 8192.4616031334 4524
121 8191.25653220608 4560
122 8190.42318663231 4596
123 8191.16268132237 4636
124 8191.3629304568 4679
125 8192.81386325304 4722
126 8192.79669382379 4764
127 8188.75614986695 4808
128 8190.69644498886 4847
129 8191.86916421857 4886
130 8190.52953946639 4923
131 8191.25585962106 4959
132 8190.30321206665 4995
133 8190.81567894363 5032
134 8189.38661340478 5074
135 8191.2544980478 5113
136 8190.2798687006 5151
137 8189.26377056989 5187
138 8188.41680608766 5224
139 8188.31095904669 5263
140 8188.59048467316 5305
141 8189.17806311394 5342
142 8185.50407141757 5378
143 8188.92602408835 5416
144 8187.59768422585 5454
145 8186.85882500995 5492
146 8188.01374860615 5528
147 8188.29619886732 5565
148 8189.02855089773 5601
149 8187.99475396354 5637
150 8186.10495456601 5678
151 8189.26027074668 5716
152 8186.508428439 5752
153 8186.18990826122 5788
154 8187.39531856527 5824
155 8185.72863359983 5862
156 8187.04877102916 5900
157 8185.23133808253 5937
158 8187.82498786997 5973
159 8187.06080257852 6009
160 8185.64450880246 6046
161 8187.35002533453 6084
162 8186.07816575752 6121
163 8184.82023405749 6158
164 8185.70512088363 6195
165 8186.0129036171 6232
166 8183.661091145 6270
167 8186.24592319479 6308
168 8185.83503927279 6345
169 8186.23323061878 6382
170 8185.38211494767 6418
171 8183.88565606418 6455
172 8183.84166868907 6494
173 8184.77534145907 6532
174 8185.02505122514 6570
175 8185.94163534615 6608
176 8185.31119144571 6647
177 8183.89727968399 6685
178 8184.46296301507 6723
179 8183.29248401301 6759
180 8182.91144465338 6795
181 8183.57802443183 6831
182 8183.40157161621 6870
183 8183.56685760675 6908
184 8183.63322315001 6943
185 8183.86121735639 6980
186 8184.06140931857 7017
187 8184.36987048792 7054
188 8185.63060082179 7096
189 8183.32267441095 7134
190 8184.04743622433 7171
191 8182.5970142753 7208
192 8183.34343024639 7244
193 8182.93961464026 7283
194 8182.37407009473 7322
195 8182.71912798642 7359
196 8182.9677587059 7395
197 8183.05269088867 7431
198 8184.25446442135 7468
199 8183.15796526145 7506
200 8182.64636683579 7543
201 8182.98304919306 7579
202 8182.2021528298 7616
203 8182.55754356337 7652
204 8182.24494180957 7690
205 8183.0926036909 7727
206 8182.71173465602 7764
207 8183.44415197576 7800
208 8181.65153107899 7836
209 8182.31840568564 7874
210 8181.43366681466 7913
211 8183.28528234768 7949
212 8182.78488710629 7986
213 8181.49358851414 8024
214 8181.2461689181 8062
215 8182.08323956463 8100
216 8180.96963678801 8138
217 8181.72633003839 8174
218 8182.18901490444 8210
219 8181.84853859869 8245
220 8181.53466992712 8283
221 8181.3871017921 8321
222 8181.16114372191 8357
223 8179.83691062952 8393
224 8182.00922973784 8429
225 8182.20820338012 8465
226 8181.61216276586 8504
227 8180.85684302046 8543
228 8180.00936802134 8579
229 8181.75128504849 8615
230 8180.58465378173 8652
231 8180.19148274533 8689
232 8181.35808709053 8728
233 8180.40904693618 8766
234 8180.58831370291 8805
235 8180.37859648737 8844
236 8180.66859330425 8882
237 8181.21639509284 8920
238 8180.38497276792 8957
239 8180.1972868752 8994
240 8179.63888586304 9030
241 8179.92968514051 9066
242 8180.14561618716 9104
243 8179.96099651025 9141
244 8180.89785396843 9177
245 8180.54526472777 9213
246 8179.40626006238 9254
247 8180.93224808614 9291
248 8179.83850319964 9330
249 8179.40057325237 9366

0 47125.7225789715 36
1 28250.4308929376 72
2 18753.8209148673 108
3 15732.3004978927 146
4 14468.1503486297 185
5 13738.3685722439 221
6 13169.236256094 257
7 12652.9048239893 294
8 12143.4974716278 331
9 11731.7892002915 369
10 11317.7862658615 406
11 11014.1981695769 443
12 10741.2592613738 479
13 10485.9855241478 515
14 10185.8055484873 553
15 9913.15510693086 593
16 9655.42090713556 630
17 9442.52007653979 666
18 9272.05242007311 703
19 9157.82573735477 740
20 9074.19555131215 782
21 9005.17136910084 820
22 8965.26300830274 856
23 8930.98502967355 892
24 8899.80034022788 928
25 8869.93437537343 967
26 8849.65259881424 1004
27 8802.97609310832 1039
28 8777.09460501141 1075
29 8744.64430267075 1112
30 8716.20450721954 1151
31 8687.42972733309 1191
32 8661.37794505737 1228
33 8609.07062720732 1265
34 8576.82556291815 1302
35 8554.57119135785 1339
36 8515.76415078773 1377
37 8506.06444229025 1414
38 8482.49204276001 1450
39 8475.34078346828 1487
40 8452.98984762808 1524
41 8442.0791225772 1562
42 8434.96948927314 1600
43 8417.16734933259 1636
44 8411.45641887025 1672
45 8401.91316500781 1709
46 8396.78432694986 1746
47 8388.84683911005 1785
48 8376.78327277287 1823
49 8364.82845511722 1864
50 8364.00148427216 1900
51 8363.3960790265 1936
52 8355.8073098582 1974
53 8358.72977718687 2014
54 8350.06110953819 2051
55 8347.3425924143 2088
56 8349.77774139369 2124
57 8340.81596142983 2162
58 8345.51865255236 2201
59 8336.60465298328 2238
60 8327.26592539756 2275
61 8332.30884439866 2311
62 8327.30807258197 2348
63 8326.63434533089 2386
64 8331.76038662303 2423
65 8329.52415459686 2460
66 8328.90371960031 2496
67 8323.05239461664 2532
68 8324.14204803413 2569
69 8323.30506050129 2607
70 8321.36680863614 2644
71 8315.98081686202 2680
72 8319.35396430087 2718
73 8322.34150216767 2754
74 8319.06737833531 2794
75 8316.61009148351 2833
76 8318.65062643603 2871
77 8312.73481370149 2908
78 8312.51850950417 2944
79 8310.84753449981 2982
80 8314.27422771593 3019
81 8311.92386094182 3055
82 8311.24998090229 3091
83 8311.53007026334 3127
84 8306.91162365456 3164
85 8307.54822719185 3202
86 8308.8241827971 3239
87 8306.70455137155 3275
88 8306.69022530858 3311
89 8307.26537657363 3347
90 8307.28210522351 3384
91 8305.51312772793 3426
92 8311.62166204142 3463
93 8304.05032948312 3500
94 8306.23079967734 3542
95 8304.79305422527 3586
96 8308.19629648432 3630
97 8301.55611289584 3671
98 8304.90731822632 3712
99 8302.84260232345 3754
100 8302.91724436441 3794
101 8303.20016960807 3835
102 8303.68014536523 3874
103 8303.54481463836 3911
104 8300.14447915872 3948
105 8300.33527858476 3986
106 8299.87848415806 4028
107 8301.45596411581 4066
108 8298.18588594155 4102
109 8302.81947107059 4138
110 8300.90068297342 4174
111 8297.86512806768 4214
112 8299.76328686594 4252
113 8301.30361029015 4289
114 8297.51572001469 4326
115 8299.44432723813 4363
116 8298.02011423926 4400
117 8298.07378733521 4439
118 8299.62648631265 4476
119 8296.62020412127 4512
120 8296.28956137079 4551
121 8296.68580852975 4589
122 8294.67877419618 4628
123 8295.71055488504 4665
124 8297.21041360564 4702
125 8294.87755474275 4738
126 8296.11329694701 4774
127 8292.31715928866 4813
128 8293.89879527189 4855
129 8291.37920409639 4894
130 8294.52729313207 4932
131 8292.78603032447 4968
132 8294.01294565289 5008
133 8294.47047793292 5047
134 8293.78634004231 5083
135 8296.15897592782 5120
136 8293.92859067259 5156
137 8292.54474764867 5193
138 8292.11248825684 5231
139 8291.59961587763 5269
140 8294.64743802643 5306
141 8292.41740811455 5343
142 8291.93968286867 5379
143 8291.14741857746 5417
144 8289.63975753114 5455
145 8290.96813727364 5491
146 8292.70163922423 5527
147 8292.74445808217 5564
148 8291.57865640326 5600
149 8289.69035358919 5641
150 8293.44732364481 5677
151 8290.8988601086 5714
152 8290.83474417404 5750
153 8292.44020449214 5787
154 8292.58825071376 5825
155 8291.00832103935 5864
156 8291.84283711103 5900
157 8290.20470601587 5936
158 8288.04994731189 5972
159 8289.48987641355 6009
160 8288.84213146827 6048
161 8290.42782277601 6089
162 8292.16944092462 6125
163 8288.17199659652 6160
164 8288.56830443449 6197
165 8289.36718531195 6240
166 8290.74648382557 6281
167 8289.58160378956 6318
168 8288.4609610426 6354
169 8288.14178934119 6390
170 8287.57288234299 6428
171 8289.01451411576 6466
172 8289.58281707089 6502
173 8288.81037116545 6538
174 8290.05214815027 6574
175 8288.77201853594 6610
176 8288.75711884064 6648
177 8286.32036333453 6685
178 8287.97029460451 6722
179 8287.85966682325 6758
180 8287.18491309304 6794
181 8287.7989513566 6832
182 8287.79839122995 6869
183 8287.45473712919 6906
184 8286.79132203788 6942
185 8287.75067749289 6978
186 8287.07699407137 7015
187 8287.95523025609 7054
188 8287.57144484291 7092
189 8286.55651180704 7129
190 8287.34346980221 7167
191 8288.45846897286 7204
192 8287.39129627799 7241
193 8286.25569138163 7280
194 8286.56435880059 7316
195 8285.73538982833 7353
196 8286.66115038818 7389
197 8286.0342399188 7432
198 8285.98605783364 7477
199 8286.59693857376 7520
200 8285.99323252266 7560
201 8286.30458887626 7603
202 8287.49798840411 7651
203 8286.32369484697 7697
204 8286.91533193662 7744
205 8285.56047842789 7787
206 8286.20215164082 7834
207 8285.84091187684 7889
208 8286.12122098385 7938
209 8285.32118515514 7994
210 8285.20113797283 8040
211 8285.59389933143 8092
212 8284.52400770728 8132
213 8284.25548318042 8175
214 8285.54294961675 8221
215 8286.02752316017 8269
216 8285.69334325195 8318
217 8284.74133997719 8365
218 8285.73668590644 8409
219 8286.0073536501 8456
220 8285.37822778397 8501
221 8285.58971550989 8549
222 8285.43085152603 8592
223 8285.63984667505 8637
224 8284.76291732515 8685
225 8284.75799554059 8727
226 8284.65112314033 8773
227 8284.86977717762 8815
228 8284.06121613853 8865
229 8284.50279042634 8916
230 8283.74489221905 8962
231 8284.21199481751 9009
232 8284.65926505126 9055
233 8284.09548314934 9105
234 8284.09315582344 9148
235 8282.65963450881 9193
236 8284.59739688008 9239
237 8284.38292409868 9285
238 8284.13082129953 9333
239 8283.75896178967 9380
240 8284.60468650047 9429
241 8283.93384728289 9474
242 8283.8356790056 9520
243 8283.6243965486 9570
244 8283.76349040293 9612
245 8282.83193139988 9661
246 8283.55545111943 9705
247 8283.08119481751 9750
248 8283.08373512107 9797
249 8283.78641999254 9844

0 44260.1825551589 48
1 27170.8063283095 96
2 18978.5788237754 140
3 15988.238414333 187
4 14692.8009218435 235
5 13717.4205681672 284
6 12813.1201567779 330
7 11958.884224344 378
8 11415.6727541671 422
9 10954.7042417932 471
10 10485.7551836673 517
11 10189.9281726474 569
12 9866.22436688328 617
13 9671.91006576539 668
14 9485.4140811893 715
15 9369.17049861299 757
16 9289.92275078328 802
17 9195.51604142401 850
18 9169.62733086902 889
19 9129.59540380924 927
20 9092.65282395552 963
21 9048.28513931682 999
22 9033.97284561915 1036
23 9033.7229435884 1075
24 9001.23873227098 1111
25 8988.37706986793 1148
26 8963.26000116425 1184
27 8950.57485108432 1220
28 8931.87991858304 1258
29 8913.46170950783 1297
30 8886.86743595212 1333
31 8873.46585600255 1370
32 8857.99630819028 1406
33 8831.56629569565 1444
34 8834.13690501472 1484
35 8817.78630522821 1521
36 8809.80287906437 1557
37 8807.11008275113 1593
38 8788.1297900649 1630
39 8780.75197666451 1668
40 8760.41987977579 1708
41 8754.14199934087 1746
42 8747.39865757598 1784
43 8742.04438239342 1826
44 8736.61424649552 1869
45 8725.98570422854 1907
46 8718.24589411989 1944
47 8710.55768952063 1984
48 8693.94057370411 2021
49 8687.55202186795 2059
50 8680.36241288551 2097
51 8666.36906249504 2132
52 8662.39192169975 2169
53 8647.28709597838 2205
54 8625.79005146983 2242
55 8622.51574949312 2280
56 8604.07238247051 2317
57 8592.16073796705 2354
58 8583.07592591004 2390
59 8577.22965237357 2426
60 8565.68187659087 2465
61 8564.75716432486 2503
62 8552.83776444896 2540
63 8544.11343345629 2576
64 8538.55066455402 2612
65 8533.91124605087 2649
66 8527.8501143031 2687
67 8521.33213619966 2724
68 8513.62840953659 2760
69 8509.80295209298 2796
70 8504.64036513062 2834
71 8501.78825244691 2874
72 8496.56233743801 2912
73 8496.75571819197 2949
74 8490.05041205128 2985
75 8484.58837974797 3021
76 8481.47183840944 3057
77 8472.6451662492 3096
78 8473.52795572409 3132
79 8468.97531786136 3168
80 8463.14126781334 3204
81 8464.17415962187 3240
82 8451.93790719086 3280
83 8449.40809863129 3318
84 8446.17525567699 3354
85 8441.41903395099 3390
86 8431.79926375628 3426
87 8427.01019832934 3463
88 8420.1925218489 3502
89 8413.76839070886 3540
90 8407.0894882129 3576
91 8403.26541332222 3612
92 8391.89526082475 3648
93 8389.51434577241 3685
94 8378.61709717186 3723
95 8374.53976424121 3760
96 8371.49972274323 3796
97 8360.98771011976 3834
98 8353.54980935618 3873
99 8344.67137436342 3911
100 8335.18766850275 3947
101 8324.74488646268 3984
102 8315.27976366753 4019
103 8303.22216282598 4055
104 8286.10971633688 4095
105 8275.12396559364 4133
106 8261.27472391773 4170
107 8248.78586537845 4207
108 8236.0385433446 4243
109 8223.10487025251 4281
110 8213.85824846772 4319
111 8202.98468249622 4355
112 8197.11430021811 4391
113 8188.23779847429 4428
114 8184.54553780225 4464
115 8179.54785246712 4502
116 8177.55735910485 4539
117 8172.63605435794 4575
118 8170.22515292902 4612
119 8168.3203782754 4648
120 8164.84112959561 4685
121 8166.73687230595 4724
122 8163.83530872425 4761
123 8162.06296340104 4797
124 8164.64517790615 4833
125 8163.08602639149 4870
126 8162.69372829837 4909
127 8162.58857423862 4948
128 8160.9400931193 4984
129 8163.06876957945 5021
130 8160.39329646314 5057
131 8160.15892592728 5098
132 8159.69567668035 5139
133 8158.34595105388 5175
134 8159.67165022631 5211
135 8158.39382340945 5247
136 8157.35764682781 5284
137 8157.67021709285 5323
138 8159.8013869974 5360
139 8157.9575972597 5396
140 8158.54459826482 5433
141 8160.13270341865 5469
142 8159.43569893374 5508
143 8156.89983673107 5550
144 8157.34100975761 5587
145 8158.17282987831 5623
146 8156.70791799966 5659
147 8155.37544066989 5696
148 8155.18920515198 5736
149 8155.98652899976 5773
150 8157.2109472951 5809
151 8155.39375599155 5846
152 8155.25382872007 5882
153 8157.7268972909 5920
154 8155.1633468738 5959
155 8155.6221207332 5996
156 8154.0419844244 6032
157 8155.70648422465 6068
158 8155.64813430948 6105
159 8154.63572203302 6148
160 8153.61529358168 6187
161 8155.57027053016 6223
162 8154.49491712775 6258
163 8154.13972565943 6296
164 8153.51884094558 6337
165 8153.11454307921 6376
166 8152.44893659667 6412
167 8153.0577439703 6449
168 8153.92804366972 6485
169 8153.35976129549 6524
170 8155.35992560058 6563
171 8156.27907055945 6600
172 8152.74470830903 6635
173 8152.39651495444 6671
174 8151.63786046317 6708
175 8153.28965619954 6747
176 8152.29549455057 6783
177 8153.54915396174 6820
178 8151.35204042708 6856
179 8151.990015171 6893
180 8151.59962069102 6931
181 8152.78646074259 6969
182 8153.35447512548 7005
183 8151.72625097358 7042
184 8151.2498947277 7079
185 8152.36923214607 7117
186 8152.87042508834 7156
187 8152.26767443097 7194
188 8152.90118346281 7234
189 8151.26445250382 7273
190 8151.5729161844 7310
191 8151.47885329256 7350
192 8151.72263300361 7387
193 8151.26721140288 7423
194 8151.74326994171 7459
195 8151.59631243002 7496
196 8151.94454537908 7534
197 8151.19108097674 7573
198 8150.42084449075 7609
199 8151.62046402346 7645
200 8151.47205529279 7681
201 8150.93138144585 7718
202 8150.06258747218 7757
203 8151.20669298522 7795
204 8150.82334788308 7831
205 8151.34911064092 7867
206 8151.06585733327 7904
207 8151.2980168802 7941
208 8149.64802299493 7980
209 8150.74733103512 8017
210 8151.45880446139 8053
211 8149.904173622 8089
212 8149.40948828876 8125
213 8149.40278485652 8164
214 8149.67316186711 8201
215 8149.87339499125 8238
216 8150.4236649092 8274
217 8149.62925548951 8311
218 8149.17372541847 8349
219 8148.9793683158 8389
220 8149.45456114212 8427
221 8149.82732204117 8463
222 8149.16266659415 8499
223 8149.05722377441 8538
224 8149.97417565688 8576
225 8149.18121156453 8613
226 8148.64999018137 8649
227 8149.70451628004 8685
228 8148.13590282755 8722
229 8148.92188484007 8760
230 8148.97032681546 8798
231 8148.92364959642 8834
232 8149.42773430725 8871
233 8149.27477812934 8908
234 8148.245729767 8945
235 8149.2298232323 8985
236 8148.74429385709 9022
237 8148.10010148785 9058
238 8149.14226758558 9095
239 8148.26515342292 9131
240 8147.53789038928 9170
241 8148.79920213351 9211
242 8148.72881983505 9248
243 8148.4842008003 9284
244 8148.41128914403 9321
245 8148.14048985387 9359
246 8148.24413867607 9396
247 8147.43028903276 9432
248 8147.83697280452 9469
249 8147.40179789439 9505

0 46158.2720166932 37
1 24155.066064252 75
2 14663.9871986875 112
3 11404.9914635102 149
4 10270.3968096066 185
5 9731.45154641103 221
6 9469.27159867336 258
7 9284.59727561082 296
8 9204.76542047951 332
9 9133.20675141712 369
10 9030.74705885635 406
11 8966.0064631109 444
12 8945.9723701198 482
13 8880.546410696 519
14 8860.77631489287 555
15 8823.15978768805 593
16 8790.37355418722 631
17 8800.76862583033 670
18 8776.10160888307 707
19 8741.08802818615 743
20 8721.46869359459 780
21 8702.47870105735 816
22 8694.74476986178 854
23 8660.3924896428 899
24 8645.92329650806 940
25 8636.94918725255 978
26 8615.10607882577 1014
27 8606.73903971617 1051
28 8597.27906647462 1091
29 8573.97577369983 1129
30 8571.27198354476 1166
31 8553.64614606688 1203
32 8546.76190888003 1239
33 8542.68432011265 1277
34 8535.91588247613 1315
35 8531.38118900803 1351
36 8527.94717504332 1390
37 8526.00354604708 1428
38 8529.26367644549 1465
39 8519.98689879552 1504
40 8514.60902518681 1540
41 8518.85370045931 1577
42 8515.21386625443 1613
43 8505.85945312934 1649
44 8507.57491828672 1687
45 8510.21178316091 1725
46 8498.79194223751 1761
47 8497.03404186442 1797
48 8498.57527043972 1833
49 8503.94691003828 1870
50 8496.07259787018 1909
51 8499.25851345767 1947
52 8491.07734482054 1983
53 8486.57711982907 2020
54 8491.05060958417 2056
55 8483.13464099574 2095
56 8481.35919685289 2133
57 8488.84366284236 2170
58 8483.62785179631 2206
59 8479.09101268369 2242
60 8477.77933349569 2282
61 8481.28424030141 2324
62 8477.88976876094 2362
63 8480.03134384631 2399
64 8474.45051347585 2436
65 8479.17736940449 2472
66 8479.7214870245 2513
67 8475.66580826255 2550
68 8472.66684684827 2586
69 8477.45752420241 2623
70 8474.48067791635 2660
71 8473.41900876512 2698
72 8472.34406648206 2736
73 8467.98138543186 2772
74 8471.14162194819 2808
75 8472.07372071538 2845
76 8467.90485246959 2882
77 8467.99885626565 2921
78 8465.28407762799 2959
79 8471.23863067775 2995
80 8465.89036303589 3031
81 8462.86837065128 6199
82 8463.10966089036 6235
83 8467.36900901802 6272
84 8465.15054935683 6309
85 8463.27838858409 6346
86 8463.52023691108 6387
87 8463.58181199469 6424
88 8461.74782215433 6461
89 8461.59342944981 6498
90 8460.5692228378 6534
91 8460.42866497638 6571
92 8461.77128103941 6609
93 8460.07897748474 6646
94 8459.1558955403 6682
95 8457.52590561576 6718
96 8455.6278812874 6754
97 8458.59068387109 6793
98 8456.78489932989 6830
99 8458.23514455356 6866
100 8456.9106892717 6902
101 8455.56288303367 6939
102 8456.29895615124 6978
103 8455.05798868337 7017
104 8460.49988961667 7055
105 8455.06218251685 7093
106 8455.0412048646 7131
107 8456.96107236033 7168
108 8455.04144762537 7208
109 8455.29739307215 7246
110 8454.42808819993 7283
111 8451.84595664836 7319
112 8452.50390554489 7356
113 8453.700246114 7394
114 8451.34637984271 7435
115 8455.47260468192 7472
116 8456.52846788958 7508
117 8453.61197549478 7545
118 8453.48896796805 7583
119 8452.27386663866 7622
120 8453.86483405518 7660
121 8452.97154416391 7696
122 8453.54212587887 7732
123 8452.05654321905 7768
124 8451.12197422411 7809
125 8452.9984613267 7848
126 8452.28893107987 7884
127 8449.71180648469 7921
128 8450.10346204048 7959
129 8449.49869286351 7997
130 8449.42611574784 8038
131 8450.87711550611 8075
132 8451.15313702271 8111
133 8448.87541942614 8148
134 8450.527047998 8185
135 8450.1012457195 8227
136 8450.37265488474 8264
137 8451.88428410281 8301
138 8448.52620086727 8338
139 8448.51568163269 8374
140 8448.89034761102 8412
141 8451.36852489905 8450
142 8449.81793721065 8487
143 8447.86922497732 8523
144 8448.53837806109 8559
145 8451.45445931339 8596
146 8446.62195545555 8636
147 8447.89436079093 8675
148 8446.80213693751 8713
149 8447.40804333951 8750
150 8448.91275884733 8788
151 8448.40542065319 8829
152 8448.04655517145 8868
153 8447.60095501117 8904
154 8446.04818837672 8941
155 8447.03221568774 8979
156 8446.28682018048 9017
157 8446.21474627031 9055
158 8446.91104609572 9091
159 8445.91044580726 9129
160 8446.02743306815 9167
161 8446.01988347604 9207
162 8446.79575291875 9251
163 8446.18805571525 9290
164 8446.01730280972 9327
165 8445.36126129738 9364
166 8445.98820653214 9403
167 8446.29774298447 9444
168 8446.63870438694 9482
169 8446.34251897783 9519
170 8443.76203863096 9556
171 8445.54764447441 9592
172 8445.16259987919 9632
173 8445.36456171834 9671
174 8444.77813130011 9707
175 8447.01150144861 9745
176 8444.64585517877 9782
177 8446.13049556112 9819
178 8445.6445581379 9858
179 8446.11374696837 9894
180 8444.97162658004 9930
181 8444.0205406163 9968
182 8444.09037075385 10005
183 8444.89323503502 10045
184 8444.55499145852 10083
185 8443.90368984044 10119
186 8442.95747453543 10156
187 8442.86485718267 10192
188 8443.8855050345 10231
189 8442.64883922339 10271
190 8444.84006904257 10308
191 8443.36099649792 10345
192 8443.5422843083 10381
193 8442.59376863885 10420
194 8442.68353679603 10462
195 8443.07813070521 10502
196 8442.03929084465 10543
197 8443.04985398059 10579
198 8443.26278320204 10617
199 8442.89232353354 10664
200 8443.05426096442 10702
201 8442.71534222758 10738
202 8442.26239761882 10774
203 8442.6312408378 10810
204 8441.77854183507 10849
205 8442.08905972207 10888
206 8440.90745220706 10926
207 8441.54828866298 10963
208 8441.83262292065 11000
209 8442.34699570895 11037
210 8441.56005956467 11077
211 8441.14131619373 11115
212 8439.96972268841 11152
213 8440.79149526069 11189
214 8441.36737321242 11227
215 8441.35532039334 11267
216 8441.54233497236 11306
217 8440.05886651776 11343
218 8441.52523039949 11382
219 8440.33637908896 11419
220 8440.69681356596 11459
221 8439.74637957313 11497
222 8439.15325821105 11534
223 8440.02240741315 11570
224 8440.13562765057 11607
225 8440.72489450862 11646
226 8440.35549234271 11685
227 8439.50029143875 11722
228 8440.64708723791 11758
229 8440.16665834234 11794
230 8438.98181669125 11833
231 8441.14309271233 11873
232 8439.29532393651 11912
233 8439.51114692142 11949
234 8438.70297047216 11987
235 8439.44702576207 12023
236 8439.98688388433 12068
237 8440.30839116317 12113
238 8438.69565108344 12150
239 8439.91485280233 12187
240 8440.09930203955 12224
241 8439.31822663634 12267
242 8439.52123398542 12307
243 8438.0339196484 12345
244 8438.8814219641 12382
245 8439.23722011638 12418
246 8438.73735619007 12457
247 8439.08014544068 12497
248 8439.8189982826 12534
249 8439.59830797638 12570

0 46604.2577436206 37
1 27128.6816583323 73
2 17816.1464581818 113
3 13829.8120924107 150
4 11743.3625798964 187
5 10541.5197589228 225
6 9900.03063670499 262
7 9574.38738673961 301
8 9404.12284692815 340
9 9293.41958566872 377
10 9185.29532216039 413
11 9111.12029792572 451
12 8999.12229331543 489
13 8970.02326129272 530
14 8890.63864036016 569
15 8877.00027741238 606
16 8809.3979774803 643
17 8772.51214358161 680
18 8731.41454292422 721
19 867