0 24918.5411636471 81
1 24398.1055253364 168
2 21859.8075348781 250
3 17691.7938173038 336
4 14887.7805719185 421
5 12400.3432365272 503
6 11086.9368649265 587
7 9904.5133459965 670
8 9221.15773968138 756
9 8731.96873195198 839
10 8489.27094261493 921
11 8373.19162580863 1006
12 8319.34289767624 1089
13 8307.03703235529 1181
14 8303.39578331985 1262
15 8302.11574216521 1345
16 8301.56789697822 1427
17 8301.30722491524 1507
18 8301.17653915652 1595
19 8301.10918406165 1678

0 25501.625730763 84
1 25841.009365764 167
2 22093.6258725064 250
3 17879.4759519462 334
4 14102.8898104475 416
5 12323.7793671706 503
6 11154.5787744078 586
7 10071.1511309366 671
8 9129.73868684185 754
9 8704.11830630996 837
10 8519.09678325124 926
11 8368.90240459117 1008
12 8314.75200119884 1094
13 8303.98708337216 1177
14 8300.76824411617 1260
15 8299.5303026877 1344
16 8299.01325491059 1426
17 8298.76536587705 1512
18 8298.64046992611 1593
19 8298.57575372194 1677

0 23516.8710709794 81
1 23414.863737051 164
2 21588.3283600893 253
3 16593.4947127628 336
4 14341.4577182149 417
5 12368.2426197829 500
6 11093.9857849836 579
7 9972.87994548766 660
8 9180.46637957605 738
9 8785.9817842503 814
10 8518.5637480891 894
11 8373.38261712754 971
12 8318.22619630164 1051
13 8305.8303917262 1129
14 8302.33896866529 1206
15 8301.1058522199 1286
16 8300.56537357865 1369
17 8300.30947064411 1447
18 8300.18038651935 1525
19 8300.11354204893 1603

0 25815.1191902486 81
1 25210.6748134798 160
2 22292.680588701 240
3 17342.3107925854 322
4 14861.0357212761 404
5 12432.4702427615 490
6 11177.9067595185 574
7 9987.96218311189 663
8 9314.54446922318 744
9 8763.84797255984 828
10 8497.21878234008 912
11 8361.07473421593 995
12 8313.69336839334 1082
13 8302.27326875125 1165
14 8299.06103300576 1246
15 8297.880742232 1327
16 8297.37887412863 1407
17 8297.13962610556 1491
18 8297.01915973244 1575
19 8296.95697980496 1660

0 24087.3179462202 83
1 26703.6201621213 166
2 22262.8501685889 255
3 19502.532536631 337
4 14324.3008087667 424
5 12401.6283094206 509
6 11289.6515853355 592
7 10034.6076221888 675
8 9219.61666917921 757
9 8745.28228987915 845
10 8523.64451276604 929
11 8368.39364166709 1017
12 8319.19344819734 1100
13 8306.35377000189 1184
14 8303.03249911101 1266
15 8301.83003528992 1349
16 8301.33082056692 1433
17 8301.08930677617 1517
18 8300.9682956663 1602
19 8300.90591876084 1688

0 24685.2315954074 82
1 22668.5932343107 168
2 21658.4740314193 251
3 18344.168975705 334
4 14896.1518484033 415
5 13143.8677955522 493
6 11303.3638472358 577
7 9931.02271723168 656
8 9266.66118133366 735
9 8757.86816189179 818
10 8526.85330069143 898
11 8371.75166929316 977
12 8319.08932005066 1055
13 8307.76097218452 1134
14 8304.40535022289 1218
15 8303.11692964586 1298
16 8302.56682648785 1384
17 8302.30359681573 1467
18 8302.17127453993 1556
19 8302.10257198218 1639

0 24393.2069006165 79
1 23897.7828727415 161
2 22643.4432927918 243
3 18648.1280699032 325
4 14116.2990843514 404
5 13187.8166756629 483
6 11232.8073649381 562
7 10057.0300725602 641
8 9189.32354736057 719
9 8726.50532248617 798
10 8514.97836601492 877
11 8369.740824968 961
12 8316.82487989132 1039
13 8305.17521001489 1117
14 8301.67990108409 1197
15 8300.43486192401 1280
16 8299.87442687854 1358
17 8299.6093244045 1439
18 8299.47552184443 1518
19 8299.40636437919 1601

0 24544.7850852389 86
1 23556.8827815717 173
2 21839.7915850648 258
3 17456.1316132673 346
4 14692.4702900695 429
5 12369.6925095396 513
6 11247.5196276777 597
7 10020.5799363086 674
8 9178.98108268489 753
9 8746.27563794287 835
10 8510.2235479985 915
11 8371.81768522281 995
12 8317.2067298427 1077
13 8305.52564463936 1158
14 8302.13265209066 1238
15 8300.85431459192 1317
16 8300.29477441768 1402
17 8300.02578365101 1480
18 8299.88985405214 1562
19 8299.81939638967 1648

0 25965.7448771265 84
1 24707.0651164923 170
2 23502.965904273 253
3 16771.5105346725 341
4 14750.0854873202 424
5 12793.3982751949 512
6 11463.6124292376 589
7 10230.3535305395 671
8 9159.56816346622 759
9 8739.23127294225 840
10 8521.46429871038 926
11 8372.37846287801 1009
12 8315.09532780445 1092
13 8302.88347117654 1173
14 8299.47796227388 1259
15 8298.21874040444 1345
16 8297.66663684988 1425
17 8297.40242895323 1505
18 8297.26862794638 1589
19 8297.19944071216 1672

0 26095.7919917039 84
1 23538.3889384616 167
2 21557.9517850502 254
3 17491.3339620944 339
4 14920.9614728885 423
5 12786.4135262243 509
6 11262.8731403777 590
7 9945.60364108481 680
8 9268.48064106038 763
9 8725.33002585163 847
10 8497.01067255513 929
11 8366.43648136699 1014
12 8317.08736686111 1103
13 8304.69509454712 1187
14 8301.14747629096 1271
15 8299.86650461873 1357
16 8299.29900734918 1440
17 8299.02487566441 1524
18 8298.88677943727 1607
19 8298.81512689415 1700

0 25059.5894559379 85
1 24780.8349029591 170
2 21477.0229608805 253
3 17386.2877395488 334
4 14816.4944904133 418
5 12104.3910176381 502
6 10992.4176341002 584
7 9936.30608256307 669
8 9272.89589955071 747
9 8736.18724942115 824
10 8497.50796204702 904
11 8366.72928138974 985
12 8316.49822150129 1065
13 8304.28390357198 1141
14 8301.02376241668 1230
15 8299.86275765873 1315
16 8299.35535251552 1407
17 8299.11290582567 1489
18 8298.9905684726 1573
19 8298.92722931611 1656

0 25191.639414602 81
1 24921.4633217155 168
2 21437.2553218823 253
3 18182.6860333604 343
4 14599.232687117 427
5 12519.2050923841 510
6 11143.7241336579 591
7 10105.7428397035 669
8 9296.62515824365 749
9 8776.31494062547 829
10 8508.12258594283 912
11 8372.62111626454 1000
12 8317.76768605418 1084
13 8304.72695901721 1171
14 8301.42848984001 1257
15 8300.23465821573 1338
16 8299.70935459608 1419
17 8299.45602321522 1496
18 8299.32828507321 1579
19 8299.26209237246 1659

0 23359.3134523 80
1 23962.7384274345 166
2 21190.6533443446 248
3 18215.1231951397 329
4 14824.0306421946 410
5 12323.2697258882 494
6 11151.190252188 586
7 9893.87541621611 666
8 9228.50703537647 750
9 8739.42984708401 826
10 8508.2871455633 906
11 8367.16036491205 985
12 8316.00220874355 1064
13 8303.81764269315 1145
14 8300.59961553484 1224
15 8299.45874786799 1310
16 8298.9735055517 1388
17 8298.74355576063 1467
18 8298.62771288896 1544
19 8298.56770146464 1623

0 24561.5980815152 84
1 23759.6449012405 161
2 20877.4396953753 246
3 17916.8553292163 329
4 15031.3068983454 409
5 12984.1698342223 490
6 11315.1770551398 573
7 10010.80238264 655
8 9134.88585971536 736
9 8729.11965548334 819
10 8506.81715103495 906
11 8375.28205739876 991
12 8320.38054532567 1072
13 8308.52761469967 1158
14 8305.30317111122 1238
15 8304.1128705233 1326
16 8303.59638888822 1410
17 8303.35318381092 1491
18 8303.23018728377 1575
19 8303.16650356666 1653

0 24812.9179018657 86
1 25164.5421824967 170
2 23079.7324635563 251
3 17872.9039446632 338
4 14423.5783918425 422
5 13062.6204743918 504
6 11337.7882573565 583
7 10155.3117920261 663
8 9221.44924601662 744
9 8733.54809815822 828
10 8510.49809985858 913
11 8375.96592437508 997
12 8322.10278155435 1081
13 8310.32901884042 1168
14 8307.08566425127 1257
15 8305.89218493835 1343
16 8305.37339250033 1426
17 8305.12413229078 1520
18 8304.99837772045 1604
19 8304.93332111601 1690

0 25663.9076371882 89
1 25284.4611368686 173
2 22081.1256907375 258
3 18188.3578280658 341
4 15473.6968097213 427
5 12536.4872865492 510
6 11285.5688299755 591
7 9964.21070591201 675
8 9190.87859596526 759
9 8752.26200543323 843
10 8502.1196498845 926
11 8373.45894920912 1014
12 8314.13335942329 1096
13 8302.63978068991 1178
14 8299.05650867662 1267
15 8297.819926907 1347
16 8297.27718802939 1433
17 8297.0201713064 1517
18 8296.8899933129 1601
19 8296.82251771762 1686

0 22877.6706058562 82
1 24104.1295339295 168
2 21299.0030961234 251
3 19180.7160477697 331
4 14756.4674919832 412
5 12919.7463043673 489
6 11381.9370237981 568
7 9948.80869402941 648
8 9198.64573824796 729
9 8734.64245931741 811
10 8517.18750187448 889
11 8366.17638136771 975
12 8316.84599166247 1057
13 8303.82062307647 1138
14 8300.36348762213 1222
15 8299.21310285796 1306
16 8298.70466832928 1394
17 8298.46091949364 1477
18 8298.34006598321 1561
19 8298.27760332119 1644

0 24925.7176034066 80
1 24633.0119139423 165
2 20245.669984969 249
3 18316.1032383263 337
4 14409.3596279965 419
5 12449.2045014454 508
6 11278.3080216943 589
7 9922.9788938125 672
8 9242.91671927047 765
9 8745.31059361799 848
10 8508.72722978098 932
11 8375.06921319498 1016
12 8316.84737698446 1100
13 8305.74064640916 1182
14 8302.5033379728 1264
15 8301.27300608536 1347
16 8300.73721222421 1425
17 8300.48251369277 1508
18 8300.35331038075 1592
19 8300.28647131653 1674

0 24187.0122387739 84
1 25366.5077714218 162
2 21480.8302719207 244
3 17495.8900973527 329
4 14254.1236693546 411
5 12684.9988425608 498
6 10773.8826595725 583
7 10040.5309876918 674
8 9291.24184474466 761
9 8701.94981803825 845
10 8527.17228401398 933
11 8376.14094260969 1018
12 8320.29091655909 1104
13 8306.66556444554 1188
14 8303.21324580846 1271
15 8301.92577312226 1352
16 8301.38697961681 1433
17 8301.12784456139 1514
18 8300.99696192447 1594
19 8300.9293235644 1676

0 25043.3995475611 80
1 24958.3262361564 160
2 21164.4497871788 245
3 18699.5534758532 325
4 15339.9431178165 403
5 12253.6808162341 484
6 10888.7746479142 564
7 10097.3137113943 644
8 9353.83609021487 723
9 8796.62482666802 795
10 8507.95255445825 870
11 8369.13320981234 947
12 8315.00131959006 1033
13 8303.59277778754 1117
14 8300.29574385368 1203
15 8299.14902775405 1287
16 8298.64376486148 1372
17 8298.40063623234 1463
18 8298.27836854697 1543
19 8298.21497321889 1629

0 24399.497371798 80
1 25753.914152114 161
2 21340.6982304123 245
3 16677.8088888093 331
4 14945.7723956735 415
5 12583.1064201213 497
6 11067.2591134042 580
7 9971.90674324417 663
8 9289.2274480331 749
9 8734.05379414759 833
10 8511.89361286079 915
11 8371.24280588274 998
12 8312.96103808453 1078
13 8300.98165646024 1159
14 8297.6640986069 1246
15 8296.39945765919 1330
16 8295.82528416192 1418
17 8295.55279222366 1500
18 8295.41490938545 1582
19 8295.34343707472 1665

0 24926.9810300321 81
1 24091.7811755601 168
2 20787.4225838093 250
3 17279.0999433825 333
4 15594.5800324091 416
5 12958.3964824068 494
6 11353.8732150035 574
7 9870.71433331573 652
8 9284.83478417949 732
9 8770.0475764521 811
10 8511.14312052954 887
11 8375.3595600242 974
12 8322.02760329988 1054
13 8309.48035682454 1134
14 8306.27736784335 1218
15 8305.05810966039 1299
16 8304.52386478184 1375
17 8304.26749541432 1457
18 8304.13781551856 1540
19 8304.07050827559 1627

0 25277.9609950199 82
1 24651.2387950563 170
2 21872.2074358612 255
3 17999.2352409288 340
4 14903.0466417145 426
5 12801.4928734262 511
6 11367.6301031682 595
7 10030.7229983604 678
8 9214.59161740408 758
9 8730.65284430043 834
10 8509.04860462633 912
11 8370.26672345407 1001
12 8318.6820745519 1085
13 8306.43576294176 1171
14 8303.05410016578 1250
15 8301.84028178836 1328
16 8301.30502803388 1409
17 8301.04486580823 1492
18 8300.91336141905 1570
19 8300.84506609552 1647

0 25908.9554704144 79
1 24048.7442094363 158
2 22033.9603745942 234
3 19123.6370832795 314
4 14894.5855852368 393
5 12720.7269166313 471
6 11001.3090240442 556
7 9938.052470048 633
8 9158.11223845035 709
9 8773.07453199529 792
10 8531.55254088268 873
11 8375.10387681115 954
12 8321.41179725349 1029
13 8310.11817263886 1106
14 8306.68900158996 1189
15 8305.37521856619 1269
16 8304.81377987597 1354
17 8304.54159350441 1439
18 8304.40327342621 1522
19 8304.33157663159 1605

0 24820.6417860163 80
1 24349.2040900676 170
2 21270.8282045835 252
3 17076.8198803682 344
4 14380.3734084338 431
5 12517.0532846288 515
6 11227.0287544118 601
7 10086.2986285197 684
8 9200.11848816476 775
9 8738.52017249893 859
10 8511.44510464021 942
11 8374.66054431665 1026
12 8322.28179309256 1108
13 8309.00218460774 1194
14 8305.24933343414 1275
15 8303.95025645092 1360
16 8303.38324592532 1442
17 8303.11033899011 1524
18 8302.973477653 1609
19 8302.90243741471 1691

0 26365.0452463111 102
1 23120.8605220826 185
2 20435.271822283 273
3 17803.8030419325 358
4 13936.352275736 442
5 12420.6458877757 529
6 11407.1209332943 613
7 9945.94723786218 703
8 9196.05040323611 786
9 8691.78196035407 871
10 8513.41968334671 956
11 8363.80458782483 1037
12 8311.84339910764 1126
13 8301.31876858569 1208
14 8298.05045468076 1293
15 8296.90272479315 1375
16 8296.39019326183 1462
17 8296.14514388753 1554
18 8296.0220026799 1637
19 8295.95831153235 1728

0 24519.1533897491 82
1 23576.7319831052 167
2 22938.5489442852 251
3 18521.7605603869 334
4 14914.8742048001 416
5 12485.011411369 501
6 11073.3827070602 588
7 10070.6719913093 669
8 9235.82094745271 750
9 8744.3839480283 833
10 8506.68979843011 916
11 8373.11709185471 1007
12 8317.55634663847 1088
13 8304.20867832321 1170
14 8300.73185335105 1251
15 8299.4350349999 1329
16 8298.85115992987 1411
17 8298.56717641206 1490
18 8298.42319513349 1571
19 8298.34824070314 1648

0 25141.1255321089 82
1 25929.0179591612 162
2 22407.9424378334 254
3 17197.3065164573 335
4 14321.4965710667 418
5 12767.7502059273 500
6 11312.0632950569 585
7 9933.07813129705 668
8 9283.87168861763 758
9 8752.17391172567 839
10 8502.70111189442 923
11 8376.75520904333 1009
12 8317.76263648796 1093
13 8304.36903643496 1178
14 8300.89532951076 1259
15 8299.59212851342 1345
16 8299.02899236623 1427
17 8298.76003804723 1509
18 8298.62466354848 1591
19 8298.55456970552 1672

0 24416.3694776857 84
1 25412.1261336444 169
2 20770.9594782591 252
3 17893.8199225168 337
4 14804.3954162057 419
5 12320.6848388316 510
6 11015.0951917244 594
7 10160.5702197404 681
8 9151.70855161912 762
9 8705.73420213055 843
10 8512.52090038679 929
11 8369.36859022279 1014
12 8314.68038720409 1103
13 8304.01976215349 1187
14 8300.93696827409 1269
15 8299.80910406137 1356
16 8299.32769769636 1437
17 8299.09748956828 1529
18 8298.98124203305 1613
19 8298.92105229783 1701

0 25824.4277133877 84
1 24297.2564217634 169
2 22144.521826742 258
3 17696.8631181393 343
4 14714.5107950527 431
5 12652.4903271724 516
6 11188.7886507582 598
7 9981.62954284657 684
8 9186.37481431733 768
9 8752.25653507804 852
10 8494.74100623824 933
11 8376.22338781048 1013
12 8319.16663579656 1096
13 8307.31667638739 1170
14 8304.10905426957 1245
15 8302.90538921925 1319
16 8302.37888663047 1397
17 8302.12773225795 1482
18 8302.00111274808 1564
19 8301.93582671501 1655

0 23338.3219879865 88
1 25928.753663698 176
2 21977.7722841951 260
3 17860.0580908836 344
4 14780.6128996034 427
5 12874.706100696 508
6 11223.8594002893 589
7 9887.20960184651 672
8 9294.43907956831 751
9 8753.06456867993 836
10 8507.12474378288 914
11 8373.29911723526 993
12 8321.98674365476 1073
13 8309.84203414163 1152
14 8306.43663474446 1236
15 8305.17876366567 1315
16 8304.63559250989 1399
17 8304.37548489339 1480
18 8304.24365044472 1562
19 8304.1754438368 1646

0 23974.8960009567 84
1 23048.8531959031 172
2 21655.9662764732 255
3 16893.4249436711 342
4 14688.8837309577 426
5 13188.5182996594 510
6 11060.0982782358 596
7 10009.8452255533 677
8 9258.48725404036 765
9 8739.98440821253 845
10 8511.28621651674 930
11 8372.33265536708 1015
12 8318.20643037314 1097
13 8305.93362800338 1185
14 8302.38638779058 1268
15 8301.05237394462 1352
16 8300.46614748231 1432
17 8300.18677932489 1512
18 8300.04609996045 1595
19 8299.97312526702 1678

0 24241.7005520539 85
1 24901.050606809 166
2 21573.7617313733 246
3 17311.5683566565 330
4 14545.6568621377 409
5 12780.7632309324 499
6 11220.090617068 588
7 9948.4664936325 676
8 9229.15351231633 761
9 8750.99117007444 845
10 8507.93988177368 939
11 8372.0110431319 1021
12 8318.34150749984 1102
13 8306.67028500612 1177
14 8303.57660033365 1248
15 8302.44122145149 1333
16 8301.94400469617 1424
17 8301.70491628398 1505
18 8301.58490168389 1590
19 8301.52256852015 1675

0 27208.9316314384 79
1 23169.396004905 160
2 21384.7637839334 243
3 17575.4219588835 322
4 14671.6621718236 402
5 12571.4596562686 486
6 11207.182110544 571
7 10063.2159998569 662
8 9323.08292001266 747
9 8743.75099456572 834
10 8507.07277043452 924
11 8368.14896731766 1012
12 8315.28743964401 1098
13 8304.59257970362 1183
14 8301.3644074549 1270
15 8300.14673973303 1353
16 8299.59956145175 1434
17 8299.34075543895 1519
18 8299.21013820262 1599
19 8299.14218298119 1680

0 24084.0268048163 79
1 23997.7884461936 160
2 21563.5399202863 243
3 17155.604796714 323
4 14922.0844411003 407
5 12722.1785507054 489
6 11185.7979777813 578
7 9933.81371645831 659
8 9351.03644752763 741
9 8746.87168196326 819
10 8518.54468711753 891
11 8373.63288293113 964
12 8321.59787311011 1044
13 8308.27687482947 1126
14 8304.5778443283 1215
15 8303.2614888137 1300
16 8302.69144074753 1386
17 8302.42318717784 1468
18 8302.28806567903 1548
19 8302.21812016384 1633

0 24197.2975077349 81
1 24668.8234081384 158
2 21569.6271909839 246
3 17939.0820493585 326
4 14841.8383345325 409
5 12725.7131071549 485
6 11150.2224971644 565
7 10084.248600296 644
8 9312.47247187755 721
9 8737.07022266011 802
10 8526.94024629193 878
11 8379.96228480202 958
12 8320.30425591877 1036
13 8308.03235300837 1112
14 8304.79930416519 1192
15 8303.64129308022 1269
16 8303.14015962632 1346
17 8302.89755351695 1430
18 8302.77505428008 1509
19 8302.71155240022 1593

0 24594.3248964445 80
1 24292.348861829 158
2 23083.2713664036 242
3 16478.2899997873 323
4 14607.4201820767 406
5 12464.7919510837 484
6 11293.520813987 564
7 10026.114655055 644
8 9314.07129324262 723
9 8709.52683682768 805
10 8509.35099243145 884
11 8372.88505929362 964
12 8318.94268753876 1042
13 8307.39998138743 1123
14 8303.95534053739 1202
15 8302.71940357885 1285
16 8302.19126052628 1363
17 8301.94032416871 1444
18 8301.81403404461 1522
19 8301.74880122243 1602

0 25063.3293926931 77
1 24568.8006390697 154
2 24191.112141712 234
3 18119.0890703845 312
4 15051.2431243754 392
5 12118.5641845398 474
6 11085.4814743757 551
7 10025.6337146323 632
8 9217.33103267609 714
9 8723.11470767662 799
10 8520.19142009646 881
11 8373.77213417334 963
12 8318.89165100644 1055
13 8307.6881068534 1136
14 8304.34034438622 1222
15 8303.16267696667 1304
16 8302.66169764323 1387
17 8302.41683582273 1473
18 8302.29469717093 1557
19 8302.23146379782 1641

0 24224.6596368378 84
1 23184.6976827459 169
2 22008.9641059469 252
3 16917.8301290037 335
4 14576.7244409559 420
5 12631.0203625916 501
6 11088.3233618912 586
7 10095.8283494665 667
8 9182.29934875875 750
9 8764.21228584152 831
10 8502.04926948584 910
11 8380.77430051081 997
12 8321.6387870379 1074
13 8310.58982209536 1154
14 8307.06602720301 1238
15 8305.73768817311 1318
16 8305.15693682058 1397
17 8304.87791267265 1474
18 8304.73674648694 1552
19 8304.66343132982 1632

0 25396.3672497609 78
1 24542.3397189732 157
2 22123.1591891372 236
3 18198.8079082043 313
4 14835.1198149664 393
5 12219.5994221308 473
6 11138.2140164453 557
7 10068.2413630415 644
8 9268.17372346543 726
9 8733.34006011988 821
10 8490.19764686155 900
11 8362.42216680918 976
12 8315.21249489972 1055
13 8304.02540797742 1137
14 8300.72554570831 1219
15 8299.52676764984 1300
16 8299.00801424981 1380
17 8298.7631584173 1464
18 8298.63922820599 1548
19 8298.57533509086 1627

0 25003.3996703658 80
1 25573.4333518082 158
2 20847.7486049186 238
3 18023.6913903965 317
4 14957.8553414228 401
5 12748.5894939099 479
6 11021.893450628 558
7 9973.27493973396 636
8 9231.5467583766 713
9 8735.30911366806 791
10 8505.38727388633 870
11 8372.22507431004 949
12 8317.34550404679 1031
13 8305.22837996785 1113
14 8302.04572952889 1194
15 8300.78404408707 1270
16 8300.24200228915 1346
17 8299.9807083553 1426
18 8299.84896140267 1503
19 8299.78094010277 1581

0 25239.8863392079 86
1 26625.3605593644 165
2 22370.2726639322 250
3 17196.8801569826 334
4 14979.940704262 418
5 12864.2831744573 497
6 11079.3099693912 575
7 9846.17070600195 659
8 9244.12684862291 736
9 8797.98249806265 815
10 8530.6376162833 891
11 8378.51846592421 970
12 8325.11824566374 1049
13 8312.15233646983 1127
14 8308.49595232747 1205
15 8307.22297120539 1284
16 8306.67020118207 1363
17 8306.400177326 1442
18 8306.26329741451 1520
19 8306.1922823491 1598

0 24586.1177113548 86
1 22906.8315480866 164
2 22521.7018239667 248
3 18014.070502 328
4 15125.8395924773 406
5 12496.8049063743 485
6 11042.5485378477 567
7 9996.7190459021 645
8 9230.68909470911 721
9 8745.2681912818 799
10 8511.39717095907 877
11 8373.42715221684 959
12 8317.67156382681 1038
13 8306.30343329021 1114
14 8302.84056740686 1192
15 8301.66186746577 1271
16 8301.14918101835 1347
17 8300.9020790611 1424
18 8300.77761104623 1513
19 8300.71307113055 1595

0 25251.8763963568 91
1 24899.313065818 175
2 22848.7539403346 260
3 17295.7766892768 343
4 14023.3725709622 427
5 12270.1137688364 510
6 11053.466505101 587
7 10099.8381603164 668
8 9328.85925628969 747
9 8735.10380825524 824
10 8498.43671467607 900
11 8373.07438715827 978
12 8319.4596356164 1060
13 8307.74763144971 1141
14 8304.55937904627 1219
15 8303.46114919024 1299
16 8302.96886531564 1373
17 8302.73328909848 1454
18 8302.61524566018 1533
19 8302.55374995053 1612

0 23382.1381876636 80
1 24655.6900891261 159
2 22107.0211303426 242
3 17999.0587994586 326
4 14407.9247018182 405
5 12586.7561634485 492
6 11134.3091837567 574
7 9904.70137609919 659
8 9211.2371872989 741
9 8741.91661312989 825
10 8507.6503926962 918
11 8365.18360991935 997
12 8317.64407928513 1077
13 8304.81601034474 1159
14 8301.37992987372 1239
15 8300.10325600841 1324
16 8299.55359535893 1405
17 8299.28975767496 1490
18 8299.15708135213 1572
19 8299.08846634645 1653

0 25284.2676338234 82
1 24614.8809249165 165
2 21793.7350799832 249
3 17996.9037994994 332
4 14829.9668997292 414
5 12578.5922947377 501
6 11105.9505470369 586
7 10188.3395867514 669
8 9226.88539950521 751
9 8756.49619261837 832
10 8504.40761854123 910
11 8367.52904465853 987
12 8316.48860670117 1067
13 8305.80774071997 1146
14 8302.73024839415 1225
15 8301.5926545343 1302
16 8301.10312931494 1379
17 8300.87092373537 1456
18 8300.75330643717 1535
19 8300.69256848336 1615

0 25794.9389955139 81
1 24311.9448403029 165
2 21127.2132227559 253
3 18946.1623458621 337
4 14306.1219069953 419
5 12456.3859830735 503
6 11146.3023950907 585
7 10067.5228746677 670
8 9264.44769981063 754
9 8718.83507061117 836
10 8515.17574967484 922
11 8371.31907042657 1003
12 8320.50923185795 1089
13 8307.78394755784 1166
14 8304.54359061299 1250
15 8303.37581712385 1333
16 8302.85424043453 1406
17 8302.60782788413 1487
18 8302.4832707541 1571
19 8302.4190882564 1652

0 26095.1126680053 80
1 23594.8594821544 161
2 22414.187255268 244
3 17666.488223135 325
4 14977.1854060295 405
5 12558.6814325517 485
6 11305.2179675123 563
7 9871.5382523119 640
8 9284.22130235691 715
9 8737.02450842764 791
10 8526.38654906507 873
11 8368.17657823626 954
12 8316.11842664892 1031
13 8303.96900266888 1104
14 8300.52458681774 1183
15 8299.2724683302 1263
16 8298.7296634186 1338
17 8298.46866499433 1415
18 8298.33777981488 1497
19 8298.26994501692 1579

0 25214.5880440803 85
1 23976.4366414916 168
2 21842.3495782435 255
3 16784.9135440119 340
4 14791.3581549165 416
5 12613.2382448694 495
6 11011.6715388276 570
7 10040.457657925 650
8 9247.5256840466 727
9 8724.28141350807 807
10 8502.65514140656 886
11 8371.09671086382 964
12 8314.88175284621 1044
13 8303.75424403299 1126
14 8300.68154539888 1204
15 8299.6034159767 1290
16 8299.14170397622 1367
17 8298.92242149629 1446
18 8298.8118124331 1525
19 8298.75458983271 1603

0 23903.7345082976 83
1 24852.4257956388 162
2 21112.6092652091 242
3 17428.1223073392 321
4 14796.0074210528 401
5 12459.4573576222 482
6 11109.5712723504 564
7 10056.3941042249 643
8 9226.26349265134 727
9 8732.37642004481 805
10 8498.17578360258 884
11 8364.61451297238 961
12 8317.14971053491 1038
13 8306.05089504678 1128
14 8302.87929424167 1205
15 8301.62606509247 1285
16 8301.09160908809 1366
17 8300.83730491222 1440
18 8300.70871256277 1517
19 8300.64214416225 1593

