0 3119.85449230279 2
1 3856.46091019876 4
2 3816.53455676607 6
3 3318.98462086019 8
4 3417.7469471536 10
5 3234.83671635542 12
6 2868.41793833067 14
7 3885.37233753509 16
8 2729.00801768906 19
9 2774.38497691218 21
10 2825.82930625476 23
11 2317.58404908485 25
12 2455.56760770457 27
13 1798.52237943774 29
14 2015.21643283374 31
15 2302.41469819595 33
16 1833.88891296615 35
17 1583.93384687999 37
18 1790.59113425219 39
19 1921.53345539497 41
20 1512.48493238214 43
21 1576.15226898612 45
22 1450.47966851621 47
23 1481.19395691731 49
24 1457.31668386861 52
25 1348.34878636399 54
26 1244.55602726037 56
27 1206.8735870792 58
28 1129.5709083251 60
29 1061.78207193857 62
30 1010.87901765967 64
31 980.704676933573 66
32 948.284668108854 68
33 938.843740198789 71
34 914.415407836496 73
35 905.354328844062 75
36 891.424419185062 77
37 894.262044861288 79
38 884.661913569359 81
39 879.010497593813 83
40 878.340600579554 85
41 873.551556107179 88
42 873.558404260238 90
43 871.54460752661 92
44 869.906259041305 94
45 868.370964452803 96
46 866.732296639312 98
47 868.478322640732 100
48 864.701156020865 102
49 863.452241010687 104
50 864.162511045292 107
51 862.516702623229 109
52 860.392740646194 111
53 860.92298246818 113
54 861.948528094155 115
55 859.866181735132 117
56 859.326868871812 119
57 859.216201279767 121
58 858.234568525004 123
59 858.804241018825 125
60 858.77378847791 127
61 857.767549099272 129
62 856.971569057674 131
63 856.29728436563 133
64 856.375894694707 135
65 856.505709335976 137
66 856.128595243771 139
67 855.93361314815 141
68 855.958345473536 143
69 855.345056328763 145
70 854.935005599579 147
71 854.743413210475 149
72 854.485315494498 151
73 854.435924243784 153
74 854.379295941883 155
75 854.222978417199 157
76 854.065545535557 160
77 853.854524537065 162
78 853.570225114059 164
79 853.581287420651 166
80 853.402620339515 168
81 853.569061878475 170
82 853.622906163393 172
83 853.456263335028 174
84 853.175330667147 176
85 853.07344799167 178
86 852.860871984135 180
87 852.786334368714 182
88 852.645538304019 184
89 852.638112916483 186
90 852.531309688497 188
91 852.468972786759 190
92 852.378056169469 192
93 852.147506390435 194
94 852.041732593981 196
95 851.80289347075 198
96 851.8016796632 200
97 851.734976307139 202
98 851.82124899848 204
99 851.7107255409 206
100 851.567201748201 208
101 851.594919756934 210
102 851.46721527205 212
103 851.356662640801 214
104 851.332867828771 216
105 851.198710659914 218
106 851.155173645798 220
107 851.1041827023 222
108 851.032792845235 224
109 850.950458499937 226
110 850.925079755743 228
111 850.807984523601 230
112 850.790120037344 232
113 850.691497195076 234
114 850.637651035482 236
115 850.597933548936 238
116 850.536149292771 240
117 850.476220130613 242
118 850.424326980157 245
119 850.414617203265 247
120 850.279517160021 249
121 850.237906402314 251

0 3361.62789546725 2
1 3630.07541401124 4
2 3120.14374118682 6
3 3331.64321278091 8
4 2758.17486047669 10
5 3680.96776356652 12
6 3467.73541905066 14
7 2828.17242944236 16
8 2501.13270194613 18
9 2778.27050375306 20
10 2767.75398543 22
11 2572.09725284161 24
12 2542.79019822152 26
13 2238.92794530329 28
14 2064.07549853261 30
15 2214.28943364906 32
16 2009.32652383909 34
17 1971.97551036278 36
18 1902.6613222058 38
19 1701.79085109102 40
20 1458.72738864788 42
21 1423.61425315093 44
22 1564.2734980951 46
23 1435.6089094733 48
24 1327.11508377871 50
25 1227.05653820125 52
26 1090.22970379638 54
27 1033.54813609112 56
28 965.472780731521 58
29 940.836244885525 60
30 895.400337906067 62
31 871.149038484212 64
32 864.89593832474 66
33 858.589389536373 68
34 846.624893071083 70
35 848.12040004663 72
36 836.415094494025 74
37 836.489884587004 77
38 825.665342594885 79
39 827.536584865219 81
40 828.840507331184 84
41 821.651841601551 86
42 818.413842592721 88
43 816.8951569024 90
44 815.95155429994 92
45 816.361505021034 95
46 813.675306382041 97
47 813.624176530452 99
48 811.421441961221 101
49 810.145928112043 104
50 811.266047318195 106
51 808.68755208367 108
52 809.580441676963 111
53 809.128319395121 113
54 808.232902564983 115
55 807.652911037444 118
56 807.995786895482 120
57 807.366443052029 122
58 807.171594161888 124
59 806.405419223623 126
60 806.70282989076 128
61 806.333176922216 131
62 806.273691054239 133
63 805.8840859879 135
64 805.364557895334 137
65 805.15224711441 139
66 804.907738301368 141
67 804.884096916557 144
68 804.827328245622 146
69 804.568927937066 148
70 804.758210142633 150
71 804.244142070478 152
72 804.38043073773 154
73 804.094475213109 156
74 804.010668055239 158
75 803.881071110416 160
76 803.99526860285 162
77 803.836696917018 165
78 804.03179743148 167
79 803.863042658198 169
80 803.752884277095 171
81 803.664973027433 173
82 803.565124265859 175
83 803.457325791614 177
84 803.580324544689 179
85 803.386140035747 181
86 803.338926608704 183
87 803.181529140191 186
88 803.142316526683 188
89 803.207849946772 190
90 803.239487461049 192
91 803.082153719373 195
92 803.037394157397 197
93 802.994114336424 199
94 802.897905449915 201
95 802.907980971822 204
96 802.80627155539 206
97 802.840228933167 208
98 802.872683965832 210
99 802.799932741424 212
100 802.888010161851 215
101 802.852379867115 217
102 802.892183824844 220
103 802.882993221814 222
104 802.901922154215 224
105 802.8785293879 226
106 802.796693818677 229
107 802.732713467097 231
108 802.655887466114 233
109 802.711288037544 235
110 802.732858999232 237
111 802.683455932216 239
112 802.65279915864 242
113 802.621696086998 244
114 802.670829744648 246
115 802.623816741418 248
116 802.640705710662 250
117 802.618943502933 252
118 802.61179162492 254
119 802.593025439937 256
120 802.623018454353 258

0 3111.1225060104 1
1 3047.34208362746 4
2 3532.93719543727 6
3 3582.04544299501 8
4 3740.73877738524 10
5 3552.26540975494 12
6 3112.904172371 14
7 3904.6305148905 16
8 3613.9739842592 18
9 2336.69938218236 20
10 2636.13614669565 22
11 2554.26219915757 24
12 2413.26758142698 26
13 2156.5882042 28
14 2184.22615170066 30
15 2008.44968867121 32
16 1943.63811630342 35
17 1801.16078393705 37
18 1834.93509751539 39
19 1542.43202224413 41
20 1755.18094398785 44
21 1659.74662277245 46
22 1425.75900133068 48
23 1484.68975201395 50
24 1493.4074585182 53
25 1245.90592554591 55
26 1242.00029229688 57
27 1138.77097693251 59
28 1055.08918219024 61
29 999.61566162514 63
30 975.938305442295 65
31 947.710344688384 67
32 910.470252987952 69
33 909.344078552057 71
34 883.075987269651 73
35 879.725256506783 75
36 883.367894260162 78
37 871.077558771838 80
38 865.851871041028 82
39 860.342929566223 84
40 857.955245323677 86
41 857.835601877653 88
42 859.940708282672 90
43 851.233357800222 92
44 848.882824886034 94
45 848.85666563053 96
46 845.138140535907 98
47 847.371747715736 100
48 845.422352810437 102
49 844.884572032105 104
50 843.375009887375 106
51 843.054675799253 108
52 842.406610805236 110
53 842.815287131594 112
54 842.269859066564 114
55 841.063691530855 116
56 840.907376634516 117
57 840.208652415899 119
58 839.985566375795 121
59 839.970850717588 123
60 839.66034227733 125
61 839.11433769278 127
62 839.429492937165 129
63 839.258513751564 131
64 839.04837909313 133
65 839.411558795097 135
66 839.17336292849 137
67 838.572290153772 139
68 838.800721904367 141
69 838.395607411337 143
70 838.509930976038 145
71 838.212102986706 147
72 838.420424148555 149
73 837.948752245013 151
74 837.946658801628 153
75 837.940082525753 155
76 838.108750337553 157
77 837.884775101473 159
78 837.756400713302 161
79 837.939706738551 163
80 837.710283343369 165
81 837.759783255617 167
82 837.713108706789 169
83 837.604511822132 171
84 837.780517180663 173
85 837.650494708084 175
86 837.443261745882 177
87 837.495150589533 179
88 837.353681700182 181
89 837.526034467511 183
90 837.490287802057 185
91 837.416711141835 187
92 837.456265191925 189
93 837.371854179219 191
94 837.395443653205 193
95 837.294558498828 195
96 837.331871164078 197
97 837.398285495201 199
98 837.261617407389 202
99 837.242997933088 204
100 837.246866642673 206
101 837.246175309317 208
102 837.207817963078 210
103 837.210758713102 212
104 837.182746443948 214
105 837.177320248631 216
106 837.158980286922 218
107 837.173541082108 220
108 837.125176456936 222
109 837.15302698623 224
110 837.134879175614 226
111 837.069861110399 229
112 837.148394459225 231
113 837.079145857182 233
114 837.105980067868 235
115 837.088351706877 237
116 837.054003461826 239
117 837.080724115299 241
118 837.065949447754 243
119 837.141993298657 245
120 837.079741830369 247
121 837.062597440546 249
122 837.03336123984 251
123 837.027735371855 253
124 837.065813260299 255
125 837.023768570823 257
126 837.021190184716 259

0 3833.7705927155 1
1 3656.35788928637 4
2 4115.04982401678 6
3 3312.84646999644 8
4 3152.80589832692 10
5 4161.14277382556 12
6 3519.06420574931 14
7 3520.80811013381 16
8 3676.83467578741 18
9 2832.27341019533 20
10 2867.90770198838 22
11 2153.35817915133 24
12 2406.94616985735 26
13 2368.36929238413 28
14 2517.36594000553 30
15 2353.89873921317 32
16 2011.94761319264 34
17 1718.18686313591 36
18 1659.6025677761 38
19 1671.35970655836 41
20 1689.55707868935 43
21 1569.03037501996 45
22 1436.17734322301 47
23 1551.38450622055 49
24 1418.54665595494 51
25 1199.79348302672 53
26 1239.41339681193 55
27 1053.56803870959 57
28 1011.03560634089 59
29 955.200135623708 61
30 939.798603084506 63
31 913.293519850692 65
32 875.118034808394 67
33 880.045287987478 69
34 866.456373143378 71
35 849.320172673754 73
36 842.177158023693 75
37 841.430109183096 77
38 835.119340616232 79
39 834.08955057457 80
40 830.06028607843 82
41 829.656449880194 84
42 822.096192596804 86
43 821.125738798612 88
44 819.377222661724 90
45 818.424198883316 92
46 814.967278818753 94
47 814.586906751675 96
48 814.27835354526 98
49 812.378604037174 100
50 813.250616840382 102
51 810.858160623629 104
52 811.21304003668 106
53 809.447757918795 108
54 808.847007277502 110
55 807.640067582215 112
56 807.998193741884 114
57 807.11043650418 116
58 806.631714588443 118
59 806.607113410151 120
60 806.636744222945 122
61 805.28000806897 124
62 805.11994268535 126
63 804.702149392883 128
64 804.670303246149 130
65 804.001369281128 132
66 804.175950550327 134
67 803.424476691514 136
68 803.501115500457 138
69 803.227093636462 140
70 803.170156877176 142
71 802.740767477598 144
72 803.099854028805 146
73 802.807032430418 149
74 802.6935617724 151
75 802.56403895308 153
76 802.565413115066 155
77 802.253683514555 157
78 802.117355667145 159
79 802.456254499263 161
80 802.097016814266 163
81 802.074622003816 165
82 802.167491417717 167
83 801.75410395466 169
84 801.733241447178 171
85 801.739299427215 173
86 801.636361750413 175
87 801.638873048291 177
88 801.630024695401 179
89 801.651354644242 181
90 801.665936153451 183
91 801.614343815259 185
92 801.451398443195 187
93 801.465579497017 189
94 801.4721046915 191
95 801.485278332753 194
96 801.377521791896 196
97 801.339254011571 197
98 801.282723275417 199
99 801.378282494954 201
100 801.314026631265 204
101 801.298378604246 206
102 801.270029300545 208
103 801.254839319753 210
104 801.330624957076 212
105 801.362411928146 214
106 801.236665090818 216
107 801.226293815151 218
108 801.315476449729 220
109 801.248342145892 222
110 801.253103399156 224
111 801.171175363419 226
112 801.176108335395 228
113 801.141564188166 230
114 801.130092124289 232
115 801.141970250363 234
116 801.145999142057 236
117 801.17446360502 238
118 801.150245119347 240
119 801.118540888897 242
120 801.099073088849 244
121 801.116275119498 246
122 801.100315996281 248
123 801.155828562273 250
124 801.082550184146 252
125 801.103033318324 254

0 3493.52246777119 1
1 3721.94151219496 4
2 3572.53060215264 6
3 3636.60626081759 8
4 3619.19343255521 10
5 4058.24833030803 12
6 3695.1417893223 14
7 2793.57122916931 16
8 2807.36821644936 18
9 3412.68061598051 20
10 3047.54970197774 22
11 2626.27513388566 25
12 2563.3761996085 27
13 2239.6885116773 29
14 1940.83690572568 31
15 2259.776870118 33
16 1774.24316281554 35
17 1746.07537132844 37
18 1927.54148779204 39
19 1717.62507027346 41
20 1647.97423739709 43
21 1536.19396193577 45
22 1486.70751912379 47
23 1400.19225309682 49
24 1471.69113424361 51
25 1334.60203489003 53
26 1191.90743042745 55
27 1111.34632698005 57
28 997.218848498379 59
29 938.66661878369 61
30 932.64148418911 63
31 883.553661867996 64
32 890.68940834016 66
33 862.441625192037 68
34 852.298223745157 70
35 842.620817028213 72
36 844.526971118558 74
37 843.228750229097 76
38 838.206394873878 78
39 829.094296365165 80
40 826.433099154563 82
41 826.263799570641 84
42 820.078516177438 86
43 819.400124756864 88
44 817.131746116877 90
45 816.723587649003 92
46 817.858149932529 94
47 813.468794187439 96
48 812.880311673314 98
49 811.147186249719 100
50 810.447763518853 102
51 810.751324217966 104
52 810.022260336795 106
53 810.107389415296 108
54 808.582409334576 110
55 808.890863898586 112
56 807.702634356985 114
57 807.841778882768 116
58 807.63817251659 118
59 807.391695228618 120
60 806.776863496261 122
61 806.428636827857 124
62 806.689451481843 126
63 806.12925169436 128
64 806.083878057653 130
65 805.596931632908 132
66 805.579428684662 134
67 805.725978827808 137
68 805.266577637873 140
69 805.105983836874 142
70 804.838879969412 144
71 804.92002294001 146
72 804.835420864563 148
73 804.559945179494 150
74 804.287675131653 152
75 804.394703630835 154
76 804.443805920353 156
77 804.297858482758 158
78 804.077103338461 160
79 803.813384916591 163
80 803.928425362477 165
81 803.77751236856 168
82 803.57507057975 170
83 803.544330499899 172
84 803.764778233769 174
85 803.515367269495 176
86 803.352047897655 178
87 803.378527668892 180
88 803.306089461183 182
89 803.090567121987 184
90 803.185843617906 186
91 803.110644684485 188
92 803.117597796143 190
93 803.175754903362 192
94 802.942242694537 194
95 802.934871567579 196
96 802.808224566297 198
97 802.873428642543 200
98 802.907697078411 202
99 802.849404473001 204
100 802.787339194461 206
101 802.716029783853 208
102 802.740189934999 210
103 802.66142517207 212
104 802.720838792033 214
105 802.678887754912 216
106 802.658968710745 218
107 802.652941242296 220
108 802.552664612756 222
109 802.613298870606 224
110 802.580716839342 226
111 802.53042343752 228
112 802.507485234036 230
113 802.495613156849 233
114 802.478387390161 235
115 802.448878083182 237
116 802.421902205163 239
117 802.403940076125 241
118 802.474370570635 243
119 802.398981457284 245
120 802.39984170065 247
121 802.353376639034 249
122 802.382306323039 251
123 802.34507351347 253
124 802.324396232375 255
125 802.295464740272 257
126 802.287723220987 259
127 802.269194534818 261
128 802.284214424915 263

0 3940.73085783143 1
1 3478.1482721101 3
2 3586.8224273891 5
3 3450.15614512559 7
4 3349.07299228679 9
5 3056.0483097284 11
6 3159.43621961037 13
7 3323.9022421094 15
8 3285.78289988069 17
9 3406.63261936042 19
10 3462.21170573295 21
11 2348.73948581046 23
12 2457.74544756372 25
13 2435.42679399766 27
14 2330.04551910567 29
15 1863.0488871668 31
16 1948.58521288305 33
17 1869.35743074025 35
18 1802.54975620678 37
19 1803.55154462781 39
20 1691.78414004042 40
21 1511.43738137977 42
22 1423.45494366281 44
23 1418.1652755939 46
24 1413.60339368927 48
25 1266.06357558885 50
26 1158.25973182242 53
27 1123.11359669604 55
28 1039.46674045542 57
29 994.646514099899 59
30 960.268356723345 61
31 927.685927762662 63
32 931.777815321853 65
33 895.728930880852 67
34 895.081102183531 69
35 881.955702699714 72
36 869.251417025496 74
37 863.27523353015 76
38 856.636206669177 77
39 855.262172002267 79
40 852.179567158195 81
41 848.864509071082 83
42 848.866785036547 85
43 845.872505865374 87
44 844.882351136666 89
45 846.296738755356 91
46 842.960788501366 94
47 842.193002110641 96
48 840.698220556124 98
49 838.814753367148 100
50 838.409186206572 102
51 838.521549906168 104
52 836.122342337508 106
53 836.865360647742 108
54 836.168344157715 110
55 836.22240780245 112
56 835.065414233557 114
57 835.747165867526 116
58 835.319576319357 118
59 834.105904226597 120
60 834.928422916258 122
61 833.859319644428 124
62 833.131952167051 126
63 834.157905347042 128
64 833.284261261189 131
65 833.314499706825 133
66 832.44304675665 135
67 833.072256747238 137
68 833.184095727791 139
69 832.831215410743 141
70 831.704788017048 143
71 832.227522707499 145
72 831.901151615115 147
73 831.785681673484 149
74 831.613485652831 151
75 831.379560544594 153
76 831.28352440235 155
77 831.094964477883 157
78 830.870915796225 159
79 831.051418063188 161
80 830.782999874931 163
81 830.970558578068 165
82 830.636841467519 167
83 830.51332527013 170
84 830.470679297983 172
85 830.179241437593 174
86 830.140258657603 176
87 830.110856553402 178
88 830.110139039665 181
89 829.998934704798 183
90 829.841444080367 185
91 829.720995818133 187
92 829.773841487502 189
93 829.660950511268 192
94 829.574347441618 194
95 829.473142949406 196
96 829.413506268682 198
97 829.41221342019 200
98 829.230029900582 202
99 829.213782852235 204
100 829.105127610136 206
101 829.123838921555 208
102 829.124433943541 210
103 828.946984253703 212
104 828.975933248481 214
105 828.988392014493 216
106 828.934852689771 218
107 828.795742641178 220
108 828.838023405984 222
109 828.7826996838 224
110 828.705285482125 226
111 828.713332319442 228
112 828.637526865615 230
113 828.635686347006 233
114 828.614765842039 235

0 3899.24564343335 1
1 3805.92751853337 4
2 3059.55482022547 6
3 4057.46794501888 8
4 2943.28806599715 10
5 3168.52855517549 12
6 3349.15320794759 14
7 3286.42478536028 16
8 2721.87828330327 18
9 3084.98612507217 20
10 2795.61327244949 22
11 2322.79480657172 24
12 2314.76638899712 26
13 2936.88971705754 28
14 2188.76012896865 30
15 2305.35695809445 32
16 1813.53186705173 34
17 1620.53002190896 36
18 1592.46594790403 38
19 1576.35728333794 40
20 1624.6999829929 42
21 1592.34552032115 45
22 1414.94201572326 47
23 1555.45823510083 49
24 1397.31768090026 51
25 1407.81207419501 53
26 1132.45454785255 55
27 1106.11556586779 57
28 1057.51753125539 59
29 950.745976377742 61
30 917.701802716362 63
31 905.917043534781 65
32 884.624948207154 67
33 861.038627360509 69
34 852.60470281779 71
35 845.908814304326 73
36 838.521205128028 75
37 837.283373408823 77
38 827.917942164434 79
39 828.121469185382 81
40 827.835145518934 83
41 821.561857806489 86
42 817.502420974864 88
43 817.071093930317 90
44 811.920599950671 92
45 812.403237833222 94
46 811.130021304131 96
47 810.156994426098 98
48 810.203285954802 100
49 808.702782593474 102
50 808.422492541979 104
51 807.162232523073 106
52 807.024351365236 108
53 806.6816707643 110
54 805.059015970841 112
55 805.512730956283 114
56 805.235608709095 117
57 805.845851261593 119
58 804.264743624115 121
59 803.4919891863 123
60 803.787964003084 125
61 803.627161732489 127
62 803.474358246552 129
63 803.154114957164 131
64 803.032341416788 133
65 802.714642380528 135
66 802.794643157115 137
67 802.032362676644 139
68 802.072832222551 141
69 802.000864187562 143
70 801.997894169265 145
71 802.160747512678 148
72 801.575354942233 150
73 801.954619514158 152
74 801.628447455832 154
75 801.491971832941 156
76 801.693000419524 158
77 801.126239557624 160
78 801.166289116482 162
79 801.054140559788 164
80 800.983005215245 166
81 801.100606376046 168
82 800.904022677943 170
83 800.77080017714 172
84 800.669001809727 174
85 800.692567544154 176
86 800.665298047474 180
87 800.695844747842 182
88 800.675058660502 184
89 800.575207125162 186
90 800.604057761621 188
91 800.552785540498 190
92 800.516918978761 192
93 800.770131298529 195
94 800.487537829503 197
95 800.398550309312 199
96 800.450367855494 201
97 800.363137684714 203
98 800.296663293341 205
99 800.320133293628 207
100 800.335341680579 209
101 800.262313427068 211
102 800.154148961488 213
103 800.260451966455 216
104 800.204326239614 218
105 800.165092248378 220
106 800.173181432681 222
107 800.137214197377 224
108 800.082424993959 226
109 800.078099207755 228
110 800.051698059216 230
111 800.073911878523 232
112 800.070747434439 234
113 800.047264317603 236
114 800.011137912862 238
115 799.967501883493 240
116 799.929578511365 243
117 799.91344005048 245
118 799.894040146822 247
119 799.887826011417 249
120 799.85636985727 251
121 799.871524917672 253
122 799.845121733336 255

0 2927.81425093794 1
1 3849.11080834428 4
2 3648.36395387502 6
3 3087.75031510332 8
4 3583.59574301498 10
5 3624.70660700588 12
6 3006.95741253296 14
7 4039.81749847157 16
8 3198.99137362121 18
9 2905.60743416376 20
10 2457.30571350219 22
11 2276.45611927847 24
12 2139.66106735128 26
13 2224.97846523804 28
14 2172.05376862444 30
15 2028.60707018641 32
16 2073.61495434038 34
17 1844.06183412862 36
18 1718.28548035009 38
19 1595.82231134547 40
20 1620.16164905397 42
21 1486.92903509687 44
22 1626.56155369749 47
23 1344.98360456288 48
24 1422.6866513295 50
25 1298.78778244748 52
26 1198.78109843636 54
27 1087.46899112769 56
28 1049.88361902027 58
29 994.337404874753 60
30 947.8095336519 62
31 917.371382447602 65
32 909.101320147405 67
33 884.169034145125 69
34 873.390278693292 71
35 873.561782348764 73
36 866.89279257146 75
37 860.83731821536 77
38 851.705882482128 79
39 848.729735153649 81
40 839.74302569283 83
41 840.497364477259 85
42 834.952500292992 87
43 831.261981967431 89
44 834.554124748432 91
45 832.527694645996 94
46 832.646789008355 96
47 829.762116952439 98
48 829.493307155069 100
49 831.4188858677 102
50 828.914142442597 104
51 827.566545437272 106
52 825.246744974081 108
53 826.131146999538 110
54 825.847547005487 112
55 824.604910437212 114
56 823.740003377761 116
57 823.64002317557 118
58 823.148390556941 120
59 823.365768538723 122
60 822.475125427079 124
61 822.584784519084 126
62 822.145915678664 128
63 821.933997249577 130
64 821.916688031718 132
65 821.718392271017 134
66 821.6962593536 136
67 821.348229978504 138
68 821.100836460194 140
69 820.918693416145 142
70 820.933078630214 144
71 821.071917204921 146
72 820.671306248357 148
73 820.508500874025 150
74 820.445477997586 152
75 820.459559874034 154
76 820.195593547549 156
77 820.282080558173 158
78 820.190152968097 160
79 820.037644992152 162
80 820.019924245645 164
81 820.147297533929 166
82 819.954252553198 168
83 819.772782763469 170
84 819.939305688898 172
85 819.778595058828 174
86 819.893566567454 176
87 819.802470043623 178
88 819.717806487786 181
89 819.802322908572 183
90 819.694322303856 185
91 819.676605008204 187
92 819.604582278729 189
93 819.867682742768 192
94 819.670609686794 194
95 819.583304738087 196
96 819.477687900779 198
97 819.514787370964 200
98 819.568193357858 202
99 819.495302355556 204
100 819.593675722536 206
101 819.455385886717 208
102 819.428884140471 210
103 819.431990587882 212
104 819.439779543269 214
105 819.325815108748 216
106 819.409194717193 218
107 819.329016542739 220
108 819.31225617198 222
109 819.358865559083 224
110 819.285706140102 226
111 819.249698470488 228
112 819.287363095542 231
113 819.311636644931 233
114 819.265921058429 235
115 819.31561158124 237
116 819.258349515641 239
117 819.229378733458 241
118 819.26475820462 243
119 819.203762886124 245
120 819.190398072815 247
121 819.265651809291 249
122 819.216372246633 251
123 819.225326585736 254
124 819.201704160092 256
125 819.231184327667 258
126 819.193749467084 260
127 819.211505564284 262
128 819.223767094238 264
129 819.19136707115 266
130 819.181835230269 268
131 819.179096040406 270
132 819.191135927622 272
133 819.183259915904 274
134 819.181263876522 277
135 819.16195421211 279
136 819.177325866449 281
137 819.158975581197 283
138 819.135105334788 285

0 3117.96967881314 1
1 4089.53795521138 3
2 3439.61862061747 5
3 3970.07294017241 7
4 3553.50275156172 9
5 3332.12151653298 11
6 3988.52132026319 13
7 3788.77749825078 15
8 3677.93247355235 17
9 2996.68808574195 19
10 2453.07396967098 21
11 2573.86526509376 23
12 2547.93010767536 25
13 2762.11772342013 27
14 2162.982030779 29
15 2154.92096198937 31
16 1964.27137293592 33
17 1873.79803754754 35
18 1708.72689660115 37
19 1906.79597875746 39
20 1642.87001333946 42
21 1513.98628350529 44
22 1599.91588769887 46
23 1492.99051482212 48
24 1347.7970348057 50
25 1327.88349752969 52
26 1234.97784919127 54
27 1120.46603814627 56
28 1082.29629093725 58
29 1047.09496842875 60
30 986.654967853346 62
31 949.506442974942 64
32 924.212665792154 66
33 914.317133786349 68
34 906.462835510855 70
35 893.932095279164 72
36 886.225461957206 74
37 880.141221780145 76
38 875.462387639341 78
39 871.13646789614 81
40 867.401027027691 83
41 865.993398459 85
42 866.475217491182 87
43 865.16264152314 89
44 860.173726649099 91
45 859.549700541045 93
46 857.930583390928 95
47 858.361087920597 97
48 855.121406308517 99
49 854.616183939199 101
50 853.954883495898 103
51 854.162038837255 105
52 851.365301282205 107
53 851.965778106709 110
54 850.144782675153 112
55 849.650252211018 114
56 850.258907772081 116
57 849.125683690448 118
58 848.388636084776 120
59 846.930697304521 122
60 845.886924032127 124
61 846.510014785524 126
62 844.664411235874 128
63 844.20984201187 130
64 843.557709206555 132
65 843.599349602663 134
66 842.599447405023 137
67 842.609015717716 139
68 842.556199701508 141
69 841.757050817783 143
70 841.301373155629 145
71 841.069952452732 147
72 840.996817279748 149
73 840.524331023967 151
74 840.426816594939 154
75 840.265990399631 156
76 839.914992795209 158
77 839.950138421828 160
78 839.56317541974 162
79 839.594891155343 164
80 839.349798382811 166
81 838.972247583134 168
82 838.681764380269 170
83 838.855821389056 172
84 838.703239238054 174
85 838.514527901954 176
86 838.440934577754 178
87 838.330858856612 180
88 838.051610734864 182
89 838.020262630344 184
90 837.757242248122 186
91 837.73358782563 188
92 837.609087823643 190
93 837.582657908443 191
94 837.507403592674 193
95 837.49314997707 195
96 837.316930510039 197
97 837.341675951603 199
98 837.216377716222 201
99 837.161657321991 203
100 837.089696556033 205
101 837.106668939401 207
102 837.00954051931 209
103 836.877330573657 211
104 836.87212443844 213
105 836.838020040997 215
106 836.762391109807 217
107 836.655456490336 219
108 836.563290315896 221
109 836.462248549934 223
110 836.432455008262 224
111 836.403327166192 226
112 836.332449217837 228
113 836.204486318372 230
114 836.202910257573 233
115 836.116931644001 235
116 836.038503577313 236
117 835.982284678328 238
118 835.883603705621 240
119 835.797491522611 242
120 835.778584123422 244
121 835.687753255746 246
122 835.70792728499 248
123 835.585929206949 250
124 835.509694681692 252
125 835.504508768609 254
126 835.407044375054 256
127 835.40323474724 258
128 835.333815573152 260
129 835.320665333292 262
130 835.314859083229 265
131 835.280599991991 267
132 835.213769942679 269
133 835.167203991764 271
134 835.143156884315 273
135 835.112264043423 275
136 835.084435155599 277
137 835.054105792144 279
138 835.015881172471 281

0 2976.73150706192 1
1 3744.4789034075 4
2 3957.57019761136 5
3 3174.70359140537 7
4 3255.08340575277 10
5 3063.76782019246 12
6 3099.59972075356 14
7 3863.77203182357 16
8 2756.11940372396 18
9 3006.44971014036 20
10 2670.75146324135 22
11 2656.32692268485 24
12 2343.79598589882 26
13 2685.41875625246 28
14 2202.40857925458 30
15 2065.34386462237 32
16 2046.93815160029 34
17 2096.96309181189 36
18 1697.6145578554 38
19 1636.62169880831 40
20 1556.06269660959 42
21 1489.10580924211 45
22 1431.46195205199 46
23 1388.71967417685 48
24 1332.54477276249 50
25 1261.37233295068 52
26 1153.98847278624 54
27 1108.90993707236 57
28 1020.26011085204 59
29 1015.6514350478 61
30 981.046519464906 63
31 923.428533810948 65
32 907.547880777491 67
33 891.7852652769 69
34 882.545046587381 71
35 884.418950320115 73
36 870.462059925332 75
37 876.445816839792 78
38 861.080172387633 80
39 859.057222422586 82
40 856.689096142326 84
41 856.290204069208 86
42 850.516754714489 89
43 851.482874019881 91
44 850.712521853414 93
45 846.828867548493 95
46 844.725607666887 97
47 843.544135143997 99
48 844.444751423701 102
49 843.390171881314 104
50 842.629359124199 106
51 840.734438817549 108
52 840.345884655893 110
53 839.823548557421 112
54 839.478239932283 114
55 839.066990141353 117
56 838.859833330778 119
57 838.72766765905 121
58 838.514181455446 123
59 839.223741159805 125
60 837.69382568034 127
61 836.68572701888 129
62 837.019705334382 131
63 836.832484900971 134
64 836.176714187818 136
65 836.137173153858 138
66 836.014199674957 140
67 835.724658005514 142
68 835.701232964915 144
69 835.738091924973 146
70 835.390150306314 148
71 835.348992450029 150
72 835.234168437137 152
73 834.955682684285 154
74 834.976518514359 157
75 834.761977654755 159
76 834.404885840113 160
77 834.235214136966 162
78 834.365165252724 164
79 834.18817111517 166
80 834.275797808297 168
81 833.883151711273 170
82 833.985299735118 172
83 834.025058732139 174
84 833.9715444074 176
85 833.754881501611 178
86 833.852103770097 180
87 833.699890827493 182
88 833.688427710992 184
89 833.710816596247 186
90 833.757312590885 188
91 833.772733487432 190
92 833.728293343563 192
93 833.71666543422 194
94 833.743242062933 196
95 833.583877013677 198
96 833.559358737625 200
97 833.568881141169 202
98 833.57546772124 204
99 833.55701429268 206
100 833.567599289451 208
101 833.619991463818 210
102 833.514489919847 212
103 833.497644343965 214
104 833.5068375545 216
105 833.488599320099 218
106 833.444637560795 220
107 833.448837137183 222
108 833.370351703515 224
109 833.391292763197 226
110 833.347712665207 228
111 833.363915227851 231
112 833.358346095376 234
113 833.389568237006 236
114 833.337530488327 238
115 833.335594809452 240
116 833.332217340899 242
117 833.327852170384 244
118 833.32900194589 246
119 833.312021927733 248
120 833.262769938291 251
121 833.273605614138 253
122 833.284665475318 255
123 833.236576129237 257
124 833.221160046863 260
125 833.20619060033 262
126 833.197550566167 264
127 833.179473226796 266
128 833.205462909299 268
129 833.159271060469 270
130 833.114356263094 272
131 833.060951940074 274
132 833.064459628575 276
133 833.034404009096 278
134 832.944753375541 280
135 832.936972452735 282
136 832.904242012476 284
137 832.89106744957 287
138 832.861747378944 289
139 832.85245425743 291
140 832.816444343519 293
141 832.810628728158 295
142 832.802536933319 297

0 3207.48242179657 1
1 4039.79000387615 3
2 3211.61919173574 5
3 3370.96170390692 7
4 3332.55984797683 10
5 3214.56171508218 12
6 3303.54534757777 14
7 4333.90672053817 16
8 2965.27152186909 18
9 3469.88293767678 20
10 2467.85460575739 22
11 2747.4131490887 24
12 2512.48459305335 26
13 2425.64730281828 28
14 2253.79424092015 30
15 2074.91971342469 32
16 1750.69547050407 34
17 1817.98383320948 36
18 1568.57796450198 38
19 1764.71897396584 40
20 1625.65230790352 42
21 1609.361511328 44
22 1422.54731654041 46
23 1436.64286680642 48
24 1463.53628535731 49
25 1393.13925186925 51
26 1165.52429998571 53
27 1085.84283914656 55
28 995.785337090566 57
29 949.151486242294 59
30 947.766246823744 61
31 908.279892192998 63
32 896.999553778283 66
33 886.182468096702 68
34 873.175940405786 70
35 865.213761230072 72
36 848.23807463344 74
37 844.042047733064 76
38 844.194939499959 78
39 839.45955636721 80
40 833.864355787025 82
41 830.181346648266 85
42 829.994814912718 87
43 826.337868150493 89
44 824.75315013177 91
45 825.030858844237 93
46 822.471110117263 95
47 822.326498874878 97
48 821.51227726125 99
49 819.452028189107 101
50 819.180174527732 103
51 817.746778023395 105
52 817.484406054681 107
53 816.931624114668 109
54 815.949835505084 112
55 815.582763713733 114
56 815.442742365364 116
57 816.415614470774 118
58 815.328947068963 120
59 815.01402460473 122
60 814.70705404902 124
61 814.30625302148 126
62 814.072258615024 128
63 813.827941790711 130
64 813.782335776685 132
65 813.339008306249 134
66 813.505243077512 136
67 813.423195879106 138
68 813.081173813681 140
69 813.155850491003 142
70 812.972576796118 144
71 812.735339737245 146
72 812.547056058611 149
73 812.419511819681 151
74 812.384565694061 153
75 812.088951899706 155
76 812.004710429202 157
77 812.057891503893 159
78 812.338067396771 161
79 811.848518791312 163
80 811.832134557102 165
81 812.00981869479 167
82 811.796663434654 170
83 811.697205490097 172
84 811.651612037992 174
85 811.579053727238 176
86 811.576130080694 178
87 811.524258863602 180
88 811.482106919325 182
89 811.429355259609 184
90 811.418920859634 186
91 811.457631075291 188
92 811.391366097792 190
93 811.425457004534 192
94 811.324163572056 194
95 811.397840969105 196
96 811.359785333912 198
97 811.324221827846 200
98 811.316649007662 202
99 811.328834606615 204
100 811.176033514687 205
101 811.182056303772 207
102 811.169719322828 209
103 811.10733072884 211
104 811.138211094476 213
105 811.069846642365 215
106 811.034909834793 218
107 811.143509464902 220
108 810.993044802892 222
109 810.998735695378 224
110 810.982198572672 227
111 810.923038105431 229
112 810.894899196529 231
113 810.829940981232 233
114 810.88349718867 235
115 810.898530530782 237
116 810.869096809306 239
117 810.80700584762 241
118 810.753760574999 243
119 810.716196668105 245
120 810.72890081398 248
121 810.70011277816 250
122 810.680023749643 252
123 810.674643728536 254

0 4146.19138077858 2
1 3199.00770124625 3
2 3125.84597625709 5
3 3383.56773116431 7
4 3421.5351144517 9
5 3110.516185349 11
6 3004.89466144968 13
7 3186.07231441325 15
8 3216.80701585685 17
9 2858.91383092472 19
10 2824.18606887562 22
11 2717.57553815622 24
12 2549.22449834707 26
13 2083.81387698574 28
14 2478.88209193886 30
15 2079.5527600783 32
16 1779.45047909247 34
17 1801.76331411077 36
18 1678.48247298197 38
19 1601.06888989793 40
20 1620.79040546225 42
21 1454.02052572654 44
22 1615.70404877847 47
23 1487.05163743135 49
24 1408.16888629199 51
25 1279.91264816741 53
26 1218.14380040437 55
27 1155.21605982768 57
28 1036.03415863291 59
29 1003.31852169456 60
30 1024.44146305205 62
31 936.517246326312 64
32 939.168836598169 67
33 931.979481638701 69
34 895.251332027814 71
35 887.857103848132 73
36 890.064644762639 75
37 875.915593020542 77
38 863.913404788693 79
39 864.798717275522 81
40 865.540259266573 83
41 853.700643902925 85
42 851.582965898719 87
43 853.914192088982 89
44 850.039057201187 92
45 845.616213431435 94
46 845.603593821639 96
47 843.844113297976 98
48 841.120213275331 100
49 841.270351191387 102
50 840.364158309995 105
51 838.315574019771 107
52 838.861400704729 109
53 838.155508748388 111
54 838.435458901156 113
55 838.678676126793 115
56 837.511735591855 117
57 837.758312669957 119
58 836.585444034965 121
59 836.817667226987 123
60 836.503824907561 125
61 835.016063456885 127
62 834.8585738595 129
63 835.399920709397 131
64 835.183554265944 133
65 834.294375133066 136
66 834.188718499022 138
67 834.33290356898 140
68 833.870271234411 142
69 833.886808708173 144
70 834.40350441034 146
71 833.882770837101 148
72 833.961854185187 150
73 833.45781719192 152
74 833.58601408544 154
75 833.289651474078 156
76 833.394395399367 158
77 833.35336064739 161
78 833.251191648873 163
79 833.024581455059 165
80 832.898774018664 167
81 832.904018874645 169
82 833.014328119675 171
83 832.938050883398 173
84 832.935291758694 175
85 832.762223594536 177
86 832.696635530466 179
87 832.769834812318 181
88 832.690827193239 183
89 832.667651025729 185
90 832.653329566955 187
91 832.572674216837 189
92 832.720327583406 191
93 832.755871522421 193
94 832.540264750912 195
95 832.606367934808 197
96 832.547419996426 200
97 832.438488842947 202
98 832.448266209706 204
99 832.467065555208 206
100 832.314215290142 208
101 832.391221804985 210
102 832.333055259664 212
103 832.378434278383 214
104 832.351483216405 216
105 832.353223368444 218
106 832.361384424683 220
107 832.302778269619 222
108 832.242795706469 224
109 832.257690132379 227
110 832.233880212995 229
111 832.216951071789 231
112 832.26360328334 233
113 832.208375566912 235
114 832.206482088478 237
115 832.19238409016 239
116 832.16777342225 241
117 832.162529154288 243
118 832.154751723276 245
119 832.161416073567 247
120 832.133642495184 249
121 832.087324114508 251
122 832.09866814646 253
123 832.092718144137 255
124 832.073934830331 257
125 832.119637826215 260
126 832.053730392385 262
127 832.092080001766 264
128 832.036692890935 266
129 832.049607815181 268
130 832.044715454543 270
131 832.018828816383 272
132 832.014494201219 274
133 832.041076204781 276
134 832.052607171475 278
135 831.997417453522 280
136 831.983641061657 282
137 831.96895717823 284
138 831.945382615617 287
139 831.917347182141 289
140 831.912845704315 291
141 831.898011888907 293
142 831.886639324952 295
143 831.873434946908 298
144 831.865547784428 300
145 831.855797940869 302
146 831.875041348289 304
147 831.857611776698 306
148 831.868687086422 308
149 831.84534919988 310
150 831.821855941221 312

0 3202.26441487463 1
1 3704.67896702028 4
2 3204.34878757943 6
3 3847.33086790826 8
4 3018.5089505551 10
5 3429.47703721133 12
6 3036.87554502941 14
7 3571.4929316707 16
8 3113.439044911 18
9 2852.28147615328 20
10 2894.86298814186 22
11 2591.19338391337 24
12 2172.46754021521 26
13 2067.03293064492 28
14 2606.17665427883 30
15 2246.27622736462 32
16 1914.41867374633 34
17 1722.55729625103 36
18 1753.84686835292 38
19 1580.04821640037 40
20 1536.74409732552 42
21 1403.8407286268 44
22 1413.6983362039 46
23 1419.40965763962 48
24 1484.83270040517 50
25 1349.77311329678 52
26 1192.35487041611 54
27 1131.93229252055 56
28 1066.59940969517 59
29 1031.2062883669 61
30 977.959834549241 63
31 957.741808037035 65
32 923.162525971603 67
33 909.320525661046 69
34 885.988839537706 71
35 878.821774620192 74
36 876.309913174007 76
37 876.093113488045 78
38 875.395256719435 80
39 867.310527073104 82
40 862.363973183428 84
41 859.757485032235 86
42 854.768900636604 88
43 853.768011324314 90
44 852.564065120462 92
45 847.936666310679 94
46 847.969025244669 96
47 845.630904208272 98
48 843.941708894745 100
49 842.416183463141 102
50 840.766116018514 104
51 840.261556333243 106
52 840.843331954098 108
53 838.86172567775 110
54 839.102798119737 112
55 838.218985457234 114
56 836.724279823328 116
57 837.186014370662 118
58 836.189414859842 120
59 835.931718963549 122
60 835.858052304662 124
61 836.070976215783 126
62 835.385501160675 128
63 835.552353155767 130
64 834.538324690466 132
65 834.119981823374 133
66 833.953811105261 135
67 834.221348737959 137
68 833.46898890843 139
69 833.169932505287 141
70 832.852890083694 143
71 833.171831090829 145
72 832.885420123705 147
73 832.752734552152 149
74 832.665740161301 151
75 832.447963836168 153
76 832.058193017006 155
77 831.912290031402 157
78 831.909759059003 159
79 831.811544335354 161
80 831.56346956752 163
81 831.382723512056 165
82 831.468861676577 167
83 831.588200157704 169
84 831.468950409689 172
85 831.35910508794 174
86 831.223750352532 176
87 831.200209136742 178
88 831.223739317234 180
89 831.103303123492 183
90 830.981090187049 185
91 831.084212918017 187
92 831.033866675903 189
93 830.925167261464 191
94 830.897031956553 193
95 830.905999038926 195
96 830.914578143813 197
97 830.779266602805 199
98 830.795877597546 201
99 830.627974605706 203
100 830.635574399753 205
101 830.640666644363 207
102 830.667984383897 209
103 830.600811810764 211
104 830.585586931539 213
105 830.565628506779 215
106 830.542578631697 217
107 830.607748145057 219
108 830.612682454295 222
109 830.588402783908 224
110 830.503461785764 226
111 830.467983417788 228
112 830.463266200969 230
113 830.476413018657 232
114 830.492307210308 234
115 830.492347588085 236
116 830.454769874053 238
117 830.459737997965 240
118 830.450985776542 242
119 830.41791150018 244
120 830.363098065165 246
121 830.344273952842 248
122 830.387470791418 250
123 830.340974603164 252
124 830.366056479638 255
125 830.324055035989 257
126 830.324906433733 259
127 830.298341609331 261
128 830.337967811252 263
129 830.323996520532 265
130 830.327228525867 267
131 830.301775464535 269
132 830.296557643912 271
133 830.261265811121 274
134 830.253598159578 276
135 830.275120230069 278
136 830.25323576766 280
137 830.263949338743 282
138 830.215967664662 284
139 830.252869336543 286
140 830.216653206292 288
141 830.214832817851 290
142 830.196048194901 292
143 830.192922637437 294
144 830.193245465248 296
145 830.202254989208 298
146 830.18553986633 300
147 830.165952365453 302
148 830.149330467974 305

0 4260.54534711109 1
1 3481.96583986034 4
2 3400.62318475075 6
3 3583.73559515843 8
4 3611.26733095277 10
5 3285.41810913314 12
6 3082.56555101114 14
7 2875.85859541936 16
8 3947.80353734627 18
9 2817.33073447698 20
10 2419.31265588199 22
11 2865.76130584438 24
12 2279.87667777943 26
13 2466.69163981138 28
14 2304.75326862245 30
15 2117.42513639523 32
16 1926.90513275606 34
17 1689.98610769929 36
18 1750.39023966539 38
19 1656.64291195295 40
20 1532.70866519958 42
21 1607.21933475164 44
22 1543.38792741233 46
23 1457.90549023338 48
24 1550.58177214616 50
25 1295.96984167933 52
26 1250.27827753432 55
27 1135.75818055746 57
28 1101.26750577236 59
29 1011.97441918708 61
30 943.186997178508 62
31 929.464700276752 66
32 886.126187958621 68
33 879.924566372062 70
34 871.975742852732 72
35 847.207663709915 75
36 842.444225553226 77
37 837.515053686068 79
38 836.54914555937 81
39 825.497365000302 83
40 827.893688996227 85
41 819.468865867738 87
42 817.044892355156 89
43 815.396253683032 91
44 814.030839798579 94
45 814.677390172676 96
46 811.326200535428 98
47 811.459388355124 100
48 808.755485949049 102
49 808.104652609988 104
50 807.856117225122 106
51 807.992631082185 108
52 806.118003018874 110
53 806.719215955905 112
54 806.402252238037 114
55 805.119988259819 116
56 805.360978088527 118
57 804.909132213829 120
58 804.721889890975 122
59 803.616197720876 124
60 803.968586341064 126
61 802.997289183891 128
62 802.797408384536 130
63 803.718671907458 132
64 803.074119116819 134
65 802.550950353374 136
66 802.386803831818 138
67 802.237787573817 140
68 802.372337472074 143
69 802.146780427595 145
70 801.734768527772 147
71 801.51766899319 149
72 801.649865605895 151
73 801.519849479379 153
74 801.017710952123 155
75 800.790197683676 157
76 800.935953370526 159
77 800.402918046358 161
78 800.776977289719 163
79 800.422180463098 165
80 800.056693654286 167
81 800.334208442362 169
82 800.181633750836 171
83 799.995194271755 173
84 800.175144297085 175
85 799.907016630923 177
86 799.771610631807 179
87 799.605178331229 181
88 799.532382409693 183
89 799.484903331302 185
90 799.516338233556 187
91 799.477592326031 189
92 799.435772660317 191
93 799.250924618557 193
94 799.197298854327 195
95 799.194362502376 197
96 799.190417276001 199
97 799.12604067337 201
98 799.169138067109 203
99 799.102235895994 205
100 799.026623477045 207
101 799.096798599591 209
102 798.999383713043 211
103 798.984165299512 213
104 798.972001585381 215
105 798.948741161738 217
106 798.928702847461 219
107 798.936919535171 221
108 798.967093729082 223
109 798.958260918801 225
110 798.952158611663 227
111 798.93754515119 229
112 798.912964891423 232
113 798.841285663036 234
114 798.818749807985 236
115 798.798731963206 238
116 798.790451170258 240
117 798.785225384349 242
118 798.732435703365 244
119 798.72454125786 246
120 798.734014299708 248
121 798.747500299166 250
122 798.757903059431 252
123 798.70819786869 254
124 798.701363866476 256

0 3843.23675116046 2
1 3567.82617007882 3
2 4045.35703076462 5
3 4109.67456074992 7
4 4322.83941810721 9
5 3547.17993083131 11
6 2972.36653564552 13
7 3024.14944089275 15
8 3076.03341396327 17
9 2340.68626684669 20
10 2680.90155157675 22
11 2237.96852716645 24
12 2679.92982073331 26
13 2393.96936064803 28
14 2355.54928039469 30
15 1845.23787304108 32
16 2049.46951849065 34
17 1679.09870967673 36
18 1745.50375346599 38
19 1775.22821346296 40
20 1474.31860249053 42
21 1508.77875690074 44
22 1453.15941674889 46
23 1431.4009622832 48
24 1402.20965581419 51
25 1335.78020646674 53
26 1197.50074219746 55
27 1181.62437728955 57
28 1058.08849502308 59
29 1007.76081111839 61
30 983.535746924093 64
31 957.472186679769 65
32 921.045621027888 67
33 917.341550471349 69
34 911.404245344406 71
35 908.96895417973 73
36 888.130387895662 75
37 892.818336093245 78
38 878.762770377397 80
39 874.420496669713 82
40 873.814026733486 84
41 872.462379674438 86
42 870.694280098821 88
43 868.058420955566 90
44 866.19718227943 92
45 863.202958362048 94
46 861.773231784297 96
47 860.398000679772 98
48 860.830180484745 100
49 860.837658332672 102
50 860.883142139106 104
51 859.246554137145 106
52 859.065955614962 108
53 857.936460040127 110
54 855.968825129841 113
55 855.3399076432 115
56 855.72337780277 117
57 855.067007082422 119
58 854.623601344774 121
59 854.489229914165 123
60 853.762452345131 125
61 853.445450032788 127
62 853.535200590288 129
63 853.215470090199 131
64 852.964446008957 134
65 852.599178371232 136
66 852.49448402458 138
67 852.491401103526 140
68 852.184809721508 142
69 851.918516018337 144
70 852.027500663476 146
71 852.139885823911 148
72 851.50040214998 150
73 851.260615266465 152
74 851.0651599013 154
75 851.072632601349 156
76 850.918949307827 159
77 850.854915454366 161
78 850.73599109978 163
79 850.831830944639 165
80 850.908244422472 167
81 850.450402664557 169
82 850.425948510388 171
83 850.168193525758 173
84 850.403149865209 175
85 850.306414024993 177
86 850.296588492779 179
87 850.116926804452 181
88 850.064500007446 183
89 850.086696015004 185
90 849.926646558384 187
91 849.882633384177 189
92 849.914787170442 191
93 849.831439194096 193
94 849.779272605562 195
95 849.774818314437 197
96 849.723607489829 199
97 849.698848548979 202
98 849.573101625181 204
99 849.535580011654 206
100 849.603680761844 208
101 849.505673863309 210
102 849.469903603361 212
103 849.412602347988 214
104 849.46027976669 216
105 849.471339010077 218
106 849.325903711571 221
107 849.332670441907 223
108 849.324169865786 226
109 849.320506695435 228
110 849.310912214322 230
111 849.275398859212 232
112 849.269732393759 234
113 849.302300870698 236
114 849.232559128325 238
115 849.194331931762 240
116 849.191472435928 242
117 849.178435704599 244
118 849.158365409521 246
119 849.204203466562 248
120 849.162337103011 250
121 849.136053362926 252
122 849.165499100077 254
123 849.135099236402 257
124 849.106322411802 259
125 849.082242565994 261
126 849.076587464657 263
127 849.067098882716 265
128 849.038824740397 267
129 849.037771332688 270
130 849.06572336381 272
131 849.013621832603 274
132 848.995800641956 276
133 849.000910494308 278
134 848.991476133066 280
135 848.977970506458 282
136 848.952442439934 284
137 848.996169491778 286
138 848.951873787162 288
139 848.945585308355 290
140 848.919397008327 292
141 848.925579103123 294
142 848.904713339113 296
143 848.878938884785 298
144 848.873096609519 300
145 848.861602311109 302
146 848.846428098061 304
147 848.842106792735 306
148 848.828337244463 308
149 848.808954374068 310
150 848.807753299561 312
151 848.788197074019 314
152 848.778019733782 315
153 848.759309818886 317
154 848.726971165301 319
155 848.701595100709 321
156 848.685796737319 323
157 848.67054408848 325
158 848.654873449823 327
159 848.626080430775 329
160 848.6083812122 331
161 848.60739538978 333
162 848.570190936392 337
163 848.540366471486 339
164 848.511766828302 340
165 848.501572207776 342
166 848.47218727599 344
167 848.454253599469 346
168 848.438052999142 348
169 848.405446176614 350
170 848.380272845971 352
171 848.367616098528 354
172 848.333590576427 356
173 848.306538615484 358

0 3638.10095188687 2
1 3294.46603074416 4
2 3369.47760830938 5
3 4309.51452460182 7
4 3791.80909018319 9
5 3379.52538382434 11
6 2927.45758238874 13
7 3017.42041418915 15
8 2972.75816458605 17
9 2972.1786465018 19
10 2664.3058775781 21
11 2336.59378421086 23
12 2572.71996206191 25
13 2714.38755467786 27
14 2246.61073911511 29
15 1873.09304851271 31
16 1737.2711657973 33
17 1898.00908653439 35
18 1632.99937207991 37
19 1781.80342951667 39
20 1680.21688845468 41
21 1521.05641932695 43
22 1489.34909259944 45
23 1443.20783522956 47
24 1400.17773936249 49
25 1291.63003083983 50
26 1182.04553146283 52
27 1102.73976512462 54
28 1043.23567063099 56
29 998.961839495384 58
30 968.197517385985 60
31 941.19018023897 62
32 936.154186862824 65
33 904.23118580826 67
34 898.830457495148 69
35 882.176031085541 71
36 880.103598438221 73
37 867.824802821349 75
38 861.181153081293 77
39 860.610746440947 79
40 856.390111092665 81
41 856.111879611304 83
42 855.400456798702 85
43 850.716271979321 87
44 848.040658125051 89
45 847.563127982296 91
46 848.0905438944 93
47 846.380600337758 95
48 849.641478643816 97
49 844.69554447086 99
50 844.963185214568 101
51 844.919614481729 103
52 844.234337677975 105
53 843.036002886337 107
54 841.447843832295 109
55 841.69758187745 111
56 841.79506398541 113
57 841.431502134288 115
58 841.832676105886 117
59 841.035711162933 119
60 840.778067894275 121
61 840.059590711294 123
62 839.862522746184 125
63 840.023346772425 127
64 839.931248428097 129
65 839.809231547277 131
66 839.452261655894 133
67 839.305743077632 135
68 839.66729768837 137
69 839.167811964847 139
70 838.910939313475 141
71 838.778143352708 143
72 838.671462948827 145
73 838.515523207378 147
74 838.34383855614 151
75 838.215720040623 154
76 837.898521806039 156
77 838.209474889584 158
78 838.121859266067 160
79 837.935795769181 162
80 837.592987328255 164
81 837.637526346855 166
82 837.396538841262 168
83 837.535137177623 171
84 837.114638976669 173
85 836.947356469661 175
86 837.070203169776 177
87 836.856192976789 179
88 836.871614926394 181
89 836.799742482747 183
90 836.865340221555 185
91 836.702428131752 187
92 836.583370546558 189
93 836.38995047813 191
94 836.309645736071 193
95 836.262321967032 195
96 836.153695307102 197
97 836.005517715493 199
98 835.818265738934 201
99 835.78034327197 203
100 835.657805678808 205
101 835.629083305087 207
102 835.553792288475 209
103 835.411130207256 211
104 835.314461681908 213
105 835.288872703414 215
106 835.226132914531 217
107 835.18274832408 219
108 835.184521191064 220
109 835.116011966236 222
110 835.069842235724 225
111 835.035779121488 227
112 834.959753411191 229
113 834.925090973855 231
114 834.964290074525 233
115 834.858904133166 235
116 834.851353244422 237
117 834.881876232443 239

0 3516.94773520824 1
1 3014.65823811141 4
2 3741.24305049072 6
3 3183.3668387072 7
4 3276.11623866309 9
5 3317.14105437427 11
6 3385.60363443497 13
7 2862.99526482903 15
8 3135.28127167229 17
9 2719.37585683904 19
10 2172.03505685404 21
11 2620.2175089687 23
12 2277.31401218643 25
13 2382.59832269837 27
14 2036.48863511775 29
15 1943.51344473671 31
16 1996.1329782101 33
17 2108.66171206336 35
18 1548.51707790595 37
19 1605.34632346002 39
20 1691.6324470701 42
21 1342.77141352757 44
22 1391.40588063081 46
23 1476.81113848196 48
24 1371.38901844997 50
25 1327.64688475468 52
26 1213.01102278702 54
27 1087.37609069954 56
28 1040.66061148571 57
29 984.742937843696 59
30 950.344152970937 61
31 914.077312363585 63
32 899.468059778123 66
33 889.815090412208 68
34 872.260925718357 70
35 859.650197851726 72
36 855.637643977274 74
37 849.193849724257 76
38 842.6569640867 78
39 838.382823136532 80
40 836.151308048964 82
41 831.208432524062 84
42 829.010959068026 86
43 828.319617220605 88
44 826.656256764467 90
45 822.956990203062 92
46 823.611510250585 94
47 820.933454140938 96
48 819.997583436002 98
49 819.046623348817 100
50 816.577224355914 102
51 815.378331176547 104
52 814.554982341571 106
53 813.439284326775 108
54 812.899911285206 110
55 812.360387417473 112
56 811.498190749342 114
57 810.819758709478 116
58 810.123536100702 118
59 810.219945325995 120
60 810.001625636036 122
61 809.233407039352 124
62 808.41653882882 126
63 808.457684189171 128
64 808.092053292095 130
65 807.737533449003 133
66 807.575336055043 135
67 807.293317173271 137
68 806.667601433871 139
69 806.668787436195 140
70 806.212450948808 142
71 805.971284936354 144
72 805.822361141339 146
73 805.350028955006 148
74 805.159188898952 150
75 804.928841854759 152
76 804.713853717399 154
77 804.657317804344 156
78 804.384039781083 158
79 804.348899049745 160
80 804.31887869259 163
81 804.091543938737 165
82 803.907654946901 167
83 803.828793964778 169
84 803.475362838323 171
85 803.515819444097 173
86 803.451846598769 175
87 803.362508208266 177
88 803.321110757946 179
89 803.198673392812 181
90 803.133092826019 183
91 803.11553788285 185
92 803.03058762347 187
93 802.985712331806 189
94 802.864963617402 191
95 802.804178676076 193
96 802.720859926322 195
97 802.684170288076 197
98 802.743874733623 199
99 802.673372248055 201
100 802.630452973498 203
101 802.587826661438 205
102 802.531824018474 207
103 802.499087518634 209
104 802.363293224755 211
105 802.269394060836 213
106 802.332206996944 215
107 802.210029217801 217
108 802.229190480623 219
109 802.179763458523 221
110 802.161061291067 223
111 802.038399044363 225
112 802.013706288218 227
113 801.996271169087 229
114 801.999671640088 231
115 801.927990430787 232
116 801.897129254984 235
117 801.88570876505 237
118 801.857605062593 239

0 4039.40418227625 1
1 3395.51539799292 3
2 2868.63185833337 5
3 3653.9840857198 7
4 2507.87780961936 10
5 3284.03747334614 12
6 3442.81591309113 14
7 2601.74476935787 16
8 4676.80538537423 18
9 2507.28883900026 20
10 2359.07746600799 22
11 2407.49521958398 24
12 2183.95637305076 26
13 2308.31612085433 28
14 2054.40769942235 30
15 1731.20472016032 32
16 1950.51061255195 34
17 1855.49567004934 36
18 1599.75491715464 38
19 1566.32971451166 41
20 1633.66377860376 43
21 1352.53665904156 46
22 1465.11836104783 48
23 1340.4154911241 50
24 1443.20291466591 52
25 1337.48396964485 54
26 1222.47443523151 56
27 1148.25484057054 58
28 1091.0687963357 60
29 1016.42658205234 62
30 981.867191207322 64
31 965.20028570714 66
32 926.170964268383 68
33 915.453532735962 70
34 904.404716622427 72
35 894.28411149129 74
36 894.029151486649 76
37 877.704087877523 78
38 870.858956272674 80
39 869.792321352281 82
40 869.549096035968 84
41 868.41815171378 86
42 859.433439712465 88
43 855.861720063973 90
44 855.238101376628 93
45 854.88872429505 95
46 851.710483591948 97
47 851.436011459446 99
48 850.880757968001 101
49 850.539518127049 103
50 849.253532965056 105
51 849.002458153848 107
52 848.232680045374 109
53 847.117104459511 111
54 847.759804130226 113
55 846.568671399929 115
56 845.79552193976 117
57 845.911819545599 119
58 845.187455897783 122
59 846.221383264069 124
60 845.561690791128 126
61 844.963644631255 128
62 844.18665370244 130
63 843.644914197127 132
64 844.277672992528 134
65 843.256043030692 136
66 843.474444092333 138
67 842.927384831484 141
68 842.782932420086 143
69 842.818024975874 145
70 842.610945513276 147
71 842.718572398433 149
72 842.290290192577 151
73 842.235560919506 153
74 842.198578463833 155
75 841.929523541273 157
76 841.870188032198 159
77 841.627963079597 161
78 841.617088633042 164
79 841.574123573007 166
80 841.104394626826 168
81 841.000710030099 170
82 840.737208002643 172
83 840.376762092886 174
84 840.246576391216 176
85 840.292108172447 179
86 840.09736055193 181
87 839.944315722249 183
88 839.798838043695 185
89 839.84542210805 187
90 839.687778496597 189
91 839.77564358324 191
92 839.523632412039 193
93 839.516037055297 195
94 839.474547204178 198
95 839.393720371351 200
96 839.330796221667 202
97 839.216284260981 204
98 839.1364323 206
99 839.080790447479 208
100 838.988998031759 211
101 838.879886293802 213
102 838.867254776446 215
103 838.822662670024 217
104 838.749758482979 219
105 838.682939239627 221
106 838.700184378141 224
107 838.580378656237 226
108 838.559722400577 228
109 838.54773163777 230
110 838.535091145936 232
111 838.451675751246 234
112 838.454923942277 236
113 838.427220345291 238
114 838.343828087635 240
115 838.382793825862 242
116 838.353373483307 244
117 838.296157648329 246
118 838.306826488524 248
119 838.20250429859 250
120 838.208178871044 252
121 838.141554706419 254
122 838.059762534462 256
123 838.011937173896 258
124 837.975748969646 260
125 837.969873436809 262
126 837.952880235001 264
127 837.956243559154 266
128 837.880808217471 268
129 837.829292379814 270
130 837.797838533597 273
131 837.765802299752 275
132 837.7637886831 277
133 837.725082246633 279
134 837.664075955801 281
135 837.643693113545 284
136 837.620292612958 286
137 837.586622982305 288
138 837.574243528553 290
139 837.565997517773 292
140 837.502084620134 294
141 837.489105822472 297
142 837.454880517638 299
143 837.412019894977 301
144 837.411363413516 303
145 837.366258085038 305
146 837.332653579113 307
147 837.329296044893 309
148 837.29468693464 311
149 837.27749463021 313
150 837.277946906322 315
151 837.24825435626 318

0 2763.56458874382 1
1 4243.92803516872 3
2 3234.11933096901 5
3 3261.07108061636 7
4 3488.39476486684 9
5 3244.37798631418 11
6 3028.87922047591 13
7 3196.95660143142 15
8 2742.3540003469 17
9 3215.97689407962 19
10 3077.73309948367 21
11 2858.94706934403 23
12 2594.02234766937 25
13 2385.64927505274 26
14 2224.65834565812 28
15 2108.56476187488 30
16 1821.71028489033 33
17 1836.14538750114 34
18 1870.69255738248 36
19 1678.76591774402 38
20 1427.88276147123 40
21 1578.39422457973 43
22 1425.89684413178 45
23 1491.53660095182 47
24 1436.52243981585 49
25 1348.78373895833 51
26 1170.41668980681 53
27 1054.26474581487 55
28 1033.4595976513 56
29 964.53407769314 58
30 924.461271114414 61
31 912.909967388027 63
32 900.079590152717 65
33 881.344825497258 67
34 868.437222842053 69
35 858.46314532914 71
36 846.900626622508 73
37 836.113258436211 75
38 842.422877157336 77
39 830.629259042195 79
40 829.89743071391 82
41 826.307679922624 84
42 820.21489398061 86
43 821.078537733703 88
44 819.78599289244 90
45 816.03679334586 92
46 814.203286494006 94
47 814.111885687109 96
48 812.547154723243 98
49 810.438907188104 100
50 810.190019198166 102
51 809.375730603364 104
52 809.478940317812 106
53 809.374840490607 109
54 807.465394967562 111
55 807.158271641137 113
56 807.381957233245 115
57 806.412139181663 117
58 806.540357499227 119
59 806.008445720504 121
60 806.549901137883 123
61 805.444464972837 125
62 805.450257841868 127
63 804.877922664151 129
64 804.770406098965 131
65 804.640870973469 133
66 804.578648352181 135
67 804.020897836267 137
68 803.764174677274 139
69 803.790988392767 141
70 803.433943742301 143
71 803.539169895733 145
72 803.343118497638 147
73 803.377241031375 149
74 803.089552362316 151
75 803.256623794413 153
76 803.008098365046 155
77 802.837219266845 157
78 802.606499018858 159
79 802.535437491912 161
80 802.54695353386 163
81 802.488744303883 165
82 802.354012602709 167
83 802.26230906468 169
84 802.197655204666 171
85 802.228964477235 173
86 802.084590523749 175
87 802.074791808883 177
88 801.972581388339 179
89 801.990329536596 181
90 801.920464547823 183
91 801.884143420285 185
92 801.885898738701 187
93 801.806276249301 189
94 801.70802628742 191
95 801.726187534661 193
96 801.597583272171 195
97 801.57918375133 197
98 801.559087418764 199
99 801.519348723305 201
100 801.468012280652 203
101 801.515074277634 205
102 801.520855961231 207
103 801.488664156871 209
104 801.461728141036 211
105 801.493201957835 213
106 801.423342317193 215
107 801.490801561761 217
108 801.423995747304 220
109 801.308107167754 221
110 801.298629940104 224
111 801.325909873197 226
112 801.243046843025 228
113 801.285164651373 230
114 801.237077628256 232
115 801.264199212425 234
116 801.218956486767 236
117 801.192676313428 238
118 801.268660838056 241
119 801.164257925332 243
120 801.197043423923 245
121 801.148997794977 247
122 801.180701605967 249
123 801.16108141411 251
124 801.20489975804 253

0 3469.81048404858 1
1 4054.73073928847 4
2 3711.73760727309 6
3 2949.60406835154 8
4 2705.1275960265 10
5 3393.91262905829 12
6 3567.47955702332 14
7 4110.01914007174 16
8 3916.96168689697 18
9 3046.6634793486 20
10 2504.26824117431 22
11 2488.19298509123 24
12 2109.48244682724 27
13 2593.25840927832 29
14 2071.9788435764 31
15 2135.12564619152 33
16 2087.03054419088 35
17 1698.41685076061 37
18 1735.36743699484 39
19 1736.38190897903 41
20 1613.76997627068 43
21 1524.39809820698 45
22 1339.87696734482 47
23 1342.02110857543 49
24 1413.7536818443 51
25 1302.8102824391 54
26 1192.93054397577 57
27 1110.54141471484 59
28 1018.42191092834 61
29 1014.22632068788 63
30 938.931337214952 65
31 913.589513090376 67
32 892.367664560022 69
33 882.219217238617 71
34 867.293465398686 73
35 866.12306285312 75
36 855.625059071525 77
37 850.820569326361 79
38 848.477425520692 81
39 841.775205777583 83
40 841.106041792489 86
41 834.9502566884 88
42 833.865910889203 90
43 833.867287565323 92
44 833.26897572743 94
45 832.395711587272 96
46 829.834868492313 98
47 829.013791427583 100
48 827.314839694847 102
49 828.572582201684 104
50 827.533108004958 106
51 827.558499863646 108
52 826.237325097894 110
53 825.656154874718 112
54 825.244017571079 114
55 824.731639441117 116
56 824.519910706943 118
57 824.529503983077 120
58 824.328985662916 122
59 824.062881775603 124
60 824.540742230214 126
61 823.14016079658 128
62 823.024711901019 130
63 823.302978459412 132
64 822.757774249734 135
65 822.637607978864 137
66 822.717071822638 139
67 822.617216294462 141
68 822.984464615813 143
69 822.461941698902 145
70 822.312400360645 147
71 821.900189474381 149
72 821.89108664286 151
73 822.230546452926 154
74 821.777616292771 156
75 821.980775087812 158
76 821.97152218718 160
77 821.637189160825 162
78 822.027079481639 164
79 821.69551386808 166
80 821.515255994086 168
81 821.50413064249 170
82 821.575958796721 172
83 821.62878037868 174
84 821.603899699371 176
85 821.427343799078 178
86 821.552313881714 180
87 821.33313718587 182
88 821.362946762536 185
89 821.329228330928 187
90 821.26445060634 189
91 821.247355995137 191
92 821.276826287337 193
93 821.172474136974 195
94 821.113539875129 197
95 821.207794411504 199
96 821.153156901532 201
97 821.122376844165 202
98 821.129401567729 204
99 821.1000002943 206
100 821.117211577744 208
101 821.083017621874 210
102 821.080970422594 212
103 821.108940783953 214
104 821.077432894598 216
105 821.108760309024 218
106 821.049057479289 220
107 821.015019127882 222
108 821.088946290983 224
109 821.005107385453 226
110 821.018241828147 228
111 821.13061967899 231
112 821.039767424187 233
113 821.054830994402 235
114 820.997020056412 237
115 821.05911431578 239
116 821.019473417952 241

0 3541.51578302682 1
1 3679.65492731481 4
2 3496.67376099967 6
3 3498.66420111736 7
4 2939.13265465449 9
5 3832.98949077595 11
6 3430.3078629429 13
7 3452.03067783448 15
8 2918.53563487974 17
9 3010.21506085159 19
10 2057.21637321324 21
11 2473.25810129133 23
12 2309.14847940157 26
13 2038.22525010572 27
14 2020.44182057911 30
15 1798.78422205636 31
16 2020.06685237877 33
17 1802.45799274565 36
18 1709.5021860378 38
19 1802.60023781781 40
20 1676.52355396551 42
21 1471.32914426272 44
22 1575.42653153544 46
23 1492.62800025221 48
24 1446.1109612036 49
25 1254.60663169188 51
26 1219.25495692224 53
27 1138.17012001746 55
28 1080.27227758014 57
29 1020.00239114094 59
30 984.285607927318 61
31 958.204956785912 63
32 916.070185042077 65
33 915.282694675652 67
34 904.134894236303 69
35 883.413027563007 71
36 875.076196563577 73
37 867.137981940778 74
38 858.191619719862 76
39 854.276416954094 78
40 854.571117868388 80
41 854.100680263325 82
42 847.290997454672 84
43 847.102247882496 86
44 844.768581936796 88
45 844.151691910064 90
46 843.235454901673 92
47 843.445626731606 94
48 842.451882353207 96
49 838.639821082896 98
50 839.318304670943 100
51 839.045942524118 102
52 837.732184335577 104
53 837.596722517892 106
54 836.452195423131 108
55 836.016630862821 109
56 835.546301214395 111
57 834.933169377861 113
58 834.673009455801 115
59 834.378647682202 117
60 834.383001729781 119
61 833.307822269327 121
62 832.933982459515 123
63 833.362035867286 125
64 832.666790096323 127
65 832.599288717328 129
66 832.776944909888 131
67 832.43995822743 134
68 832.138899788668 136
69 832.173976754187 138
70 831.981937442322 141
71 831.94524021248 143
72 831.794938719874 145
73 831.729890519388 147
74 831.930044197713 150
75 831.516989327979 152
76 831.661214880755 154
77 831.604100545163 156
78 831.413258449578 158
79 831.393686562908 160
80 831.450600071375 162
81 831.182432422046 164
82 831.175233009272 166
83 831.177469722284 168
84 830.874968131306 170
85 831.002764711129 172
86 830.848155946958 174
87 830.920290180061 176
88 830.825071017967 178
89 830.956897040255 180
90 830.827914976122 182
91 830.817044770401 185
92 830.721828373552 187
93 830.745356843158 190
94 830.708067821664 192
95 830.665369544079 194
96 830.921118933719 196
97 830.595105571113 198
98 830.62124165995 200
99 830.481073431931 202
100 830.517891334697 204
101 830.42835530532 207
102 830.510125728714 209
103 830.458376457751 211
104 830.368889001178 213
105 830.247657685551 215
106 830.286277383015 217
107 830.280685022431 219
108 830.256887185501 221
109 830.205245647149 224
110 830.174896842831 226
111 830.100642634078 228
112 830.086641836472 230
113 830.071615618322 232
114 830.024533461126 234
115 829.987053786992 236
116 829.984451579397 238
117 829.955328404951 240
118 829.924151062857 242
119 829.835475327638 244
120 829.782747687999 246
121 829.707778406435 248
122 829.667947758501 250
123 829.620884977291 252
124 829.550620591815 254
125 829.532250338102 256
126 829.484971115245 258
127 829.469613213059 260
128 829.416090943514 262
129 829.366495693949 264
130 829.341338191952 266
131 829.289853118428 268
132 829.269446012292 270
133 829.259742265469 272
134 829.211812606564 274
135 829.159766328582 276
136 829.115774058896 278
137 829.122924062771 281
138 829.084147842856 283
139 829.050206342968 285
140 829.016988306448 287
141 829.015809360774 289
142 828.966760583896 291
143 828.917711365948 293
144 828.883278152433 295
145 828.842265433516 297
146 828.840580789994 299
147 828.795332881035 301
148 828.769836007649 303
149 828.742867199315 305
150 828.716370015129 307
151 828.698969881248 309
152 828.67098553383 312
153 828.645828236872 314
154 828.600646308716 316
155 828.590639429359 318
156 828.532779508667 320
157 828.510345154795 321
158 828.468872248216 323
159 828.437636207252 325
160 828.414766183913 327
161 828.380792785201 329
162 828.342112159798 331
163 828.319930597489 333
164 828.276145964674 335

0 3143.18467414691 1
1 3217.65511539476 3
2 3749.30125048308 5
3 3097.7283280874 8
4 3295.60708428008 10
5 3104.10636025626 12
6 3713.31688826549 14
7 2689.6093704956 15
8 2827.81793280414 17
9 2943.73335103905 20
10 2972.51086456319 22
11 2248.32362499717 24
12 2257.35697782938 26
13 2210.79843005211 28
14 2275.89234707157 30
15 1923.17410497092 32
16 1993.1791775517 33
17 1944.64450103231 35
18 1647.31458399246 37
19 1719.3152844401 39
20 1605.37935363958 41
21 1508.68808606139 43
22 1491.23727189431 45
23 1523.3143767323 47
24 1360.72376074491 49
25 1251.03442686141 51
26 1241.20926563644 53
27 1111.64453671282 55
28 975.652883435879 57
29 996.618858552805 59
30 924.269900286199 61
31 908.112787008379 63
32 896.368688010941 65
33 869.757877124844 67
34 863.462176534489 70
35 859.96480942217 72
36 849.721658624147 74
37 845.248544049451 76
38 844.111719195894 78
39 838.141843375739 80
40 832.348454622424 82
41 832.275571314857 84
42 828.408538717731 86
43 826.203192839184 88
44 825.944491069075 90
45 825.103885830041 92
46 822.904745356102 94
47 822.610318970648 96
48 820.665292376179 98
49 819.948156361059 100
50 820.559090064031 102
51 820.019285550352 104
52 819.009409152567 106
53 818.525164451246 108
54 818.24340128582 110
55 817.802031877297 112
56 817.614769396394 114
57 817.661259320747 116
58 816.765420386301 118
59 816.87580338754 120
60 816.747998066126 122
61 816.573512335962 124
62 816.359923518194 126
63 816.739497307646 128
64 816.262995089355 130
65 817.102097202482 132
66 816.019022666529 134
67 815.81436120867 136
68 815.820438209692 138
69 815.462638188758 140
70 815.369474174029 142
71 815.222851560971 144
72 815.052568328998 146
73 815.310186567184 148
74 815.034383499923 150
75 815.013988236436 152
76 814.9609195938 154
77 814.745793810286 156
78 814.774320874558 158
79 814.607926225568 160
80 814.626859092909 162
81 814.534472234475 164
82 814.547300719115 166
83 814.851772796185 168
84 814.551972619803 170
85 814.424754647363 172
86 814.437134000952 175
87 814.39423376891 176
88 814.322361788075 178
89 814.307910040715 181
90 814.394491884581 183
91 814.399027758703 185
92 814.238341207921 187
93 814.169787659762 189
94 814.201298489819 191
95 814.257014995226 193
96 814.206296576914 195
97 814.259097981212 197
98 814.201612634072 199
99 814.233564798493 201
100 814.161645326169 203
101 814.13091798163 205
102 814.076328871704 207
103 814.089018471108 209
104 814.010666516115 211
105 814.016177114198 213
106 814.003184067431 215
107 814.05479156221 217
108 813.998990306294 219
109 813.944692794209 221
110 813.936046094021 223

0 3061.17314534521 1
1 3687.14755469513 3
2 3740.94183352903 5
3 4080.74931484434 7
4 3823.93909282556 9
5 3004.02281564917 11
6 2823.55133922522 13
7 3449.03477944779 15
8 3394.11259356034 18
9 2432.1556824005 20
10 3369.66559562443 22
11 2356.01443774127 24
12 2899.05721501969 26
13 2199.46055653037 28
14 2307.71088727784 30
15 2164.4604015826 32
16 1863.77932292167 34
17 2082.16643535107 36
18 1869.50736335768 38
19 1581.83073804293 40
20 1499.35299544529 43
21 1425.73250970039 45
22 1505.56183865376 47
23 1435.7095910021 49
24 1377.4801465302 51
25 1277.49432028806 53
26 1121.38145729495 54
27 1027.61993511852 57
28 1017.40338988902 59
29 974.090049515443 61
30 933.885407698186 63
31 930.182448926503 65
32 888.421545140223 67
33 880.114556683594 69
34 862.668653461793 71
35 855.978362546677 73
36 845.282276152788 75
37 839.720921091943 77
38 846.269256139812 79
39 838.483702005879 81
40 834.953213046162 83
41 829.308106234598 85
42 828.715209135578 87
43 824.949982413067 89
44 824.438402896956 91
45 821.483565795991 93
46 820.282283606744 95
47 818.286424495281 97
48 817.289948912589 99
49 816.520964908396 101
50 816.672222282524 103
51 815.722823181285 106
52 814.541140128968 108
53 814.647471988878 110
54 812.393779487407 112
55 812.714945293519 114
56 811.773761698641 116
57 811.895492760452 118
58 810.918243671501 120
59 810.474554036076 122
60 811.309479386328 124
61 810.115484231919 126
62 809.946872480678 128
63 809.799893320126 130
64 809.201947243769 132
65 809.883425333221 134
66 809.174028433837 136
67 808.759909220783 138
68 808.801759350578 140
69 808.30880508392 142
70 808.063478726656 144
71 808.059309854673 146
72 808.143540985832 148
73 807.581429835515 150
74 807.925034970762 152
75 807.753308889872 155
76 807.554450552895 157
77 807.493754126468 159
78 807.39574827219 161
79 807.28947766057 163
80 807.449307942735 165
81 807.031985368438 167
82 807.239747608416 169
83 807.077279887641 171
84 806.899897302666 173
85 806.826283392929 176
86 806.855441081886 178
87 806.87933990338 180
88 806.907649338822 182
89 806.698861640906 184
90 806.568792602522 186
91 806.58788998107 188
92 806.523341169615 190
93 806.498824461676 192
94 806.484867923347 194
95 806.291175931673 196
96 806.30962299478 198
97 806.197918491155 200
98 806.178520939653 202
99 806.006157838435 204
100 805.953191015016 207
101 805.820249373751 209
102 805.641054471705 211
103 805.592351736646 213
104 805.588436113633 215
105 805.490764793023 217
106 805.447325149159 220
107 805.312797213176 222
108 805.199470243393 224
109 805.19241857782 226
110 805.138805816279 228
111 805.044110216362 229
112 804.966988429189 231
113 804.93561796383 234
114 804.900136855417 236
115 804.85022584616 238
116 804.831759709205 240
117 804.815423703174 242

0 3953.8830305629 1
1 3596.71624118173 3
2 3893.43047415096 5
3 3810.56798784339 7
4 2917.47588523089 9
5 3693.64822527575 11
6 3198.14445044365 13
7 3009.89896759791 15
8 2571.53490445505 18
9 2315.17989359518 20
10 3017.92985068385 22
11 2739.19624645079 24
12 2351.7923594504 27
13 1864.6981979629 29
14 2110.7069036489 31
15 1917.70240116177 33
16 1890.02965802807 35
17 1873.2641258817 38
18 1605.510394322 40
19 1626.8143506766 42
20 1480.5968729531 44
21 1654.86879728905 46
22 1502.28887804985 48
23 1459.87084213917 50
24 1465.85529362262 53
25 1304.26011669871 55
26 1230.52592290583 57
27 1118.12836224221 59
28 1132.35765352967 61
29 1058.85221381497 63
30 1003.60694718352 65
31 966.709660190078 68
32 960.315713904739 70
33 931.002099729795 72
34 926.25998845895 74
35 916.73710298157 76
36 908.209776878785 78
37 899.880811273226 80
38 893.565563997215 82
39 891.2856088679 84
40 887.428346479391 86
41 884.519581162211 88
42 879.172029612953 91
43 876.707833340942 93
44 872.329859196292 95
45 872.4717812571 97
46 869.751525207396 99
47 869.23483268642 101
48 866.90545414322 103
49 867.176248271957 105
50 865.149203964978 107
51 865.951744814725 109
52 865.143241124814 111
53 863.187255514413 113
54 863.520728729731 115
55 862.481008907966 118
56 862.024381647093 120
57 861.233637212253 122
58 861.138703412029 124
59 861.511463860286 126
60 860.494151949562 128
61 860.248386141865 130
62 859.564109404278 132
63 859.449463750834 134
64 859.039723543775 136
65 858.225637708921 138
66 858.101248759235 140
67 857.648218345345 141
68 857.496191325505 143
69 857.05296171937 145
70 857.1456353741 147
71 856.889143542221 149
72 856.49489420915 151
73 856.472783978848 153
74 856.363239057787 155
75 856.038760487788 157
76 855.792941644264 159
77 855.539960366739 161
78 855.574041419122 163
79 855.2338427333 165
80 855.298370682625 167
81 855.051016924576 169
82 854.800173641998 171
83 854.789142553881 173
84 854.895553493953 175
85 854.632615749217 177
86 854.489884375986 179
87 854.411637370048 181
88 854.333920658485 184
89 854.147211685919 186
90 854.210120847499 188
91 853.86391343942 190
92 853.814134989144 192
93 853.774476302128 194
94 853.673317619097 196
95 853.645765157704 198
96 853.509837553267 200
97 853.424801629355 202
98 853.455059087215 204
99 853.201315316008 206
100 853.381038262753 208
101 853.141283890259 210
102 853.037746618371 212
103 852.968536321877 214
104 852.952976797565 217
105 852.823111208039 219
106 852.775850168087 221
107 852.691238083677 223
108 852.652214085 225
109 852.56497195145 227
110 852.501333563716 229
111 852.422801024917 231
112 852.357436252717 233
113 852.214583172479 235
114 852.179189177981 237
115 852.068684392552 239
116 851.982022108254 241
117 851.844862075651 243
118 851.722493462157 245
119 851.632689185776 247
120 851.581184180196 249
121 851.50859086841 251
122 851.42484091992 253
123 851.315189163716 255
124 851.261999899155 257
125 851.204025972715 259
126 851.141586463749 261
127 851.10734148624 263
128 851.044712272849 265
129 850.950645327654 267
130 850.94425009885 270
131 850.918025718565 272
132 850.842673645672 274
133 850.781234360628 276
134 850.757409873899 278
135 850.704618433977 280
136 850.656875300132 282
137 850.647550778755 284
138 850.589061469613 286
139 850.534870318392 288
140 850.499641805115 290
141 850.469480592395 292
142 850.421111986239 294
143 850.371833661723 296

0 3821.76895177675 1
1 3455.23743992774 3
2 2702.0430809708 6
3 3978.35599100598 8
4 3058.40825069749 10
5 3590.86216226807 12
6 3343.01178253122 14
7 3399.2286935724 16
8 3293.21686608381 18
9 2677.23078005265 20
10 2689.31094772829 22
11 2428.41286822219 24
12 2446.57690059756 26
13 2544.36244102222 28
14 2517.3724650591 30
15 1985.00916388216 32
16 1799.50105455632 34
17 1728.50125394643 36
18 1689.00306658662 38
19 1826.14384563142 40
20 1556.19834938104 42
21 1562.06957812784 44
22 1641.48639317632 46
23 1395.56678553803 48
24 1440.68774758982 50
25 1248.81418684171 52
26 1251.16558535993 54
27 1113.62313338556 56
28 1091.37210810064 58
29 1009.97602789944 60
30 958.520173031272 62
31 938.926500884313 64
32 907.274929320211 66
33 885.925108061089 68
34 877.821020086778 70
35 870.840094915973 72
36 862.42715306997 74
37 850.309571922752 76
38 846.027054295689 78
39 846.485911137582 79
40 842.510934766356 82
41 837.610409317173 84
42 834.859823388453 86
43 830.999505465897 88
44 830.265207241556 90
45 828.822867446035 92
46 826.06638372524 94
47 822.874482345885 96
48 822.618637406721 98
49 819.418821587379 100
50 818.338006175048 103
51 817.079654276556 105
52 815.918821166238 108
53 814.996152179504 110
54 814.365341158839 112
55 814.043494568771 114
56 813.470975640808 116
57 813.979151257819 118
58 813.078466013306 120
59 812.138119038415 122
60 811.558425829715 125
61 811.524684097476 127
62 811.718001558029 129
63 810.869203686123 131
64 810.563253507803 133
65 810.045807364654 135
66 809.732309818081 137
67 809.395137700317 139
68 809.453295383538 141
69 809.44240868867 144
70 809.271208111773 146
71 808.893049163938 148
72 808.518464041095 150
73 808.49158333664 152
74 808.424617698792 154
75 808.044190803279 156
76 807.937619924256 158
77 807.750797866034 160
78 807.543410971752 162
79 807.244920260437 164
80 807.199885792813 166
81 807.030611216265 168
82 806.924458080148 170
83 806.855297779578 172
84 806.728596833121 174
85 806.853174602019 175
86 806.619612826659 177
87 806.334877151309 179
88 806.408075840045 181
89 806.307083017042 183
90 806.340437696541 185
91 806.178284197342 187
92 806.107902991596 189
93 806.089932518996 191
94 805.802828677318 193
95 805.939065534061 195
96 805.646003388413 197
97 805.512923000261 200
98 805.471013324956 202
99 805.40996224982 203
100 805.34890909527 205
101 805.358591119758 207
102 805.301487840193 209
103 805.32045692309 211
104 805.204746207732 213
105 805.168855624857 215
106 805.157161652365 217
107 805.138233330364 219
108 805.095215736264 221
109 805.037252663169 223
110 805.148842061259 225
111 805.039944793306 227
112 805.035961500373 229
113 805.039819760068 231
114 804.95461464636 233
115 804.883151219445 235
116 804.854267596516 237
117 804.819392461128 240
118 804.821144296626 242
119 804.76972025128 244
120 804.766392007514 246
121 804.723045956315 248
122 804.769473230573 250

