0 983.828839153643 14
1 1070.19598309209 28
2 964.485955089265 46
3 901.586115098081 62
4 790.808028606652 81
5 725.818232589997 95
6 610.293045988184 110
7 548.16050609773 124
8 498.375179667744 138
9 443.571553263604 152
10 422.882211414202 165
11 390.429223224797 180
12 376.515656987562 192
13 373.80516322822 206
14 373.011873544503 219
15 372.783120817144 232
16 372.697358730033 246
17 372.65813422919 259
18 372.639213834794 273
19 372.629485798829 286

0 1050.70207308758 14
1 1019.29793978572 28
2 934.488466304333 42
3 852.11881212363 56
4 787.655246344049 70
5 673.721282626394 84
6 609.243762322266 98
7 556.856008895623 111
8 509.329585161491 125
9 438.889991301058 139
10 426.252000079227 152
11 391.324530592837 166
12 377.472028399367 178
13 374.116169689013 192
14 373.400004957256 206
15 373.169579520555 219
16 373.081800424925 233
17 373.043207893978 247
18 373.024465169993 262
19 373.014916411854 275

0 1198.19261143249 14
1 997.489834496231 27
2 958.384734441627 41
3 866.226907763049 57
4 778.548442883162 70
5 747.052270554277 84
6 621.734148389215 97
7 542.596938222489 110
8 496.594777802462 123
9 450.802751908242 136
10 424.822760510564 151
11 390.704445822066 165
12 377.200753456403 178
13 373.937071937206 192
14 373.283843098615 204
15 373.069670805404 219
16 372.989198832562 233
17 372.953079656006 247
18 372.935356606726 260
19 372.926318318734 273

0 1087.54244986669 14
1 939.125747744944 27
2 979.12702792854 41
3 882.809301866462 54
4 837.119990232393 68
5 675.923957639118 83
6 592.292641112437 96
7 542.128783856229 111
8 498.631353011397 124
9 445.066046183846 138
10 423.431246540232 153
11 391.137027272051 166
12 376.45772701049 181
13 373.860437075653 194
14 373.085183638677 207
15 372.848387587955 222
16 372.763492109184 234
17 372.724810773376 249
18 372.705884237464 262
19 372.69624494178 276

0 1036.72334340711 13
1 941.766441366033 27
2 983.800137014291 42
3 938.579163833031 55
4 803.538384953188 70
5 655.577559507322 83
6 596.667610340248 96
7 555.377371252349 111
8 508.770555601245 124
9 434.16566217065 139
10 428.920250605319 153
11 392.671691256309 166
12 377.397184665954 180
13 374.239636999888 194
14 373.487899853487 210
15 373.273604183135 227
16 373.185117781347 243
17 373.14412765785 256
18 373.12399846684 270
19 373.113683031514 284

0 1035.93622659473 13
1 1000.20985133334 27
2 965.111810684034 40
3 870.284771871401 55
4 816.35196324356 68
5 728.769768172198 82
6 618.123864302099 95
7 564.173306768374 108
8 497.980289210148 124
9 432.155109441667 137
10 416.976141830349 151
11 392.473324818308 165
12 377.050373022655 178
13 373.568088080883 192
14 372.933837814262 207
15 372.735708644908 221
16 372.65910237919 235
17 372.623796264076 248
18 372.606855043572 262
19 372.598139182671 275

0 1020.58189934788 14
1 984.408573358145 27
2 933.522105378639 41
3 877.521351954781 55
4 793.237949012262 69
5 708.252620108885 84
6 622.576952917021 96
7 549.959594528546 110
8 501.663995727575 124
9 432.384335919049 137
10 421.910943708399 151
11 394.124197967837 164
12 377.043049900417 178
13 373.957285467422 191
14 373.300763271464 204
15 373.077046120486 218
16 372.987428905273 231
17 372.945378120637 245
18 372.924843443848 259
19 372.914257550667 272

0 948.723459633757 13
1 987.790513795182 26
2 949.737637622302 40
3 911.464211471989 53
4 816.793712680197 67
5 727.088745495195 81
6 611.88251267772 94
7 542.669268032344 109
8 510.255913407814 122
9 434.210219323413 136
10 418.582139331832 148
11 389.444386900551 161
12 376.898877573791 175
13 373.870483379228 189
14 373.187110822084 205
15 372.980281974972 218
16 372.895698218231 231
17 372.856829692142 245
18 372.83814362667 257
19 372.828482787905 272

0 918.63897467562 13
1 1026.42752210368 27
2 966.196718498772 40
3 826.03517145236 53
4 825.757308242322 67
5 691.928193151156 81
6 638.090223535554 95
7 535.152517927865 108
8 487.889337773474 122
9 433.026401104381 135
10 424.819488578553 150
11 389.911833713257 163
12 376.68790642444 177
13 373.822150586203 191
14 373.194971263462 204
15 372.988932482568 218
16 372.910073179444 231
17 372.872835271873 246
18 372.854756123576 259
19 372.845504311753 272

0 1055.77157174233 13
1 1018.80525169081 27
2 1012.43014465608 41
3 857.311337779466 55
4 802.575131318723 68
5 733.873297674059 83
6 622.369166681221 95
7 548.118058903812 109
8 499.396715373679 123
9 439.032566673488 137
10 422.911816968932 152
11 391.676435200847 165
12 376.359476275593 179
13 373.705821030769 192
14 373.067449981912 205
15 372.870398256841 219
16 372.79428255331 232
17 372.758936124772 247
18 372.741590622014 264
19 372.732760588774 278

0 1046.40915223597 13
1 1042.13467377131 30
2 1007.85143863839 44
3 854.683875448888 57
4 793.443843052938 71
5 743.265912437877 84
6 640.751141734787 97
7 545.555022356434 112
8 477.380753536965 125
9 430.055453786183 138
10 417.855489096775 151
11 392.112740064608 165
12 376.979253183972 180
13 374.073311949543 193
14 373.248952164165 209
15 373.011575612131 222
16 372.917310362601 235
17 372.877076521168 249
18 372.857222458665 262
19 372.847153115698 278

0 1039.54976205123 13
1 969.611777833426 26
2 973.67148344163 40
3 902.173307941432 54
4 790.318084296158 68
5 710.564758550738 82
6 629.334468764984 97
7 547.820740465559 111
8 487.74461226295 125
9 438.129559020877 139
10 416.762912295164 152
11 390.389027579412 169
12 376.625457221575 182
13 373.688828641454 197
14 372.985511281856 210
15 372.765444889114 223
16 372.679285206804 238
17 372.640881901108 251
18 372.622321568839 265
19 372.612802311961 278

0 989.155407539565 14
1 1054.32379246435 28
2 963.353387584177 41
3 867.506401879726 56
4 770.380349708625 69
5 742.70063719291 83
6 663.58123206321 97
7 554.688867167301 112
8 506.093725216062 126
9 439.000399692989 139
10 421.133021281602 155
11 390.278410563149 169
12 376.884206963704 182
13 373.953097028296 196
14 373.280375308453 209
15 373.081791656523 225
16 373.000603212727 240
17 372.964885500449 254
18 372.947586906601 268
19 372.938782476156 282

0 1002.80859338843 14
1 1034.78398120731 28
2 994.607692925542 43
3 894.510125211336 56
4 818.528024208372 70
5 656.728348525673 83
6 615.240205582988 96
7 543.675082666669 110
8 487.993746643107 123
9 430.619606025116 137
10 424.139132233092 152
11 393.045889148261 165
12 377.153124863658 179
13 373.752384164219 191
14 373.003177192922 204
15 372.790108744687 216
16 372.704182061669 228
17 372.666147813668 245
18 372.647424041144 259
19 372.637895005791 272

0 990.857530145762 13
1 1016.9051171803 26
2 1006.02971249929 40
3 897.951857784209 54
4 802.158018349396 67
5 747.845790249118 83
6 615.217565970556 96
7 532.64509197881 109
8 489.412766957548 123
9 447.057543918613 136
10 421.059986959402 150
11 391.734260606625 163
12 376.891836139126 177
13 373.791381466531 190
14 373.019475321362 203
15 372.790020060798 218
16 372.695467922799 231
17 372.654520923358 244
18 372.63417683594 258
19 372.62382338442 272

0 995.998161918446 15
1 964.170748102716 29
2 889.720320493815 45
3 865.784782320443 58
4 748.023854448804 72
5 694.353477120074 85
6 624.552892859925 99
7 551.941770467146 113
8 493.850876527937 126
9 443.722259380028 143
10 424.742019228654 156
11 393.459363452054 170
12 377.097656058925 184
13 373.950922899158 197
14 373.217077666194 212
15 372.967042673277 226
16 372.87334200966 240
17 372.831859421148 252
18 372.812013839601 266
19 372.801950048443 280

0 995.283094251589 13
1 1073.97989789399 27
2 997.802913610484 40
3 917.818952186229 54
4 791.904024146095 68
5 691.07414458843 81
6 610.065724476451 94
7 551.732966860258 107
8 501.507150837267 120
9 432.442665619815 135
10 422.6754638005 149
11 391.263780378794 162
12 377.26627392884 176
13 373.861811830006 189
14 373.147599477611 203
15 372.925169179947 217
16 372.840822516563 235
17 372.802343556119 248
18 372.783518680621 262
19 372.773888888455 276

0 1116.568794405 13
1 1020.52834868411 27
2 998.289666124598 41
3 882.364660138707 55
4 807.2883325295 70
5 723.713143423336 83
6 640.130090789167 98
7 560.31028907469 111
8 509.471753018344 126
9 437.914454030344 140
10 425.142080461315 153
11 392.643155203929 167
12 377.885791574541 181
13 374.067909261115 194
14 373.314457131132 208
15 373.054341206103 221
16 372.953294895361 235
17 372.906176750352 248
18 372.883273237989 263
19 372.871556794876 276

0 1063.12875983619 13
1 943.534788085486 27
2 959.951608494497 40
3 869.868327149316 55
4 752.196121995263 68
5 720.43972988559 85
6 630.58111130877 99
7 553.893397123401 112
8 495.312039199638 126
9 439.592885688446 139
10 423.797725324452 153
11 392.175816894939 166
12 377.416942722284 180
13 374.186935126909 195
14 373.452013627005 208
15 373.246506482645 221
16 373.168403974079 233
17 373.132333873732 246
18 373.11484663302 258
19 373.105816976453 272

0 1030.35381004556 13
1 1017.15189649856 27
2 974.899414962677 41
3 922.991977736932 54
4 802.766397972293 68
5 713.731164287118 82
6 612.102162529801 96
7 547.352709925589 109
8 514.477123402758 123
9 452.535182520502 139
10 420.150471658923 152
11 390.863058959634 168
12 376.80933662188 181
13 373.848608877748 194
14 373.078776841336 209
15 372.850507551071 222
16 372.761442179413 237
17 372.7208602328 250
18 372.701369768769 264
19 372.691479053658 277

0 1046.90915041782 13
1 1003.9492819688 31
2 964.042426146028 46
3 900.676230104918 60
4 814.257029348005 74
5 704.621936072775 88
6 638.689034618021 101
7 543.548478005416 114
8 509.945758804091 129
9 433.655015796507 142
10 427.039791828069 155
11 391.389291836903 169
12 377.177838284686 182
13 374.07064563018 196
14 373.322970590751 209
15 373.113028051015 223
16 373.028658458534 239
17 372.990890283855 252
18 372.972585140161 266
19 372.963319188509 279

0 1113.87843574286 15
1 1016.19876665758 28
2 931.365012154959 41
3 897.398410748038 56
4 802.447390461614 69
5 723.522021749099 83
6 639.676587715939 96
7 533.258168761231 109
8 518.160647873235 123
9 436.462735783433 136
10 420.844150751717 151
11 391.549675064111 165
12 376.633509551798 180
13 373.702367287093 193
14 372.97017993786 206
15 372.764607480314 220
16 372.682371014942 233
17 372.645046306599 246
18 372.626812356978 260
19 372.617603777104 273

0 1078.68983201519 13
1 995.502782110658 26
2 958.178461351636 41
3 929.866539883245 54
4 815.441035127681 68
5 719.333619128553 83
6 608.535534872556 96
7 556.766920094961 111
8 487.715820802939 124
9 436.399364944055 137
10 424.00930667607 151
11 392.857958561744 164
12 376.813274491964 178
13 373.691518239069 191
14 372.950329579734 204
15 372.721093907589 217
16 372.632261074346 230
17 372.593128169974 245
18 372.574265623392 258
19 372.564581366966 272

0 1037.25523019415 13
1 1008.36331518848 27
2 975.027997422687 41
3 932.089515053044 55
4 797.301396505387 68
5 668.220152809648 81
6 628.583016617774 94
7 564.110529635958 108
8 492.251928686675 121
9 433.84709599414 135
10 415.096766837046 148
11 391.206982211619 161
12 377.406690198333 176
13 373.852993707704 189
14 373.089080848925 203
15 372.859175076962 217
16 372.76598764493 230
17 372.726471584102 244
18 372.706870257335 257
19 372.69695372798 271

0 1102.57458437196 13
1 1035.84687536896 26
2 976.414764679997 41
3 897.922663853968 54
4 764.074058206346 68
5 699.728231817219 81
6 600.390342155072 94
7 552.743185575683 107
8 493.359385214223 120
9 436.14078630039 135
10 430.958629779008 149
11 394.362968113392 163
12 376.976915379054 176
13 373.823992318163 189
14 373.06251850494 205
15 372.834881942574 218
16 372.746144272946 231
17 372.706299802047 244
18 372.686788613226 257
19 372.67682705105 272

0 967.157088958626 13
1 1056.6504167917 27
2 923.173157382874 40
3 837.801666359307 53
4 761.142167856666 69
5 700.779991255536 83
6 624.439723465413 100
7 562.954017220909 113
8 507.176002141001 126
9 438.711063297135 140
10 420.355149424052 153
11 390.161119948684 168
12 377.098104600734 181
13 373.783901719528 194
14 373.105173123759 208
15 372.911853142887 221
16 372.834080972832 235
17 372.799329763492 248
18 372.782380254766 262
19 372.773780586306 276

0 1017.3408918775 14
1 961.788591616373 28
2 946.1905940346 40
3 869.427182185833 54
4 793.424396315047 68
5 708.840674502459 81
6 635.624481672211 95
7 554.59506211146 108
8 498.408394216132 121
9 440.314193187607 135
10 418.33758597833 149
11 391.586745757374 162
12 377.597224654536 175
13 374.2977506361 190
14 373.544040496751 203
15 373.30231355777 217
16 373.206647486923 231
17 373.164172209468 244
18 373.14296795038 258
19 373.132148827732 271

0 999.158019456582 14
1 1049.63124214577 27
2 987.968858062281 40
3 830.690291666951 54
4 816.885016058939 67
5 671.609797105739 81
6 620.733696950761 95
7 549.953897533272 108
8 503.404918663128 123
9 441.206073284027 136
10 419.464546494549 151
11 392.845799097297 165
12 376.775952120021 179
13 373.963405979242 192
14 373.212599308805 206
15 372.981331400952 220
16 372.89301137656 233
17 372.852272910448 247
18 372.8321754401 261
19 372.821929826333 274

0 1062.32654328411 14
1 1094.93928248043 26
2 953.717442892645 40
3 893.360354128466 54
4 818.360931794972 67
5 698.632595568812 82
6 637.081184681428 95
7 558.054557552316 109
8 504.175763910307 123
9 443.992217514877 136
10 423.851675690083 150
11 391.054648578064 164
12 377.357687621164 177
13 374.138939932326 190
14 373.456640867431 204
15 373.225419851001 218
16 373.13484774223 231
17 373.093809312146 245
18 373.07390290727 258
19 373.063835943276 271

0 1048.93990242827 13
1 1066.0471300532 26
2 963.511597485335 40
3 908.316234528458 54
4 755.793126854106 67
5 702.693385721133 82
6 613.554528621163 96
7 540.194067757934 109
8 501.388259978098 122
9 443.540991291544 135
10 423.560010411194 149
11 392.267636153905 162
12 376.776700295266 177
13 373.731566397529 191
14 373.021286830434 204
15 372.810071140607 218
16 372.729567833448 231
17 372.692883101598 246
18 372.675019198688 259
19 372.665994255192 272

0 1010.84680777266 14
1 939.146654939309 27
2 965.140156022036 41
3 871.090869374342 54
4 754.253473773237 68
5 676.691173706237 82
6 623.748117201711 95
7 553.516701541731 109
8 504.398639335716 123
9 435.473630069298 140
10 425.854586079072 154
11 392.328412224357 167
12 377.492048790742 181
13 373.87598391642 194
14 373.084893711882 209
15 372.837601138504 222
16 372.736544269801 235
17 372.692637173486 248
18 372.671097055258 262
19 372.660192091736 278

0 1067.34770786089 13
1 1024.1481392853 27
2 928.517397160834 42
3 814.384994998653 59
4 823.732198602749 73
5 711.920709987071 86
6 603.411141166032 100
7 566.695954073704 113
8 493.582047459779 127
9 434.81972864776 140
10 419.783467911999 154
11 390.381077744129 168
12 376.862669962675 181
13 373.707377698781 196
14 373.002898457991 209
15 372.789268018695 222
16 372.705622516757 236
17 372.667627102582 249
18 372.64924937345 265
19 372.639899183472 278

0 983.901135880456 14
1 1037.83593210228 28
2 988.411343052179 41
3 896.700456896851 55
4 791.62729344637 68
5 714.92476972366 83
6 626.188350098813 97
7 550.022581879618 110
8 501.325844690234 123
9 433.794840893085 136
10 418.821367178343 151
11 389.338480289858 165
12 376.393221868537 178
13 373.726805462748 192
14 373.01030925162 205
15 372.786741591006 219
16 372.698298341568 232
17 372.658060782479 246
18 372.638252272051 259
19 372.628104315069 273

0 1021.3509197917 14
1 1016.96248576502 27
2 975.042987395865 40
3 888.692618171528 55
4 761.646775721555 68
5 740.523297977734 83
6 598.285902805492 96
7 520.185461507174 112
8 504.458874776776 125
9 439.286091268144 139
10 423.336201136751 153
11 391.01026936892 166
12 377.070585231503 181
13 373.914764433875 195
14 373.192257156352 209
15 372.942642010686 223
16 372.84439930488 236
17 372.80013574178 250
18 372.778267712049 263
19 372.767060598148 278

0 1010.04743593275 13
1 1017.6613753715 27
2 952.417467665145 41
3 916.197246174126 54
4 843.445285546242 69
5 707.906027876344 82
6 627.143068472741 96
7 545.590740457778 110
8 491.872216718058 123
9 437.714541235547 137
10 420.555752335296 150
11 390.109388274807 163
12 377.042516056352 176
13 373.916527360023 190
14 373.097620914359 203
15 372.847538149686 216
16 372.750174252828 232
17 372.707773104332 246
18 372.686509646194 261
19 372.67579239552 274

0 1014.74329605563 14
1 985.482048005764 27
2 905.987339655644 41
3 845.429677448333 54
4 789.954059368449 69
5 726.462222609096 82
6 614.739396527629 96
7 545.620202132902 118
8 517.556095142116 131
9 442.273412234939 144
10 422.691155335909 158
11 391.669463603424 171
12 377.575250793804 185
13 373.823442337062 200
14 372.982522776809 213
15 372.75619989121 228
16 372.664827628375 241
17 372.623749886611 254
18 372.603491615754 268
19 372.593151044785 281

0 1040.21225675118 16
1 941.775660069221 30
2 954.19406108709 43
3 934.161832561425 57
4 773.216436247355 70
5 673.25609261963 85
6 648.091158464487 100
7 545.232211869693 114
8 506.821318674798 127
9 438.104134579469 140
10 422.336108149819 154
11 393.752145143401 168
12 377.653136398039 181
13 374.040279557368 195
14 373.228509989448 209
15 372.974731028136 221
16 372.876423525616 243
17 372.832489069874 257
18 372.810698796448 271
19 372.799642207227 285

0 982.554653362494 14
1 1011.63551316055 28
2 975.477016614838 41
3 897.410463534981 55
4 809.82402323977 68
5 685.288219752756 81
6 591.071799681851 95
7 541.522682530429 108
8 495.897855636254 121
9 436.871700295236 134
10 419.768985156294 146
11 391.157755790037 159
12 376.349930638086 171
13 373.638108530643 185
14 372.929129322294 198
15 372.715394171237 212
16 372.634419355582 226
17 372.598092622531 239
18 372.580244683045 253
19 372.571286233492 266

0 1505.45996727507 13
1 1018.37695529637 27
2 970.686225433513 41
3 917.723458584439 56
4 788.435284284289 69
5 655.909919519113 82
6 643.78171971335 95
7 552.828536254852 108
8 487.98185049889 123
9 430.391224976303 136
10 419.932317204476 151
11 394.956003339322 165
12 376.492967192015 178
13 373.900905015021 191
14 373.190894504665 205
15 373.000787430778 219
16 372.92649945752 231
17 372.892579818507 245
18 372.875872443077 258
19 372.867357523693 272

0 1046.86170759505 14
1 970.779517195426 29
2 921.69042435929 43
3 880.99217827516 57
4 771.908345872949 72
5 703.357998230316 85
6 631.438756544522 100
7 534.211163534898 113
8 503.184549066199 128
9 437.639632432379 141
10 431.355086460367 154
11 391.869182534205 166
12 376.928440009976 178
13 373.919280507917 191
14 373.152354432028 204
15 372.93072655233 216
16 372.841644337806 231
17 372.800732712944 244
18 372.78075548843 257
19 372.770498174154 273

0 1058.58959771312 14
1 1032.64524577053 29
2 974.892717211329 43
3 935.962683882193 56
4 780.650192568929 70
5 685.070395221985 83
6 617.365042394172 97
7 557.556998685297 111
8 492.020266943927 124
9 436.458253678571 137
10 420.164555819138 150
11 391.060020773594 163
12 376.873002590435 175
13 373.71269215818 189
14 372.993314098791 203
15 372.789230127558 216
16 372.701261308564 232
17 372.661886285578 246
18 372.643023753429 259
19 372.633408572057 272

0 1017.63238556961 13
1 1054.95291324702 26
2 987.535286103382 41
3 939.267247057938 54
4 798.433442348762 67
5 692.09445007159 81
6 639.842459558014 94
7 546.767591149756 110
8 495.26362052883 123
9 440.988928792649 137
10 424.059200395148 151
11 390.774463873085 164
12 377.601031216941 178
13 374.043190659235 191
14 373.265284147755 203
15 373.026091885637 217
16 372.932028855143 230
17 372.890938430776 244
18 372.870867079807 258
19 372.860572920363 271

0 999.899818379312 13
1 1014.91810394901 27
2 984.60737613178 40
3 917.619879787763 54
4 786.190947151937 68
5 682.580124809925 82
6 621.815055760504 95
7 563.053859670162 108
8 513.808611163444 124
9 445.821827409451 137
10 422.135087538406 151
11 391.743115247709 164
12 377.027612311593 182
13 373.947360382286 198
14 373.280977918277 210
15 373.066810236793 225
16 372.988181365827 239
17 372.953512579597 252
18 372.936945303977 266
19 372.928435623953 279

0 1038.32204380992 14
1 992.79595704502 26
2 919.273049110471 40
3 858.517195989542 54
4 822.297994655096 67
5 680.994311123261 82
6 598.639777930638 95
7 549.552675337895 109
8 488.436775482243 122
9 438.529050145054 135
10 424.147761655701 149
11 392.467235873162 162
12 376.946701960175 177
13 373.762257735151 190
14 372.989903563109 204
15 372.762641296549 218
16 372.672783816186 231
17 372.632755047243 246
18 372.613359425864 259
19 372.603493949371 273

0 978.050209664897 13
1 979.794929678856 26
2 922.969788165409 40
3 875.204031941126 54
4 806.931608543719 67
5 692.214627866706 81
6 587.083821020479 95
7 537.524350110247 109
8 489.239092953803 122
9 440.562621658595 136
10 423.478151603674 149
11 393.849679803873 163
12 376.996867888585 177
13 373.539205918226 189
14 372.844153236031 204
15 372.638819714505 217
16 372.557784489475 231
17 372.522165513516 244
18 372.504686952833 258
19 372.49586938228 272

0 1046.68932785728 13
1 979.972259858818 26
2 946.42559627837 41
3 934.794961878994 56
4 769.922033969119 71
5 689.142892023146 84
6 614.918594945781 98
7 546.299716001207 112
8 494.531730726175 125
9 432.01612483995 138
10 417.565738758871 153
11 393.477929591541 166
12 377.470271494816 179
13 374.144736443839 193
14 373.229887179265 206
15 372.977118862813 220
16 372.881478359921 234
17 372.837777725004 251
18 372.816274644195 265
19 372.805295203394 279

0 993.583286466903 14
1 963.71494132519 27
2 970.030981441327 41
3 877.614754664722 55
4 861.233553579282 70
5 691.696171959866 84
6 624.293227448617 97
7 535.491734837664 111
8 514.534928427978 124
9 442.856483629964 138
10 418.584731165485 151
11 392.132480286233 165
12 377.474230722265 180
13 374.258372119263 193
14 373.563724390382 208
15 373.339786093207 220
16 373.253569156902 234
17 373.214835635897 248
18 373.195961421399 261
19 373.186309518302 275

0 1016.67737254617 13
1 1084.93666143764 27
2 945.412371235461 41
3 895.199345100503 55
4 760.268412885871 69
5 687.078431494207 83
6 647.553202264405 98
7 536.261789798325 111
8 498.812522736619 125
9 441.949466427089 138
10 419.484168448873 151
11 390.415388810714 166
12 377.109510137178 179
13 373.846753105411 192
14 373.081417892059 206
15 372.843915615524 219
16 372.755296153243 233
17 372.715569873646 246
18 372.696193905818 260
19 372.686313759297 274

0 1013.97738217552 14
1 975.272643985818 28
2 1004.45766850108 43
3 884.093742718261 58
4 782.164810358269 71
5 708.765000095601 84
6 593.757888874801 98
7 532.273162291384 111
8 506.593797583235 129
9 436.916521809532 141
10 421.009571278141 155
11 393.814226686655 169
12 377.580665314638 182
13 373.850393853202 196
14 373.051951695197 210
15 372.79947246638 225
16 372.704324404414 238
17 372.661811189141 251
18 372.641053372902 266
19 372.630524285616 279

0 998.862407342458 14
1 971.585584300244 27
2 861.993876871106 41
3 907.94237572861 54
4 794.071313305514 68
5 703.923066267359 82
6 607.490410728013 95
7 550.700651016787 108
8 495.496033573292 122
9 441.784552379143 137
10 419.193880471935 152
11 391.627980260535 165
12 376.915454866184 179
13 373.901927389862 193
14 373.131230266448 206
15 372.904738376332 220
16 372.818213755732 233
17 372.779609306471 249
18 372.76064089404 263
19 372.75097138745 275

