0 19090.1257029202 33
1 18329.4122224971 67
2 17919.3868807485 100
3 14467.5592547205 133
4 11348.2979424655 166
5 9078.88102008423 198
6 7545.17533588551 233
7 6720.00290429992 266
8 6348.19440727139 299
9 6100.48922578979 331
10 6003.55168319621 363
11 5930.2051883756 395
12 5907.82266689136 429
13 5902.22541974224 461
14 5900.55150944282 494
15 5899.93436159768 526
16 5899.63737796681 558
17 5899.48974391537 590
18 5899.41206647681 624
19 5899.37034640181 658

0 22988.5391966405 32
1 22899.6253779747 65
2 18572.1389611892 98
3 15072.2743394591 132
4 11853.0940940559 166
5 8767.45916184988 201
6 7499.76304808402 236
7 6752.03758904483 268
8 6351.51592795613 300
9 6078.65671552433 333
10 5995.63655338522 367
11 5928.87258159738 402
12 5906.7915695511 435
13 5901.62679306093 467
14 5900.0483789543 501
15 5899.41564155806 534
16 5899.12691730965 567
17 5898.97991458676 601
18 5898.90279891437 633
19 5898.86150568786 666

0 21947.4950985413 31
1 21066.8951974674 64
2 18574.7453162401 100
3 14877.2667026886 135
4 11685.4111593412 169
5 8993.0813682319 203
6 7596.06344484966 237
7 6842.18444668814 270
8 6356.59972260329 303
9 6109.08912106836 338
10 5996.65386223275 371
11 5923.46133990912 403
12 5903.09280477358 433
13 5899.03808589948 462
14 5897.52275277977 494
15 5896.87459811069 527
16 5896.59493254184 560
17 5896.45343580098 593
18 5896.37876687093 626
19 5896.33839134756 658

0 20320.6708906547 32
1 23161.9641568475 68
2 15785.4299579087 100
3 14038.5140199817 133
4 11135.2350822442 165
5 8781.1786099003 199
6 7414.12070729092 232
7 6692.71993744632 266
8 6354.17872625542 305
9 6087.2326751341 339
10 5994.13819708648 371
11 5920.38375133847 403
12 5902.5065523887 435
13 5897.15261395459 475
14 5895.67355093229 507
15 5895.06881341251 540
16 5894.7797520766 574
17 5894.63844019041 604
18 5894.56460325141 637
19 5894.52496873154 671

0 23654.8786308111 32
1 22509.2646556671 67
2 19578.3731507192 99
3 16640.0936048621 132
4 11309.7940902458 164
5 9040.46056820036 199
6 7717.06855237741 232
7 6917.62498904618 266
8 6558.68622112401 298
9 6269.75644461839 331
10 6188.04426548935 364
11 6110.91474190927 399
12 6089.52953035366 432
13 6084.49509484715 464
14 6082.8669790188 498
15 6082.22309860545 531
16 6081.93519392545 564
17 6081.79609853204 599
18 6081.72255127017 632
19 6081.68307703033 665

0 18761.4746391808 34
1 19912.043726673 67
2 16555.8349265468 99
3 14949.5110634338 132
4 11504.8191208585 167
5 8722.60845072091 202
6 7376.39128474797 235
7 6754.41938640787 268
8 6307.54648898647 300
9 6095.38434191832 333
10 5994.70076517909 369
11 5923.67550985341 408
12 5904.40609713552 440
13 5899.57252637889 470
14 5898.08628923615 499
15 5897.48137994303 529
16 5897.20462181692 563
17 5897.06663209738 593
18 5896.99402971302 627
19 5896.95506095676 658

0 20353.7546300168 31
1 21953.0291157678 64
2 19795.9551590907 97
3 15400.6710626771 130
4 11212.5464709993 160
5 8915.49301606525 193
6 7488.23193511987 225
7 6715.57035669786 258
8 6346.32567875179 292
9 6062.62833022176 326
10 5996.45323826175 360
11 5925.62029112761 393
12 5904.13171915165 427
13 5898.82444528979 459
14 5897.31701067737 493
15 5896.714597345 527
16 5896.43586672539 561
17 5896.29565166235 594
18 5896.22223567495 627
19 5896.18275860447 661

0 23248.5283571147 32
1 20788.8522377331 64
2 20303.0543333835 95
3 14604.900501207 127
4 11099.4213481231 159
5 8739.85740069969 191
6 7611.30714403281 221
7 6758.02507741093 258
8 6314.69268348365 291
9 6067.23886902751 322
10 5997.10046885444 352
11 5923.3412002412 382
12 5904.7290318528 413
13 5899.10923834232 447
14 5897.40523990222 477
15 5896.71437293731 506
16 5896.39558240438 535
17 5896.23830273569 564
18 5896.15588162869 593
19 5896.11146920109 623

0 20033.6169525223 31
1 22094.1429326342 63
2 17514.7906148976 94
3 13921.7881217155 125
4 11060.4130849766 154
5 8622.44556765341 183
6 7325.55285636839 213
7 6679.04255412359 244
8 6294.03270670904 273
9 6092.47881514798 303
10 5999.88681353991 332
11 5921.68150761498 361
12 5901.39117358519 390
13 5895.65350356108 423
14 5893.90169458141 456
15 5893.25250111299 488
16 5892.95259165284 520
17 5892.80036255904 552
18 5892.72104548669 585
19 5892.67843990643 618

0 22623.56916452 35
1 20049.2322050664 68
2 15823.1376124742 101
3 13437.6963006573 134
4 12589.1312994119 168
5 8682.39158130606 201
6 7569.27412363352 236
7 6662.13262348752 270
8 6309.00512878474 302
9 6084.39352104449 335
10 6009.12256346486 368
11 5923.53140576667 403
12 5902.48222862298 439
13 5898.02717739992 472
14 5896.67577095279 505
15 5896.1533733844 538
16 5895.91138976158 572
17 5895.78864533301 604
18 5895.72499586907 639
19 5895.6906565009 673

0 19897.3721438682 34
1 20145.5988917411 67
2 19822.586455813 99
3 13050.9241759342 133
4 11016.7061989762 168
5 8877.31606707601 201
6 7569.80939890026 234
7 6725.79983804363 266
8 6336.16544133776 299
9 6089.8521088592 333
10 6000.13301477957 369
11 5927.43903962986 402
12 5908.63952376928 435
13 5903.23772258299 468
14 5901.58366507451 502
15 5900.93854928683 534
16 5900.64337406704 569
17 5900.49647757227 602
18 5900.41944835992 634
19 5900.3781299691 667

0 19805.715246595 31
1 20090.4863948446 65
2 16965.4273539009 100
3 12306.5943955406 133
4 11635.502505281 164
5 9207.12648750978 194
6 7426.34109469974 228
7 6735.41444307777 261
8 6382.35177625289 295
9 6077.12965475783 333
10 5995.53177472393 366
11 5928.845075636 398
12 5909.03951589682 431
13 5904.09520297246 464
14 5902.30213082794 501
15 5901.58309884161 533
16 5901.25075832369 565
17 5901.08431786265 598
18 5900.99725720873 631
19 5900.95077027407 663

0 17793.4496657416 33
1 22470.088171129 67
2 17420.8931847914 100
3 13264.3013530524 133
4 10603.1369792347 168
5 8890.57503100293 201
6 7363.33506590634 236
7 6748.66247142834 268
8 6291.34908426836 300
9 6079.67060893338 332
10 5996.83265333001 365
11 5921.03468139541 398
12 5902.63366156676 432
13 5897.75433187025 466
14 5896.11110435318 501
15 5895.48605588849 533
16 5895.19786096348 567
17 5895.05298512157 600
18 5894.9778312385 633
19 5894.93745482732 667

0 22559.6936237799 32
1 21234.6296911088 66
2 16083.5047181395 99
3 15370.0627478493 133
4 10431.7548861399 166
5 9268.84237328985 200
6 7629.68511920406 232
7 6780.83838013723 265
8 6368.67366208325 298
9 6080.16662017392 331
10 6009.72772802946 365
11 5929.58268087904 402
12 5907.68970703138 435
13 5902.95609276464 468
14 5901.30048770005 501
15 5900.65329368894 535
16 5900.34710615441 568
17 5900.19398715499 602
18 5900.11321878593 636
19 5900.06989131112 668

0 19408.9330545577 30
1 21540.584888481 64
2 17525.4350566587 98
3 15834.387541227 133
4 11271.1256358158 168
5 8683.79999316974 202
6 7528.2506369136 235
7 6701.49513784785 267
8 6347.15146278432 300
9 6060.91649096358 335
10 5995.65071571751 369
11 5923.7562252313 404
12 5904.01243925968 438
13 5898.86377949137 470
14 5897.21644231822 503
15 5896.59510635559 537
16 5896.29360840632 572
17 5896.14550104105 605
18 5896.06751382789 639
19 5896.02563043387 671

0 19978.8937127464 34
1 21937.1105866724 69
2 19951.4528165087 104
3 14596.7549512342 137
4 10966.8817959682 170
5 9023.38944997733 202
6 7475.2447359877 236
7 6651.18114391909 270
8 6370.40055855367 303
9 6103.74445480847 337
10 6007.96937765322 370
11 5922.28067135351 403
12 5904.32099194528 438
13 5899.10315287924 474
14 5897.682832533 507
15 5897.08175198345 541
16 5896.81029670833 573
17 5896.67094429932 608
18 5896.59791698287 642
19 5896.5587026048 676

0 21302.9631168431 32
1 21102.6558525062 67
2 18007.049191526 102
3 15590.5952678071 136
4 10844.0602240609 170
5 8922.9801508289 206
6 7380.73991743287 240
7 6747.04469674712 273
8 6350.76831790923 306
9 6088.60118718569 339
10 6000.18234342968 372
11 5924.96680365842 407
12 5903.87328710251 440
13 5899.02771370458 475
14 5897.40545585339 507
15 5896.77266938723 539
16 5896.47550299004 574
17 5896.32495562598 607
18 5896.24716785135 641
19 5896.20512554567 674

0 23035.1220067939 35
1 21247.1035624223 69
2 19973.5865725484 103
3 14783.8395614775 138
4 11325.5889415705 173
5 8549.35966657047 206
6 7462.53163566568 238
7 6646.45521473397 272
8 6284.31763599073 304
9 6109.45609464634 339
10 5990.16359176455 373
11 5921.3832525814 406
12 5902.17144180525 440
13 5896.80011613341 478
14 5895.17923924752 512
15 5894.52712087617 545
16 5894.22626697609 578
17 5894.07561717064 610
18 5893.99652737553 642
19 5893.95367503863 675

0 23059.7491358324 33
1 20847.258458051 67
2 16061.8859241358 100
3 14016.3110853249 133
4 11364.4888152905 165
5 8881.39715090668 197
6 7484.20708583766 231
7 6766.23012307735 266
8 6353.83577850535 300
9 6095.7348777544 333
10 5987.6596429308 366
11 5924.56962494266 399
12 5904.20282897625 432
13 5899.60614531314 467
14 5898.03798340054 501
15 5897.40959765919 534
16 5897.11874637817 567
17 5896.97387337096 600
18 5896.89801335393 633
19 5896.85717322077 669

0 21310.0315020934 31
1 19026.1886005418 65
2 17658.5859742524 99
3 13789.1393581411 132
4 10816.4286553759 165
5 8804.20644889211 200
6 7608.96355755801 232
7 6752.76943147239 265
8 6285.67435898962 299
9 6074.73177940527 332
10 6005.02474752797 366
11 5925.33049525651 403
12 5903.21706911677 435
13 5898.35486902771 468
14 5896.71585895445 503
15 5896.01596470879 535
16 5895.70018034731 568
17 5895.53961818401 606
18 5895.45534496256 638
19 5895.41007346375 675

0 22111.3300476939 31
1 20472.6612180567 64
2 17588.2819181163 96
3 14625.3490796234 131
4 11491.4001970057 164
5 8859.43822048011 196
6 7365.25266757874 229
7 6761.81154437488 260
8 6379.1195135965 295
9 6115.39743517159 328
10 5995.46746218502 363
11 5929.13001272032 395
12 5903.78464168037 432
13 5898.42119218726 464
14 5896.58654441801 497
15 5895.89719452276 529
16 5895.57899154255 562
17 5895.4176059404 596
18 5895.33322386227 629
19 5895.28772502797 662

0 22006.0975947766 31
1 21431.2075386844 67
2 18807.5616642851 104
3 14478.6546707681 135
4 12372.1708952945 168
5 8892.21146486494 200
6 7360.9905800909 234
7 6753.46154554381 268
8 6295.30115875826 300
9 6085.65055234946 333
10 5990.31551969741 366
11 5926.81158269056 400
12 5904.61848524971 433
13 5899.20172764022 471
14 5897.62262995503 506
15 5896.93454687099 537
16 5896.62543826092 569
17 5896.47111623172 602
18 5896.39009536537 634
19 5896.34610433868 668

0 23154.5107363079 33
1 22323.5304563476 67
2 17940.2997339975 100
3 15927.7146418124 133
4 12033.6254214374 166
5 9356.55063789621 202
6 7903.4802163725 236
7 6924.50265286791 268
8 6551.76037416702 301
9 6296.45157311665 333
10 6188.7180732003 365
11 6109.93449631183 400
12 6086.71849685688 434
13 6081.70610423452 467
14 6079.93266983699 502
15 6079.22536239396 534
16 6078.89310328486 567
17 6078.72718635796 602
18 6078.63937809607 635
19 6078.59241025408 669

0 20298.2229828863 34
1 22419.9988105608 66
2 18223.4364483383 98
3 13078.1364943455 131
4 11357.9181143694 166
5 8765.69772929806 198
6 7412.96245018046 231
7 6606.01337936959 262
8 6324.65654615838 295
9 6079.39576669823 329
10 6006.12154762732 364
11 5922.13902824105 396
12 5905.70680442022 429
13 5900.37161016056 463
14 5898.82642619343 497
15 5898.19200837425 532
16 5897.89070469649 571
17 5897.73883211958 603
18 5897.65976828435 635
19 5897.6174079695 668

0 21855.359162092 32
1 18151.0601182266 65
2 16812.4486179699 99
3 14399.2108886877 132
4 11700.3569606775 167
5 8760.84297441235 200
6 7713.1597658917 233
7 6745.99668342017 266
8 6255.88433318424 301
9 6081.1685694099 333
10 5985.16378532903 366
11 5919.19586444735 399
12 5900.49581419892 432
13 5896.13033518975 464
14 5894.59864086454 499
15 5893.99270742696 532
16 5893.71490659949 565
17 5893.57528613937 597
18 5893.50094309776 631
19 5893.46114089034 664

0 27138.1698398664 37
1 24392.5371246054 73
2 18238.632761109 106
3 14962.7082657632 141
4 11736.9577846272 174
5 8505.99268280513 208
6 7682.10975872902 242
7 6725.4699674607 276
8 6332.97532815109 310
9 6091.4503774245 344
10 5996.46945769143 377
11 5924.88504072904 410
12 5903.93361019952 444
13 5899.13368118093 476
14 5897.4340178716 508
15 5896.74274724241 541
16 5896.42362534667 573
17 5896.26279312183 605
18 5896.17823857967 641
19 5896.13272991438 673

0 22100.9707632001 31
1 19974.8058493536 64
2 18009.9028672671 97
3 15436.5413406766 129
4 11332.9509835881 166
5 9585.74354422915 198
6 7509.94493022987 229
7 6693.53508980745 261
8 6316.60640135675 294
9 6070.35775411936 327
10 5996.37033804201 365
11 5921.41767041155 397
12 5902.04242658184 429
13 5897.3873319218 462
14 5895.90175958843 495
15 5895.28157229257 528
16 5894.99949780863 562
17 5894.85936613723 597
18 5894.78514867011 629
19 5894.74526121333 662

0 21292.5465686069 33
1 18985.2782280732 66
2 18082.1586335452 102
3 16481.0381179445 135
4 10866.701920891 169
5 8988.79826197343 201
6 7430.20475633749 234
7 6738.92821446921 267
8 6382.06380454826 301
9 6092.81124652278 336
10 5996.72065707755 369
11 5926.1348939396 402
12 5903.92746050685 436
13 5899.0381017442 469
14 5897.3687902149 503
15 5896.70159070257 538
16 5896.38772163913 571
17 5896.22843036471 602
18 5896.14522257537 638
19 5896.10032510853 672

0 20123.5808020033 37
1 23514.9905269826 71
2 18381.2867681193 104
3 13818.4531300529 137
4 11323.4948518611 171
5 8794.73969007989 204
6 7500.63703450773 238
7 6693.41390908275 271
8 6379.26377855218 304
9 6116.47664956684 336
10 6002.23484181879 368
11 5926.34757898127 401
12 5907.3065930328 433
13 5901.51287529307 466
14 5899.71446306494 499
15 5899.02610768001 530
16 5898.7108335527 562
17 5898.55177279867 594
18 5898.46821139889 627
19 5898.42311418 661

0 27928.4273045573 31
1 20386.5308482768 64
2 18530.5660221359 96
3 13831.019290885 128
4 11122.5494531443 162
5 8919.88473834245 196
6 7460.51128654904 228
7 6759.55254125026 261
8 6350.31940034222 294
9 6090.35637306287 326
10 5991.19616322046 358
11 5927.66000539479 391
12 5903.10519449353 424
13 5898.366925964 457
14 5896.63883714314 489
15 5895.93138374852 521
16 5895.60961909749 553
17 5895.45015885432 586
18 5895.36633469729 620
19 5895.32127368436 655

0 19663.9865409603 31
1 20387.9127231436 64
2 18308.1916774473 97
3 14032.1501951848 130
4 11233.5887832915 167
5 8470.44923513557 201
6 7515.90947885489 233
7 6708.51234486674 264
8 6349.13873440226 293
9 6081.96088195301 324
10 5992.54716139803 357
11 5921.06750802138 390
12 5904.06058411421 420
13 5898.72726548175 451
14 5896.98145275248 485
15 5896.29996276131 519
16 5895.98032267773 552
17 5895.81937405002 585
18 5895.73455359181 617
19 5895.68898777761 649

0 21276.5059318194 32
1 22914.1251291037 65
2 18905.0552764598 97
3 14547.2497994073 129
4 11310.0479497747 161
5 9210.08336658045 195
6 7322.07239267861 228
7 6758.33676292947 261
8 6346.04358144699 296
9 6097.93201641445 331
10 6006.03519987495 364
11 5927.37599790852 394
12 5906.78555578674 426
13 5901.69275473626 458
14 5900.1108196274 490
15 5899.40408480998 523
16 5899.083657627 555
17 5898.92489722151 588
18 5898.84209335181 621
19 5898.79762482961 655

0 20517.0660248922 34
1 21765.3975325734 68
2 18230.7717337979 101
3 13908.5122058974 135
4 11300.088240692 168
5 8902.70570174079 200
6 7465.3268105424 234
7 6710.12930014187 272
8 6303.10494762141 304
9 6083.67652308457 335
10 5994.92433109621 369
11 5924.81704429181 400
12 5908.51771884773 433
13 5902.91427184454 472
14 5901.33838395239 504
15 5900.67255753928 538
16 5900.36912226758 571
17 5900.21333583743 605
18 5900.13212187728 638
19 5900.08821999687 670

0 22477.2109995122 32
1 17786.5425577037 64
2 17535.8480221761 97
3 15248.9063764834 129
4 11162.4299812948 163
5 8812.58336831149 196
6 7602.98293220039 227
7 6694.37467037705 260
8 6382.36080093937 292
9 6100.73908992198 325
10 6008.44865614401 358
11 5927.86408840195 392
12 5908.8263166367 425
13 5903.58845792389 458
14 5901.85562752809 492
15 5901.17177937874 522
16 5900.84809733297 553
17 5900.68624289613 585
18 5900.60139280135 618
19 5900.55559101933 651

0 18724.1437817742 31
1 20840.9058175731 64
2 18612.7032225585 97
3 15054.7947720314 131
4 11571.3749758805 167
5 8705.79888294419 204
6 7719.05998746046 236
7 6694.69303435157 268
8 6354.7019149386 302
9 6082.07745329576 336
10 5998.29626136129 372
11 5923.44617671864 403
12 5906.74810597628 436
13 5901.58071296799 469
14 5900.03213494594 503
15 5899.44213118429 538
16 5899.16992518747 573
17 5899.03227628713 605
18 5898.95966046365 638
19 5898.92069658074 667

0 21749.2600342559 30
1 17193.7233015328 59
2 19749.445773471 90
3 14158.1472667413 120
4 11465.5251488333 150
5 8766.83524133809 181
6 7401.67956617216 213
7 6608.58791509823 245
8 6337.21242973574 277
9 6084.40424156216 310
10 5998.8909233057 340
11 5921.56533144297 371
12 5902.33676313691 400
13 5897.18488046307 432
14 5895.50274575943 465
15 5894.88012616229 498
16 5894.59050241322 530
17 5894.44434772422 562
18 5894.3672931598 593
19 5894.32586590367 624

0 21021.9362809207 31
1 20085.8905723536 64
2 17975.3260040657 95
3 14771.0613211438 124
4 11499.4511383391 155
5 8831.72414094593 188
6 7443.20951494862 220
7 6713.23563231222 253
8 6356.70598865068 287
9 6113.98359777505 318
10 6012.2860006295 349
11 5928.74011755714 378
12 5906.85968867238 408
13 5901.81184863432 440
14 5900.28543883806 478
15 5899.68305438838 511
16 5899.3989307343 540
17 5899.25779720897 570
18 5899.18472574367 602
19 5899.14547105756 634

0 22801.4376158435 31
1 22860.8579690697 62
2 18086.8370806937 92
3 14529.5545982189 121
4 12323.668624081 151
5 9147.49540115708 184
6 7697.38359841347 217
7 6905.74928784972 249
8 6482.52558052675 279
9 6279.08810415673 313
10 6179.07784044982 345
11 6103.37469850549 376
12 6085.35178410061 405
13 6080.31809798103 436
14 6078.67088351966 467
15 6078.03561422022 498
16 6077.74050059754 528
17 6077.59193625923 558
18 6077.51379742492 589
19 6077.47178581528 618

0 24648.3590632249 34
1 18374.6618183564 64
2 19903.275500062 96
3 15714.9186448002 129
4 11970.192768173 160
5 8858.94706646445 191
6 7419.51710441558 222
7 6763.84173285293 253
8 6272.41973519844 284
9 6085.44853091032 316
10 5992.27544345147 348
11 5929.02887125999 377
12 5903.97511036954 410
13 5899.10533101064 445
14 5897.47048495528 476
15 5896.82384282899 510
16 5896.51815632823 544
17 5896.36554747815 573
18 5896.28591599943 603
19 5896.24314627374 640

0 23551.4605461511 38
1 26093.7874368034 72
2 18718.709993146 104
3 15819.2767432137 134
4 11837.2454128216 164
5 8660.86804743221 195
6 7449.43021948424 225
7 6676.64828917772 257
8 6353.47296089131 289
9 6095.13946532753 322
10 5990.1629531084 353
11 5924.15284256383 385
12 5904.80709542466 417
13 5899.75150450568 446
14 5898.28612667683 477
15 5897.71324380083 509
16 5897.43950435453 541
17 5897.29902769859 573
18 5897.2254642934 606
19 5897.18587794298 638

0 21875.0827941281 31
1 21703.7559857915 63
2 22193.0052396043 95
3 14939.4466053275 129
4 10873.5264485636 162
5 9843.98980711448 194
6 7649.35196010703 225
7 6978.86411668676 255
8 6532.22555568579 285
9 6278.06580135111 315
10 6188.1635884579 345
11 6113.14726324569 376
12 6092.68352111648 407
13 6088.07348023833 436
14 6086.4099789388 470
15 6085.80279885392 501
16 6085.52331067991 534
17 6085.38434833548 567
18 6085.31134768674 603
19 6085.27215221495 635

0 22022.0298143712 32
1 21649.7984434935 65
2 19151.4275952279 97
3 14607.2851919208 134
4 11148.5054984956 165
5 8908.6176022738 194
6 7525.44574076299 223
7 6775.76256194658 254
8 6360.49328560375 287
9 6081.48785281514 319
10 5999.18783293555 352
11 5924.82092222519 384
12 5906.39267697099 414
13 5901.54161121476 446
14 5899.8841671878 479
15 5899.27340187011 513
16 5898.9866528228 549
17 5898.84557870778 584
18 5898.7708465438 617
19 5898.73068041221 651

0 22309.2595980392 36
1 19404.757931449 68
2 17184.399834605 103
3 14850.2588275761 138
4 11584.7438350407 171
5 8581.43606192856 202
6 7558.67099659216 233
7 6771.17861885298 266
8 6386.5318403155 301
9 6094.33614264741 334
10 5995.79658545951 366
11 5920.9864814733 398
12 5903.92290749044 431
13 5898.86592294388 465
14 5897.42881989457 499
15 5896.83732102122 532
16 5896.55236729339 564
17 5896.40991591429 596
18 5896.33478035762 630
19 5896.29413343606 662

0 22281.4307669092 38
1 20220.7250320558 73
2 20313.95564858 104
3 14062.282722016 135
4 11469.6410945844 168
5 8901.78569776211 200
6 7516.90278258311 234
7 6720.93809619039 267
8 6358.73164515359 299
9 6071.18478122271 331
10 5996.42548738894 363
11 5922.25754908547 396
12 5902.10578650218 428
13 5896.94367816007 462
14 5895.25249535288 494
15 5894.58204671308 527
16 5894.277573341 560
17 5894.12526893201 592
18 5894.04607423209 624
19 5894.00339161261 657

0 20063.0740669595 31
1 20832.9475095478 64
2 17462.6441507848 97
3 17781.6280357655 130
4 11038.4366919103 163
5 9074.36974285067 196
6 7504.25281900434 228
7 6754.64532176499 261
8 6365.2844232774 290
9 6080.14385746029 321
10 6003.88915764907 351
11 5928.40316752604 381
12 5907.59074139943 415
13 5901.98861423281 449
14 5900.25282119561 482
15 5899.55591540945 515
16 5899.24305254816 547
17 5899.08470471887 583
18 5899.00147199592 619
19 5898.95667032686 652

0 22170.7313770569 33
1 20466.8819669926 74
2 18291.4201370564 107
3 13335.5035688116 144
4 10974.7381671918 180
5 8601.45134353109 212
6 7352.20275252021 244
7 6822.63805625906 276
8 6352.22719638805 308
9 6100.50482620577 341
10 5994.98099691226 373
11 5925.06240631689 405
12 5903.80632363496 437
13 5898.91640547842 468
14 5897.29199311541 501
15 5896.64287825789 533
16 5896.34259120285 567
17 5896.18995578083 599
18 5896.10968032401 633
19 5896.06632785677 666

0 22869.3516257971 31
1 20554.2128777865 65
2 19281.0836884248 98
3 14340.6191442202 131
4 11889.5063532177 164
5 9235.22312842779 197
6 7772.17032354966 231
7 6981.77985120832 266
8 6517.00542178392 301
9 6288.83721973133 334
10 6177.95529127691 366
11 6108.48746050112 399
12 6087.09190999788 432
13 6081.95279746464 466
14 6080.43674609088 502
15 6079.77871346704 534
16 6079.4758609929 568
17 6079.32553307936 601
18 6079.24649739831 633
19 6079.20409807641 667

0 23178.9321733974 35
1 23897.5407418987 69
2 16004.3261195987 102
3 13099.169990366 134
4 11095.1343677084 167
5 8873.49079130579 201
6 7454.91930239047 239
7 6747.18892727671 271
8 6319.70097080661 302
9 6108.80044938649 334
10 5993.57556135393 364
11 5923.7936651613 393
12 5906.15998622329 425
13 5901.27089168069 459
14 5899.75101657119 493
15 5899.16734457865 526
16 5898.89140419366 558
17 5898.75311521947 589
18 5898.68019014645 624
19 5898.64084948883 658

0 25144.226413049 31
1 19157.3294703261 63
2 16434.7275722082 96
3 16394.493969603 128
4 11040.7214512065 161
5 8717.26281690616 194
6 7670.28871133568 226
7 6688.29095323066 259
8 6300.17483722473 291
9 6107.55281609032 323
10 5981.10650347979 356
11 5924.01866128705 389
12 5902.50155056451 421
13 5897.5846618952 454
14 5896.05389218003 491
15 5895.4951584587 523
16 5895.22744206326 555
17 5895.09383855348 587
18 5895.0238708387 618
19 5894.98638900561 651

0 21469.7493826602 32
1 17917.529303293 65
2 19221.2246572526 97
3 13715.4367925786 131
4 10771.7684079999 163
5 8427.99530067627 195
6 7544.43900532503 231
7 6728.2956372192 263
8 6321.09015259345 296
9 6077.95991140127 331
10 5995.81911109712 367
11 5925.25335112126 399
12 5901.01587825236 431
13 5896.67013381566 464
14 5895.08679591972 497
15 5894.45461510071 531
16 5894.16940270597 563
17 5894.02356530398 597
18 5893.94736109516 630
19 5893.90642615583 664

