0 279022.603715477 27
1 319017.832790146 54
2 325440.697590337 80
3 277121.095926259 109
4 306149.91626953 136
5 256450.256447609 163
6 222112.169545226 191
7 202824.24682783 219
8 152278.290903779 246
9 148181.506522402 273
10 39621.5242608383 299
11 19898.5617053333 325
12 10578.1794589349 352
13 10692.994326206 381
14 7969.9684959963 409
15 6580.44968554525 435
16 5756.12054328747 461
17 4806.75140808155 487
18 4684.42131794746 512
19 4615.22420999696 538
20 4071.44878635079 565
21 3369.95499724327 592
22 3378.32832064642 619
23 3278.23810034523 646
24 3031.02323925098 672
25 3127.71494604352 697
26 3147.1336188967 723
27 2822.53470363871 750
28 2628.40170567561 779
29 2544.80074541418 806
30 2436.81912265426 834
31 2365.86278103098 860
32 2333.66582862437 887
33 2271.53667529197 913
34 2264.51391281765 939
35 2264.18917049239 965
36 2238.01971205745 993
37 2207.75827747586 1021
38 2196.28917627873 1048
39 2186.91576840835 1074
40 2185.86831601874 1101
41 2181.59211549425 1129
42 2172.45699640333 1155
43 2167.4687151935 1182
44 2163.52587196087 1209
45 2157.92422224253 1236
46 2152.22862743172 1262
47 2152.55921676344 1289
48 2149.69955524036 1316
49 2146.14304980958 1342
50 2144.58882735438 1369
51 2141.260154417 1396
52 2139.48961446961 1424
53 2137.43938022935 1450
54 2137.4750164142 1476
55 2135.72178611325 1503
56 2135.42802122554 1529
57 2134.97328109136 1555
58 2132.60608826399 1583
59 2132.62094862983 1613
60 2131.26220451003 1641
61 2131.81565476152 1668
62 2129.64917820325 1694
63 2129.94010613197 1720
64 2128.96930636883 1749
65 2128.82096964221 1777
66 2128.5627237986 1806
67 2128.32654470268 1836
68 2127.35607076461 1863
69 2127.27211514541 1889
70 2127.18891761801 1916

0 298662.303592058 27
1 319885.185362173 53
2 268067.121759103 79
3 272269.138147391 106
4 274611.858537515 134
5 277367.529643062 160
6 233528.941524661 187
7 220174.76530588 213
8 155195.737886939 240
9 132140.044421095 268
10 29432.718294352 295
11 24291.1646136931 322
12 14513.9862252586 348
13 11211.1407015626 374
14 7496.12154356751 400
15 6242.1176466402 426
16 6074.61001424363 453
17 5180.28707050018 479
18 4542.38735904941 507
19 4694.80376785442 533
20 3880.39340285037 559
21 3444.44840473493 585
22 3207.99142103726 611
23 3107.36722086245 636
24 3129.32640856246 662
25 3142.59014874196 689
26 3097.05253132986 716
27 2855.15382681948 742
28 2707.77853911721 767
29 2537.50725189416 793
30 2415.62592640038 820
31 2351.86703070847 848
32 2358.87257300003 875
33 2275.74551953577 903
34 2263.85808386661 933
35 2246.47352943268 962
36 2235.36795418932 989
37 2216.09367847405 1015
38 2204.74190174847 1041
39 2197.4658960022 1067
40 2179.50605702657 1095
41 2170.6053963512 1124
42 2168.97877609863 1152
43 2167.46313364645 1178
44 2155.17140984518 1205
45 2154.82958699286 1233
46 2154.64866015752 1260
47 2149.20804098594 1287
48 2145.93335026812 1315
49 2145.60794357249 1342
50 2142.40346543192 1369
51 2139.72232216692 1395
52 2138.30179942328 1421
53 2138.47922210601 1448
54 2137.7766175654 1474
55 2136.14545327027 1503
56 2134.48061273112 1531
57 2134.5499062758 1557
58 2132.92048162626 1583
59 2131.7119250169 1610
60 2131.66551905937 1639
61 2130.99402423032 1667
62 2130.30380519584 1695
63 2129.88795699788 1723
64 2129.00709882913 1750
65 2128.35571754079 1778
66 2128.29245090676 1804
67 2127.41979096102 1830
68 2127.75798876596 1857
69 2127.51364267357 1884
70 2127.09883790886 1912
71 2126.82821634047 1940

0 282356.370800129 28
1 309866.074814798 54
2 290925.365977781 81
3 299362.521175456 109
4 279117.403275173 136
5 276270.102109453 162
6 217979.960277476 190
7 208603.477180964 216
8 140822.434050406 243
9 126308.872089266 270
10 35237.6326386045 296
11 20769.2309419497 324
12 11503.9666420043 350
13 9929.27812759586 378
14 7904.87296453668 407
15 6571.19660692517 434
16 5862.26229999014 460
17 5056.10797464798 486
18 4446.9687146433 512
19 4562.75631115655 538
20 3840.0617352963 564
21 3560.78830484503 591
22 3103.37854800479 618
23 3177.92808477636 644
24 3105.21722026668 670
25 3142.6502818836 696
26 3076.90999250406 722
27 2744.57779823339 747
28 2634.22082234248 774
29 2503.38713510533 801
30 2425.30258567972 828
31 2361.73861721324 854
32 2328.06616037657 880
33 2274.28783971571 906
34 2260.97527796287 932
35 2242.98201342605 960
36 2227.75078859228 989
37 2206.28182880117 1016
38 2196.16661126267 1043
39 2198.93854399292 1069
40 2189.95072825317 1095
41 2178.60930604087 1121
42 2170.34634762804 1148
43 2163.0261875779 1176
44 2158.97706573413 1204
45 2153.89978715459 1231
46 2156.78147714501 1258
47 2150.20342496361 1284
48 2148.1116583425 1310
49 2147.28426617395 1336
50 2144.12676516586 1362
51 2140.73232404519 1390
52 2140.72125989831 1418
53 2138.53523118563 1444
54 2137.15257683187 1471
55 2136.94173605486 1498
56 2135.73988734421 1525
57 2133.66348975719 1552
58 2132.26360478793 1578
59 2132.57845270777 1607
60 2132.21986626945 1633
61 2130.8995463642 1660
62 2129.67484007919 1689
63 2130.47031166179 1717
64 2129.55891200628 1746
65 2128.73490260716 1775
66 2127.94224775246 1806
67 2128.06065916395 1837
68 2127.10952607023 1866
69 2127.82370298852 1893
70 2127.04613993553 1919

0 296034.528654317 27
1 283091.520468646 54
2 313725.35395665 83
3 276055.73917053 111
4 290326.989039916 138
5 278821.660290457 164
6 211243.390852504 191
7 202172.647113352 217
8 182990.7358159 243
9 119770.024309637 270
10 30682.7428020002 299
11 22321.0395780592 327
12 13633.918757164 353
13 10044.9517140218 379
14 8408.84955543974 407
15 6592.53147963175 433
16 6111.24120304984 459
17 5598.80617544819 486
18 4507.8869578606 513
19 4550.42874764585 538
20 4215.65499997659 564
21 3313.43839921822 590
22 3379.10017260977 618
23 3361.17870422281 644
24 3161.96611374388 671
25 3190.71853394227 698
26 3087.271743115 725
27 2881.87458810183 751
28 2715.66090300984 777
29 2568.03106337057 805
30 2463.51817553878 832
31 2363.88330195078 858
32 2309.2446394881 885
33 2322.94696732083 913
34 2291.45855319639 940
35 2243.87238024608 967
36 2228.98428333538 994
37 2204.94970062117 1022
38 2206.50473792979 1050
39 2194.50103484627 1080
40 2180.86881576539 1111
41 2178.15624017659 1139
42 2165.74927552421 1166
43 2162.49035506828 1192
44 2160.0486111498 1218
45 2154.92602946953 1244
46 2155.9708655741 1271
47 2150.8865880945 1299
48 2150.76482831712 1330
49 2146.85305437727 1357
50 2145.45633612192 1384
51 2143.21542582832 1411
52 2142.10038903938 1440
53 2136.92828438414 1468
54 2136.86294958546 1498
55 2135.91181362915 1530
56 2135.64920438798 1559
57 2134.08383095737 1588
58 2133.60816777042 1618
59 2133.09766554254 1646
60 2132.24382359723 1673
61 2132.06417938336 1702
62 2129.69909939398 1729
63 2130.37968739159 1756
64 2128.48923541727 1782
65 2128.31163760164 1809
66 2128.121968729 1836
67 2128.31144251072 1863
68 2127.21797650234 1891
69 2127.20611633311 1919
70 2127.05329224925 1948

0 316485.589715481 27
1 316451.297050748 54
2 312168.425422149 80
3 304615.585444162 106
4 256997.929190048 133
5 288984.309571847 161
6 227839.330762449 189
7 205555.783488604 215
8 148749.793627874 243
9 89927.0075477834 270
10 32703.1883634976 297
11 27069.842920412 324
12 14798.4576201622 352
13 11246.563999729 382
14 8118.62730840416 409
15 6146.33761318771 435
16 5611.38463502527 463
17 4820.82216983417 490
18 4715.87131197861 517
19 4538.92745618844 544
20 3976.83260713361 574
21 3464.74715076478 601
22 3154.0489958546 628
23 3187.09499010114 654
24 3301.85191471814 681
25 3138.8169086262 707
26 3094.65179012512 732
27 2817.4121456318 759
28 2714.42730633703 788
29 2502.07336314953 815
30 2392.84185966951 842
31 2361.14220057407 874
32 2306.58719151297 900
33 2282.06532274727 927
34 2286.14007298075 953
35 2243.60420143847 984
36 2226.75351912204 1013
37 2208.88267975754 1039
38 2201.91998524794 1065
39 2192.79759595099 1092
40 2186.4152008251 1118
41 2174.994042501 1146
42 2166.50849900913 1175
43 2167.63758606976 1203
44 2161.71496490236 1229
45 2156.59377261747 1255
46 2152.2067725428 1282
47 2150.95346889339 1308
48 2146.27466394627 1334
49 2145.03588985375 1361
50 2141.76161990743 1389
51 2140.67968587206 1416
52 2138.7867658343 1442
53 2138.63846732309 1468
54 2136.13288693701 1494
55 2136.09288165093 1522
56 2134.89753639867 1548
57 2133.91330894781 1576
58 2134.38675290593 1604
59 2132.11542930989 1631
60 2132.39758290342 1657
61 2130.59085231373 1683
62 2130.23625953147 1711
63 2129.91110092298 1737
64 2129.55866015557 1764
65 2128.64081448737 1791
66 2128.40982222985 1819
67 2127.92671413223 1847
68 2127.57207471783 1873
69 2126.66687186073 1900
70 2126.78825391331 1926
71 2126.87622714666 1952

0 306949.749136525 28
1 311229.984692229 56
2 278543.03626933 83
3 246436.372476212 112
4 260728.454650439 138
5 274857.176291596 166
6 268619.002051725 192
7 232368.499032961 221
8 152364.564987223 250
9 94502.9826448131 276
10 30632.6874119764 302
11 24629.5274446597 328
12 14311.624591263 354
13 11181.8158191774 380
14 7491.03859121514 406
15 6866.22445238208 435
16 6145.97452095045 463
17 4876.57697704838 489
18 4821.4730679561 515
19 4508.86941767984 541
20 4109.41465199378 567
21 3631.84098115297 592
22 3256.16939431331 620
23 3113.43547202333 647
24 3037.43672927639 674
25 3314.12746939148 701
26 3134.49882232406 727
27 2790.16476084008 753
28 2653.16369926761 779
29 2520.84280894776 804
30 2454.54751385519 832
31 2413.90519721919 859
32 2342.69653983153 886
33 2302.1161673505 912
34 2260.67351021532 938
35 2238.88681695051 964
36 2226.86751762553 990
37 2207.99624629138 1017
38 2197.79667141904 1044
39 2186.19214602449 1071
40 2178.24875281194 1098
41 2175.80412284608 1124
42 2175.31151111612 1151
43 2171.06751242168 1178
44 2158.33870713594 1205
45 2158.18569110693 1234
46 2154.71392569701 1263
47 2148.49528872804 1291
48 2149.6913347322 1318
49 2146.9061197331 1345
50 2144.39644557633 1373
51 2140.8318449341 1400
52 2140.65538458035 1429
53 2137.1668041448 1460
54 2135.47232447565 1487
55 2135.73430366432 1514
56 2134.15335403735 1540
57 2134.30300598997 1566
58 2133.73780679752 1592
59 2132.11063931835 1619
60 2131.55916309286 1646
61 2130.99909968186 1677
62 2130.57952359163 1705
63 2129.94456099744 1731
64 2129.82499681321 1757
65 2128.81818880653 1783
66 2127.65060332438 1810
67 2128.20614779838 1839
68 2127.53585320686 1870
69 2127.29804338492 1899
70 2126.83686664511 1928
71 2126.83769151626 1956

0 279379.695933797 28
1 335720.452552516 55
2 288026.966647846 82
3 303059.538308442 110
4 256018.088984407 137
5 258533.100355191 163
6 248805.381867737 190
7 190969.680115267 216
8 159417.202530614 243
9 123781.453175555 271
10 30956.4627687227 299
11 19595.4174589201 327
12 14426.1978426625 354
13 11082.9117621901 380
14 7776.67447547465 407
15 6430.93961638586 434
16 5961.22269678858 463
17 5046.02584462453 500
18 4614.49495811832 537
19 4242.37048963059 565
20 3831.80961754238 592
21 3563.01913203699 619
22 3243.17645956424 645
23 3170.64457898324 671
24 3261.89673478391 697
25 3058.64148814917 725
26 3146.80796270288 752
27 2903.07699061854 779
28 2691.89117200796 805
29 2526.25162120917 831
30 2400.13823884498 857
31 2361.0428507411 883
32 2297.40538685581 911
33 2318.91415564697 938
34 2274.80045178291 965
35 2253.89800275888 992
36 2234.87835615747 1018
37 2214.83170140892 1044
38 2195.26694861812 1070
39 2194.13704808994 1096
40 2179.16412287731 1125
41 2178.57770549283 1155
42 2169.0947471721 1181
43 2163.30128895965 1207
44 2159.4710961187 1233
45 2152.84805269488 1260
46 2154.56998730325 1287
47 2152.02728291774 1317
48 2149.58165785073 1347
49 2146.77608765798 1374
50 2143.52917985991 1400
51 2142.19085965552 1427
52 2141.82008210155 1453
53 2139.30296609005 1480
54 2137.98071218532 1506
55 2136.77295780753 1535
56 2135.0960627334 1562
57 2134.25253266712 1588
58 2133.78459633693 1614
59 2133.83032439728 1641
60 2132.63733811835 1667
61 2131.10259130986 1694
62 2130.48260922941 1722
63 2129.90467640408 1751
64 2129.30010720334 1778
65 2129.05613163019 1804
66 2128.84859971635 1830
67 2128.28633093004 1857
68 2127.92671053098 1884
69 2127.60354966829 1910
70 2126.90487868857 1937

0 298009.699912507 30
1 309193.186817292 59
2 281566.902462033 85
3 295805.950067614 112
4 335639.141052394 138
5 273210.836044802 164
6 256444.550264607 192
7 199318.608581895 218
8 156587.760737599 244
9 127475.143202274 271
10 35853.9841665659 297
11 19670.4799489019 323
12 12759.8993456523 349
13 11999.950455868 378
14 7932.95989706026 407
15 6584.76945758038 435
16 6727.8376082924 463
17 4958.0967557003 489
18 4461.9097336711 515
19 4588.98503824897 542
20 4347.2719598308 567
21 3415.23615342838 595
22 3429.30679706355 625
23 3155.64508187386 651
24 3107.32837021687 677
25 3279.40152472841 703
26 3257.23313289859 729
27 2781.63023544544 756
28 2722.48059546203 781
29 2494.76440146126 809
30 2440.208565893 838
31 2360.38088837402 864
32 2337.89541755799 891
33 2289.22180582688 917
34 2256.29768109612 943
35 2252.11947659341 971
36 2250.98550440625 998
37 2212.3918045042 1026
38 2192.82772220506 1053
39 2191.59601651719 1079
40 2180.59056014666 1105
41 2173.26036811586 1131
42 2166.85246799077 1157
43 2160.04659052102 1183
44 2163.42990639564 1211
45 2152.54476909886 1238
46 2155.54639796249 1264
47 2153.47471258862 1290
48 2148.44328539701 1317
49 2145.37853427243 1343
50 2144.689641299 1369
51 2142.48385057407 1397
52 2141.02629872539 1426
53 2137.05476481615 1452
54 2136.01171347241 1478
55 2135.18440842696 1506
56 2135.58684413689 1533
57 2133.09775062793 1559
58 2132.11855005676 1586
59 2131.37035751305 1613
60 2130.587848577 1640
61 2131.11950684088 1666
62 2129.81271537729 1693
63 2130.08000604797 1719
64 2128.92543504831 1744
65 2128.62575377559 1771
66 2127.97698842868 1799
67 2127.67968431353 1829
68 2127.02060360381 1855
69 2127.28083781162 1882
70 2126.63341408143 1908
71 2126.50990632876 1935

0 307655.406720354 27
1 285434.641727861 53
2 318924.01822411 81
3 272120.08673578 111
4 273051.47716918 140
5 267994.21397376 166
6 272823.044475307 192
7 217773.406133275 218
8 164148.839843837 244
9 129329.027859892 271
10 43725.9872779704 299
11 15451.0095710087 326
12 12565.4996784104 352
13 10577.4271734894 378
14 7790.25854687665 404
15 6546.082386372 430
16 6471.68792400359 457
17 5019.34353991573 485
18 4585.92052956323 513
19 4781.42942726772 540
20 4043.2209707587 566
21 3797.47943295668 593
22 3447.80788232241 620
23 3086.94716559521 646
24 3261.23206734445 672
25 3216.18922579784 700
26 3185.75488198512 727
27 2780.17098338201 754
28 2666.16449490309 779
29 2583.69289899978 805
30 2459.49449360871 834
31 2351.99236328447 860
32 2310.26597896403 888
33 2276.63571668631 915
34 2266.67998985052 942
35 2240.2007968388 968
36 2224.95201261488 995
37 2209.58877779008 1021
38 2204.29985906637 1047
39 2198.93338215762 1073
40 2183.42102170619 1101
41 2174.11989617186 1129
42 2173.45054337434 1157
43 2166.65505325482 1184
44 2159.0107096482 1211
45 2157.85741134047 1237
46 2154.02528617552 1263
47 2152.90460645002 1290
48 2148.3555851354 1318
49 2146.95861932778 1345
50 2142.22422391612 1371
51 2143.63734626427 1397
52 2141.01949173137 1423
53 2138.97880175576 1450
54 2136.85528734553 1479
55 2135.77319464915 1509
56 2133.80294131532 1538
57 2133.31606436447 1564
58 2132.94023837587 1591
59 2132.35848508093 1618
60 2131.9332827499 1644
61 2131.44904554906 1671
62 2130.99431054436 1699
63 2129.66580479764 1726
64 2129.40897702815 1753
65 2128.69441559183 1779
66 2128.85840891535 1805
67 2127.71329805925 1832
68 2126.88586501801 1859
69 2127.44578185443 1885
70 2126.95828945762 1913
71 2126.81801187512 1940

0 294229.435712372 27
1 321268.375627426 52
2 295764.474854844 79
3 265365.242497678 105
4 287809.902102234 131
5 281608.494173407 157
6 209873.488657631 186
7 188853.973551782 213
8 147695.286486733 239
9 142228.331273551 267
10 24581.5560575281 293
11 21845.7793194265 319
12 16983.0971856795 345
13 9842.10666088726 373
14 7398.02718649053 400
15 7544.20050985275 426
16 5525.28644473441 452
17 4932.49328599058 478
18 4723.84236640877 504
19 4643.04950984599 529
20 4366.96968055994 558
21 3420.18363014397 585
22 3194.14144542158 611
23 3185.82067148387 637
24 3214.57135628204 663
25 3160.25758560444 689
26 3004.15391773822 715
27 2891.16266402486 741
28 2679.88314261786 768
29 2518.79785784187 797
30 2449.12337942203 825
31 2350.82653623451 851
32 2343.1944110692 878
33 2290.97402627172 904
34 2268.19632445088 930
35 2234.68337991518 958
36 2218.72172804331 988
37 2209.7100703604 1014
38 2203.12624715699 1041
39 2194.05482549191 1067
40 2181.38400175564 1093
41 2171.96825679214 1119
42 2166.99163175424 1145
43 2165.0798877767 1178
44 2161.89796542266 1206
45 2155.38460837938 1232
46 2155.21062306659 1259
47 2152.75334046685 1286
48 2147.67499563221 1312
49 2145.14955763018 1340
50 2142.91497026378 1366
51 2141.1537426668 1395
52 2138.56669086407 1422
53 2138.95687698183 1448
54 2137.19288047489 1474
55 2135.14228431406 1501
56 2134.56705511942 1527
57 2133.4244064699 1554
58 2132.76774509896 1582
59 2131.67213013134 1610
60 2131.1492122331 1636
61 2131.45188811987 1663
62 2130.15451365531 1689
63 2129.72515449738 1715
64 2129.11119155437 1741
65 2128.34426389057 1767
66 2128.85464501401 1795
67 2128.17048710222 1822
68 2127.5842449454 1849
69 2126.91962178937 1876
70 2127.0002126241 1903
71 2126.62534784243 1929

0 305910.802658574 27
1 292770.006160662 54
2 314971.773851927 82
3 282370.374753245 109
4 269387.899837719 135
5 252800.696882898 161
6 236663.532132473 186
7 183947.503863351 213
8 151198.488793631 239
9 87232.2412958553 267
10 37206.6586915123 297
11 19338.9484622106 323
12 11952.1305110508 349
13 12234.8800175782 375
14 7891.57263942535 401
15 6761.62214549613 427
16 5525.22157256847 454
17 4660.91146222271 485
18 4308.6655168645 512
19 4282.32934966583 537
20 3942.92777960592 564
21 3609.97460170007 590
22 3315.94952317666 616
23 3086.2432872319 643
24 3079.70853029793 670
25 3160.42257185498 698
26 3165.737506081 725
27 2929.7381934659 750
28 2674.64554209995 776
29 2524.36377607617 802
30 2427.11397667497 828
31 2401.0660131485 856
32 2334.81023726815 884
33 2307.9442673081 911
34 2260.74740421503 937
35 2234.99628980479 964
36 2228.62280126577 991
37 2227.33979425038 1018
38 2209.80442166854 1045
39 2188.31273957112 1072
40 2192.25950744078 1100
41 2178.1438728149 1126
42 2170.05492980936 1152
43 2163.24189934888 1179
44 2165.89593023793 1205
45 2161.55136230545 1232
46 2150.72414973626 1258
47 2148.45733572563 1285
48 2146.39970346682 1313
49 2145.85328896929 1339
50 2143.04068417076 1365
51 2141.10498538929 1391
52 2140.43999001713 1417
53 2137.60387369445 1443
54 2136.54624693143 1470
55 2137.28237221835 1499
56 2135.40328430135 1527
57 2134.67942463986 1554
58 2134.10039092598 1580
59 2132.58236611112 1606
60 2131.33088799141 1633
61 2130.31849366702 1660
62 2129.64727531264 1690
63 2129.57097369691 1721
64 2129.12361113895 1748
65 2128.81790171204 1775
66 2128.39217895461 1801
67 2128.21940485135 1827
68 2127.68086973217 1853
69 2126.78394586387 1881
70 2126.71509956392 1909
71 2126.19144463942 1935

0 295240.861062381 27
1 324632.635767484 53
2 287348.989623227 79
3 292945.502217692 106
4 260444.113039707 133
5 270962.450944975 161
6 216048.094904354 189
7 186562.808126269 215
8 177372.709277587 242
9 138938.441168851 268
10 31955.5723118432 295
11 20193.8429122402 320
12 12379.7761265396 349
13 10838.824074877 376
14 7822.44920502853 403
15 6300.1791956186 429
16 5692.07553322485 455
17 5025.97338820308 480
18 4936.30334409392 506
19 4755.23255335264 533
20 3975.71589395466 559
21 3422.53929589397 588
22 3228.75512353811 614
23 3074.67383353676 641
24 3132.79219272424 669
25 3210.89641051353 695
26 3260.40581636785 720
27 2944.23985337868 748
28 2619.49409567469 777
29 2521.74540538635 806
30 2359.80546668239 833
31 2348.76655505824 859
32 2316.23716429501 885
33 2294.32161967974 911
34 2281.94875703894 937
35 2251.21135984854 965
36 2224.8348219269 992
37 2207.29508054244 1018
38 2200.6148771975 1045
39 2189.38362441986 1071
40 2184.43944190632 1097
41 2169.77970765611 1123
42 2171.32598817978 1150
43 2164.87455907875 1183
44 2161.21094659238 1214
45 2153.51068358207 1240
46 2154.41564133936 1266
47 2149.59540705077 1293
48 2146.45886538947 1319
49 2141.30615633585 1345
50 2142.4162039536 1377
51 2142.70499454544 1403
52 2139.42061244702 1429
53 2138.8041431111 1456
54 2137.02965304762 1484
55 2135.4911935887 1510
56 2136.50493585113 1536
57 2134.44595771857 1563
58 2133.30417566548 1590
59 2133.01216459907 1617
60 2132.00611478851 1643
61 2130.6384296649 1671
62 2130.33817913397 1699
63 2130.77785967863 1725
64 2129.88966175446 1753
65 2128.65695343728 1782
66 2128.67230611253 1811
67 2128.00776213648 1837
68 2127.86782983024 1863
69 2127.14545476574 1889
70 2126.38898083246 1915
71 2126.39207109455 1941

0 321847.563358525 28
1 345482.275704706 55
2 348001.963129358 82
3 288221.184872937 107
4 283356.206889828 134
5 268388.972115132 160
6 237823.329971908 186
7 168772.84906756 212
8 156571.076579541 241
9 116888.442699327 268
10 30560.0730137466 296
11 25498.666550158 323
12 12705.8034831441 349
13 11182.2983560051 375
14 7559.00155748105 405
15 6897.87403108916 434
16 6164.39792421163 463
17 4971.54236493768 489
18 4784.56594221463 515
19 4761.33452634343 542
20 4092.10402888427 568
21 3664.28818605397 594
22 3266.78022526598 620
23 3126.32649217033 648
24 3301.69377687734 677
25 3243.43061451847 703
26 3361.10677881022 731
27 2780.99772301623 757
28 2696.47652154464 783
29 2501.84880301802 810
30 2424.71718576365 840
31 2350.14919056792 871
32 2326.2677903753 897
33 2274.93139626985 924
34 2280.91580094546 950
35 2242.63161123221 976
36 2216.8946595856 1002
37 2218.71442455475 1028
38 2198.85000588397 1055
39 2192.69061434279 1082
40 2189.09475836901 1108
41 2183.31546317165 1135
42 2167.52930528164 1161
43 2169.58818993136 1187
44 2160.96761822397 1213
45 2159.2037581495 1240
46 2155.57188657379 1269
47 2148.81204900556 1296
48 2149.72015312846 1322
49 2145.25055782998 1349
50 2144.35486235991 1376
51 2142.50858120547 1403
52 2139.74736341005 1430
53 2138.63574644077 1458
54 2136.88749786826 1485
55 2136.54520121483 1512
56 2135.96254442386 1538
57 2134.25606575378 1564
58 2133.28949639329 1590
59 2132.37781328118 1616
60 2131.0324157057 1642
61 2130.93251980466 1671
62 2130.46404943891 1698
63 2130.07368594269 1725
64 2129.60170913137 1751
65 2129.22325582387 1777
66 2129.05372551735 1804
67 2128.70947212328 1832
68 2128.54616213665 1860
69 2127.56758097514 1888
70 2127.34449926219 1915
71 2127.43258972424 1941

0 318471.531683398 26
1 315971.469940489 52
2 310193.347461337 78
3 317965.746520473 104
4 297890.799538485 135
5 266432.798235712 163
6 239393.709394148 190
7 203334.607211322 217
8 146291.399861189 243
9 128840.240732274 269
10 41442.770300161 295
11 21927.6097772395 323
12 12437.6702839655 350
13 9207.01386113624 377
14 8305.99927310448 403
15 7059.82323608204 429
16 5711.42970027285 455
17 4929.77004197301 482
18 5184.44837453612 508
19 4542.66438758175 535
20 4344.48354894014 562
21 3711.3957993913 587
22 3344.46790969958 613
23 3180.35240649756 639
24 3040.56774957928 665
25 3119.88481935525 691
26 3182.86550464127 718
27 2774.95076197229 745
28 2657.69160420936 771
29 2562.91451751288 797
30 2469.36410481738 823
31 2389.55420410794 849
32 2296.65893567376 876
33 2289.9667420597 904
34 2264.01815129516 933
35 2237.52878039543 959
36 2220.14708012822 986
37 2218.52917913497 1013
38 2200.39554732456 1040
39 2194.32245043333 1067
40 2187.77935750762 1093
41 2174.81894591625 1119
42 2169.45966448663 1147
43 2164.35874095501 1173
44 2160.51724632394 1200
45 2157.71122267727 1226
46 2152.92194984704 1252
47 2149.13292604322 1278
48 2146.61911109155 1305
49 2146.16776067524 1332
50 2143.86438855725 1359
51 2144.03187238229 1386
52 2140.2839558883 1412
53 2139.50374190695 1438
54 2137.53968354687 1465
55 2136.95852131288 1491
56 2134.97938774193 1519
57 2133.82103900922 1549
58 2133.48524206852 1578
59 2132.68259609281 1605
60 2131.4920015498 1631
61 2131.10380073045 1658
62 2130.27771018479 1684
63 2130.49426534302 1711
64 2129.45090328567 1738
65 2128.84829554267 1766
66 2128.76222304781 1792
67 2127.94373982556 1818
68 2127.4747412382 1844
69 2127.36888618944 1870
70 2126.62033000545 1897
71 2126.41040815785 1925

0 298168.737315562 30
1 351234.791404737 57
2 308251.197327096 82
3 287801.188101931 108
4 300097.126187681 136
5 253250.147013873 162
6 198550.70236527 188
7 199585.595541773 215
8 144596.819550362 242
9 122100.826318573 269
10 34603.2474207411 295
11 18944.6098692307 321
12 13676.7178016065 349
13 9722.16521886346 375
14 9189.90277509186 401
15 7271.28875228924 428
16 5826.27366059335 456
17 4515.93850831276 482
18 4647.60273271911 507
19 4144.43744545388 533
20 4061.32410387095 559
21 3571.77788902329 586
22 3403.2569246777 612
23 3149.88195974907 639
24 3068.20056868573 667
25 3156.28292518232 693
26 3214.12583245162 719
27 2892.01213623653 745
28 2674.27696994189 771
29 2508.18024647282 797
30 2437.56148875627 824
31 2379.45391352352 852
32 2327.67448796925 879
33 2268.3156303974 905
34 2266.95491121138 932
35 2241.90230086743 958
36 2218.97978679882 987
37 2225.10208611339 1015
38 2203.17265653658 1047
39 2191.02491148217 1076
40 2177.22597272536 1105
41 2169.50866357251 1131
42 2169.31654854999 1157
43 2168.84405946065 1184
44 2162.4249121253 1211
45 2157.32035450458 1239
46 2152.53227050335 1268
47 2150.43331988667 1295
48 2149.7209408011 1322
49 2147.40973957868 1348
50 2143.5404892351 1374
51 2142.14653716536 1400
52 2139.69334987399 1427
53 2138.21310612798 1454
54 2136.51105987845 1481
55 2136.91001368826 1507
56 2134.68500126064 1536
57 2132.77740499263 1566
58 2134.15167066991 1593
59 2132.7697663064 1619
60 2130.92442906967 1648
61 2131.14348895718 1675
62 2129.53055839533 1701
63 2129.32551119112 1728
64 2128.31652308453 1755
65 2129.02180280517 1781
66 2128.55048879797 1807
67 2127.72707178881 1834
68 2126.90283382842 1862
69 2127.04192292136 1889
70 2126.71497346722 1915
71 2126.25214480086 1941

0 333968.680375565 27
1 355595.392333001 53
2 315971.830133954 80
3 266187.276445382 108
4 276333.245478329 135
5 266012.271372841 161
6 238851.332474193 187
7 221456.307189538 213
8 167444.940675807 240
9 136576.551146257 266
10 28697.5789777563 292
11 19613.6815815803 321
12 14962.7490928629 347
13 10321.8969183358 374
14 7048.01492157462 400
15 6597.26075118928 426
16 5989.52443993934 452
17 5162.14488007846 478
18 4634.82016184265 506
19 5010.38270456284 535
20 3844.40226879264 561
21 3667.37476850786 587
22 3403.2872158242 614
23 3313.9886326553 641
24 3118.24223024655 666
25 3144.104408967 693
26 3015.73661069564 722
27 2739.12970960719 749
28 2648.18681489876 776
29 2529.28466503539 803
30 2450.25585175503 831
31 2379.9551272897 858
32 2304.7969335935 885
33 2293.00657228372 912
34 2253.39861737926 939
35 2233.69911056995 966
36 2225.75001488604 993
37 2214.02226356183 1021
38 2198.81050135127 1048
39 2186.12903681057 1075
40 2189.68396085176 1104
41 2177.6008700726 1131
42 2168.76808308453 1157
43 2160.97416225178 1183
44 2159.6350263614 1209
45 2155.37743161783 1235
46 2154.32924261976 1262
47 2150.44718913339 1288
48 2149.4774805798 1315
49 2145.21680314301 1344
50 2141.60227634594 1372
51 2142.43245178026 1399
52 2138.93863754922 1425
53 2137.80170588437 1451
54 2138.05804799784 1477
55 2136.4887961048 1504
56 2136.21041808631 1531
57 2133.38130332828 1558
58 2132.61425869725 1584
59 2132.49416369744 1612
60 2131.218289644 1638
61 2132.44572027638 1664
62 2130.17143545185 1691
63 2128.87507725328 1719
64 2129.08008863318 1746
65 2128.90493990896 1773
66 2128.09885416853 1799
67 2127.68028354404 1825
68 2128.3056989279 1851
69 2127.12532174055 1878
70 2126.68681180086 1905
71 2126.69107875492 1934

0 269982.784471474 29
1 298082.551173176 55
2 278117.237934665 81
3 259918.397944541 107
4 294548.585943067 133
5 246777.083868887 159
6 222954.695122145 188
7 186828.959648224 216
8 157681.571999613 244
9 143746.60715036 270
10 34348.0484071966 296
11 29494.8143171243 322
12 12107.2661429126 348
13 10200.5064112422 374
14 7390.64530769131 404
15 6972.27117064571 431
16 6358.90070949958 456
17 4711.69759102629 483
18 4485.01780443637 510
19 4665.10075858033 536
20 4459.76059889962 562
21 3536.2237026538 588
22 3371.76099582051 616
23 3078.4840272284 642
24 3171.67725505699 668
25 3067.67558724791 696
26 3169.24360361849 722
27 2938.89530074841 748
28 2640.89452240734 773
29 2546.56303730558 801
30 2406.91900343896 828
31 2353.87694684082 856
32 2322.32567978693 882
33 2311.68408341191 908
34 2264.2411705515 935
35 2266.89500055284 961
36 2235.35937819875 990
37 2211.41203782549 1018
38 2198.79089845538 1046
39 2194.40689393352 1073
40 2187.78079158265 1101
41 2178.05245549791 1127
42 2167.41358115789 1154
43 2163.9496528094 1181
44 2159.92150154614 1209
45 2158.52596461096 1236
46 2151.06468092276 1263
47 2149.74153374631 1288
48 2146.97849083025 1315
49 2144.78220418777 1341
50 2140.99430583231 1367
51 2142.1679881772 1393
52 2140.0205227639 1422
53 2136.99390120885 1451
54 2138.02643778932 1477
55 2137.41881505645 1504
56 2135.26313967513 1530
57 2132.98222587425 1558
58 2133.4337941562 1585
59 2133.30882659488 1613
60 2131.29077010505 1642
61 2130.79737889479 1669
62 2130.02114973589 1697
63 2129.39484000669 1723
64 2129.04567255396 1749
65 2128.54582325699 1776
66 2128.06821256664 1803
67 2127.72127373073 1831
68 2127.07865056682 1859
69 2126.87623833891 1885
70 2126.8787907557 1911
71 2126.34408470788 1937

0 268365.305176336 27
1 301262.138613707 52
2 311713.30237385 79
3 277113.558291265 107
4 266535.939194541 134
5 258605.52498066 162
6 233984.434740233 188
7 211294.991633436 215
8 148364.471941996 241
9 130355.8176126 269
10 37734.5218959831 297
11 23429.3066189387 324
12 12248.7184402059 351
13 10025.2237906158 377
14 7539.48279938323 403
15 7317.24916835726 429
16 5982.7754122139 455
17 4870.38084508869 482
18 4575.57683915696 509
19 4482.33015628245 536
20 3907.32726826942 561
21 3392.49448798522 587
22 3420.93031872059 613
23 3059.3381910216 639
24 3303.70050430287 666
25 3172.69763457653 694
26 3180.14701940309 720
27 2825.88465827756 748
28 2664.70430260742 779
29 2590.67952506336 805
30 2448.00545924234 831
31 2379.89730491428 857
32 2314.11713066514 884
33 2313.58095066916 915
34 2267.57884543014 942
35 2245.5530593744 969
36 2223.55399532788 996
37 2215.31560164978 1023
38 2201.49895187314 1049
39 2188.84955052681 1076
40 2187.16236351083 1104
41 2178.51774035783 1132
42 2167.95704021323 1159
43 2163.26450527777 1185
44 2160.93923912497 1213
45 2155.39800460606 1240
46 2154.22936731061 1267
47 2147.51025250645 1295
48 2146.29656833447 1323
49 2143.44510520505 1350
50 2143.43621944976 1376
51 2141.95198230862 1402
52 2139.62426716894 1429
53 2137.4106918257 1457
54 2136.25917388126 1483
55 2136.42749971565 1511
56 2136.02684699131 1538
57 2134.71031899377 1564
58 2132.9780634616 1590
59 2132.77337443436 1616
60 2131.09758941868 1642
61 2131.18124693893 1668
62 2130.13544856681 1697
63 2129.81640357657 1725
64 2128.75483992227 1753
65 2128.82430029611 1781
66 2128.34878818093 1807
67 2127.93904519808 1833
68 2128.49384072723 1859
69 2127.17630711861 1885
70 2127.3684559253 1913
71 2126.06459140469 1940

0 330997.137915075 27
1 320775.197292194 53
2 307151.246700138 79
3 307468.978007076 105
4 273147.626657006 130
5 244473.292016646 157
6 250222.292101693 184
7 201297.168946121 211
8 159010.163601684 237
9 114330.097267854 263
10 32763.7299542119 289
11 20714.3366995889 316
12 15078.6364992612 344
13 10935.8909689748 373
14 7336.18652750144 401
15 7024.79203665531 427
16 5639.3292269242 453
17 5146.58744911423 479
18 4470.40170796985 505
19 4421.59293587282 531
20 4021.84911858218 557
21 3323.17672070099 585
22 3113.19737247283 612
23 3320.55521996969 638
24 3168.38429294791 664
25 3194.12508652758 690
26 3089.26473897438 716
27 2927.24161655237 742
28 2703.03920058062 770
29 2460.72503603927 797
30 2442.15656830901 823
31 2385.72914905521 850
32 2330.20323118124 878
33 2288.2170573842 904
34 2273.38609818471 932
35 2245.77094467181 958
36 2236.38712865515 986
37 2213.44837763641 1013
38 2211.27146162979 1040
39 2190.68069634622 1067
40 2180.12003296087 1094
41 2175.95103012642 1120
42 2165.45293921006 1146
43 2165.74309215175 1174
44 2160.14612141041 1202
45 2155.39226687166 1229
46 2150.47885639452 1255
47 2149.71387416297 1281
48 2147.06048343719 1307
49 2142.80271618975 1334
50 2143.85785768142 1361
51 2141.85562836104 1390
52 2141.50837675756 1417
53 2137.16959179482 1444
54 2137.35803323503 1470
55 2135.16925830783 1496
56 2134.06132636983 1523
57 2133.40814772752 1549
58 2133.17326147588 1576
59 2132.65229807415 1604
60 2131.57847773172 1630
61 2130.83779705454 1657
62 2130.82627550639 1683
63 2129.43067195708 1709
64 2129.28909928667 1735
65 2129.19243250652 1763
66 2128.93710751089 1791
67 2127.82429449189 1821
68 2127.4110462644 1847
69 2127.36916737305 1875
70 2126.56217713462 1902
71 2126.5142475227 1929

0 324650.001152335 27
1 311711.40345595 53
2 279632.012417035 82
3 277278.345555307 109
4 287221.183244744 135
5 232762.04002861 162
6 205350.525510049 188
7 182141.197183096 213
8 176088.423279746 240
9 113406.841675785 267
10 53611.9002427211 296
11 18989.7643244445 322
12 15119.0503943879 348
13 12298.965088099 374
14 8170.32577283728 400
15 7061.08109002939 425
16 6248.61531884305 453
17 5288.17368403969 484
18 4576.00424670234 513
19 4448.53884470685 541
20 3795.82591111784 568
21 3536.55983278924 594
22 3248.81030803589 621
23 3197.86531629798 646
24 3124.62651692374 673
25 3208.20537535037 700
26 3008.46412708039 726
27 2791.71442359406 751
28 2669.18464776958 777
29 2502.99709972542 803
30 2392.93359671167 829
31 2396.50077822524 858
32 2321.21455948843 885
33 2317.73187636851 912
34 2266.16116157275 939
35 2237.23098059615 966
36 2222.62281361714 993
37 2206.34792698684 1019
38 2202.85020503258 1047
39 2194.11628144871 1074
40 2190.89192300443 1102
41 2180.11180411919 1128
42 2171.50646410505 1156
43 2162.72887347898 1182
44 2161.2331762134 1209
45 2155.39530702123 1237
46 2151.08588404838 1265
47 2152.06747584917 1294
48 2146.86547406231 1324
49 2144.3940728842 1351
50 2143.44012906779 1377
51 2142.67195045084 1404
52 2138.90551598298 1430
53 2138.14503162287 1458
54 2136.47450512945 1486
55 2135.41595033683 1513
56 2135.61323882672 1539
57 2134.66395999828 1566
58 2133.05898178895 1594
59 2132.12006682077 1620
60 2131.23068344431 1646
61 2130.04349981004 1673
62 2130.83416155247 1700
63 2129.22906500479 1727
64 2129.13845839417 1753
65 2128.61216523617 1780
66 2127.9921787382 1806
67 2128.10720238315 1832
68 2127.53406479227 1860
69 2127.12720622957 1887
70 2126.98190750186 1920
71 2126.99974450371 1946

0 340247.59459669 28
1 297076.452555127 54
2 291462.441576378 80
3 309004.231479061 105
4 282165.669272834 132
5 247282.431640324 160
6 234715.20725904 188
7 219955.091740723 214
8 166232.536839302 240
9 109531.229734923 266
10 27907.748096869 292
11 19541.4795773489 318
12 15605.0608048057 346
13 11501.1466218079 373
14 6905.60492869861 400
15 6982.90519648891 426
16 5664.21147696205 451
17 5164.8985841821 477
18 4766.26188426087 503
19 5004.78757285454 530
20 3831.54677474511 558
21 3551.88778644102 584
22 3150.4131146692 610
23 3119.28401643589 636
24 3077.34313680751 662
25 3125.09560137384 689
26 3207.65566906194 715
27 2747.47692852092 742
28 2618.59845352576 772
29 2560.82328921955 798
30 2425.23889673569 825
31 2394.95564098122 851
32 2361.16549742492 877
33 2285.46862985015 903
34 2260.20730378082 931
35 2255.21809084527 959
36 2229.48251962386 987
37 2206.63169004264 1015
38 2205.26471594331 1042
39 2189.0334316575 1068
40 2182.65208325522 1094
41 2179.88324378482 1120
42 2173.71740287354 1147
43 2161.20566221092 1175
44 2162.39208105714 1202
45 2155.10069321475 1229
46 2149.70181066358 1256
47 2150.74364680925 1283
48 2148.1299964883 1309
49 2145.18267504388 1338
50 2139.8127847484 1366
51 2141.67258036514 1393
52 2139.67221495527 1419
53 2138.66167411789 1445
54 2136.07682492502 1471
55 2134.77562119686 1497
56 2134.34401390223 1523
57 2134.11280146786 1552
58 2133.35738912964 1580
59 2131.6583243284 1608
60 2131.02305006476 1635
61 2130.91276008258 1664
62 2130.40001995261 1690
63 2130.05024476808 1716
64 2129.34223678499 1743
65 2128.42570365687 1772
66 2128.80091235384 1800
67 2128.6744693996 1827
68 2127.25537008141 1854
69 2126.96490597834 1880
70 2126.6483300034 1907
71 2126.17831348491 1935

0 293245.788186645 27
1 303470.832913609 55
2 290189.550634427 83
3 301461.475998603 109
4 259863.138074194 135
5 245016.451722637 161
6 247464.788365618 187
7 211959.283874144 213
8 173421.68591034 242
9 116119.798462213 270
10 33169.6795101009 296
11 20961.4293979743 322
12 12334.339959345 349
13 11131.5730990763 376
14 8053.45785950916 402
15 6967.79345422424 429
16 5658.36466628122 457
17 5092.15606717069 485
18 4355.28320656899 512
19 4502.80989066548 538
20 3901.63643365431 564
21 3341.10020573943 590
22 3197.1792322824 617
23 3130.3068902862 644
24 3135.995528091 672
25 3214.23726896211 698
26 3098.51088297513 724
27 2790.52819698745 750
28 2691.15950504118 776
29 2533.48931587818 801
30 2418.84041272971 827
31 2382.56637217385 855
32 2311.08921192485 884
33 2314.935485417 910
34 2277.73387433341 937
35 2254.50615170302 963
36 2234.62177939386 991
37 2217.6685736247 1018
38 2211.01178117348 1045
39 2185.17411780436 1073
40 2188.41445335798 1100
41 2179.65124594385 1127
42 2172.95610836965 1153
43 2163.47385144707 1180
44 2156.95462417784 1207
45 2159.49263881 1233
46 2153.68026220786 1261
47 2150.35385001206 1288
48 2146.31352884991 1315
49 2143.60780388985 1342
50 2145.71254807963 1368
51 2143.25048738496 1396
52 2138.39110743005 1424
53 2138.34792038725 1451
54 2138.0762269865 1481
55 2136.3866545916 1514
56 2134.31773800102 1546
57 2134.56859783283 1574
58 2134.05633185776 1600
59 2132.56181638142 1627
60 2131.08667012297 1656
61 2130.69730956625 1688
62 2130.00900972047 1715
63 2130.11355242082 1741
64 2129.2574922503 1768
65 2129.36119881088 1794
66 2129.04565181452 1820
67 2128.02285386249 1846
68 2127.45199909501 1875
69 2127.60308877822 1903
70 2127.28082139694 1931
71 2126.7937870812 1957

0 295779.007081071 28
1 327420.573861389 54
2 296344.74928231 80
3 300060.826383496 108
4 273151.101575564 137
5 270957.958782785 163
6 248634.043194513 189
7 196398.6154315 215
8 132272.684549148 241
9 122280.665923939 267
10 34348.4370643656 294
11 17869.3113044786 322
12 12774.6822272777 349
13 12512.0040505738 375
14 7678.88479726718 401
15 7354.04714273577 427
16 5761.35282729834 453
17 5045.55652890043 479
18 5361.73338380611 508
19 4479.67637539527 535
20 4246.94332387586 561
21 3375.41185225998 587
22 3303.35638177852 613
23 3179.16128419121 639
24 3059.61207811697 666
25 3193.1984033915 694
26 3035.27385543075 722
27 2806.66998270222 750
28 2628.10473186165 777
29 2562.49883000481 803
30 2402.04292502861 829
31 2318.29582189132 855
32 2337.09941063802 882
33 2282.43501939687 908
34 2261.59565354171 936
35 2267.24331532454 963
36 2222.37110967284 990
37 2215.08002977 1016
38 2204.63207110412 1046
39 2194.0732488963 1073
40 2190.1031456765 1105
41 2175.8390266238 1135
42 2175.55926998621 1170
43 2166.72088693627 1198
44 2163.10037449221 1225
45 2156.30113006835 1253
46 2148.22624076131 1279
47 2151.72128499743 1306
48 2151.1614485392 1336
49 2145.67546022656 1363
50 2142.53962995908 1389
51 2141.8211320905 1415
52 2140.37244489969 1447
53 2138.69102754413 1476
54 2136.94262976347 1504
55 2137.36928342108 1536
56 2137.24670499069 1566
57 2134.68749798427 1595
58 2133.7956039335 1621
59 2131.74323615033 1647
60 2131.64866348946 1674
61 2131.51537601617 1702
62 2130.76100389908 1731
63 2130.00733802563 1759
64 2129.26668199081 1786
65 2128.98151527671 1813
66 2128.9272210573 1839
67 2128.93385758729 1866
68 2128.3263328016 1892
69 2127.60938297137 1919
70 2127.31249035475 1946
71 2126.87761593187 1973

0 286352.94053058 27
1 300036.578561295 53
2 309075.858002643 80
3 286638.266371211 106
4 281124.236349426 133
5 302304.692781912 162
6 225382.560706849 189
7 192026.696131111 215
8 150811.400526395 241
9 123642.066276694 268
10 25105.3609954557 294
11 26198.7188541628 321
12 14747.6118892205 348
13 12924.5471435272 376
14 8313.70921866408 403
15 7904.01345168865 430
16 6299.86940897759 457
17 4746.56356428405 484
18 4608.09271948376 511
19 4465.53508653023 537
20 3852.5084980055 565
21 3492.08484906935 594
22 3564.13255765352 619
23 3180.48209608997 646
24 3080.21259195823 673
25 3124.52854750897 698
26 3267.39341159642 724
27 2894.79377213132 751
28 2607.04224185297 780
29 2505.84061692225 808
30 2445.64903307966 835
31 2400.26796472286 862
32 2363.26394349112 889
33 2293.03354253077 916
34 2260.47295079982 943
35 2248.6154852465 970
36 2232.88307723464 999
37 2213.62981622891 1026
38 2201.98280312818 1052
39 2189.79496641196 1080
40 2181.70012541619 1107
41 2184.4606195816 1133
42 2171.53596428451 1162
43 2168.11582558684 1191
44 2165.33031472412 1218
45 2155.94514970068 1244
46 2153.2126821545 1270
47 2150.58883123198 1297
48 2147.86077912355 1323
49 2146.79344436004 1350
50 2143.29851527454 1380
51 2141.59540273912 1407
52 2140.18138717965 1434
53 2138.27241889431 1461
54 2137.1499655632 1489
55 2137.548332125 1516
56 2134.34997036739 1542
57 2133.91547439811 1569
58 2132.35214118609 1597
59 2132.67967507612 1623
60 2131.52295849935 1650
61 2131.45358178097 1676
62 2130.98353168517 1702
63 2129.8734159165 1731
64 2128.84028134169 1760
65 2128.74356639333 1788
66 2128.40157942208 1815
67 2128.27896043901 1842
68 2127.82211807895 1869
69 2127.62874420924 1896
70 2126.95133141225 1923
71 2126.7892755105 1950

0 282394.603859114 28
1 293065.847026141 59
2 337632.08755396 89
3 275541.086456781 118
4 275738.469779835 145
5 270611.994540419 171
6 244088.416901303 197
7 203397.664618626 225
8 157842.532273158 253
9 99553.6702291758 280
10 45673.982893209 308
11 17422.9111758855 335
12 13123.5310174296 371
13 10169.215619811 398
14 7898.13291721577 424
15 6602.94220116419 457
16 6251.89587324156 485
17 5103.1052562376 512
18 4868.05361784262 538
19 4548.86170962078 565
20 4104.58743639588 591
21 3599.04173029873 618
22 3262.42314777759 645
23 3147.08165939924 673
24 3004.26893040694 700
25 3115.81733562059 726
26 3116.22198322547 752
27 2892.27123943689 779
28 2726.87807427559 806
29 2493.47505987298 835
30 2471.17757954404 863
31 2371.85481882978 890
32 2330.47539049508 917
33 2298.33907898088 943
34 2251.96876612212 969
35 2245.33110728713 995
36 2222.89945250747 1022
37 2218.07809519431 1050
38 2206.39843807638 1078
39 2192.98543786 1105
40 2189.89998658545 1133
41 2175.27461212309 1160
42 2169.80896616556 1187
43 2167.73279604519 1214
44 2159.19681299577 1243
45 2160.03970514103 1273
46 2152.8222565272 1300
47 2150.52810746063 1327
48 2146.04109868257 1354
49 2144.52315736084 1380
50 2141.38622190133 1407
51 2140.20191796338 1435
52 2140.26133344808 1464
53 2138.54361931851 1492
54 2138.2590737176 1520
55 2136.06538806758 1548
56 2132.85307409604 1575
57 2135.34694019323 1601
58 2133.83289392253 1628
59 2131.48031132907 1656
60 2131.19573831861 1685
61 2130.51579577819 1713
62 2129.60508247815 1740
63 2129.32445895733 1767
64 2129.12635661174 1796
65 2128.56197577257 1822
66 2128.05264688666 1851
67 2127.64989857514 1879
68 2127.18266947397 1906
69 2127.03228233529 1933
70 2127.11780050298 1959
71 2126.47257516243 1985

