0 35644.5041258356 68
1 33323.6550668798 129
2 37152.1786974823 196
3 35074.2527436083 256
4 28870.8094288104 316
5 20370.7028994944 377
6 16845.5282875226 435
7 14396.3755053091 494
8 13170.1492875546 553
9 12300.5596860245 613
10 11951.6338453921 670
11 11367.7183946108 728
12 11228.6635510149 792
13 11095.8509418273 871
14 11056.5923795394 945
15 11043.2793949059 1018
16 11036.3371587047 1088
17 11033.7251498461 1155
18 11032.5526442251 1227
19 11031.9683393422 1287

0 32946.2696514505 57
1 32818.9055561626 116
2 36896.4566270166 178
3 29220.0556555931 236
4 31916.9942105813 295
5 21930.6285902379 353
6 16578.0461049637 410
7 14401.8785135585 465
8 13153.8806515133 528
9 12622.0998759623 587
10 11899.6434938498 648
11 11463.0058834309 704
12 11203.3483287474 768
13 11101.0804383053 827
14 11059.6010614122 886
15 11045.3088929323 950
16 11039.1214953715 1011
17 11035.8579195683 1066
18 11034.4199334808 1134
19 11033.6928913221 1199

0 38045.2756999318 65
1 34689.2831971705 129
2 33337.8608616041 196
3 37261.7263788128 255
4 26418.2869546653 321
5 22147.4443754937 391
6 16837.2611882655 458
7 14354.7790212482 518
8 13174.0919157354 577
9 12512.6664065329 634
10 11900.7336031805 690
11 11397.2932519843 755
12 11196.9968281683 815
13 11094.0454482076 872
14 11057.9568534347 929
15 11042.019688424 994
16 11035.8990269455 1054
17 11033.0987650649 1110
18 11031.87749721 1171
19 11031.2807632471 1229

0 36672.5956773884 58
1 34821.4592242718 115
2 38084.3353043224 174
3 32534.4816065404 232
4 26005.3370856748 292
5 21119.1828560647 353
6 16885.4403760537 410
7 14967.2247748986 471
8 13164.806869919 532
9 12565.6856822573 589
10 12014.3979257895 647
11 11437.7942501952 705
12 11186.1055405352 767
13 11092.6149879903 826
14 11057.4378308311 885
15 11041.7597758342 947
16 11035.569579534 1005
17 11033.0692965768 1060
18 11032.0654609084 1114
19 11031.5339825518 1179

0 30639.364732373 55
1 34341.310272497 113
2 37487.0146298599 174
3 32690.1121007277 241
4 27649.256664529 311
5 22156.4197675379 384
6 16783.1707632477 441
7 14629.8785955044 499
8 12855.7570091823 558
9 12483.3179763921 616
10 11903.838469332 675
11 11373.2585149719 741
12 11200.3164923778 820
13 11090.132502887 904
14 11055.6473143721 972
15 11042.3168974818 1055
16 11036.387137708 1128
17 11033.6388902368 1208
18 11032.4142238785 1284
19 11031.823695494 1348

0 28530.6457427087 91
1 31850.4659889348 157
2 33217.6452071217 214
3 32034.2325629311 272
4 28107.0177576479 329
5 20095.8394711883 384
6 17027.8664828643 448
7 14393.8688553428 506
8 13248.1831928663 558
9 12429.1430875838 615
10 11897.2145195712 679
11 11422.9464376253 742
12 11208.8618551958 799
13 11093.327070387 857
14 11055.1639170889 914
15 11041.5668606376 974
16 11035.2635065398 1030
17 11032.5757524709 1090
18 11031.43437415 1150
19 11030.8434264058 1208

0 34179.3238696848 59
1 33562.7185066403 118
2 40381.2950402885 180
3 33218.943799702 252
4 29128.0084646399 325
5 20836.8105911421 391
6 16929.2229210369 462
7 14965.4628940803 524
8 13061.8895898311 582
9 12436.1523616221 641
10 11901.1165833453 710
11 11414.0315566197 769
12 11176.5184160319 828
13 11091.5740319779 886
14 11056.235179152 942
15 11042.1151184354 1000
16 11036.0014364715 1060
17 11033.3504473867 1117
18 11032.0913321156 1176
19 11031.4773294841 1237

0 35775.1373746208 63
1 34201.8188766889 129
2 33775.8719259944 190
3 31571.285240794 252
4 27653.6222960148 309
5 20729.8172811171 367
6 16741.1975483586 427
7 14971.5879530101 490
8 12992.9424279836 553
9 12382.4201930806 614
10 11867.0704279465 674
11 11362.9743572367 728
12 11199.0922586565 788
13 11096.462150898 851
14 11058.0470333341 912
15 11043.8969938757 967
16 11037.4549465243 1025
17 11034.7235717583 1082
18 11033.4821981758 1140
19 11032.8693056523 1196

0 31710.8035344791 60
1 35839.0575048885 119
2 38911.6809203232 175
3 32451.638957536 236
4 26823.7585566495 297
5 22873.8539102906 361
6 16568.5045770745 424
7 14330.7279789342 483
8 13084.0327715582 544
9 12488.2726750567 608
10 11874.4388845897 671
11 11425.5396989521 732
12 11198.4980583066 806
13 11096.7522311843 902
14 11057.2935282439 983
15 11043.3700658126 1055
16 11036.908047255 1133
17 11034.2643188972 1206
18 11033.0164455921 1268
19 11032.4004642196 1327

0 37936.0188732744 69
1 33494.5645899638 130
2 37118.184535635 187
3 34928.9262800583 242
4 25990.8263097025 294
5 23142.7282002084 347
6 16605.7944337258 403
7 14619.0723248499 462
8 13087.0014637847 521
9 12508.6887538846 585
10 11851.6447381042 643
11 11426.075421659 703
12 11195.3706759368 768
13 11095.3499386394 837
14 11058.4344108316 896
15 11043.080815415 965
16 11036.6773624142 1022
17 11033.6602279926 1086
18 11032.3861877754 1150
19 11031.75383488 1209

0 35186.0689924526 71
1 31382.2885879624 137
2 35443.2778967692 196
3 34131.2623710596 253
4 28789.2545848066 310
5 21965.8129110559 369
6 17026.3986273441 427
7 14520.7175609478 489
8 12958.3015880766 558
9 12477.2409160649 633
10 11910.8744804241 696
11 11466.4344743622 773
12 11219.9397669784 837
13 11096.3899464063 906
14 11060.0446120851 975
15 11045.3287827213 1037
16 11038.9806985284 1099
17 11035.8553272062 1164
18 11034.4889452942 1226
19 11033.8242550897 1283

0 31948.2030199334 56
1 34999.9084597142 113
2 33841.2864260279 170
3 35296.5078475046 227
4 28826.65204343 285
5 21445.9141663825 346
6 16054.9647068434 410
7 14681.9448337306 473
8 12934.453598931 531
9 12673.1656374931 587
10 11854.306926238 642
11 11418.8709366642 701
12 11192.8553829437 759
13 11089.9764217583 816
14 11055.4843884427 875
15 11042.0545462984 946
16 11035.896057874 1015
17 11033.2008830669 1073
18 11032.0482370685 1137
19 11031.4728484021 1195

0 36887.4705586338 56
1 34690.3076868918 117
2 34307.0347210774 179
3 33415.0317113967 239
4 26870.1324791997 300
5 21134.918191009 358
6 16301.2092831324 421
7 14232.1393908222 477
8 13000.6035413293 536
9 12570.3731942079 593
10 11851.5463215276 650
11 11402.5427440483 703
12 11218.542261298 757
13 11090.05559995 808
14 11055.0940173972 862
15 11042.6252484854 916
16 11036.5459206628 973
17 11033.6707310243 1030
18 11032.4479613009 1091
19 11031.8482628629 1157

0 34661.8774448932 62
1 33038.4510801711 120
2 37721.5949737537 191
3 34676.4574296399 253
4 27870.8833857834 312
5 20863.667980914 373
6 17135.0504864982 430
7 14630.3762421095 488
8 13021.9967987968 549
9 12556.1948153524 609
10 11903.6221942005 666
11 11444.614637931 725
12 11214.1269518749 788
13 11107.9971621539 851
14 11063.4567617962 908
15 11046.709295332 970
16 11039.3821443422 1030
17 11036.5269878074 1089
18 11035.1236973333 1148
19 11034.4108957542 1211

0 31996.0875732142 59
1 35652.9614799354 118
2 37449.5117062677 183
3 31481.2817359176 243
4 28875.9401863179 304
5 20588.8228308939 364
6 16667.7698651788 424
7 14340.3659837531 483
8 12946.9244468224 541
9 12448.5229697164 602
10 11820.5361681121 661
11 11382.2707444746 733
12 11198.3974600535 816
13 11087.0934378693 890
14 11055.8246048468 960
15 11041.058123225 1028
16 11035.6303919556 1091
17 11033.1512827254 1156
18 11032.0507841758 1217
19 11031.4896676395 1277

0 35629.626446591 55
1 31810.5973645839 116
2 39858.1253069833 171
3 34985.8267533154 232
4 29110.4324255445 289
5 22896.3963475101 353
6 17079.6727596423 408
7 14637.6652438589 462
8 12999.1239476548 521
9 12572.2393055363 577
10 11851.0741947001 642
11 11410.9605129612 699
12 11193.3185789823 758
13 11097.6866337724 822
14 11056.953612714 873
15 11043.3997466156 931
16 11037.2694167155 989
17 11034.6050718067 1040
18 11033.3308495105 1093
19 11032.6760011821 1155

0 34534.8753348932 54
1 34716.5912097979 118
2 38345.8348305085 177
3 34684.5179957793 232
4 29994.5182962389 285
5 21166.9364810752 341
6 17322.2034355046 402
7 14841.9114314417 461
8 13212.1937968682 517
9 12466.104426436 577
10 11914.1025959157 638
11 11406.9685533959 697
12 11192.2767273689 755
13 11095.0486277709 815
14 11054.5130470531 872
15 11042.8153984192 929
16 11036.317635251 987
17 11033.5885550535 1046
18 11032.345329727 1101
19 11031.7290882136 1156

0 31623.7636301033 67
1 32032.1892298348 129
2 35724.9030107986 188
3 36050.616583384 250
4 26154.5783698501 304
5 23101.0366176599 360
6 16643.5449631202 422
7 14919.9668955737 482
8 12809.7571439558 541
9 12511.0884578754 595
10 11863.0768358349 657
11 11404.070551349 712
12 11218.9469424867 765
13 11090.8867050505 826
14 11056.21450159 891
15 11041.7269333194 948
16 11036.5543769942 1013
17 11033.9247067264 1075
18 11032.7378201143 1136
19 11032.1350581474 1198

0 35814.8706813629 61
1 35976.5866656638 122
2 33490.4698054939 184
3 35217.0102456801 258
4 27850.2296617337 316
5 22073.8577714504 373
6 16840.212595719 440
7 14717.4602187926 508
8 13111.066142657 563
9 12464.3920865084 620
10 11876.3582017671 684
11 11469.4488631107 747
12 11256.6583070493 802
13 11146.5974179087 861
14 11091.442315666 918
15 11069.7828952107 978
16 11059.2272022089 1038
17 11053.848092748 1100
18 11051.1933029677 1155
19 11049.7165434845 1211

0 35156.0726085461 63
1 37018.9357998996 123
2 36366.7714007978 185
3 36074.4663730806 249
4 26305.3957654551 314
5 21901.7013421259 373
6 17133.1720747181 432
7 15017.565183054 503
8 13010.9766754597 558
9 12396.728925891 615
10 11927.7486071082 681
11 11420.3182210458 738
12 11198.2697930607 794
13 11093.2853159966 855
14 11057.0271338865 919
15 11042.5938301215 987
16 11036.7109724276 1062
17 11033.9849807097 1120
18 11032.7715529178 1180
19 11032.1706339306 1240

0 36056.9539340586 66
1 30629.2422641962 129
2 35394.1671127381 188
3 35715.1513400185 259
4 28628.8987409926 328
5 22335.7227767525 385
6 16851.5718521109 445
7 14352.5113912284 513
8 13028.5063783841 573
9 12473.749568483 636
10 11790.0355026799 697
11 11441.7865770365 754
12 11202.3719886049 815
13 11094.2111356367 879
14 11057.3639217289 943
15 11042.6366425864 999
16 11036.5634273096 1079
17 11034.0188991381 1152
18 11032.7943530563 1215
19 11032.1889282391 1278

0 36184.3110347454 69
1 33944.279402537 134
2 33926.7588363189 212
3 36036.0169223217 285
4 26920.9417508257 346
5 20489.6241109658 411
6 17244.6136185844 474
7 14562.0807071615 536
8 13155.2283823121 599
9 12443.8575067056 657
10 11834.0518265825 715
11 11461.6734898295 778
12 11208.5133787022 837
13 11091.1180019719 905
14 11058.104077882 975
15 11041.8343099853 1045
16 11035.9348439089 1107
17 11033.2646382789 1171
18 11032.118466692 1231
19 11031.5662578801 1286

0 36032.8802936617 55
1 36210.998921118 124
2 36571.0665889542 185
3 30954.3692917175 258
4 27637.6546304699 322
5 21321.316476134 382
6 16760.6800273188 442
7 14566.8988063489 504
8 12928.120220393 563
9 12389.1389273997 625
10 11888.2495917969 685
11 11406.2047933278 745
12 11197.2901965527 803
13 11089.8891564228 861
14 11055.6775511971 931
15 11041.5521851251 995
16 11035.1170624461 1061
17 11032.8351430781 1133
18 11031.7620806993 1193
19 11031.2279598469 1251

0 32343.6039253052 61
1 34175.4976004063 119
2 32137.3000683543 188
3 33678.060666614 254
4 26939.1049046349 318
5 20272.4752364651 385
6 16286.5683563577 455
7 14933.2311091227 519
8 13215.3270999339 584
9 12433.9250697567 648
10 11907.0106435101 710
11 11432.8153338057 771
12 11196.9443260698 831
13 11096.0600837635 893
14 11058.897147638 959
15 11043.0326752397 1021
16 11037.0484185973 1084
17 11034.1363233709 1146
18 11032.8017995348 1202
19 11032.1389342904 1260

0 38319.5684721566 68
1 34309.8342237581 128
2 31933.5607980504 189
3 33229.2898838583 253
4 28537.9076211 315
5 22161.3024307142 379
6 16630.7649418918 449
7 14638.528073775 508
8 12883.6149379439 565
9 12513.0216228029 630
10 11909.6220015781 688
11 11421.8960649819 747
12 11204.1950731189 810
13 11098.1008400694 869
14 11059.2391469099 933
15 11043.8574551533 990
16 11037.7481016024 1054
17 11034.7009516347 1112
18 11033.3295733147 1169
19 11032.6423819174 1229

0 31126.4026986891 56
1 37292.5856207854 116
2 34401.8600585997 180
3 34043.5154075668 245
4 26842.5138572533 308
5 23430.492886811 365
6 16261.5479906745 423
7 14734.3203071563 479
8 13180.5848992942 538
9 12254.9097612042 615
10 11855.9416996124 683
11 11397.7438571293 749
12 11193.5168082685 813
13 11095.5628813087 875
14 11057.575200887 932
15 11042.1766935859 997
16 11035.3023513635 1062
17 11032.6269487019 1124
18 11031.3974484279 1188
19 11030.8144177766 1249

0 33424.6537656369 62
1 35653.2038657501 123
2 35835.6397120422 183
3 33023.6430282009 241
4 28823.0944175665 302
5 21476.3479917066 363
6 17831.1960949353 422
7 14505.9169022347 480
8 13048.1084569907 540
9 12355.4415042032 603
10 11832.0075089349 660
11 11385.1696725052 718
12 11201.2376731593 777
13 11092.0963968991 837
14 11056.1104355982 898
15 11040.2932623448 965
16 11035.0624879475 1029
17 11032.2924572 1091
18 11031.1072840579 1152
19 11030.5120866255 1217

0 34086.358916496 59
1 31025.9022422973 116
2 36704.7667170147 177
3 30333.6839463936 240
4 24618.9635372491 300
5 22102.8419147254 359
6 17262.0580787943 417
7 14501.2662721435 474
8 12855.0904630029 530
9 12378.610285096 602
10 11791.678685628 663
11 11391.5098380751 721
12 11209.7254621653 784
13 11089.8846577277 844
14 11056.039252822 903
15 11041.6171860611 964
16 11035.553925302 1024
17 11032.9401494184 1085
18 11031.768681649 1149
19 11031.192634896 1219

0 36796.494242442 68
1 33017.9989643933 133
2 34957.4252669579 200
3 33596.6289035903 263
4 30061.3898097874 325
5 22672.7597206907 392
6 16978.5471303209 455
7 14871.5014403073 517
8 12924.3454802431 580
9 12445.9514237992 639
10 11895.4050088788 697
11 11420.4950972838 761
12 11180.7323085772 817
13 11089.4607664549 876
14 11057.8626411953 936
15 11042.6347595277 995
16 11035.8609510622 1057
17 11033.0958925361 1115
18 11031.8257113463 1174
19 11031.2030960733 1231

0 39266.3174480719 59
1 34419.6415586041 119
2 34383.0815990387 179
3 34368.6748000161 239
4 28494.5893791242 297
5 23117.902059069 355
6 17057.8667318069 410
7 14682.8464086155 467
8 13030.3759667353 528
9 12586.8982783034 584
10 11854.3179597756 644
11 11447.9501572711 709
12 11197.9732479335 769
13 11089.5999839595 830
14 11053.6688818189 891
15 11042.0172627817 953
16 11036.6904095043 1012
17 11034.2522937211 1069
18 11033.0802972805 1130
19 11032.5001683425 1187

0 36384.9274721788 61
1 35127.9780688037 121
2 30583.7017607352 186
3 32738.6374988185 250
4 26927.6555878318 312
5 22474.7751996609 372
6 16998.987439466 429
7 14797.4485757178 486
8 12989.9800466146 549
9 12485.5923109129 614
10 11841.359237723 674
11 11473.1116997064 732
12 11184.6691795839 795
13 11090.9277531653 855
14 11057.1171005518 915
15 11042.832022929 976
16 11036.0756369616 1036
17 11033.3606900334 1098
18 11032.1238578075 1155
19 11031.5177120719 1216

0 36304.3762646165 59
1 32177.441313404 117
2 31500.9378512763 178
3 34092.8052122409 237
4 27392.9847137145 298
5 21043.6159608969 357
6 16122.8608092998 426
7 14451.3788067001 492
8 13142.351548591 555
9 12455.1383728402 624
10 11898.8302283649 685
11 11418.5106451992 748
12 11179.4376342088 815
13 11089.6091522607 878
14 11054.7572692873 943
15 11042.1676218627 1009
16 11036.3392726859 1067
17 11033.7072528781 1125
18 11032.4920963324 1190
19 11031.8900205252 1250

0 32831.633003256 62
1 35559.264925787 128
2 38182.7503859136 194
3 34492.1031390098 260
4 30057.1770746998 323
5 21179.0268844134 381
6 17298.1583273033 440
7 14473.0186305324 497
8 13116.2308307157 568
9 12502.2281066059 633
10 11872.511598471 698
11 11414.0706428885 763
12 11194.734041682 822
13 11094.8364978636 882
14 11056.6050634685 940
15 11043.3311948038 999
16 11036.8559883296 1057
17 11034.1175757664 1115
18 11032.8144702244 1176
19 11032.1798301754 1239

0 35308.8875665652 63
1 34680.1297542812 123
2 34301.0378108995 179
3 33169.6630943822 238
4 27087.00403523 302
5 21382.73773536 366
6 16680.7839657369 425
7 14719.6594479731 482
8 13014.9067212479 545
9 12377.1537131698 604
10 11916.0150519572 671
11 11414.234909011 741
12 11191.8333530191 799
13 11093.0764423648 862
14 11056.1734049667 931
15 11042.9478207567 990
16 11036.8121275206 1048
17 11034.0905283352 1111
18 11032.8525044164 1173
19 11032.2394673562 1232

0 41320.6252576402 68
1 38711.3363239965 131
2 36646.3912556336 194
3 32287.233558105 258
4 27434.8844696288 323
5 21007.0480081572 384
6 17160.6943733749 447
7 14514.2859669104 510
8 13116.2184915323 569
9 12565.2725429498 627
10 11887.5897272826 684
11 11434.3937826068 748
12 11208.7866801027 808
13 11090.7285510869 869
14 11056.421399179 939
15 11042.3442932729 999
16 11036.3327924509 1060
17 11033.5920492797 1131
18 11032.4453728566 1198
19 11031.8683372087 1261

0 35772.7418656846 74
1 37195.1864877058 134
2 34896.6731649852 197
3 32647.9972139587 265
4 27452.3851323159 327
5 21268.0611861612 384
6 16633.0334238164 444
7 14423.4177121948 510
8 13199.320925907 575
9 12356.4802725545 635
10 11922.0727351699 700
11 11452.5287189806 760
12 11188.5788195072 817
13 11097.8053169627 878
14 11056.7413892581 937
15 11042.4322993727 997
16 11035.7689262091 1058
17 11033.3827074582 1119
18 11032.281082967 1178
19 11031.7313928761 1239

0 39600.4403225638 63
1 38882.2658443669 122
2 33306.0970120902 184
3 33608.1257672535 246
4 28739.9764476798 308
5 21067.7211028878 367
6 16576.8065793735 427
7 14357.227293818 486
8 13086.024742224 546
9 12486.2405544073 605
10 11853.5890971352 667
11 11443.8562873891 725
12 11207.9461432856 803
13 11092.6677752686 880
14 11056.9367289915 943
15 11041.7702147877 1009
16 11035.854431278 1081
17 11033.2567615084 1144
18 11032.1005622125 1212
19 11031.549763771 1291

0 30854.0938646287 68
1 36949.4650321961 129
2 34754.6613877267 195
3 31975.5969340933 256
4 27878.7697514528 317
5 20569.1311272018 379
6 16561.8627680859 437
7 14357.4573019392 496
8 13010.9536474617 559
9 12522.6209381484 615
10 11845.237044321 676
11 11457.2201917447 737
12 11204.9494241506 803
13 11094.2351739268 869
14 11054.8783919276 929
15 11041.3223077783 1001
16 11035.6668662083 1067
17 11033.1587904759 1132
18 11031.9677027703 1198
19 11031.3875820939 1261

0 32625.5521010461 66
1 36418.7102086725 145
2 36008.3216836047 206
3 36909.8347708662 273
4 27558.7469496005 347
5 22168.995039083 406
6 17079.1156916925 471
7 14165.3674977499 542
8 12940.994143685 604
9 12424.0130899618 662
10 11818.2306006774 730
11 11425.125682332 815
12 11179.5637903727 893
13 11091.9431532656 974
14 11055.8228186108 1037
15 11043.5971551801 1100
16 11037.1644130694 1169
17 11034.4916103695 1232
18 11033.2886223896 1291
19 11032.7126705715 1364

0 36501.5175105509 65
1 31053.9447657792 126
2 33335.3275201573 200
3 32812.8703535161 264
4 28270.8700884795 334
5 21253.3176683686 407
6 18018.7858974649 472
7 13958.3317311905 537
8 13025.1363618465 598
9 12683.4344482234 657
10 11926.4988134539 714
11 11410.7684814445 778
12 11183.4756091714 840
13 11089.2170057535 905
14 11055.1151399418 976
15 11041.5030052532 1037
16 11035.0225331396 1096
17 11032.459026497 1160
18 11031.3190442157 1231
19 11030.7761254093 1301

0 33050.917686652 60
1 32167.4444218026 120
2 36727.3706283713 196
3 34057.6455604855 277
4 27682.8674803606 355
5 21321.9816060626 431
6 17189.5267459976 505
7 14773.5416505312 574
8 13111.2738771661 642
9 12416.7665195348 715
10 11874.8860753174 777
11 11387.6471448627 849
12 11175.8381769782 931
13 11095.4146498756 998
14 11056.2724049441 1059
15 11043.2992346527 1121
16 11037.141176816 1184
17 11034.5922842738 1245
18 11033.3755572703 1306
19 11032.7905759259 1366

0 36365.2282668531 68
1 33632.0316477199 133
2 36016.7160001223 197
3 34989.8299889649 267
4 27899.8433181795 338
5 21753.3567202907 418
6 16601.2206322676 509
7 14345.377686179 598
8 13098.7345636547 682
9 12648.0342275839 752
10 11941.5958222224 826
11 11415.3961314374 893
12 11199.8211498216 963
13 11090.848988447 1047
14 11054.4080892922 1118
15 11042.8364178184 1191
16 11036.0789295301 1256
17 11033.2247671958 1325
18 11031.9876372902 1388
19 11031.3756971425 1461

0 31235.6818067271 75
1 35891.3185497792 153
2 34561.0962754465 218
3 33299.0384128118 285
4 29075.255955337 356
5 23484.4480953773 422
6 17605.4659370382 488
7 14427.0560646427 556
8 13203.8755043804 638
9 12730.9457218123 720
10 11854.2244445583 806
11 11456.9582229692 886
12 11213.7964285763 964
13 11088.4154449863 1039
14 11055.5241464555 1107
15 11042.5681727228 1180
16 11036.8905102715 1243
17 11034.2471548302 1312
18 11032.9777734552 1379
19 11032.3628378945 1442

0 34534.1775372193 66
1 35897.2757347695 129
2 35659.3287904492 188
3 33054.703710647 250
4 26301.018767995 317
5 21851.480732813 384
6 17129.0700824373 444
7 14417.3670260797 520
8 13081.1369531752 584
9 12647.8823309673 650
10 11902.401249134 715
11 11437.3698865478 775
12 11194.4131089869 839
13 11093.4993845239 901
14 11059.181733906 961
15 11042.7120444982 1027
16 11036.2205541777 1102
17 11033.7302032116 1166
18 11032.5780580603 1226
19 11032.0151399738 1305

0 33202.4208981251 83
1 34449.1955946228 153
2 32713.2799339716 237
3 35071.6625380878 300
4 28633.9245432348 361
5 22545.7925163582 434
6 17053.7452821775 514
7 14665.8080439261 596
8 13021.7128356332 668
9 12500.5500403676 742
10 11859.6163735378 811
11 11469.1463171661 873
12 11183.7246262707 949
13 11093.8340847339 1026
14 11056.2629077987 1086
15 11041.5890702183 1148
16 11035.5821032588 1226
17 11033.0845193306 1289
18 11031.9177006174 1345
19 11031.3286547834 1410

0 37089.4604785798 56
1 30766.2657760409 116
2 34689.5839788994 174
3 33785.417064334 247
4 27775.6096289663 307
5 22656.4524238399 380
6 16579.5402797881 437
7 14774.177779006 495
8 12994.395493708 551
9 12434.5531660429 608
10 11890.6153732862 673
11 11420.6384899166 733
12 11180.0564581631 800
13 11093.8510405557 863
14 11057.2845267426 926
15 11042.1898042467 990
16 11035.7523940863 1049
17 11032.8841370941 1109
18 11031.6586567009 1168
19 11031.0688761973 1231

0 34399.2289735845 68
1 31770.3213939087 130
2 35797.7327153766 211
3 31755.8168729726 280
4 25999.5800006925 346
5 22374.9588870124 408
6 16618.8351539659 469
7 14518.2226194275 536
8 13149.1912828315 609
9 12530.1461409468 669
10 11830.561977541 729
11 11403.4398066848 788
12 11217.346127846 847
13 11099.2555990932 906
14 11056.6957199607 967
15 11043.1379048154 1035
16 11036.7468281657 1098
17 11034.0030426495 1162
18 11032.7822101265 1235
19 11032.1567391713 1313

0 35764.2111550038 73
1 34626.2328152498 142
2 35292.8668178167 204
3 33656.1091302932 269
4 28933.4818786759 335
5 20884.9371773466 403
6 16775.0235708186 484
7 14256.2869578494 555
8 13078.240723311 619
9 12601.3167920922 688
10 11844.2394587177 753
11 11441.6017010544 816
12 11196.8598746338 875
13 11086.9696548167 941
14 11055.5995453374 1002
15 11042.1541713992 1063
16 11035.9968293659 1121
17 11033.374670491 1180
18 11032.1581084844 1244
19 11031.5601025066 1313

0 36237.0839443619 85
1 34342.3236035248 161
2 36943.5569212024 226
3 37446.797263993 291
4 27866.2915510491 363
5 22198.1184201752 445
6 17113.076078715 514
7 14304.6580258464 585
8 13070.9807512868 644
9 12380.2236491021 715
10 11810.6112068846 778
11 11427.7437665134 845
12 11199.2929983961 908
13 11091.5953088169 968
14 11056.6909883659 1032
15 11043.4268437823 1096
16 11036.7767077594 1160
17 11034.0736825791 1227
18 11032.8187645422 1292
19 11032.1843598822 1351

0 33099.1267168263 64
1 39211.3605046658 125
2 36311.559290805 185
3 31011.9292620347 249
4 27697.6795209287 315
5 20689.0256696915 377
6 17649.8108205885 437
7 14166.320525664 499
8 12982.8198109385 557
9 12405.8212998025 620
10 11862.377197527 686
11 11395.8240454316 750
12 11209.7885492384 825
13 11098.082658338 900
14 11058.2972886836 959
15 11043.2992360781 1024
16 11036.7943608715 1089
17 11034.0582284276 1153
18 11032.8479265836 1213
19 11032.2200184377 1276

