0 35245.6466211791 71
1 34785.70536957 125
2 35302.5930706011 181
3 34591.7132684343 238
4 34146.852131918 299
5 38139.7213069883 355
6 32443.621469743 417
7 33061.745919197 483
8 29798.7590784618 537
9 23848.519035026 595
10 24179.1209110194 650
11 18892.464555353 704
12 17989.776501679 764
13 16610.9653127051 821
14 15251.3047904025 876
15 14157.7480027925 930
16 13346.3694155629 986
17 12631.4631524673 1044
18 12740.3053128968 1101
19 12346.7351825852 1156
20 12112.8058557708 1212
21 11852.8936771134 1270
22 11675.5273818978 1325
23 11640.4294794554 1379
24 11463.5552098857 1440
25 11400.4692966719 1494
26 11355.6370819246 1549
27 11306.879089414 1607
28 11255.7139875006 1665
29 11232.2449994249 1722
30 11196.309250025 1777
31 11198.8744579394 1834
32 11178.1436031542 1891
33 11146.0442709717 1946
34 11156.6499018258 2002
35 11130.0045617436 2060
36 11126.6447012162 2114
37 11129.8413304112 2172
38 11105.492535412 2230
39 11101.199788218 2286
40 11099.2394945481 2341
41 11089.7456267911 2394
42 11079.7892803956 2456
43 11080.4428833898 2517
44 11078.2153169124 2575
45 11074.1844089036 2635
46 11069.1293456038 2691
47 11068.1796254717 2745
48 11064.4462102821 2804
49 11063.5791570737 2869
50 11060.4811582845 2925
51 11060.1679639684 2981
52 11057.2854256055 3040
53 11059.8612300874 3104
54 11056.1945810578 3166
55 11054.6450388578 3226
56 11048.4324673094 3284
57 11049.8577661085 3341
58 11051.3951558949 3398
59 11050.5612268161 3455
60 11047.6298193841 3509
61 11044.6915213163 3561
62 11043.9390432732 3613
63 11044.5099245329 3670
64 11042.8828134889 3727
65 11043.1901650405 3783
66 11042.0152401656 3839
67 11041.1540216395 3895
68 11039.7488938698 3958
69 11039.251984216 4018
70 11038.7281771439 4075
71 11038.6718571236 4131
72 11037.9008881997 4186
73 11037.0891314601 4249
74 11037.0701542407 4306
75 11036.4149839696 4361
76 11036.6652116445 4416
77 11034.8340886349 4478
78 11035.0814580195 4533
79 11034.4500215277 4588
80 11033.3415786892 4647
81 11032.2819700342 4704
82 11031.7644509696 4761
83 11031.6682581504 4815
84 11031.9600716095 4873
85 11031.4717610465 4926

0 32549.0335570811 54
1 32531.6465416025 107
2 34332.6815414424 163
3 35260.1814209702 219
4 36384.8748961078 275
5 35274.8304616519 333
6 33363.5233708974 388
7 33396.9008867244 444
8 29192.2512265217 498
9 25492.2407749647 556
10 23969.7274404471 609
11 19688.8167097863 665
12 18351.7780123927 719
13 16127.78492648 781
14 15106.150406298 838
15 13813.1590016417 892
16 12980.582150229 947
17 12911.8895721666 1001
18 12725.7536167909 1054
19 12307.5498807631 1109
20 12065.8702160961 1168
21 11842.6259468439 1225
22 11740.46996419 1283
23 11561.1991642719 1340
24 11458.3600405593 1398
25 11451.1959735189 1453
26 11364.3184286585 1506
27 11305.348633214 1561
28 11276.7600217905 1614
29 11241.9070477213 1669
30 11198.1640993743 1722
31 11187.4258301566 1778
32 11162.0870841652 1832
33 11149.2695773008 1885
34 11136.4077589335 1940
35 11138.2199452157 1995
36 11132.6646156243 2049
37 11127.5229307069 2101
38 11107.7784472117 2160
39 11094.3165397613 2215
40 11096.2398187565 2268
41 11080.7112371083 2323
42 11086.143250532 2379
43 11078.2457737303 2432
44 11079.4908268645 2487
45 11067.0520466213 2540
46 11072.9140862004 2595
47 11072.0769206555 2648
48 11064.6996600166 2701
49 11063.0541955706 2754
50 11061.8387764518 2807
51 11060.6793719465 2860
52 11057.6678145888 2912
53 11053.9476545254 2966
54 11054.2083725644 3021
55 11054.1739175937 3075
56 11050.3233640263 3127
57 11050.4796256065 3182
58 11048.3083996958 3234
59 11048.169138589 3287
60 11046.7116755178 3341
61 11047.3705785261 3397
62 11044.9292705708 3451
63 11046.4387518841 3504
64 11043.9699286734 3561
65 11044.671357327 3619
66 11043.5171430107 3673
67 11040.893740805 3726
68 11041.7491099633 3781
69 11039.4658448574 3835
70 11039.7913549368 3887
71 11039.2256110991 3939
72 11037.276976619 3994
73 11036.728538588 4051
74 11036.7442082586 4105
75 11035.6993774427 4161
76 11035.4049023433 4220
77 11035.1381670227 4274
78 11035.2300305829 4329
79 11034.2927588932 4387
80 11033.6258027945 4442
81 11033.9469368116 4494
82 11033.7000234065 4547
83 11032.9238831116 4603
84 11032.4835498754 4656
85 11032.1410633343 4708

0 36344.4452664557 54
1 34893.3415047479 110
2 37527.2597868264 162
3 34679.2151755695 216
4 38684.0321049159 270
5 36952.5122819715 327
6 36806.3546681387 380
7 30239.8164694604 432
8 28003.3981621082 488
9 25889.3174724883 543
10 22524.6930336007 596
11 19129.3456907459 652
12 18242.0863968206 710
13 15779.3034345938 767
14 14925.5386698101 823
15 14144.5477948943 878
16 13270.4207351626 936
17 13078.588465828 989
18 12719.7220947991 1041
19 12599.1309480745 1095
20 12065.9701064292 1155
21 11818.9091279251 1209
22 11729.5522033869 1262
23 11619.6694775572 1318
24 11499.8425862241 1372
25 11384.6596420674 1426
26 11336.5233596388 1480
27 11282.3853180359 1536
28 11280.0098504489 1589
29 11201.289362845 1643
30 11223.4772497779 1699
31 11183.3856794174 1753
32 11185.549519028 1805
33 11156.0401160678 1858
34 11143.1551156641 1914
35 11145.0630539556 1970
36 11128.4275621343 2023
37 11114.3608163987 2076
38 11100.6106363933 2133
39 11104.3886548713 2186
40 11100.9537889478 2238
41 11090.3882903665 2292
42 11082.9895568267 2349
43 11078.2704875688 2402
44 11077.6143440903 2454
45 11076.5455869367 2515
46 11077.777637623 2571
47 11066.8463533425 2627
48 11064.2901267533 2682
49 11063.2028575595 2743
50 11064.2072758959 2799
51 11062.6015599662 2855
52 11060.8142203603 2911
53 11056.545606392 2968
54 11055.835254834 3023
55 11054.9022170954 3078
56 11051.3422054537 3138
57 11053.3527394928 3197
58 11050.9380082884 3254
59 11048.4971290935 3309
60 11047.1884006917 3366
61 11046.8736790759 3419
62 11045.800569248 3471
63 11045.2387479373 3527
64 11044.6961287274 3581
65 11042.7359124727 3634
66 11043.126326494 3690
67 11041.6418009594 3748
68 11041.7617307689 3801
69 11040.8025835198 3854
70 11039.3235969668 3909
71 11040.7641432151 3966
72 11039.0015210737 4020
73 11038.2079709638 4074
74 11037.9648442799 4127
75 11036.5494469739 4185
76 11036.1867042234 4243
77 11036.2489785406 4301
78 11035.2137840152 4361
79 11035.0719366007 4420
80 11034.0758020821 4473
81 11033.6677968746 4529
82 11033.8296491652 4589
83 11033.1659345733 4642
84 11032.1278684344 4697
85 11031.8322390289 4753

0 35078.6847627103 54
1 35049.6423071259 105
2 32245.8534623424 160
3 34510.752065985 216
4 33367.6837537795 269
5 35349.7125458274 322
6 35126.8981676986 375
7 33191.9607006241 431
8 30832.4634238888 485
9 24359.39580462 537
10 23382.1056095931 591
11 19684.6613638223 647
12 17024.6875682146 702
13 16369.741279662 755
14 14902.9796136701 809
15 13965.2607227396 862
16 13590.7673390244 915
17 12769.6720510125 971
18 12618.857870045 1027
19 12430.6567957718 1080
20 12212.9849855828 1133
21 11891.0322457689 1191
22 11739.3762384342 1253
23 11554.7053683049 1307
24 11468.177840045 1361
25 11391.2928254329 1422
26 11331.7060845878 1477
27 11299.3774066118 1530
28 11274.4282886792 1583
29 11251.7612563855 1642
30 11223.5494855751 1695
31 11199.7427488307 1750
32 11177.1126353587 1805
33 11177.6688928338 1859
34 11150.6142474013 1914
35 11132.7669543763 1969
36 11119.6471481819 2025
37 11112.0968979208 2078
38 11107.9209766341 2131
39 11104.3485487646 2186
40 11095.7627718107 2242
41 11093.6706224592 2298
42 11091.3219022516 2353
43 11081.6399007378 2407
44 11079.8311574844 2463
45 11070.398561882 2515
46 11069.4823475332 2568
47 11069.5585583254 2624
48 11068.0740638939 2681
49 11064.2694625834 2734
50 11064.1913700216 2787
51 11059.9348161145 2845
52 11060.7724546417 2898
53 11059.9307714076 2951
54 11055.1585806646 3005
55 11055.4406771897 3061
56 11052.9941526212 3114
57 11052.3069096135 3166
58 11051.0135293655 3219
59 11046.8778096992 3275
60 11048.191107641 3329
61 11046.3919036393 3383
62 11044.4600919654 3436
63 11043.4611518292 3490
64 11042.0643022503 3542
65 11042.3779887322 3594
66 11043.2462400204 3652
67 11041.7190515896 3705
68 11039.3488687165 3757
69 11040.0259154435 3809
70 11039.994345163 3868
71 11038.826937607 3924
72 11038.6996940007 3982
73 11036.7757028621 4043
74 11036.0708196907 4101
75 11035.7648466921 4157
76 11034.8625037726 4211
77 11034.6365690961 4269
78 11034.15789211 4322
79 11033.668636334 4374
80 11034.0408726519 4427
81 11033.1545476484 4483
82 11032.8968459447 4538
83 11033.163014269 4593
84 11032.4330564704 4651
85 11031.9891903398 4707

0 37359.0055931685 54
1 33221.4743657773 110
2 35851.3335668192 167
3 34579.7043141578 222
4 36107.8351722199 277
5 35144.9882113765 333
6 34859.2796407364 392
7 31773.2909673632 447
8 28183.0290764291 500
9 26343.6377353429 559
10 23144.1811155699 613
11 20721.5213778401 668
12 17676.3453117718 721
13 16662.3617007993 782
14 15371.5974957026 836
15 14176.3092488267 892
16 13298.0653831147 946
17 12764.1632116741 1001
18 12625.0210920045 1053
19 12532.3031050066 1105
20 12014.227255455 1160
21 11884.7650353431 1216
22 11658.0375778628 1270
23 11537.4498165492 1326
24 11468.5502514573 1382
25 11369.0621794918 1436
26 11304.1914657658 1489
27 11322.4293442574 1542
28 11310.0169044044 1598
29 11233.662246385 1651
30 11212.4788752026 1704
31 11190.480449737 1765
32 11168.0682935749 1819
33 11149.8054780083 1872
34 11152.8330924561 1925
35 11117.3921917682 1980
36 11130.3817997425 2033
37 11114.8269453798 2086
38 11115.2383360317 2139
39 11107.5557868747 2199
40 11101.6773671568 2253
41 11083.2590934136 2310
42 11084.2088937023 2364
43 11072.554352159 2420
44 11078.3873466549 2473
45 11074.9569152072 2526
46 11068.8692125268 2580
47 11064.237351778 2635
48 11067.5927569523 2688
49 11064.7787860937 2740
50 11064.4696957851 2794
51 11060.0250439195 2852
52 11059.2304537549 2906
53 11055.6607863132 2959
54 11056.7077647296 3015
55 11055.2421931994 3068
56 11050.3431778197 3120
57 11049.5710024022 3175
58 11050.3744952093 3232
59 11047.9663226134 3286
60 11048.0680864754 3342
61 11045.8711710419 3403
62 11047.08873296 3458
63 11044.3691021781 3511
64 11043.3998432903 3564
65 11044.7551456259 3626
66 11042.9218199248 3680
67 11042.6422181135 3738
68 11039.9265046334 3793
69 11040.1596479104 3850
70 11039.8215774717 3904
71 11039.3219488719 3957
72 11036.4880803502 4012
73 11037.9927556602 4069
74 11036.290031946 4123
75 11036.4252670547 4181
76 11035.8638312312 4238
77 11035.1314696576 4295
78 11035.2275111171 4351
79 11034.0211357691 4407
80 11032.7503810957 4462
81 11032.6482327325 4517
82 11032.2309738365 4571
83 11032.1832191614 4629
84 11031.8938725094 4684
85 11031.8965047882 4739

0 35774.4465675021 56
1 34296.0256122827 118
2 33327.0581734145 173
3 37111.6610421139 226
4 33188.8416598394 283
5 35147.0278933356 336
6 34917.50561337 388
7 30795.9321165456 442
8 28056.8610918686 500
9 24597.2292968085 558
10 23751.2051339203 617
11 19914.1910621077 672
12 17414.0395507502 731
13 15733.7059722559 785
14 14693.673366945 840
15 13858.5170230389 896
16 13416.1831978022 952
17 12992.6153789858 1007
18 12724.2485424476 1062
19 12359.9268602959 1120
20 12182.7039021569 1178
21 11911.3943764565 1232
22 11709.9063159909 1288
23 11554.2780665886 1344
24 11431.1904953837 1400
25 11433.4212886174 1454
26 11341.7914745648 1516
27 11309.0415133116 1572
28 11247.0610746917 1627
29 11243.6637665022 1682
30 11233.2659869771 1738
31 11192.5846674943 1791
32 11197.0878415045 1844
33 11185.2458345135 1898
34 11144.3329685699 1952
35 11138.5840158243 2008
36 11130.1778692463 2064
37 11117.5573106541 2121
38 11113.4836394044 2174
39 11099.4801374429 2227
40 11096.6158260287 2280
41 11089.8107495779 2338
42 11086.8945574671 2393
43 11077.8065759801 2448
44 11076.4706395023 2504
45 11071.3433130715 2560
46 11069.2144859018 2615
47 11068.4320094514 2673
48 11067.8104441754 2731
49 11064.8175878381 2788
50 11060.8571689466 2845
51 11058.6615880574 2901
52 11061.9565130375 2960
53 11055.2712332112 3013
54 11056.9901086401 3066
55 11054.6998138215 3121
56 11054.5615470818 3176
57 11050.6952635239 3229
58 11049.1209172099 3281
59 11050.2604379901 3337
60 11047.9602214796 3393
61 11046.2377586512 3446
62 11045.6602071039 3500
63 11045.8543381218 3555
64 11043.841103411 3609
65 11044.0853357331 3664
66 11044.2858222695 3719
67 11041.2298257448 3777
68 11040.9923685326 3832
69 11039.5595737678 3885
70 11040.0040366385 3942
71 11038.9680094533 3997
72 11038.0181382587 4050
73 11035.9989454788 4103
74 11035.7421197175 4160
75 11034.8049077496 4212
76 11034.9699729278 4266
77 11034.8455514201 4321
78 11033.5364805778 4380
79 11034.0484200074 4436
80 11033.4477198814 4492
81 11033.2929355091 4548
82 11033.3527734124 4602
83 11032.8267558822 4660
84 11032.1107710557 4715
85 11031.2898425923 4772

0 37132.1388128553 55
1 33761.7334140374 106
2 35873.4432566614 159
3 33457.5050521533 213
4 36380.5683253374 266
5 33919.1573465036 318
6 34876.7213411826 373
7 30382.7287705376 427
8 30103.1759574874 479
9 23698.7604166176 535
10 23943.6587821404 591
11 20779.6140204725 648
12 16595.806708627 702
13 15855.7695265583 757
14 15222.3303971134 813
15 13958.1501347614 865
16 13339.3561997777 920
17 13134.3102606145 982
18 12708.0693791884 1040
19 12302.6761490752 1093
20 12033.0256725844 1147
21 11833.6035882653 1204
22 11660.66673609 1258
23 11625.4278835184 1313
24 11480.4617680121 1369
25 11398.3157705648 1425
26 11346.1427898545 1481
27 11321.9705077052 1534
28 11274.1751911045 1592
29 11240.4829964667 1650
30 11239.7667580349 1703
31 11198.0146521493 1759
32 11175.622701899 1818
33 11158.8743410883 1873
34 11125.5486031008 1932
35 11143.3184024984 1987
36 11126.5537630418 2042
37 11114.7411570899 2096
38 11096.026366932 2148
39 11107.5566133446 2203
40 11098.5650243041 2261
41 11093.0899734044 2315
42 11085.5445505268 2368
43 11075.4202271153 2430
44 11078.2083188041 2484
45 11075.6767920981 2536
46 11074.5325732018 2590
47 11070.5897199881 2645
48 11065.3150082577 2698
49 11064.5844852621 2750
50 11060.8519035749 2806
51 11061.1678085165 2862
52 11057.8587678822 2915
53 11055.6064887105 2973
54 11054.5413409008 3029
55 11051.9327539284 3085
56 11050.4964306595 3140
57 11051.5577403327 3197
58 11049.759824963 3252
59 11047.8911625081 3307
60 11050.4699698574 3362
61 11046.9933165538 3418
62 11045.7164565976 3474
63 11045.9839194015 3529
64 11044.7034754373 3587
65 11042.2684216329 3644
66 11043.9265507571 3702
67 11042.243387014 3759
68 11041.2100444252 3818
69 11041.2637341745 3872
70 11039.8342359819 3931
71 11039.3675585949 3986
72 11038.6492738122 4045
73 11037.5059367501 4098
74 11036.7396720692 4151
75 11036.900730927 4203
76 11036.3858605976 4259
77 11035.6983014293 4312
78 11035.4725946238 4366
79 11035.3041017308 4421
80 11034.4565777869 4476
81 11032.6943877311 4529
82 11032.843201967 4581
83 11032.1195549027 4636
84 11032.1224180776 4689
85 11031.4219687335 4743

0 37795.8865069424 55
1 34309.5777081652 110
2 34250.9006028488 161
3 36789.9400047777 216
4 33276.6622311206 271
5 34510.412823569 327
6 33611.3942059801 379
7 32185.5051842616 432
8 30470.7924485253 487
9 26383.5145131401 543
10 23778.3144684439 597
11 20150.7333336579 650
12 17045.1476642332 707
13 16322.9603885517 762
14 15101.8773490322 815
15 14050.3535726262 868
16 13516.6104102079 923
17 12818.6154420552 979
18 12595.838356105 1036
19 12547.8609834224 1090
20 11999.123743731 1144
21 11848.4164770256 1197
22 11661.9150621448 1253
23 11512.2973393726 1311
24 11506.130989667 1366
25 11394.6844965389 1418
26 11312.9220640421 1471
27 11334.75185437 1526
28 11271.592183151 1579
29 11197.1324391335 1633
30 11223.5498414691 1686
31 11190.4230147719 1743
32 11181.6452796492 1796
33 11177.5526613639 1851
34 11149.7309835411 1906
35 11124.4464218947 1962
36 11121.3416421935 2016
37 11115.2534601384 2069
38 11102.6504185444 2126
39 11097.0598825518 2181
40 11102.8260989075 2234
41 11093.4705041576 2289
42 11082.8983156837 2346
43 11087.3391788429 2399
44 11076.8419668519 2452
45 11075.0383812608 2504
46 11070.2229281832 2565
47 11066.6997756957 2619
48 11064.2531295884 2670
49 11066.4569981685 2726
50 11064.6561979734 2779
51 11060.5511063148 2832
52 11057.9033748 2887
53 11054.3540969742 2943
54 11057.2812396831 2998
55 11054.5001796283 3050
56 11053.2279177946 3102
57 11052.8830422837 3158
58 11050.6467495394 3213
59 11050.2529897633 3268
60 11045.6257652512 3323
61 11049.1284044971 3384
62 11045.0890100563 3439
63 11044.3106303675 3492
64 11044.2893640623 3548
65 11042.018562158 3603
66 11042.8456815955 3657
67 11041.1528563976 3710
68 11039.8306021616 3765
69 11040.5007411905 3818
70 11038.8165119938 3870
71 11037.4649181764 3923
72 11037.8177523916 3980
73 11037.905142339 4033
74 11038.0653391367 4085
75 11036.2497750434 4139
76 11035.8538206759 4194
77 11034.4259811439 4247
78 11034.4479557711 4302
79 11034.0529092226 4356
80 11032.9124634408 4410
81 11033.5994233894 4464
82 11032.6700960136 4518
83 11032.6495560493 4574
84 11031.9483628807 4628
85 11031.1708314166 4680

0 36319.1213272331 55
1 36073.404894414 112
2 36320.4001098455 165
3 32841.4614459169 217
4 35588.1500011244 271
5 38028.3667901216 329
6 35540.6291376953 383
7 31823.4108270258 435
8 28140.1712585699 490
9 24477.9131410078 543
10 22970.563996048 596
11 19395.6807468591 651
12 17614.817226187 706
13 15935.6723751059 759
14 15200.0134581348 810
15 13972.5757053699 865
16 13385.7359130804 921
17 12747.8418049499 974
18 12670.5893754837 1026
19 12625.4764949309 1081
20 12074.8960899489 1135
21 11823.435945353 1187
22 11745.0819707749 1240
23 11583.9793907493 1295
24 11468.9671929 1349
25 11373.6773162258 1403
26 11342.5634996835 1456
27 11304.0218906469 1516
28 11230.9228116676 1571
29 11250.0089315801 1624
30 11199.1502268695 1678
31 11181.5397586389 1732
32 11202.9299736094 1784
33 11172.823702469 1837
34 11144.49520051 1891
35 11129.6471176391 1948
36 11117.6675781108 2001
37 11108.2581293696 2053
38 11102.9047984438 2108
39 11105.3132350096 2163
40 11094.7806917271 2215
41 11092.2314569058 2268
42 11083.3707754673 2326
43 11081.1076681975 2380
44 11082.1589509389 2433
45 11073.2476539679 2488
46 11073.3940523429 2545
47 11071.7036675282 2598
48 11067.0090723507 2653
49 11064.7822594785 2708
50 11062.9835244761 2764
51 11060.9683625658 2817
52 11060.6369350324 2872
53 11058.1851073609 2932
54 11056.9876073703 2988
55 11052.8061910984 3041
56 11051.2912010026 3093
57 11051.6804515041 3148
58 11049.6845375901 3201
59 11048.2672043174 3253
60 11046.025303696 3307
61 11045.0907952743 3362
62 11045.8791594381 3414
63 11045.8521850531 3467
64 11044.2431163748 3523
65 11044.0772349099 3577
66 11043.8806675049 3630
67 11041.7254678064 3684
68 11041.4268985507 3740
69 11038.852158358 3793
70 11038.5869892758 3845
71 11038.2752074109 3897
72 11037.8075658073 3954
73 11037.0724505013 4008
74 11035.5799328623 4061
75 11035.6394072087 4116
76 11034.8588105822 4173
77 11034.9762710283 4225
78 11033.8292040809 4277
79 11033.9789162363 4333
80 11034.2494234019 4388
81 11033.8799419296 4440
82 11033.2498023188 4493
83 11033.4378858988 4549
84 11031.5599383597 4602
85 11031.5073921851 4654
86 11031.3082556927 4709

0 35419.713277239 57
1 35198.5557070406 112
2 31673.6193117485 163
3 36529.1579817415 217
4 34052.9291533619 270
5 35800.3325680373 323
6 33676.6345682471 377
7 33275.9472134422 433
8 28157.4292357013 487
9 25986.0820521289 539
10 22816.4421507736 591
11 19901.5114346459 645
12 16822.400137165 697
13 15910.6940472039 750
14 15385.0677353711 802
15 14444.2224234947 860
16 13253.1299631621 914
17 12770.3700492753 967
18 12646.7242375033 1020
19 12337.6903360131 1077
20 12099.6412999143 1129
21 11880.5732083847 1184
22 11728.8857310447 1240
23 11579.6123455263 1294
24 11461.876922735 1348
25 11419.175292902 1400
26 11342.9516518443 1456
27 11285.7798833322 1510
28 11268.9830377989 1563
29 11241.6885529485 1617
30 11218.6932626555 1673
31 11191.7687063141 1727
32 11169.8795288442 1779
33 11168.6273957094 1833
34 11152.2169685752 1890
35 11130.9875680589 1944
36 11127.4417647084 2001
37 11122.5535228057 2056
38 11109.807715789 2110
39 11099.0929660851 2162
40 11092.2462657465 2214
41 11088.4279427704 2274
42 11086.1973501455 2327
43 11078.034689787 2380
44 11081.4424648173 2432
45 11071.1809970847 2490
46 11069.6693745888 2544
47 11068.7902095306 2597
48 11062.8535639602 2651
49 11068.1479762291 2706
50 11059.8593063192 2758
51 11056.8521377064 2812
52 11057.8847320903 2868
53 11056.5836484698 2922
54 11056.3550644573 2975
55 11053.3249762775 3035
56 11052.5470276076 3093
57 11052.1254943832 3147
58 11049.5140463879 3207
59 11048.7604975569 3262
60 11046.9156340197 3316
61 11047.2195925046 3368
62 11046.9640298131 3420
63 11046.0057994075 3474
64 11043.9692938595 3529
65 11044.7439065392 3583
66 11042.2522796026 3637
67 11041.4379036757 3695
68 11041.1484297661 3748
69 11040.8666937585 3801
70 11039.6644184819 3855
71 11040.1632291056 3913
72 11037.9738476204 3966
73 11037.2796563959 4021
74 11037.2951031372 4077
75 11036.3622907292 4132
76 11036.1406473283 4185
77 11035.2165748017 4239
78 11034.9236625378 4293
79 11034.6895978437 4347
80 11034.090307671 4399
81 11033.4115632204 4452
82 11033.0199586464 4507
83 11032.9937892428 4560
84 11032.1125610255 4614
85 11031.8195452156 4667
86 11031.7006396299 4723

0 34511.020326366 54
1 33635.1372543443 106
2 35863.1544447483 159
3 31949.2653278484 213
4 34931.2336177086 266
5 33533.6660690009 321
6 35123.4472245903 379
7 33242.8066235931 434
8 26120.5876744271 488
9 26692.2247342631 541
10 21863.6920699991 598
11 19350.7325263684 652
12 17807.6027386939 704
13 17282.1217028877 756
14 15382.0392971718 811
15 14078.8127882274 862
16 13391.1235135372 914
17 12944.5808242375 969
18 12608.1092282898 1024
19 12409.1881646901 1075
20 12147.960338424 1128
21 11821.5227508076 1181
22 11657.2442532229 1235
23 11559.4764783042 1288
24 11496.02713844 1343
25 11412.183299599 1400
26 11392.56913292 1456
27 11325.4713159202 1512
28 11259.8190956903 1566
29 11221.2890891745 1623
30 11223.1692074665 1677
31 11187.3543260586 1729
32 11179.3017019805 1784
33 11162.5459946219 1840
34 11134.6687812111 1893
35 11156.05054266 1945
36 11125.811631513 2002
37 11109.8771814989 2057
38 11114.1322392872 2110
39 11097.5574854675 2162
40 11104.5360355475 2217
41 11091.7351103026 2269
42 11091.693549488 2324
43 11078.6803333218 2377
44 11077.619615222 2434
45 11070.6443504856 2487
46 11069.7728194154 2541
47 11068.100469226 2595
48 11063.6166554845 2651
49 11064.4183618769 2704
50 11063.2332845895 2756
51 11059.7215895045 2811
52 11059.9631740199 2864
53 11058.7436494725 2916
54 11054.5062160093 2970
55 11053.2587433554 3026
56 11053.0676526208 3081
57 11051.4908213368 3135
58 11050.0307815035 3187
59 11050.0243172312 3246
60 11046.7751966789 3298
61 11046.3266950865 3354
62 11046.3397941654 3407
63 11045.7058487153 3464
64 11043.1968905766 3523
65 11043.9260969662 3576
66 11042.8716246819 3634
67 11043.026288311 3687
68 11040.7631276029 3739
69 11040.4531414996 3792
70 11039.6488976437 3848
71 11039.4426552256 3901
72 11038.377032031 3952
73 11038.3193696933 4006
74 11037.3760749153 4062
75 11037.9317045998 4116
76 11035.6007314337 4170
77 11035.1862127084 4225
78 11035.6358556565 4279
79 11033.7934281955 4333
80 11033.0083127725 4387
81 11033.7193536847 4443
82 11032.928963898 4497
83 11032.7845759891 4550
84 11031.5372099858 4602
85 11031.9478365512 4663

0 33889.1156631933 55
1 34756.6830067948 106
2 35116.3238833356 158
3 40318.2605452945 212
4 36191.0127135567 265
5 32670.1992615554 317
6 34419.8142469139 372
7 34188.2400224816 425
8 30111.572316002 478
9 24680.0024466251 532
10 23083.1010688079 589
11 19953.2213069741 646
12 18235.0651516798 701
13 16412.4327903593 758
14 15044.2318637209 816
15 13963.8988083407 870
16 13333.0085618519 922
17 13015.1348817244 976
18 12753.3918194907 1030
19 12320.5337650803 1084
20 12119.1831265244 1212
21 11841.1836916596 1279
22 11697.891075749 1339
23 11531.9177707116 1397
24 11460.2515283995 1467
25 11403.6580286278 1524
26 11343.2791635572 1578
27 11292.133051519 1635
28 11287.0077406165 1694
29 11227.0079658504 1749
30 11199.0623138927 1802
31 11192.1195567217 1859
32 11161.5335698466 1917
33 11176.8820126692 1972
34 11152.4676711968 2029
35 11131.7946326126 2086
36 11114.490420314 2140
37 11103.1983878915 2196
38 11100.4382761088 2252
39 11096.3952881459 2308
40 11092.2694565295 2362
41 11089.2101985565 2419
42 11082.8967183766 2477
43 11083.5720970887 2534
44 11081.1265295528 2588
45 11072.3946107684 2642
46 11070.7108977769 2699
47 11068.9313874371 2757
48 11065.9608477533 2812
49 11063.2564669427 2875
50 11066.0583535794 2933
51 11056.3198180935 2988
52 11057.41251753 3046
53 11056.9541386543 3101
54 11054.4342424531 3154
55 11054.220297938 3207
56 11050.8505977425 3265
57 11052.9632035417 3318
58 11050.1909117686 3372
59 11050.4807007129 3424
60 11050.26350553 3480
61 11047.0212645152 3534
62 11046.3358757085 3586
63 11044.7661562466 3641
64 11044.109404133 3697
65 11043.3185780538 3752
66 11042.3792655642 3806
67 11042.982185315 3866
68 11040.5887841743 3920
69 11040.3692456027 3973
70 11039.0633171485 4025
71 11039.6045428904 4081
72 11037.6235016386 4138
73 11037.8329095981 4193
74 11038.4922284386 4250
75 11037.6581793698 4310
76 11036.201435521 4366
77 11035.5341314821 4418
78 11034.150738777 4478
79 11034.1911294458 4534
80 11033.623034834 4587
81 11033.1985133554 4644
82 11032.3885423647 4701
83 11032.2585827404 4758
84 11031.5354227299 4812
85 11031.7788681033 4869

0 34646.257584635 56
1 36308.2361828814 111
2 34027.6488582749 168
3 37093.1700056531 225
4 33456.8037261853 280
5 35222.5604981456 337
6 35275.4946384386 393
7 32488.9195821036 451
8 29503.8042985032 508
9 24722.6556055535 562
10 22100.8442215687 616
11 19944.9976722939 672
12 18007.6970090785 726
13 16245.9613385665 781
14 15265.21114383 843
15 13775.4327942416 898
16 13166.8815756198 951
17 12767.7860455691 1004
18 12759.5462289427 1066
19 12487.9603330588 1123
20 12179.2877170683 1179
21 11873.4940299512 1233
22 11637.7168113363 1287
23 11544.9827475447 1340
24 11499.5622186403 1394
25 11436.8255250014 1450
26 11334.8638121955 1503
27 11310.5381857157 1556
28 11290.375225056 1608
29 11264.239720525 1664
30 11192.1393001472 1717
31 11193.586524997 1769
32 11180.978372948 1823
33 11158.4404504808 1881
34 11137.6893888517 1938
35 11129.3303164092 1991
36 11124.625483426 2047
37 11104.8851086295 2100
38 11108.5468436145 2153
39 11098.9646380595 2205
40 11093.060487229 2264
41 11082.752206589 2319
42 11080.9560657238 2372
43 11082.0524975395 2427
44 11072.4567324845 2486
45 11069.5613389789 2540
46 11069.2419943429 2592
47 11067.6657154471 2647
48 11066.0769175406 2701
49 11065.3699707112 2754
50 11060.3705673054 2808
51 11060.055359949 2864
52 11055.284605695 2918
53 11056.7734039057 2975
54 11054.9343977887 3029
55 11055.1697384719 3087
56 11051.1225930378 3139
57 11051.6806533646 3192
58 11051.9505612315 3247
59 11049.6595985357 3303
60 11048.3338785271 3356
61 11045.7407459866 3409
62 11046.0719985655 3465
63 11045.7024819831 3519
64 11044.1021328978 3572
65 11042.6695541507 3624
66 11043.0569963431 3683
67 11041.1458485609 3737
68 11040.5927517849 3790
69 11040.0078121006 3845
70 11040.9423921499 3904
71 11040.229361764 3960
72 11039.2673945817 4020
73 11038.7419476603 4077
74 11037.8034527875 4131
75 11037.4099083889 4185
76 11036.0809859423 4238
77 11035.4413731987 4295
78 11034.7050855356 4351
79 11035.1508203376 4405
80 11034.0661542874 4460
81 11034.5522828915 4516
82 11033.2029537185 4572
83 11033.6778989155 4626
84 11033.0903654744 4682
85 11032.6229874017 4735

0 36794.3882756726 59
1 37557.4591141152 113
2 33361.1487410909 170
3 35647.2523825854 225
4 32781.2735977251 277
5 33585.2270405277 332
6 33974.9174158656 388
7 33227.4987769044 441
8 29044.5007373217 492
9 26017.6352021974 548
10 22758.7246878576 603
11 19435.5033164648 656
12 18228.2980801867 708
13 16426.1378598822 762
14 14793.0003962708 815
15 14014.6049079699 870
16 13780.6530793798 923
17 12891.8407632745 978
18 12705.2833863119 1030
19 12426.2986696754 1083
20 12220.045398361 1136
21 11850.176698726 1191
22 11686.0344437612 1247
23 11510.4553614001 1300
24 11535.5903057939 1354
25 11404.1150236707 1411
26 11328.0521456364 1464
27 11303.9256026425 1516
28 11262.3075762358 1570
29 11250.1276583591 1624
30 11211.0434227627 1681
31 11188.422250176 1734
32 11182.1444873359 1797
33 11164.4849330869 1850
34 11141.8603678617 1903
35 11123.0066118079 1960
36 11115.7800759448 2019
37 11111.002724843 2077
38 11111.4975242049 2133
39 11099.1931535289 2190
40 11093.4227568987 2248
41 11090.6906616508 2307
42 11087.8353891035 2370
43 11079.0125271992 2426
44 11074.9347323628 2479
45 11071.364697288 2537
46 11073.4831415738 2596
47 11065.9166817938 2653
48 11066.8887944474 2706
49 11065.8749964117 2759
50 11063.7361815267 2816
51 11058.8196006999 2871
52 11056.5648777066 2928
53 11055.8643937184 2984
54 11055.1421108401 3038
55 11054.9896526819 3091
56 11053.8761627155 3147
57 11052.7470946632 3211
58 11049.9923731832 3267
59 11050.28673583 3324
60 11046.6567603238 3381
61 11048.7398699766 3437
62 11045.8444284788 3494
63 11043.9664418063 3547
64 11044.1726996164 3605
65 11043.0191639848 3659
66 11042.479210655 3714
67 11041.3567995165 3771
68 11040.5983292759 3828
69 11039.2483314389 3885
70 11039.2778558781 3939
71 11038.6213939692 3997
72 11037.704716002 4053
73 11037.6312690458 4107
74 11036.7441085397 4166
75 11035.5702125008 4226
76 11035.9502922729 4285
77 11035.4502437685 4340
78 11034.722765511 4395
79 11034.6623912166 4451
80 11034.009376491 4506
81 11033.8077758055 4560
82 11033.0038721939 4621
83 11032.6134927449 4676
84 11032.5870720638 4731
85 11031.6705813349 4784
86 11031.7640397126 4845

0 37273.7854788342 57
1 31884.0825443287 110
2 34372.2994333055 169
3 34859.3790774004 227
4 34747.5669134379 281
5 37481.5927855892 333
6 35692.5454452698 389
7 31579.5639187499 445
8 30711.3937276939 498
9 25826.4850856781 553
10 23713.2981234342 612
11 18777.5162640188 665
12 18084.099398152 718
13 16229.7212859415 774
14 15539.8577516963 827
15 13825.9275371466 880
16 13536.2954444619 932
17 12714.8324101253 987
18 12501.6597024212 1041
19 12395.7868410194 1096
20 12092.1619311778 1155
21 11859.3054721075 1217
22 11636.1002642072 1271
23 11604.7823589788 1324
24 11459.35733787 1379
25 11384.235946783 1433
26 11364.2129830677 1489
27 11302.6434763805 1542
28 11303.6248494745 1598
29 11240.5244529193 1651
30 11192.0998645617 1703
31 11204.6938113556 1759
32 11162.0760080217 1815
33 11163.030454866 1870
34 11152.2262100575 1926
35 11124.5378533817 1981
36 11125.6290620473 2036
37 11111.7040959469 2092
38 11102.827631631 2146
39 11102.4252695711 2210
40 11090.8203864736 2263
41 11091.6927080073 2316
42 11084.5540420033 2373
43 11080.9863414645 2429
44 11072.8388803701 2487
45 11076.4285433586 2543
46 11075.682316757 2603
47 11069.5977856677 2658
48 11070.3263098928 2714
49 11065.8878149966 2768
50 11062.0069006767 2824
51 11057.9704147174 2880
52 11056.0994960536 2936
53 11056.3387032612 2994
54 11055.7412810307 3051
55 11051.7067879092 3105
56 11053.2435453338 3157
57 11051.3475917579 3212
58 11050.8801033131 3265
59 11049.9210504692 3318
60 11048.9799177755 3374
61 11049.1419264226 3431
62 11046.9784912671 3490
63 11045.6934470016 3547
64 11044.9859353539 3605
65 11043.8078502567 3661
66 11042.204778147 3713
67 11041.0210065225 3766
68 11041.1582246053 3821
69 11041.0675422503 3875
70 11040.4630449705 3928
71 11039.2233823026 3987
72 11038.3506530617 4049
73 11038.6542853033 4103
74 11037.1774351009 4155
75 11036.7301626428 4209
76 11037.032078474 4265
77 11035.4329257263 4321
78 11035.5714636116 4375
79 11035.9580674123 4434
80 11034.379794882 4494
81 11035.3321575495 4552
82 11034.4320001833 4606
83 11033.9525001124 4662
84 11033.5454761159 4718
85 11032.5881201287 4771
86 11032.7020811375 4826

0 33473.8807784797 57
1 34028.9025787356 110
2 32693.9019633058 162
3 37022.4259796796 217
4 34477.9161827434 273
5 32050.6394329013 326
6 37272.1050048478 381
7 30202.7560530901 439
8 27824.4674813805 493
9 24981.2379595165 550
10 21748.6569502868 613
11 19795.6608986059 670
12 16826.634267217 726
13 16615.2772930633 780
14 14858.6974383785 836
15 14212.9519421158 891
16 13445.1753974767 944
17 12706.9365202873 1002
18 12434.3318031104 1058
19 12393.2658769108 1113
20 12244.3405559988 1166
21 11867.9437948899 1225
22 11611.2519044487 1282
23 11552.5359206764 1340
24 11508.4201315393 1394
25 11441.5193829393 1454
26 11332.5695364352 1511
27 11292.4111157731 1569
28 11279.2735318632 1628
29 11246.3363956574 1684
30 11217.0212274286 1738
31 11203.3489556822 1790
32 11173.77603532 1849
33 11169.3946241171 1906
34 11144.671439223 1961
35 11129.9206461038 2017
36 11118.9235421872 2078
37 11110.4921672877 2133
38 11110.5241979917 2190
39 11102.4058522607 2248
40 11099.5326156122 2304
41 11090.5004630577 2357
42 11089.6875263584 2410
43 11083.1275181024 2467
44 11077.1343378235 2523
45 11077.3857167011 2577
46 11070.337921713 2631
47 11068.6553665893 2684
48 11064.5061147012 2739
49 11062.758841384 2793
50 11059.8436235453 2850
51 11062.1683356337 2903
52 11057.8779217467 2956
53 11054.4665981288 3008
54 11055.0200585048 3066
55 11053.3970768261 3119
56 11051.1748710504 3171
57 11050.958551128 3224
58 11049.2269865663 3282
59 11049.5332218498 3337
60 11047.1484488649 3389
61 11047.4749890772 3445
62 11046.2548266877 3499
63 11045.2319037996 3553
64 11042.9858728613 3605
65 11042.9201541661 3661
66 11043.5256720035 3714
67 11041.8517227873 3769
68 11041.5370353624 3822
69 11038.7902403348 3879
70 11038.0152510376 3932
71 11037.1276297053 3984
72 11038.6494520841 4037
73 11036.5576145055 4094
74 11038.1631946139 4148
75 11036.0708817141 4201
76 11035.5795467313 4256
77 11034.8569341162 4309
78 11034.7074756214 4366
79 11034.916818844 4421
80 11034.0013392919 4480
81 11033.5296878818 4535
82 11032.4096224881 4595
83 11032.3654384426 4654
84 11032.3165631193 4714
85 11031.8778803212 4773

0 33695.6223179001 60
1 33134.7204613225 117
2 32383.2764785526 170
3 33152.0522899896 227
4 32482.6783034628 284
5 35442.8313560369 343
6 34139.8217811029 401
7 32314.6585158294 455
8 27860.4614705403 512
9 25255.1917131867 566
10 23063.4571836861 622
11 19977.8034765756 679
12 18144.2287296973 735
13 16287.2170211881 790
14 15321.304615876 845
15 14361.2821258864 902
16 13148.5662611264 959
17 12691.5299741252 1015
18 12566.4674787919 1071
19 12310.0995781075 1130
20 12031.0489343961 1187
21 11864.1994844632 1241
22 11713.2203702201 1296
23 11600.8558413613 1356
24 11454.5492084135 1409
25 11391.2574593928 1462
26 11354.0521965751 1516
27 11284.132047778 1570
28 11245.9690434498 1623
29 11240.8154098525 1675
30 11214.1842750024 1732
31 11194.2419450397 1787
32 11170.4085473349 1841
33 11155.4771453813 1895
34 11144.7248234897 1951
35 11129.8011925751 2006
36 11121.1928210421 2059
37 11114.4988873525 2112
38 11117.4893810972 2168
39 11104.3444458555 2222
40 11090.0616522588 2280
41 11092.3948412948 2339
42 11087.4898498759 2394
43 11087.614574266 2449
44 11075.2652914443 2507
45 11072.1344135854 2563
46 11076.6131275857 2620
47 11069.4415460189 2678
48 11067.3929987132 2738
49 11065.3706876581 2795
50 11060.9534982442 2852
51 11058.5452711905 2906
52 11056.7610903618 2964
53 11054.3091056884 3018
54 11054.1469000696 3072
55 11052.0235873605 3126
56 11050.7290792444 3182
57 11049.9317538769 3240
58 11050.6781595193 3297
59 11048.806496482 3355
60 11047.9081463327 3413
61 11046.5234447389 3467
62 11046.0141129699 3524
63 11044.6604995641 3582
64 11044.03889703 3639
65 11044.1861322634 3693
66 11044.3577022095 3749
67 11041.2761602651 3804
68 11042.991643506 3857
69 11040.5570320689 3909
70 11040.1009873999 3964
71 11038.7293425634 4017
72 11038.5110580383 4071
73 11038.7957518665 4125
74 11037.9591362498 4184
75 11037.1664989256 4237
76 11036.8727815996 4290
77 11036.1628931569 4346
78 11035.401324991 4401
79 11034.8949181776 4454
80 11034.9131618878 4506
81 11034.2566492758 4561
82 11033.4886972998 4616
83 11033.2110115247 4670
84 11032.4793793346 4724
85 11032.0402897706 4781

0 35708.4228031195 54
1 34976.763437094 105
2 34724.7917648502 165
3 35809.1770726986 219
4 34361.2485438 276
5 35683.1526458525 329
6 32196.610082826 387
7 30142.0079205547 442
8 28529.1196009674 498
9 26325.1626625325 554
10 24823.1107056311 612
11 19825.2493322043 665
12 17396.2269112486 722
13 16355.3153806703 779
14 14908.0360852464 837
15 14336.6412316652 889
16 13375.6854740898 943
17 12750.7694578129 1001
18 12543.0154827439 1057
19 12366.0340891908 1110
20 12212.6985074815 1164
21 11913.8017775518 1220
22 11739.2272308395 1274
23 11536.1182588007 1329
24 11490.1915211517 1383
25 11414.0452824397 1438
26 11354.2179429671 1492
27 11333.242790066 1549
28 11270.7669262625 1610
29 11245.0247217578 1665
30 11201.0662944101 1719
31 11188.3877607986 1771
32 11167.2510108002 1829
33 11152.477425843 1882
34 11153.4689437431 1939
35 11123.5437845737 1994
36 11123.5820252193 2048
37 11109.2225016548 2100
38 11111.2810271945 2152
39 11097.5791167977 2213
40 11100.3977201344 2269
41 11088.1942448522 2323
42 11086.1471063766 2377
43 11083.5619308326 2438
44 11082.6151734611 2495
45 11070.7386988634 2551
46 11072.5642859789 2607
47 11069.1037637052 2662
48 11064.6354126026 2715
49 11061.6609990538 2768
50 11062.5182318113 2823
51 11058.6539574095 2876
52 11059.2462117336 2929
53 11055.140378362 2983
54 11054.5615402173 3038
55 11053.2956522657 3093
56 11052.2652167391 3146
57 11050.110753529 3199
58 11049.6057875862 3256
59 11048.7563183643 3311
60 11046.9014118781 3364
61 11044.9359579494 3417
62 11046.6611118036 3472
63 11044.4025749526 3525
64 11044.7980398112 3577
65 11043.2252206713 3639
66 11040.245049474 3693
67 11041.5836097368 3745
68 11038.9072476242 3797
69 11039.956837329 3855
70 11038.2451870836 3908
71 11037.9059725563 3961
72 11037.428547287 4017
73 11036.789154879 4073
74 11035.1215791865 4128
75 11035.102920451 4182
76 11035.2224332842 4236
77 11035.3188067018 4290
78 11034.0189359614 4345
79 11033.6111205425 4397
80 11033.8253998871 4453
81 11033.2868403242 4507
82 11032.6053901507 4559
83 11032.2772320187 4612
84 11030.7924761775 4671
85 11031.0158668086 4725

0 35623.6395231929 53
1 36640.0214673814 108
2 32186.6903293575 163
3 37146.3366841752 216
4 35308.0157611477 268
5 35984.3420078668 323
6 30675.4899646456 378
7 30504.3578323574 434
8 28112.355674466 490
9 22970.9598615781 548
10 21572.3756638423 603
11 19221.6444016264 657
12 18063.8275694623 710
13 16486.5273816815 765
14 15112.231219958 817
15 14177.3195959649 871
16 13417.2125221925 925
17 12819.6663423825 981
18 12474.1276012075 1035
19 12451.0530649869 1088
20 12076.5493425299 1145
21 11882.3557023821 1199
22 11744.2783174614 1253
23 11574.0850633386 1307
24 11484.9744168622 1363
25 11394.6882981121 1417
26 11374.2828586878 1470
27 11323.5190526235 1524
28 11249.1582331914 1579
29 11249.8354784421 1634
30 11198.8868094334 1687
31 11170.6674256325 1742
32 11171.8528566671 1797
33 11152.7824354261 1851
34 11140.6970496618 1904
35 11139.1406688985 1961
36 11120.6809172597 2016
37 11119.5622571582 2069
38 11106.5872913039 2125
39 11101.4541572342 2180
40 11092.3280192838 2232
41 11092.4780650395 2286
42 11083.1237637301 2340
43 11083.2207589305 2395
44 11077.7455105603 2447
45 11076.0136560915 2499
46 11070.4187433683 2553
47 11070.2006290631 2609
48 11065.1617894916 2665
49 11060.1792599068 2718
50 11059.0167705892 2774
51 11061.3243865545 2827
52 11062.0631237653 2879
53 11057.2002962924 2933
54 11055.7806133318 2988
55 11055.3273771821 3040
56 11052.3707722534 3093
57 11052.1215112811 3149
58 11050.4988381985 3206
59 11050.7258239543 3259
60 11048.8662134383 3313
61 11045.8849821864 3371
62 11045.5104256541 3426
63 11045.2048499219 3479
64 11045.4331582941 3531
65 11042.7924468872 3587
66 11043.4338982209 3642
67 11042.1757066819 3696
68 11041.0161696956 3750
69 11040.0190667945 3805
70 11041.2165562091 3858
71 11038.4869886228 3911
72 11038.5414627692 3964
73 11037.8338771869 4019
74 11036.689291755 4072
75 11036.3790470602 4125
76 11035.2472662031 4181
77 11034.9662946427 4234
78 11034.1019938569 4287
79 11034.1577181219 4339
80 11033.2440573604 4395
81 11032.6530809744 4448
82 11031.7983409224 4500
83 11032.0603830637 4553
84 11031.8893130029 4613
85 11031.8611595136 4668

0 30875.7812229032 55
1 35098.40144134 115
2 38264.2916866077 169
3 37703.5545111693 221
4 32725.2421259329 273
5 32236.3949085 328
6 33961.9731452816 380
7 31482.1757659616 431
8 27181.0975426766 483
9 26677.8981904639 539
10 22781.3309902015 595
11 18500.5608834815 648
12 17570.0167253915 701
13 16900.6581906258 758
14 14922.3415793645 815
15 13853.1704579343 867
16 13424.9847739292 920
17 12829.6121220138 973
18 12596.8584281939 1028
19 12369.1083908461 1081
20 12070.8795521972 1141
21 11814.0368394111 1194
22 11666.4329447877 1247
23 11514.9694984468 1300
24 11466.9481344499 1362
25 11413.8762031853 1416
26 11356.5204008734 1470
27 11280.6522085253 1523
28 11290.8397859904 1578
29 11240.0666841915 1632
30 11221.9631922487 1687
31 11184.3718318921 1741
32 11182.0671657409 1795
33 11154.6305536999 1847
34 11135.0546737096 1901
35 11148.8573138343 1957
36 11140.2097806366 2011
37 11127.1904157185 2065
38 11110.3274777464 2118
39 11102.7128686294 2175
40 11087.9078081792 2229
41 11085.7752471512 2282
42 11084.9803555123 2335
43 11082.9223397698 2390
44 11071.4302205206 2442
45 11072.7600578381 2493
46 11074.1219359946 2547
47 11067.6029585454 2602
48 11067.136005718 2655
49 11063.9423818852 2709
50 11065.6367434183 2769
51 11061.795543941 2823
52 11057.4391821048 2877
53 11060.003793184 2930
54 11054.1312166133 2985
55 11055.3459340438 3041
56 11053.2143173094 3094
57 11049.3898430365 3148
58 11049.6088775709 3203
59 11047.1216661414 3257
60 11047.4775676734 3309
61 11048.1802007016 3364
62 11046.5515303776 3416
63 11045.4085331567 3469
64 11045.0758908691 3520
65 11043.1144215743 3576
66 11042.0783937451 3630
67 11042.5537235848 3683
68 11041.3297764675 3736
69 11040.1582249802 3793
70 11039.9623403334 3845
71 11039.1397534069 3897
72 11038.5182330958 3951
73 11038.2624274339 4006
74 11038.6591196229 4061
75 11037.0161151376 4114
76 11036.3314909501 4171
77 11035.6807093365 4226
78 11034.6271799109 4282
79 11034.8773410252 4338
80 11034.5350433679 4396
81 11034.585330482 4451
82 11034.0782032288 4505
83 11033.9461848296 4560
84 11033.383240666 4618
85 11032.9867167264 4672

0 33188.4048444054 54
1 39167.8830434787 111
2 29947.5574878976 164
3 34518.8089723921 216
4 34969.1702908308 272
5 34290.51810508 330
6 38282.6548391159 386
7 34940.7393322733 440
8 28165.6016337334 498
9 24935.618683575 554
10 21265.0008587274 610
11 20451.6509061544 664
12 17836.4161361218 723
13 16081.5505505845 778
14 15237.6208807046 835
15 14109.8853343683 889
16 13481.3632422519 946
17 12803.0833794781 999
18 12440.2258888167 1054
19 12571.5969412203 1108
20 12203.4561802972 1167
21 11897.6873356832 1220
22 11694.8632829346 1272
23 11599.12464395 1330
24 11448.0615235266 1385
25 11444.5680242894 1441
26 11313.696432067 1497
27 11263.0093835757 1556
28 11262.520755719 1609
29 11259.163561523 1662
30 11218.1820698946 1716
31 11195.3391616739 1774
32 11181.4567586536 1828
33 11163.8379872298 1879
34 11137.4071592979 1935
35 11140.4430605694 1988
36 11126.2389779337 2041
37 11106.2968822907 2095
38 11114.4473088641 2159
39 11103.9551306033 2213
40 11095.7258958804 2266
41 11093.1243335584 2323
42 11079.8740082804 2380
43 11083.7293323155 2436
44 11078.7639638528 2493
45 11074.7195566836 2551
46 11069.6500753205 2605
47 11068.5050376584 2659
48 11068.4877246335 2715
49 11065.4678159995 2772
50 11064.4474746165 2827
51 11063.1147922862 2884
52 11058.3343821353 2942
53 11058.9409063801 2998
54 11055.981142128 3053
55 11051.93455595 3107
56 11051.4553336645 3164
57 11047.957626683 3216
58 11046.8878065755 3268
59 11048.1079430876 3321
60 11048.2631121407 3377
61 11046.3100192948 3432
62 11045.7390947136 3486
63 11044.2682978428 3542
64 11043.6029220414 3599
65 11042.0563639017 3652
66 11042.8582850947 3705
67 11042.3274938357 3761
68 11039.447247169 3814
69 11040.3730327044 3868
70 11040.2527857818 3925
71 11037.6044348488 3983
72 11038.1692598373 4036
73 11036.3905928524 4090
74 11036.5702732901 4151
75 11036.3871419096 4206
76 11036.7039930693 4259
77 11035.6446751124 4311
78 11035.6659891933 4365
79 11034.497346958 4420
80 11033.4370341582 4475
81 11033.4988253279 4528
82 11032.8600667966 4586
83 11032.7101169942 4640
84 11032.2728382139 4693
85 11032.0038419644 4750

0 35140.6152163329 56
1 37998.8165607058 108
2 37871.7101801019 162
3 34482.7105748652 224
4 31183.9716519966 278
5 34419.1306684448 331
6 39632.8956046413 387
7 32630.9951334352 447
8 28350.9908685991 501
9 23862.664245488 557
10 23322.4668579957 611
11 20302.8431674672 668
12 17549.948771037 724
13 16888.4841877054 776
14 15531.5987089564 831
15 13743.7479338858 885
16 13045.2239650289 938
17 12729.0864563633 990
18 12573.0952955093 1046
19 12470.4881952991 1098
20 12317.9525643998 1150
21 11944.9323049892 1206
22 11692.3959777126 1262
23 11597.9292827362 1314
24 11513.7455487288 1366
25 11426.7933478113 1425
26 11334.4404453436 1484
27 11296.8857684621 1540
28 11270.5197880713 1598
29 11238.5148126339 1663
30 11231.3349694461 1723
31 11188.9415594579 1779
32 11175.0146303758 1838
33 11154.5232623338 1895
34 11128.4144920882 1950
35 11129.2532835566 2003
36 11113.8681538232 2063
37 11120.5552783693 2119
38 11112.1724922018 2175
39 11102.2396450939 2230
40 11088.6783727004 2287
41 11087.7744831809 2340
42 11078.998548144 2397
43 11086.7056076954 2457
44 11081.1401525326 2513
45 11080.1226272318 2569
46 11070.6267634511 2623
47 11068.1599045788 2681
48 11068.3742212639 2738
49 11066.2508277243 2797
50 11062.8260519558 2855
51 11062.6964404484 2912
52 11059.8334657318 2968
53 11053.4718990879 3024
54 11054.1542451644 3084
55 11052.9279176348 3140
56 11053.8566689742 3197
57 11050.6363426251 3256
58 11050.7531072144 3314
59 11048.3668104313 3371
60 11048.8074271996 3427
61 11047.25360535 3485
62 11045.287174738 3538
63 11044.108470008 3591
64 11041.907070592 3647
65 11042.8882940137 3706
66 11041.181207464 3762
67 11039.7912763033 3817
68 11040.3034893399 3875
69 11040.2971624737 3931
70 11039.3996003084 3984
71 11039.1266052653 4036
72 11038.7349656011 4095
73 11037.4078397669 4153
74 11037.2770566657 4208
75 11035.4913479841 4267
76 11035.4638590985 4326
77 11035.2719464294 4381
78 11035.085948477 4432
79 11034.9464655228 4490
80 11034.2456945394 4543
81 11033.6945399033 4596
82 11033.3602142891 4649
83 11033.083262806 4705
84 11032.0881819524 4760
85 11031.3303633925 4816
86 11031.5740290565 4873

0 33274.1866243427 58
1 33293.5078222901 112
2 34257.0947987618 168
3 37779.2227288616 226
4 32439.2594429119 285
5 37450.9887853497 340
6 33376.5181531031 394
7 31839.655765704 451
8 30216.8684673669 505
9 25585.0289523767 559
10 22089.7643093946 615
11 19781.449635664 669
12 17957.7574672605 722
13 15907.746012115 775
14 15491.6171936933 837
15 14014.9594357353 895
16 13221.6159324735 949
17 12853.7124140649 1003
18 12543.1542323062 1068
19 12368.7832843636 1123
20 12074.6682315856 1180
21 11777.4368863065 1242
22 11737.1360449604 1304
23 11587.2087404631 1363
24 11496.6692661503 1425
25 11421.9592237998 1483
26 11286.4061247693 1543
27 11306.2868868191 1600
28 11277.6879090444 1661
29 11243.1562035668 1719
30 11221.7367650095 1776
31 11182.8346980341 1833
32 11186.8831540277 1890
33 11178.9289038368 1948
34 11144.6521170503 2003
35 11135.9378155238 2062
36 11128.777295855 2118
37 11118.5096058573 2175
38 11106.085756945 2236
39 11098.9952618323 2297
40 11099.4137277729 2354
41 11089.4783753629 2412
42 11089.4719976112 2478
43 11085.5370959631 2538
44 11081.332270508 2594
45 11072.7215140267 2653
46 11069.0965973904 2710
47 11069.87908756 2770
48 11064.3616366417 2834
49 11065.6505195703 2897
50 11058.0213453121 2962
51 11059.4133976396 3025
52 11055.8930893966 3089
53 11053.6855261006 3147
54 11052.4667129354 3205
55 11051.7498049237 3260
56 11052.594881176 3315
57 11051.2268985397 3370
58 11049.4841644597 3429
59 11047.7779577056 3491
60 11045.9439075543 3553
61 11047.4737338892 3616
62 11048.1675913134 3685
63 11044.8560147544 3746
64 11044.2530293545 3804
65 11042.5888549129 3872
66 11044.3641143052 3932
67 11041.1465490822 3990
68 11040.2881196929 4047
69 11041.3051772317 4105
70 11039.1788317165 4164
71 11038.5230776628 4225
72 11038.8520064236 4291
73 11037.772400042 4352
74 11036.9194315893 4412
75 11036.3173744113 4476
76 11036.6583248541 4536
77 11034.4214796304 4595
78 11034.7979755154 4653
79 11033.5979804445 4718
80 11033.5332197921 4785
81 11033.3280332281 4848
82 11032.3972158894 4910
83 11032.301996767 4972
84 11031.44703304 5033
85 11031.3235021078 5106
86 11031.5665151229 5166

0 33530.0496954344 61
1 31242.6761466127 120
2 35792.14332972 176
3 35045.9347656001 231
4 37050.5439875406 286
5 34967.3447245671 344
6 31195.0100741305 404
7 31990.4129642547 463
8 29688.7453603364 524
9 27573.6532996995 584
10 23752.3342549595 643
11 20269.6674389205 702
12 17406.5418067474 767
13 16124.4627492031 827
14 15460.2856563783 887
15 14271.4520557684 946
16 13231.4540709841 1008
17 12770.2378013536 1069
18 12665.6677575596 1135
19 12264.4554862145 1197
20 12193.5121808381 1260
21 11884.338214225 1317
22 11782.6133949391 1380
23 11516.0297649448 1439
24 11481.9160118622 1497
25 11408.973785023 1558
26 11366.6074994061 1615
27 11265.3445126752 1672
28 11285.6850887395 1730
29 11224.4829524238 1788
30 11214.6302265429 1847
31 11182.4394460411 1904
32 11183.1076974419 1962
33 11144.6304498849 2020
34 11140.5807576827 2078
35 11136.1138224244 2136
36 11122.5354930987 2199
37 11124.087802274 2257
38 11114.4584942048 2319
39 11101.6435618215 2376
40 11098.4189788639 2433
41 11095.1219380657 2489
42 11087.9896511973 2546
43 11078.404807622 2602
44 11076.3480688811 2659
45 11071.7002653249 2714
46 11073.6571643726 2777
47 11070.8025404777 2839
48 11063.9586948097 2895
49 11064.3722438994 2959
50 11066.2079583366 3028
51 11064.3478589016 3082
52 11057.7898972491 3137
53 11057.7260929389 3193
54 11055.1480094135 3247
55 11054.7720666154 3299
56 11052.5384346597 3354
57 11050.3872059339 3408
58 11050.6191598711 3461
59 11049.740876995 3513
60 11047.8922366884 3568
61 11045.7880739618 3622
62 11044.9429548599 3677
63 11046.6264075062 3730
64 11044.0108890594 3787
65 11043.0846697733 3841
66 11041.8756695103 3894
67 11041.4598062414 3947
68 11041.0074959335 4003
69 11040.1314490945 4056
70 11038.1627886383 4110
71 11037.4944046127 4168
72 11038.4017821263 4225
73 11037.1507214874 4279
74 11036.0185562203 4332
75 11035.9426273912 4389
76 11035.4002093453 4451
77 11034.5745725501 4506
78 11034.8029384835 4561
79 11034.1148266489 4617
80 11034.2743110349 4673
81 11033.5868521905 4727
82 11032.648109856 4785
83 11031.6944669432 4842
84 11030.6858605251 4898
85 11031.2985839746 4954

0 34326.8929733699 59
1 37397.8363214007 114
2 35306.3304315478 169
3 34719.2738612378 225
4 34298.5544990071 280
5 35381.3151258635 333
6 34675.193659148 387
7 31065.672548356 446
8 29674.2152422785 500
9 25151.2694153524 553
10 21613.7845356205 608
11 20594.4896304452 669
12 17539.1809138681 722
13 16709.7489647664 775
14 14817.6530914685 830
15 14098.791200362 886
16 13352.6678692711 942
17 12936.7659265035 995
18 12676.9307451851 1050
19 12312.8492755695 1104
20 12183.697912548 1159
21 11792.2973037177 1213
22 11620.1616887469 1270
23 11537.3229886826 1324
24 11512.3898751616 1378
25 11434.0023632744 1435
26 11374.6571327752 1498
27 11292.9975910762 1554
28 11263.4246152962 1607
29 11228.6614112394 1664
30 11197.6519163396 1718
31 11188.9906448101 1771
32 11182.4852800397 1826
33 11150.1374152317 1884
34 11138.8207228138 1939
35 11140.3559603408 1991
36 11131.3499938474 2047
37 11120.1541518438 2103
38 11116.0989771619 2156
39 11102.8031752703 2210
40 11092.0954918198 2269
41 11091.667863661 2327
42 11089.1948113888 2385
43 11081.8787095973 2442
44 11072.7501260483 2497
45 11074.2392942285 2550
46 11070.13886482 2604
47 11064.7579929209 2658
48 11067.627855977 2714
49 11066.4193629579 2769
50 11061.8605944742 2823
51 11060.9116082743 2880
52 11060.204702441 2934
53 11057.145947284 2988
54 11055.8175101666 3041
55 11055.0978991882 3097
56 11051.7400340337 3150
57 11053.1990255064 3203
58 11048.3476145994 3256
59 11051.2859208073 3312
60 11049.1257622509 3366
61 11047.6271059516 3419
62 11047.3004956633 3477
63 11044.2232767623 3532
64 11043.1238704167 3586
65 11043.7073987401 3638
66 11041.7204576171 3696
67 11041.2260085205 3749
68 11041.4585172708 3803
69 11040.3006318438 3857
70 11038.8631753436 3914
71 11038.0779607085 3971
72 11038.0167997707 4025
73 11036.9005832916 4080
74 11036.8431375456 4134
75 11036.8487033535 4189
76 11035.6558859674 4242
77 11035.7812291574 4298
78 11034.8409181978 4351
79 11035.0134800809 4404
80 11034.294144485 4457
81 11033.4907956349 4516
82 11032.6564299095 4574
83 11033.0055842955 4628
84 11032.6622918106 4683
85 11032.4038476558 4740

