0 40921.3990005326 125
1 38494.5700829671 150
2 34236.3601853864 175
3 26519.4637223716 200
4 17845.267269076 225
5 11853.5499451731 250
6 8280.34709995766 275
7 6110.12323932578 300
8 4750.25213345406 325
9 3905.86397199809 350
10 3371.77524236743 375
11 3011.00780864064 400
12 2756.54283579752 424
13 2576.31619386125 448
14 2450.55051978671 473
15 2360.23739842822 497
16 2292.48600050309 521
17 2243.38089613576 546
18 2209.25389271059 571
19 2185.8763292586 596
20 2169.58664533516 621
21 2158.25251922462 645
22 2150.24471551501 669
23 2144.49394108372 693
24 2140.29852971509 718
25 2137.19886090038 742
26 2134.88686564924 768
27 2133.15024113504 795
28 2131.83424559088 820
29 2130.82174104592 846
30 2130.0262724558 871
31 2129.38609391941 896
32 2128.85803853543 921
33 2128.41258019243 945
34 2128.03036171066 973
35 2127.6991841239 998
36 2127.41085205711 1023
37 2127.15862960389 1048
38 2126.93626203603 1072
39 2126.73826329017 1096
40 2126.56037803171 1121
41 2126.39962496676 1145
42 2126.25401571629 1170
43 2126.12209281804 1195
44 2126.00237180819 1220
45 2125.89299567753 1244
46 2125.79187728216 1268
47 2125.69721938063 1293
48 2125.60804932318 1317
49 2125.52440123682 1342
50 2125.44694139146 1367
51 2125.37619235975 1392
52 2125.31184678973 1417
53 2125.25258339557 1442
54 2125.19639693212 1466
55 2125.14118261942 1490
56 2125.08527971004 1514
57 2125.02768699515 1539
58 2124.96782730455 1563
59 2124.90525053195 1589
60 2124.83991703163 1613
61 2124.77300386116 1637
62 2124.70723684874 1662
63 2124.64594918791 1686
64 2124.59148217124 1710
65 2124.54435312812 1735
66 2124.50365217765 1759
67 2124.4679286413 1785
68 2124.43583017093 1810
69 2124.40634206365 1835
70 2124.3787851099 1859
71 2124.35273077037 1884
72 2124.32791207536 1908
73 2124.30415414948 1933
74 2124.28132611229 1958
75 2124.25931026725 1985
76 2124.23798415486 2012
77 2124.21721192157 2037

0 40881.5482299474 124
1 38731.615723187 150
2 35283.7118323868 176
3 28405.4570387232 202
4 19625.4173478058 226
5 13774.2900045893 251
6 10703.2361151873 276
7 9013.23771145396 300
8 8046.55563433499 325
9 7465.88986349427 350
10 7095.51823924054 376
11 6828.84185016466 402
12 6628.62535348057 427
13 6465.31658969693 451
14 6328.29147830672 476
15 6208.82959444631 500
16 6099.6468997728 524
17 5998.8953960511 549
18 5897.96844598176 574
19 5793.67506319482 599
20 5686.2074402719 624
21 5574.85647171557 649
22 5456.62137776651 673
23 5324.2401308953 698
24 5173.50847027219 722
25 5001.67316502591 748
26 4808.59691608262 773
27 4605.40572464589 798
28 4390.68430783037 822
29 4154.87175681595 847
30 3890.80036287319 871
31 3612.7785569685 895
32 3353.47320673434 919
33 3118.16901262838 944
34 2892.17793192517 970
35 2695.90238388101 994
36 2545.58879874309 1018
37 2426.77652510657 1043
38 2336.17002785937 1067
39 2269.61372449859 1092
40 2225.13602921305 1116
41 2198.18667056522 1141
42 2181.40752457852 1166
43 2170.25125659089 1191
44 2161.73710770989 1215
45 2154.86354550327 1239
46 2148.77735567766 1264
47 2143.46698363202 1288
48 2139.29124055754 1313
49 2136.14570891707 1337
50 2133.75162088066 1362
51 2131.90935594165 1388
52 2130.46049807144 1413
53 2129.35011608714 1437
54 2128.55379009501 1461
55 2127.99026411408 1485
56 2127.58341236567 1510
57 2127.28094006976 1534
58 2127.04821842808 1559
59 2126.86269793047 1586
60 2126.70995304609 1612
61 2126.58063934522 1636
62 2126.46830319162 1661
63 2126.36806007197 1685
64 2126.27594857471 1709
65 2126.18856452523 1734
66 2126.10264173076 1758
67 2126.01490622076 1784
68 2125.92360251842 1809
69 2125.83128605335 1834
70 2125.7435132562 1858
71 2125.66371189825 1883
72 2125.5919035726 1907
73 2125.52673719614 1931
74 2125.46682009707 1956
75 2125.4109656541 1982
76 2125.35815696232 2007
77 2125.3075525756 2031
78 2125.25854096511 2055
79 2125.21081180998 2080
80 2125.16442931232 2104
81 2125.1198584374 2128
82 2125.07785619553 2153
83 2125.03920549292 2178
84 2125.00442076728 2203
85 2124.97360283313 2227
86 2124.94648856734 2251
87 2124.92260069839 2276
88 2124.90139046639 2300

0 41036.5032422039 124
1 38242.8162568512 148
2 34188.0054699923 173
3 28011.9554233991 198
4 20670.5446250508 222
5 13894.5639555892 246
6 8925.76740589617 271
7 6027.48930408672 297
8 4473.30214512749 322
9 3621.56678032364 346
10 3106.88506360893 370
11 2770.89851146787 394
12 2545.82148731382 418
13 2400.00031851979 443
14 2309.1811491412 467
15 2253.97382400709 493
16 2218.30828160013 518
17 2193.7781986083 543
18 2175.9680736689 567
19 2162.80368372859 592
20 2153.52632333742 616
21 2146.93919310316 640
22 2142.13528057036 665
23 2138.50998533918 690
24 2135.68487754683 716
25 2133.45445621338 741
26 2131.71142572515 765
27 2130.3758153362 790
28 2129.36764078079 814
29 2128.61036500439 839
30 2128.03897884365 863
31 2127.60266207943 888
32 2127.26333091942 913
33 2126.99318845127 938
34 2126.77243487676 962
35 2126.58728330094 986
36 2126.42834457892 1011
37 2126.28936145205 1035
38 2126.16617912677 1060
39 2126.05590071674 1085
40 2125.95629276652 1111
41 2125.86547877095 1136
42 2125.78182182917 1160
43 2125.70385534629 1184
44 2125.630206285 1209
45 2125.5595299191 1233
46 2125.49047339161 1257
47 2125.42166166625 1282
48 2125.3517008469 1307
49 2125.27921687339 1332
50 2125.20297899099 1357
51 2125.1221833128 1381
52 2125.03693676306 1405
53 2124.94878491059 1430
54 2124.86081752986 1454
55 2124.77690823959 1478
56 2124.7003454972 1505
57 2124.6327877348 1530
58 2124.57415919576 1555
59 2124.52323604331 1579
60 2124.4783172553 1604
61 2124.43762253773 1628
62 2124.39937495292 1653
63 2124.36165010831 1677
64 2124.32213331476 1702
65 2124.27823401498 1728
66 2124.22847847915 1752
67 2124.17467462765 1777
68 2124.12102701653 1801
69 2124.07020487994 1825
70 2124.02199031897 1849
71 2123.97479698513 1874
72 2123.92710103173 1898
73 2123.87812961357 1924
74 2123.82816577744 1949
75 2123.77854225316 1973
76 2123.73122369472 1998
77 2123.68807163997 2022
78 2123.6501797745 2046
79 2123.61765183888 2070
80 2123.58984169276 2095
81 2123.5657815926 2121
82 2123.54453452835 2146
83 2123.52537798088 2171

0 40993.5005016626 121
1 38159.8765909384 147
2 33221.4850331734 174
3 25133.194943519 199
4 17931.4782028824 223
5 14050.6391527731 247
6 12082.3206771309 272
7 10836.3101259513 296
8 9835.58333873216 321
9 8828.69978061821 347
10 7693.38821690156 373
11 6410.54890552509 397
12 5116.69469588655 422
13 4048.91463373481 446
14 3318.02668764982 470
15 2886.18376206891 495
16 2638.37639902364 520
17 2488.62885223532 545
18 2386.0359804006 570
19 2307.12586736063 594
20 2251.94646004689 619
21 2211.25538256451 644
22 2178.64427473599 668
23 2157.91710315313 692
24 2147.4719463417 716
25 2141.85038092307 741
26 2138.22979663978 766
27 2135.69399526303 790
28 2133.82040601891 815
29 2132.3099936041 839
30 2131.01878487638 863
31 2129.95857381468 887
32 2129.10213043303 911
33 2128.41013885812 936
34 2127.84795350183 962
35 2127.38264368722 986
36 2126.98453957742 1011
37 2126.63261042791 1035
38 2126.32148432426 1060
39 2126.05717309659 1084
40 2125.84020853152 1109
41 2125.66097174217 1133
42 2125.50707692771 1159
43 2125.36778446416 1186
44 2125.23416991072 1211
45 2125.0998790122 1235
46 2124.96537646235 1259
47 2124.838627199 1284
48 2124.72670451035 1308
49 2124.63109730921 1333
50 2124.54998948555 1359
51 2124.48056069487 1385
52 2124.41992343548 1409
53 2124.36556626595 1433
54 2124.31557979507 1458
55 2124.26869310195 1483
56 2124.22416775729 1508
57 2124.18162458924 1532
58 2124.14087844091 1558
59 2124.10182475956 1584
60 2124.06437737537 1610
61 2124.02843289358 1635
62 2123.99384099147 1660
63 2123.96037420142 1685
64 2123.92770389049 1710
65 2123.8954024491 1735
66 2123.86300439388 1760
67 2123.83015084564 1786
68 2123.79677233719 1811
69 2123.76314535458 1836
70 2123.72966878607 1861
71 2123.69651375431 1886
72 2123.66356896605 1911
73 2123.63081429388 1936
74 2123.59867954712 1961
75 2123.56791093118 1986
76 2123.53909905677 2011
77 2123.51239020376 2037
78 2123.4875459697 2061
79 2123.46414240473 2087
80 2123.44172460509 2111
81 2123.41988192631 2135
82 2123.39827479981 2161
83 2123.37664477625 2186
84 2123.35482472009 2211
85 2123.33275276806 2235
86 2123.31048306059 2259
87 2123.28817991117 2284
88 2123.26608442199 2309
89 2123.24445531384 2334
90 2123.22350200751 2361

0 39664.7479792358 125
1 34408.4654808224 150
2 25581.0983651022 174
3 17717.1385579937 199
4 13360.9719321827 225
5 10773.0987827639 251
6 8702.89497083727 277
7 6857.44063556724 303
8 5271.07415263235 328
9 4127.52765669184 353
10 3406.56622641075 377
11 2978.10525838736 402
12 2719.99565829827 428
13 2553.77760348485 455
14 2439.24222010891 482
15 2358.3010043871 507
16 2291.91932947593 531
17 2235.76753927216 556
18 2196.33323734643 582
19 2172.35105761707 607
20 2158.37809384658 632
21 2149.75738672169 657
22 2143.9584131985 681
23 2139.81561229534 705
24 2136.78255851259 730
25 2134.54052526071 754
26 2132.85970477947 779
27 2131.57952145451 803
28 2130.58700757014 829
29 2129.80483632785 854
30 2129.1830590089 879
31 2128.68444615241 904
32 2128.28014374613 929
33 2127.94881844221 954
34 2127.67399777728 979
35 2127.44194947279 1004
36 2127.24104042439 1030
37 2127.06199166302 1055
38 2126.89808008521 1079
39 2126.74495895542 1104
40 2126.60076642832 1128
41 2126.46600650388 1153
42 2126.34170545988 1177
43 2126.22741390025 1201
44 2126.12173926398 1227
45 2126.02399208155 1251
46 2125.93434808499 1276
47 2125.85275405384 1300
48 2125.77820710374 1325
49 2125.70900618823 1350
50 2125.64341335089 1375
51 2125.58010489365 1400
52 2125.51826314908 1425
53 2125.45744708548 1451
54 2125.39740975221 1476
55 2125.33796370064 1501
56 2125.27892960743 1525
57 2125.22016770876 1550
58 2125.16167767612 1574
59 2125.10372961011 1600
60 2125.04694397868 1625
61 2124.99221685827 1652
62 2124.9404581784 1678
63 2124.89225420897 1703
64 2124.8476411616 1728
65 2124.80609315381 1752
66 2124.76667896422 1777
67 2124.72828217076 1802
68 2124.68983223057 1826
69 2124.65055456619 1852
70 2124.61021502509 1877
71 2124.56922512158 1902
72 2124.52844598801 1927
73 2124.48871634408 1952
74 2124.4503822798 1977
75 2124.41310211345 2002
76 2124.37592694348 2028
77 2124.33743409804 2056
78 2124.29573553305 2081
79 2124.24855369362 2105
80 2124.19414798327 2130
81 2124.13337601142 2154
82 2124.07031848176 2179
83 2124.00954345373 2203
84 2123.95377619562 2227
85 2123.90414804596 2253
86 2123.86096085346 2277
87 2123.8239510781 2302
88 2123.79241482247 2326
89 2123.76542745039 2351
90 2123.74208323154 2376
91 2123.72164272921 2401

0 41490.1703854029 126
1 38948.7397614877 150
2 34002.3818345747 175
3 25499.937371251 199
4 18404.812170626 223
5 14803.2376311787 249
6 13083.2341970652 274
7 12159.5948016174 298
8 11583.8447557774 322
9 11102.2530864732 346
10 10587.4795460152 370
11 9950.86675706273 395
12 9156.04414604228 420
13 8232.25336407607 445
14 7246.66882922478 471
15 6313.09743359639 497
16 5514.747614329 522
17 4847.98106960096 547
18 4286.27957400971 572
19 3823.27646455669 596
20 3444.86650945715 621
21 3110.9345842224 647
22 2815.71633518009 674
23 2586.15640526647 699
24 2432.34619362033 724
25 2333.93324074634 750
26 2264.13179616323 775
27 2213.39495575078 800
28 2180.84705094214 825
29 2161.85586459242 851
30 2150.47970315643 876
31 2143.10578984219 901
32 2138.68528223776 925
33 2135.87071714681 950
34 2133.99078904051 974
35 2132.69040435138 999
36 2131.75597734551 1024
37 2131.03510025881 1050
38 2130.36096390732 1076
39 2129.70621295765 1101
40 2129.16267339634 1127
41 2128.75787736569 1152
42 2128.45290712764 1177
43 2128.2049656203 1202
44 2127.98254504843 1226
45 2127.77144585348 1251
46 2127.57188996244 1276
47 2127.38080665892 1301
48 2127.19239091917 1326
49 2127.00399858606 1350
50 2126.81965349081 1374
51 2126.64690788025 1399
52 2126.49035633549 1424
53 2126.35065097999 1449
54 2126.22713237222 1476
55 2126.11876328263 1501
56 2126.02360737468 1526
57 2125.93881679981 1551
58 2125.86146461267 1575
59 2125.78947246137 1600
60 2125.72199428192 1624
61 2125.65910607623 1649
62 2125.60111305546 1675
63 2125.54799500503 1700
64 2125.49928377507 1725
65 2125.45425780378 1749
66 2125.41217109033 1774
67 2125.37235018955 1798
68 2125.33415847281 1822
69 2125.29689846294 1847
70 2125.25971470791 1872
71 2125.22153498918 1897
72 2125.18109170194 1922
73 2125.13710550361 1946
74 2125.08873485408 1970
75 2125.03625908364 1994
76 2124.98159149462 2018
77 2124.92797379096 2043
78 2124.8787239259 2068
79 2124.83588913258 2095
80 2124.79978382237 2119
81 2124.76947405601 2144
82 2124.7435616129 2168
83 2124.72073809152 2192
84 2124.70000210768 2217

0 41027.5480170108 123
1 38438.871707312 147
2 34035.7707933633 171
3 26704.8355889489 195
4 18843.26546727 219
5 13505.8463710544 243
6 10747.8684218586 269
7 9351.23468591511 293
8 8554.60844215298 317
9 8052.47739369276 341
10 7722.73463134187 365
11 7494.82618344255 390
12 7326.35573691225 414
13 7198.18319814892 438
14 7098.04098714142 465
15 7013.32958509388 490
16 6933.97063769369 515
17 6855.94711261866 539
18 6782.12319591125 564
19 6720.3174294969 588
20 6674.33732521095 613
21 6637.2436336946 637
22 6603.92787380423 663
23 6572.24558373549 687
24 6541.1027888819 713
25 6509.26771099112 737
26 6475.88540215631 761
27 6440.95788575026 786
28 6403.83940133865 810
29 6362.80990604928 835
30 6316.07315782727 860
31 6261.45627116385 885
32 6196.34339357373 909
33 6118.03745121119 933
34 6021.4713653058 958
35 5903.32837782898 983
36 5761.24353185295 1007
37 5586.55035022374 1032
38 5369.48897287704 1056
39 5106.60886006901 1082
40 4796.7162077034 1107
41 4455.26403762533 1131
42 4109.78279916996 1155
43 3764.46686155615 1179
44 3432.23460911551 1204
45 3134.58750334964 1228
46 2878.6963538982 1252
47 2657.76348770234 1279
48 2490.35328183895 1306
49 2367.85979679332 1330
50 2280.46896972045 1354
51 2225.45639602355 1379
52 2190.08527182303 1404
53 2168.28859045814 1428
54 2154.17039177141 1452
55 2144.85439044766 1478
56 2139.24079134863 1504
57 2135.67313745172 1528
58 2133.20349957982 1552
59 2131.42806193942 1576
60 2130.13599436696 1601
61 2129.18042477052 1626
62 2128.46467717202 1651
63 2127.92784037199 1676
64 2127.52576498545 1701
65 2127.22246348521 1725
66 2126.98917359238 1749
67 2126.8042333509 1774
68 2126.65190376802 1798
69 2126.52073437449 1822
70 2126.4023243274 1846
71 2126.29100822221 1872
72 2126.18431305981 1897
73 2126.08289415423 1921
74 2125.98860840643 1946
75 2125.90186939911 1971
76 2125.82093090285 1995
77 2125.74338849298 2019
78 2125.66807047746 2044
79 2125.59581708338 2068
80 2125.52868436877 2094
81 2125.46839189775 2119
82 2125.41542482105 2143
83 2125.36918205286 2167
84 2125.3285512969 2192
85 2125.29236407364 2216
86 2125.25960519645 2240
87 2125.22945516323 2264
88 2125.20126032601 2290
89 2125.17448666723 2315
90 2125.14867935402 2339
91 2125.12343365274 2363
92 2125.09837837332 2388
93 2125.07317376525 2412
94 2125.04752607095 2436
95 2125.02121643622 2461
96 2124.99413130513 2486
97 2124.96627124956 2512
98 2124.93771973108 2536
99 2124.90857913201 2561
100 2124.87890922008 2585
101 2124.84870373373 2610
102 2124.81791389281 2634
103 2124.78650202551 2658
104 2124.75450174424 2684
105 2124.7220648644 2710
106 2124.68947720062 2735
107 2124.65712746024 2759
108 2124.62542657917 2783
109 2124.59469984643 2809
110 2124.56509298996 2833
111 2124.53652682565 2858
112 2124.5087071661 2883
113 2124.48117116502 2909
114 2124.45334562588 2934
115 2124.42460518268 2959
116 2124.39433578268 2984
117 2124.36201867725 3008
118 2124.32734197812 3033
119 2124.29031650671 3057
120 2124.25133634699 3082
121 2124.21112584673 3107
122 2124.17057955483 3132
123 2124.13057464709 3157
124 2124.09183464882 3181
125 2124.05486394351 3206
126 2124.01993382618 3230
127 2123.98710101024 3254
128 2123.95624685877 3278
129 2123.92712908219 3305
130 2123.89944214665 3329
131 2123.8728836722 3354
132 2123.84721561064 3378
133 2123.82229779165 3403
134 2123.7980738865 3427
135 2123.77451348152 3451
136 2123.75154255381 3476
137 2123.7290008013 3502
138 2123.70664183786 3528
139 2123.68416399965 3552
140 2123.66124841753 3576
141 2123.63758794023 3601
142 2123.61290265276 3625
143 2123.58694622526 3649
144 2123.55951186294 3674
145 2123.53044998716 3698
146 2123.49971094797 3723
147 2123.46741750137 3748
148 2123.43394495063 3772
149 2123.39995055803 3797
150 2123.3662896876 3821
151 2123.3338235086 3846
152 2123.30321875622 3870
153 2123.2748543197 3894
154 2123.24885834197 3920
155 2123.22520710461 3944
156 2123.20380631448 3969
157 2123.18452393141 3993

0 41372.5630468574 125
1 39521.3540969116 151
2 37090.8521298366 176
3 31713.1095131067 200
4 23178.9983239245 224
5 16511.1998547334 249
6 13225.3995457891 273
7 11489.3924983248 298
8 10180.4051565107 323
9 8809.19642857488 348
10 7318.88153899488 373
11 5886.18400952999 397
12 4713.54078829873 421
13 3859.62672244304 446
14 3274.55883462493 471
15 2887.87746488085 495
16 2641.46345844357 521
17 2483.85641151582 546
18 2369.71270897774 571
19 2286.68027390091 595
20 2233.25941959253 620
21 2200.82415956643 644
22 2180.3048742638 668
23 2166.58578403157 692
24 2156.77898437332 717
25 2149.94221268694 742
26 2144.70534812226 767
27 2140.60523627166 792
28 2137.59170205348 816
29 2135.32705265309 840
30 2133.57293323252 864
31 2132.20643394703 888
32 2131.12146581438 913
33 2130.2389077607 938
34 2129.51592628861 963
35 2128.9244181913 988
36 2128.4338789327 1012
37 2128.01406418129 1037
38 2127.64605499988 1061
39 2127.32730381076 1085
40 2127.06057108282 1110
41 2126.83993034645 1135
42 2126.65224778698 1160
43 2126.48581213799 1184
44 2126.33430054634 1209
45 2126.19577562536 1233
46 2126.06998495581 1258
47 2125.95620956505 1282
48 2125.85262636064 1306
49 2125.75692527607 1332
50 2125.66723612605 1357
51 2125.58265160305 1382
52 2125.50312360418 1406
53 2125.42891245394 1431
54 2125.36001977561 1455
55 2125.29594043333 1480
56 2125.23572848154 1504
57 2125.17817159571 1530
58 2125.12193919736 1556
59 2125.06575357502 1580
60 2125.00874961137 1604
61 2124.95105432401 1629
62 2124.89415066187 1653
63 2124.84036557394 1677
64 2124.79165274893 1701
65 2124.74876349934 1727
66 2124.71135133927 1752
67 2124.67852838938 1776
68 2124.64930808741 1801
69 2124.62279757674 1825
70 2124.59823601057 1849
71 2124.57497751137 1873
72 2124.55246494935 1898
73 2124.53021018374 1922
74 2124.50778871234 1947
75 2124.48485699519 1972
76 2124.46119829139 1997
77 2124.43679099774 2021
78 2124.41187144942 2045
79 2124.38694334042 2070
80 2124.36269317313 2094
81 2124.33981872367 2118
82 2124.31883837922 2143

0 40254.8600426489 122
1 35739.53950001 146
2 27985.7624112083 171
3 19623.4080537123 196
4 14564.0004186593 222
5 12042.161652905 247
6 10679.5060867602 271
7 9791.07496407214 296
8 9147.01187385822 320
9 8647.53902635494 344
10 8252.74038816947 369
11 7945.36309660096 394
12 7716.89616098413 420
13 7549.57905338797 445
14 7422.47067133954 470
15 7325.1745023536 495
16 7248.11132884165 519
17 7185.29388712771 544
18 7133.85628325361 568
19 7090.50611684222 592
20 7053.56031589511 617
21 7021.40741388408 642
22 6992.65153719868 666
23 6966.96884429032 690
24 6945.67276661362 714
25 6929.19867910006 739
26 6916.13463042649 763
27 6904.84670306271 787
28 6894.51516928705 813
29 6884.12364613964 839
30 6873.65971004372 864
31 6864.71759544204 889
32 6858.30483928375 913
33 6853.93391951549 937
34 6850.83749444762 961
35 6848.45895658791 986
36 6846.48770251938 1010
37 6844.79514722384 1035
38 6843.31773162986 1060
39 6841.97486239877 1084
40 6840.71110015098 1108
41 6839.5143441069 1133
42 6838.376921596 1157
43 6837.34240230233 1182
44 6836.4541798094 1207
45 6835.6994357648 1232
46 6835.04100252794 1256
47 6834.44842504534 1281
48 6833.90093698431 1305
49 6833.38489475077 1329
50 6832.88920725995 1353
51 6832.39774640423 1378
52 6831.88502010441 1403
53 6831.34207360745 1429
54 6830.79274883034 1454
55 6830.26075748815 1479
56 6829.75911143783 1503
57 6829.28953871265 1527
58 6828.84438821966 1551
59 6828.41695394962 1575
60 6828.00687397408 1600
61 6827.61750625769 1625
62 6827.25099098231 1650
63 6826.90610993109 1674
64 6826.5787273798 1698
65 6826.26321406389 1722
66 6825.95430042355 1747
67 6825.64873238425 1771
68 6825.34506227467 1795
69 6825.04151193521 1820
70 6824.7342262853 1846
71 6824.41703965489 1870
72 6824.08239170965 1894
73 6823.72335768168 1919
74 6823.33620838425 1943
75 6822.9208643383 1967
76 6822.47757221189 1991
77 6822.00232542454 2016
78 6821.48433053948 2042
79 6820.90615584017 2067
80 6820.24506674569 2091
81 6819.47316630431 2115
82 6818.55379940198 2139
83 6817.43288711844 2163
84 6816.02889147385 2187
85 6814.23557319482 2211
86 6811.95261835426 2238
87 6809.1516102374 2264
88 6805.99493507717 2288
89 6802.95950781238 2313
90 6800.67072271066 2337
91 6799.28288802431 2361
92 6798.50282820993 2386
93 6798.03194401733 2411
94 6797.70380800088 2438
95 6797.44320664055 2462
96 6797.21772189094 2487
97 6797.01284230865 2511
98 6796.82156515603 2536
99 6796.63986575628 2560
100 6796.46435204846 2584
101 6796.29125149327 2608
102 6796.11692892965 2633
103 6795.93975010037 2658
104 6795.76139960996 2683
105 6795.58565607266 2707
106 6795.41603322714 2731
107 6795.25484657126 2755
108 6795.10345582291 2779
109 6794.96244612441 2804
110 6794.83168263345 2829
111 6794.71048772724 2855
112 6794.59787302832 2879
113 6794.4927095386 2903
114 6794.3938194041 2928
115 6794.3000257485 2952
116 6794.21020445177 2977
117 6794.12338101703 3001
118 6794.03889422378 3026
119 6793.95656650722 3052
120 6793.87672731988 3076
121 6793.79998850195 3100
122 6793.72685955486 3125
123 6793.65732954804 3149
124 6793.59017638582 3173

0 40870.1036188662 124
1 37667.9035786873 148
2 32053.2394450652 173
3 23615.348662636 198
4 16456.2824907773 223
5 11955.7138211915 247
6 8910.12832943374 273
7 6552.72680161693 299
8 4798.484609235 323
9 3665.95234922474 348
10 3022.17190429247 372
11 2684.4282250374 397
12 2501.11796860741 421
13 2391.32908180379 445
14 2312.54821961204 470
15 2252.0999879584 496
16 2212.03899176543 521
17 2187.04868488083 546
18 2171.06501579298 570
19 2160.14557371102 594
20 2152.30992075594 619
21 2146.6768028782 643
22 2142.59502433927 668
23 2139.54349469312 694
24 2137.1580035796 719
25 2135.23956887692 744
26 2133.69548359551 768
27 2132.51006726914 793
28 2131.58718894438 817
29 2130.83225140319 841
30 2130.18444989953 866
31 2129.61480949574 891
32 2129.12414791514 915
33 2128.72136083745 940
34 2128.39906189831 964
35 2128.13876954934 988
36 2127.92237349099 1012
37 2127.73608765619 1037
38 2127.57033169972 1061
39 2127.4185876908 1087
40 2127.27651840274 1112
41 2127.14168077262 1136
42 2127.01341884813 1161
43 2126.89237848997 1185
44 2126.77964429892 1210
45 2126.67596145892 1234
46 2126.5813624138 1259
47 2126.49518087715 1285
48 2126.41628295704 1310
49 2126.34334778765 1335
50 2126.27508772619 1359
51 2126.21036384624 1384
52 2126.14820429647 1408
53 2126.08775982024 1432
54 2126.02823206064 1456
55 2125.96879652367 1481
56 2125.90852699419 1507
57 2125.84632255517 1532
58 2125.78085310455 1556
59 2125.71059475306 1580
60 2125.63414094205 1604
61 2125.55105158014 1628
62 2125.46310856664 1653
63 2125.37469088024 1678
64 2125.29083754608 1704
65 2125.21437902855 1728
66 2125.14503352761 1753
67 2125.08054451857 1777
68 2125.01808011082 1802
69 2124.95511252813 1826
70 2124.88998549259 1851
71 2124.82236624228 1875
72 2124.75337618894 1902
73 2124.68509205581 1928
74 2124.61960620883 1952
75 2124.55831102118 1976
76 2124.50177960269 2001
77 2124.45000223235 2025
78 2124.40260347727 2050
79 2124.35892075675 2074
80 2124.31802074156 2100
81 2124.27876153114 2125
82 2124.2399909074 2150
83 2124.20093432684 2174
84 2124.16166750773 2198
85 2124.12329216909 2223
86 2124.08744987576 2247
87 2124.05542394733 2271
88 2124.02756733274 2297
89 2124.00339671644 2323
90 2123.98204097611 2348
91 2123.96262984988 2372

0 41348.176466545 122
1 38680.831949752 148
2 33666.0754368833 172
3 25062.1530185225 197
4 17666.9945783734 221
5 13587.5734595202 246
6 11093.0697706086 270
7 9064.84784210091 295
8 7236.85676618573 320
9 5705.18662175223 345
10 4562.97554814595 370
11 3778.61592750232 394
12 3264.1593805812 418
13 2918.04154139736 443
14 2683.76905931701 467
15 2525.55334312612 491
16 2407.99526763638 515
17 2320.13031854654 541
18 2261.59902527289 567
19 2224.82863958383 591
20 2197.4525869015 616
21 2177.20828825085 641
22 2163.27380612734 666
23 2153.77403922788 691
24 2147.18080864492 715
25 2142.53240118407 740
26 2139.204863931 765
27 2136.78826678982 790
28 2135.00344318472 815
29 2133.66464022442 840
30 2132.63828641943 865
31 2131.80747959594 889
32 2131.1062399111 913
33 2130.5313632784 940
34 2130.06240548195 966
35 2129.66726247611 991
36 2129.32480119035 1015
37 2129.02154624943 1040
38 2128.74820782893 1064
39 2128.49988624454 1088
40 2128.27483868141 1112
41 2128.07196096133 1137
42 2127.88887799402 1162
43 2127.72148896015 1187
44 2127.56503847427 1211
45 2127.41598110292 1235
46 2127.27345959941 1260
47 2127.13921626047 1284
48 2127.01555324487 1308
49 2126.90307304887 1333
50 2126.8004091428 1358
51 2126.7055003753 1383
52 2126.61643488483 1407
53 2126.53112039668 1431
54 2126.44679372351 1456
55 2126.36119822673 1480
56 2126.27541118193 1505
57 2126.19358122879 1529
58 2126.11841330477 1554
59 2126.04928639028 1579
60 2125.98397571697 1603
61 2125.92024883979 1628
62 2125.85634513839 1651
63 2125.79065275832 1676
64 2125.72076248574 1700
65 2125.64279587671 1724
66 2125.55397641749 1749
67 2125.45898622395 1775
68 2125.36871383776 1799
69 2125.29032627277 1824
70 2125.22483489644 1848
71 2125.17041080551 1873
72 2125.12455372789 1897
73 2125.084926678 1922
74 2125.0496532846 1947
75 2125.01734702554 1972
76 2124.98701538599 1997
77 2124.9579378578 2021
78 2124.92956539254 2045
79 2124.90145358149 2070
80 2124.87322606772 2094
81 2124.84455950233 2118
82 2124.81517856232 2143
83 2124.78484461982 2169
84 2124.75331284894 2194
85 2124.72022090002 2218
86 2124.68487387014 2242
87 2124.64600057431 2266
88 2124.60202165631 2291
89 2124.55282712769 2315
90 2124.50185668277 2340
91 2124.45423784335 2366
92 2124.41278873468 2392
93 2124.37753471436 2416
94 2124.34740497408 2441
95 2124.32128601069 2465
96 2124.29829334331 2489
97 2124.27777064724 2513

0 40403.2263854821 125
1 37794.2460754983 149
2 34412.9735698553 174
3 29214.8718378159 198
4 23024.2309303205 222
5 17818.9959122755 248
6 14071.7711509227 272
7 11299.6485407584 297
8 9134.72821722698 322
9 7411.68785177442 347
10 6048.72983766134 371
11 4987.72309526404 395
12 4183.09628632903 420
13 3581.48226146236 445
14 3137.96106587309 470
15 2820.14544105255 495
16 2590.94595057694 519
17 2431.4178919357 544
18 2328.72334227773 568
19 2261.78063168187 592
20 2214.46817049837 617
21 2184.56108461002 642
22 2166.01766117452 667
23 2154.40316968536 692
24 2146.72323856045 716
25 2141.49096765466 740
26 2137.84462529612 765
27 2135.19053410822 789
28 2133.19419254219 813
29 2131.69388509103 838
30 2130.55315828502 863
31 2129.65748096208 888
32 2128.93769472294 913
33 2128.34765337269 937
34 2127.8516196453 961
35 2127.42461187503 986
36 2127.05033629497 1010
37 2126.71673876469 1034
38 2126.4112930998 1059
39 2126.12225799195 1084
40 2125.85678259525 1109
41 2125.63293486939 1133
42 2125.45265064716 1157
43 2125.30805090135 1182
44 2125.19046187551 1207
45 2125.09258297607 1231
46 2125.00888481829 1255
47 2124.93538425151 1281
48 2124.86919165831 1307
49 2124.80810529404 1332
50 2124.75031848873 1356
51 2124.6942238589 1380
52 2124.63830919773 1405
53 2124.58117668693 1429
54 2124.52173741696 1454
55 2124.45956834661 1480
56 2124.39521095683 1506
57 2124.33001214916 1530
58 2124.26538500278 1554
59 2124.20204587368 1578
60 2124.13998374609 1603
61 2124.07923383843 1627
62 2124.02069448764 1651
63 2123.96609695492 1677
64 2123.91707414478 1702
65 2123.87425026768 1726
66 2123.83712309082 1750
67 2123.80457095127 1775
68 2123.77540515762 1799
69 2123.7486655469 1823
70 2123.72368324282 1848
71 2123.70003144532 1873
72 2123.67744997671 1898
73 2123.65577967195 1922
74 2123.63491507167 1947

0 40449.053510837 122
1 37597.7659771667 147
2 33378.8539220383 172
3 26743.4866250736 196
4 19826.791167132 220
5 14871.4284249631 244
6 11716.336183286 269
7 9665.86032447497 293
8 8291.61680384548 318
9 7334.90656802248 343
10 6618.55660234629 368
11 6022.36377239032 392
12 5486.22024586271 416
13 4975.08780686052 441
14 4452.78931255624 465
15 3921.68694834929 490
16 3418.66132583932 514
17 2994.95605150353 541
18 2679.67092991844 566
19 2473.1505777939 590
20 2350.35479796869 614
21 2273.75603193971 638
22 2227.37382030196 663
23 2198.4861113176 687
24 2178.7008758106 711
25 2164.89585053466 736
26 2154.72502243631 762
27 2147.04299834012 789
28 2141.3791631303 814
29 2137.24152462527 839
30 2134.32742919545 863
31 2132.17117588208 888
32 2130.64558880757 912
33 2129.57229791565 937
34 2128.80353893501 962
35 2128.23765870781 987
36 2127.80823583931 1011
37 2127.47155234417 1035
38 2127.19704897552 1059
39 2126.96201515748 1083
40 2126.75001604283 1107
41 2126.55252392478 1132
42 2126.3710959941 1157
43 2126.21167676124 1182
44 2126.07455931976 1206
45 2125.95402785069 1231
46 2125.84357408498 1255
47 2125.73842460602 1279
48 2125.63547271387 1304
49 2125.53262888862 1328
50 2125.42843295302 1354
51 2125.32208938437 1378
52 2125.21382626014 1403
53 2125.1052118143 1428
54 2124.99892259755 1452
55 2124.897817168 1477
56 2124.80385611587 1502
57 2124.71762402852 1526
58 2124.63863420696 1552
59 2124.56597017777 1577
60 2124.49879367028 1602
61 2124.43656435732 1626
62 2124.37900572542 1650
63 2124.32585884377 1674
64 2124.27643874677 1699
65 2124.22903006438 1723
66 2124.18040027548 1748
67 2124.12653709347 1774
68 2124.06578654661 1798
69 2124.00147714656 1823
70 2123.93964352646 1848
71 2123.88487464419 1873
72 2123.83865374442 1897
73 2123.80008843476 1921
74 2123.76732846869 1945
75 2123.73853411436 1971
76 2123.71223048405 1996
77 2123.68731965145 2021
78 2123.6629877468 2045
79 2123.63861485004 2070
80 2123.6137193951 2094
81 2123.58794251094 2118
82 2123.56107115398 2142
83 2123.53309057861 2169
84 2123.50423825468 2195
85 2123.475012958 2219
86 2123.44610072054 2243
87 2123.41822627986 2268
88 2123.39199214184 2292
89 2123.36777629516 2316
90 2123.34571746962 2340
91 2123.32576650422 2368

0 40994.7710994281 123
1 39030.8669452764 148
2 36451.3473907895 172
3 32188.4123008298 198
4 26388.3013793961 222
5 20632.9065999917 247
6 15961.1599923429 271
7 12347.966824796 295
8 9540.05334060537 319
9 7390.00360347058 344
10 5770.74317928908 368
11 4574.73258836773 393
12 3735.30121214601 418
13 3183.98272776674 442
14 2836.15283052443 467
15 2614.12369749884 491
16 2471.20202502158 516
17 2375.28290503861 540
18 2307.6028850785 564
19 2257.41071826856 590
20 2222.28141910778 616
21 2196.97226222418 641
22 2178.71477242339 665
23 2165.65208804899 690
24 2156.34500234158 714
25 2149.57941540835 738
26 2144.56329320551 762
27 2140.78547076065 787
28 2137.9172121022 813
29 2135.73615250189 837
30 2134.07541551733 862
31 2132.80228835463 886
32 2131.81328717818 911
33 2131.03143478382 935
34 2130.40180860561 960
35 2129.88602536539 984
36 2129.45645456974 1010
37 2129.09078791255 1035
38 2128.76860084303 1059
39 2128.473403065 1083
40 2128.20024204275 1108
41 2127.95438739435 1133
42 2127.73766657464 1157
43 2127.5442375118 1181
44 2127.36632106304 1207
45 2127.20008901149 1234
46 2127.04744136359 1259
47 2126.91091386847 1284
48 2126.7890955496 1308
49 2126.6777238519 1333
50 2126.57231526644 1357
51 2126.46996713357 1381
52 2126.37026956824 1406
53 2126.27479183279 1432
54 2126.18520388002 1457
55 2126.1016990852 1482
56 2126.0230187058 1507
57 2125.94750298292 1531
58 2125.8739867276 1557
59 2125.80203125046 1581
60 2125.73164699541 1606
61 2125.66288363084 1631
62 2125.59553899056 1656
63 2125.52900827023 1681
64 2125.46219069389 1705
65 2125.39341744748 1729
66 2125.32047612436 1754
67 2125.24096014307 1778
68 2125.15330693713 1803
69 2125.05857811516 1828
70 2124.96168343823 1853
71 2124.86979135565 1877
72 2124.78846513766 1902
73 2124.71942892945 1925
74 2124.661446475 1950
75 2124.61221264527 1974
76 2124.56953473807 1999
77 2124.53168262905 2025
78 2124.49733518439 2050
79 2124.46542711615 2074
80 2124.43501356063 2099
81 2124.40517699955 2123
82 2124.37497915863 2147
83 2124.34347433229 2172
84 2124.30982667335 2196
85 2124.27357401269 2222
86 2124.23498663581 2247
87 2124.19526946727 2271
88 2124.15627519784 2296
89 2124.11974204569 2320
90 2124.08658196671 2344
91 2124.05671602735 2369
92 2124.02941291099 2393
93 2124.00375731741 2420
94 2123.9789863136 2445
95 2123.9546452545 2470
96 2123.93059984505 2495
97 2123.90693606733 2519
98 2123.88378603545 2544
99 2123.86115480578 2568
100 2123.83883381365 2592
101 2123.81643752432 2617
102 2123.79353443626 2643
103 2123.76981238213 2670
104 2123.74521435901 2694
105 2123.71998131361 2718
106 2123.69456245418 2743
107 2123.66943115606 2768
108 2123.64492366495 2793
109 2123.62120016246 2817
110 2123.5983217179 2843
111 2123.57635666284 2868
112 2123.55543703169 2893

0 41284.7751816535 122
1 38644.9638662668 148
2 34174.718974217 173
3 25543.6783941726 198
4 15364.6947116036 223
5 8769.59420290051 247
6 5510.93268404087 271
7 3896.02752800335 296
8 3108.65201762832 320
9 2721.64676361339 346
10 2507.66831767685 371
11 2374.08242410573 396
12 2287.32533288846 421
13 2230.43499125783 445
14 2195.53334283547 470
15 2174.34055026634 494
16 2161.03235677424 519
17 2152.42338541288 544
18 2146.53515437939 570
19 2142.24917959673 594
20 2139.04286911881 618
21 2136.61188583072 642
22 2134.71204901878 666
23 2133.19468141677 691
24 2132.01702132561 715
25 2131.13771496271 740
26 2130.47704472154 765
27 2129.95474752099 790
28 2129.5136634802 814
29 2129.11923393425 839
30 2128.75328371377 863
31 2128.41128311874 887
32 2128.09880077806 912
33 2127.82185001742 937
34 2127.58014304118 962
35 2127.36888298781 986
36 2127.18208505126 1011
37 2127.01414237779 1035
38 2126.8605644559 1059
39 2126.71820453043 1084
40 2126.58501781115 1108
41 2126.45960564433 1132
42 2126.34079057391 1158
43 2126.22734460228 1185
44 2126.11792598225 1209
45 2126.01127344801 1234
46 2125.906640273 1258
47 2125.80419858162 1282
48 2125.70490894353 1306
49 2125.60967062115 1331
50 2125.51828388392 1357
51 2125.42886640082 1383
52 2125.33810526092 1408
53 2125.24308001547 1432
54 2125.14366075556 1457
55 2125.04062834862 1481
56 2124.93230370094 1506
57 2124.81960247828 1530
58 2124.70976031596 1555
59 2124.60820626568 1580
60 2124.51562617567 1605
61 2124.43182887391 1629
62 2124.35722178733 1653
63 2124.29207963751 1677
64 2124.23587664821 1702
65 2124.18733948205 1726
66 2124.14488133671 1751
67 2124.10697151872 1777
68 2124.072281843 1802
69 2124.03966661261 1826
70 2124.00807988805 1851
71 2123.97651185536 1875
72 2123.94401682947 1899
73 2123.90990401385 1923
74 2123.87406706016 1948
75 2123.83718055577 1974
76 2123.80041503517 1998
77 2123.76479938848 2022
78 2123.73079087472 2047
79 2123.69828621701 2071
80 2123.66683187642 2096
81 2123.63578047908 2120
82 2123.60433236772 2145
83 2123.57151529796 2170
84 2123.53620694569 2196
85 2123.49735144195 2220
86 2123.45450533264 2245
87 2123.4085877427 2270
88 2123.36220319912 2294
89 2123.31885232778 2318
90 2123.28137402618 2342
91 2123.25089212211 2369
92 2123.22692739013 2397
93 2123.20817629427 2422

0 40964.8349661242 124
1 38064.9753557588 149
2 32769.3863359268 175
3 23881.3222774418 202
4 15521.5618878844 227
5 10551.6440244882 251
6 7607.89342251584 276
7 5712.67040891731 300
8 4483.72032545437 324
9 3709.08380156926 349
10 3210.76338553956 375
11 2880.38971575787 400
12 2655.07920286877 424
13 2501.36983531918 449
14 2395.82337965122 473
15 2318.81293692526 497
16 2264.10609775733 522
17 2226.27677461429 547
18 2198.46792596528 572
19 2177.31347495756 596
20 2162.75499531778 621
21 2153.47827564897 645
22 2147.36725013981 670
23 2143.1126308576 694
24 2140.03352430837 718
25 2137.73449169958 743
26 2135.97480775118 769
27 2134.61888942858 793
28 2133.57066065221 818
29 2132.74446611307 842
30 2132.07054140047 866
31 2131.49918917393 891
32 2130.99910833276 915
33 2130.55372495007 940
34 2130.15598584757 965
35 2129.80271080357 991
36 2129.49008213034 1016
37 2129.21175416664 1040
38 2128.95941528964 1065
39 2128.72395006924 1089
40 2128.4963492595 1113
41 2128.269017707 1138
42 2128.03773794163 1163
43 2127.80363558826 1188
44 2127.5736461339 1213
45 2127.35727194435 1237
46 2127.1613220465 1262
47 2126.98634174322 1287
48 2126.81618796532 1311
49 2126.5940290059 1335
50 2126.35059558978 1360
51 2126.16693602194 1385
52 2126.02873293812 1410
53 2125.91405712482 1435
54 2125.81315418284 1459
55 2125.72210060229 1483
56 2125.63890779142 1508
57 2125.56207700924 1532
58 2125.490043332 1558
59 2125.4208780578 1584
60 2125.35230824915 1609
61 2125.28274399227 1634
62 2125.21332515705 1658
63 2125.14801043516 1683
64 2125.09022682206 1708
65 2125.04068448532 1733
66 2124.99826675866 1757
67 2124.96138975667 1783
68 2124.92859283773 1808
69 2124.89865151754 1833
70 2124.87054309109 1857
71 2124.84338825105 1881
72 2124.81640791796 1905
73 2124.78891827818 1929
74 2124.76038633969 1954
75 2124.73055272676 1981
76 2124.69957262206 2005
77 2124.66804607999 2030
78 2124.63681230427 2054
79 2124.60655855421 2078
80 2124.57748418903 2102
81 2124.54920353152 2126
82 2124.52085789642 2152
83 2124.49134785433 2177
84 2124.4597155546 2202
85 2124.42572618209 2226
86 2124.3903959882 2251
87 2124.35586053361 2275
88 2124.32434159997 2300
89 2124.2969786088 2324
90 2124.27347470661 2348
91 2124.25255558864 2373

0 41066.2126919099 122
1 39406.322736 146
2 37489.5160107106 170
3 33714.8038958725 195
4 26633.1189431627 220
5 19125.5927053152 245
6 14765.1488839907 270
7 12630.5312299588 294
8 11446.7620932573 319
9 10700.3791426151 343
10 10141.2699041725 368
11 9702.40585893737 392
12 9333.66581653356 417
13 9020.21104007325 442
14 8755.94512724186 466
15 8523.16535254536 490
16 8314.70492945048 514
17 8131.42528871069 539
18 7967.75334460831 563
19 7819.52472890151 587
20 7678.66569230266 614
21 7535.55840732345 640
22 7381.18515946992 665
23 7214.86249334899 690
24 7043.17602977125 715
25 6870.58533150229 740
26 6694.72979594848 764
27 6508.95298692963 789
28 6306.02982780449 814
29 6089.5439889429 839
30 5864.19523909197 863
31 5625.4081809564 888
32 5368.17972860531 913
33 5096.39785636001 938
34 4806.75694090914 963
35 4500.13801747376 989
36 4188.07067535107 1014
37 3882.5477349165 1039
38 3588.73997377181 1063
39 3313.2262466092 1087
40 3062.11803130291 1112
41 2842.23126642961 1136
42 2659.74092467537 1160
43 2518.64423749369 1185
44 2412.48994047547 1209
45 2327.70453074983 1235
46 2264.64149625479 1260
47 2223.66869573399 1284
48 2195.36805045265 1309
49 2175.5659109619 1333
50 2163.11767776984 1358
51 2155.24142428818 1382
52 2149.47457369807 1407
53 2144.91807756518 1433
54 2140.94289240874 1458
55 2137.76544981675 1482
56 2135.24353341296 1507
57 2133.20569992005 1531
58 2131.5609763343 1555
59 2130.25794441042 1579
60 2129.25392166521 1603
61 2128.49650349193 1630
62 2127.92850364002 1656
63 2127.49879999634 1681
64 2127.16704570446 1705
65 2126.90348671741 1729
66 2126.68713883967 1754
67 2126.50381038788 1778
68 2126.34432266366 1802
69 2126.20295849712 1827
70 2126.07627150454 1853
71 2125.96233432867 1878
72 2125.86013722659 1902
73 2125.76890328074 1927
74 2125.68759783355 1951
75 2125.61490914414 1976
76 2125.54952489509 2000
77 2125.49036639656 2025
78 2125.4366308125 2053
79 2125.38769446531 2078
80 2125.34298998557 2102
81 2125.30192966103 2126
82 2125.26388872549 2150
83 2125.22822885989 2175
84 2125.19433686724 2199
85 2125.16166203928 2224
86 2125.12974531332 2250
87 2125.09823856397 2275
88 2125.0669135439 2300
89 2125.0356599127 2325
90 2125.0044735373 2349
91 2124.97344010563 2373
92 2124.94272002635 2398
93 2124.9125321467 2422
94 2124.88311977914 2448
95 2124.85468112781 2473
96 2124.82726992874 2497
97 2124.80070173176 2521
98 2124.7745007616 2546
99 2124.74788782637 2570
100 2124.71977838159 2594
101 2124.68876417707 2619
102 2124.65309373932 2645
103 2124.61073670612 2670
104 2124.55970703047 2694
105 2124.49888264671 2718
106 2124.42937483447 2743
107 2124.35565822167 2767
108 2124.28469245096 2792
109 2124.22265100823 2816
110 2124.17212248248 2841
111 2124.13219109091 2866
112 2124.10029127572 2891
113 2124.0737937857 2916
114 2124.05067450886 2940
115 2124.02957673504 2965

0 41247.3766070715 124
1 39554.3020108247 148
2 37838.8479813563 172
3 35181.7999410819 197
4 30718.2295945784 221
5 24591.6889340622 245
6 18519.5092526121 270
7 13954.1122001613 296
8 11009.4441105566 321
9 9224.3750409955 346
10 8098.23361211701 371
11 7312.50891261375 396
12 6730.33325939889 420
13 6301.45257831614 445
14 5946.26869241632 469
15 5607.26628396147 495
16 5257.00407091906 521
17 4896.70841975179 546
18 4507.70511157813 571
19 4078.43171826238 595
20 3618.36650324886 619
21 3197.26967346383 644
22 2854.83886578332 668
23 2605.00334610127 694
24 2434.83363003074 719
25 2326.63958675506 743
26 2263.71005889107 767
27 2225.79297316881 792
28 2201.28100872555 816
29 2183.28493455431 840
30 2168.26203035996 865
31 2156.52822202363 890
32 2146.72834844338 915
33 2140.29555523585 940
34 2136.17378650805 965
35 2133.47121897484 989
36 2131.64030326386 1013
37 2130.3682476948 1037
38 2129.46971849313 1061
39 2128.82710018776 1085
40 2128.36125637735 1112
41 2128.01791998594 1137
42 2127.7600364251 1161
43 2127.56227267837 1186
44 2127.40717249578 1211
45 2127.28259816712 1235
46 2127.17998151339 1259
47 2127.09311466217 1284
48 2127.01733038188 1310
49 2126.94890790841 1335
50 2126.88446442843 1359
51 2126.81992243369 1384
52 2126.74877851529 1408
53 2126.66297472637 1432
54 2126.56410591276 1456
55 2126.46709627584 1480
56 2126.38092699602 1506
57 2126.30455509354 1531
58 2126.23485714656 1555
59 2126.16962079654 1579
60 2126.10762920674 1603
61 2126.04833426287 1628
62 2125.99147859826 1652
63 2125.9367431123 1677
64 2125.8835871744 1704
65 2125.83138080668 1729
66 2125.77972801844 1753
67 2125.72871634537 1777
68 2125.67884067747 1802
69 2125.63061799562 1827
70 2125.58422373717 1851
71 2125.53943223647 1875
72 2125.49579630244 1900
73 2125.45282029068 1926
74 2125.40998813447 1951
75 2125.36666835808 1975
76 2125.32198133273 1999
77 2125.27471251297 2024
78 2125.22336885636 2048
79 2125.16651729645 2072
80 2125.10350254836 2098
81 2125.03531289578 2124
82 2124.9648176779 2149
83 2124.89565066834 2173
84 2124.83023155642 2197
85 2124.76840231968 2222
86 2124.70741861214 2246
87 2124.64285254009 2270
88 2124.57010380245 2295
89 2124.48706474829 2320
90 2124.39721936196 2345
91 2124.3090174776 2369
92 2124.23056935162 2393
93 2124.16578426814 2418
94 2124.11466592694 2442
95 2124.07520001098 2466
96 2124.04485024864 2491
97 2124.02131177329 2516
98 2124.00275258255 2540

0 40986.1990729416 121
1 38640.3476545892 145
2 35223.0428316288 171
3 28707.8744395022 197
4 20543.2951750747 221
5 14652.3013952342 246
6 11490.9404694314 271
7 9738.6609986143 295
8 8560.52521310538 319
9 7734.75338915976 343
10 7132.52427866937 367
11 6634.00714243927 393
12 6157.1818259331 417
13 5671.45871883041 441
14 5166.00459677905 466
15 4656.19293225403 490
16 4170.58479427015 515
17 3714.39616620591 540
18 3307.29412594869 564
19 2958.46150136474 590
20 2668.84556230889 615
21 2449.23489410919 639
22 2310.73365870851 664
23 2238.59630693168 688
24 2199.89190347624 712
25 2177.37476669356 737
26 2164.23951400422 761
27 2155.85745284434 787
28 2149.22445157239 813
29 2143.85542522622 838
30 2139.80205579207 862
31 2136.83913856993 886
32 2134.62962598866 910
33 2132.93730192336 934
34 2131.58366602401 959
35 2130.46065399549 984
36 2129.5339077444 1009
37 2128.79479982618 1034
38 2128.22169267417 1059
39 2127.75682777088 1083
40 2127.37517755739 1108
41 2127.08107756476 1132
42 2126.84556544117 1157
43 2126.64517978399 1183
44 2126.46872458039 1209
45 2126.31063527812 1234
46 2126.16569260124 1258
47 2126.02924426547 1283
48 2125.89807515787 1307
49 2125.76935441308 1331
50 2125.64219604295 1356
51 2125.52035348451 1380
52 2125.4078762379 1405
53 2125.3046891536 1431
54 2125.20846521121 1455
55 2125.117046508 1480
56 2125.02900211654 1504
57 2124.9434497185 1528
58 2124.85992729784 1552
59 2124.77853816542 1578
60 2124.70024927312 1603
61 2124.62682012818 1628
62 2124.5599550836 1653
63 2124.50030782975 1677
64 2124.44731788036 1702
65 2124.3997687434 1726
66 2124.35633034427 1750
67 2124.31577179963 1775
68 2124.27695405957 1800
69 2124.23876626836 1825
70 2124.20009537284 1850
71 2124.15987829614 1874
72 2124.11728216781 1898
73 2124.07202181394 1923
74 2124.02468672376 1947
75 2123.97678386199 1971
76 2123.93028781791 1996
77 2123.88691535519 2021
78 2123.84762145212 2045
79 2123.81256100319 2071
80 2123.7813503841 2095
81 2123.75335650025 2119
82 2123.72787554215 2144
83 2123.70419698828 2168
84 2123.6815974943 2193
85 2123.6593074052 2220
86 2123.63648147975 2244
87 2123.61220472079 2269
88 2123.58557389342 2293
89 2123.5558926634 2317
90 2123.52295835756 2342
91 2123.48728916935 2366
92 2123.45007228474 2391
93 2123.41280107838 2417
94 2123.37688117705 2442
95 2123.34347374115 2466
96 2123.31350410922 2490
97 2123.28761752145 2514
98 2123.26606172116 2538
99 2123.24864134841 2563

0 40875.410147805 124
1 38776.5159685829 149
2 36160.6298338447 173
3 32109.174042259 197
4 27008.2258027073 222
5 22399.8364791771 247
6 18825.4993501489 272
7 15828.0913984284 296
8 13133.0847272558 321
9 10751.2385536943 345
10 8783.79130690623 369
11 7199.51454607907 393
12 5900.82804137932 418
13 4846.55174172838 442
14 4004.00393664195 468
15 3390.1457611474 492
16 2975.26244421298 517
17 2694.73228652131 541
18 2506.44034562675 566
19 2379.10141833886 590
20 2295.80987685292 614
21 2242.85103240034 639
22 2209.18230278808 665
23 2186.53782380731 690
24 2170.56148414162 714
25 2159.0736962124 739
26 2150.95370389072 763
27 2145.1500459101 787
28 2140.84525590195 811
29 2137.60155963963 836
30 2135.10520802283 862
31 2133.17843363967 886
32 2131.68872825427 911
33 2130.51842150564 935
34 2129.58114589869 959
35 2128.82844779987 984
36 2128.22978435778 1008
37 2127.75537311087 1032
38 2127.37710849668 1058
39 2127.07236908911 1085
40 2126.82329186411 1110
41 2126.61524508898 1135
42 2126.43696079613 1160
43 2126.28164277597 1184
44 2126.1468101321 1208
45 2126.03165688367 1233
46 2125.93422293949 1259
47 2125.85102261396 1284
48 2125.77829895452 1309
49 2125.71299663807 1334
50 2125.65298113429 1358
51 2125.5968824845 1383
52 2125.54388893387 1407
53 2125.49359348548 1431
54 2125.44588294611 1456
55 2125.40083815518 1481
56 2125.35863209559 1505
57 2125.31943419125 1530
58 2125.28333671392 1554
59 2125.25031229077 1579
60 2125.22020033388 1603
61 2125.19271356316 1628
62 2125.16745482458 1653
63 2125.14393642493 1679
64 2125.12159755053 1704
65 2125.09982019106 1728
66 2125.07795061044 1752
67 2125.05533962076 1776
68 2125.03141350886 1801
69 2125.00576925609 1825
70 2124.97826082823 1849
71 2124.94904604788 1874
72 2124.91859639878 1900
73 2124.88763395999 1924
74 2124.85687932482 1949
75 2124.82665528578 1973
76 2124.79668043315 1997
77 2124.76627068322 2021
78 2124.73477833304 2046
79 2124.70197058682 2071
80 2124.66817869016 2096
81 2124.63418627051 2120
82 2124.60091744498 2144
83 2124.56907154317 2169
84 2124.53890801815 2194
85 2124.51031807818 2218
86 2124.48311245343 2242
87 2124.45728344288 2267
88 2124.43304447354 2293
89 2124.41066618553 2318
90 2124.39028905854 2342

0 41226.4324182327 121
1 38364.5084036195 147
2 33505.9130720436 173
3 25108.6028389617 198
4 16622.1452254918 222
5 11133.1156074143 246
6 7701.13666526692 271
7 5495.78458378423 295
8 4132.53074722216 319
9 3336.88571181275 345
10 2873.11430325664 371
11 2604.01432330944 396
12 2441.39104090764 420
13 2333.33115661768 444
14 2261.3048056167 468
15 2215.84328385853 493
16 2187.06999676159 517
17 2169.80511754904 542
18 2159.07890299175 567
19 2151.88459933429 592
20 2146.73671956959 615
21 2142.86164649838 639
22 2139.84364641122 664
23 2137.46833559327 688
24 2135.58807189903 712
25 2134.09703197024 737
26 2132.92468502253 762
27 2131.97421247708 787
28 2131.19972908724 811
29 2130.56428292203 835
30 2129.99424198762 859
31 2129.44920618607 884
32 2128.94904359754 909
33 2128.51354266135 933
34 2128.12602381726 959
35 2127.75568297906 983
36 2127.39754070396 1008
37 2127.06758031667 1032
38 2126.76669094899 1056
39 2126.48714701145 1080
40 2126.22298449462 1104
41 2125.97165658562 1129
42 2125.73379414675 1154
43 2125.51235169689 1181
44 2125.31045992118 1205
45 2125.12951706389 1230
46 2124.96935905644 1254
47 2124.82958902023 1278
48 2124.70999892422 1302
49 2124.60970472556 1326
50 2124.52656629278 1351
51 2124.45765985767 1377
52 2124.40003670851 1401
53 2124.35114906539 1426
54 2124.30895214976 1451
55 2124.27185742368 1476
56 2124.23864295593 1501
57 2124.20836134973 1525
58 2124.18025783504 1551
59 2124.15370061819 1577
60 2124.12811765021 1602
61 2124.10292124425 1627
62 2124.07737704698 1651
63 2124.05032778298 1675
64 2124.0196561126 1700
65 2123.98177070364 1723
66 2123.93320898272 1749
67 2123.87627648782 1774
68 2123.81990263982 1799
69 2123.77056952644 1823
70 2123.72890325874 1847
71 2123.69327276666 1871
72 2123.66213330019 1896
73 2123.63444552734 1921
74 2123.60955627928 1946
75 2123.58703624461 1971
76 2123.56656208397 1996

0 41260.0347337434 121
1 38699.6196768872 146
2 34241.7154832989 171
3 26476.6650203875 196
4 18684.4044738219 221
5 13925.1170167275 246
6 11419.6333416987 270
7 10118.7225777496 295
8 9362.23026441822 319
9 8871.90700214781 344
10 8519.10376747342 370
11 8245.20116667136 394
12 8023.00792283806 419
13 7837.41109762349 443
14 7680.05515079072 468
15 7545.12802843586 493
16 7434.11578106926 517
17 7343.97873896593 541
18 7272.95081940187 566
19 7217.32861413504 591
20 7172.82145441515 616
21 7135.82927155985 640
22 7104.90678280899 665
23 7078.70332738689 689
24 7055.9661081854 713
25 7036.03134074887 737
26 7019.67092804678 762
27 7006.33816650471 788
28 6994.70845670715 812
29 6983.76378194372 837
30 6973.13042431473 861
31 6962.76114987523 885
32 6951.94286280817 910
33 6939.91723666054 934
34 6927.42334025689 958
35 6915.67158140441 985
36 6905.833635785 1011
37 6898.59399303506 1035
38 6893.28252150254 1060
39 6888.9226315974 1084
40 6884.77646095373 1109
41 6880.12914504264 1133
42 6874.4958168481 1157
43 6868.0949877186 1182
44 6861.54582286135 1209
45 6853.65585963234 1234
46 6845.51083127272 1258
47 6839.25824394786 1283
48 6835.73506325175 1307
49 6833.69147071197 1332
50 6832.24107631585 1356
51 6831.00088939418 1382
52 6829.81912635985 1407
53 6828.66394192157 1432
54 6827.56336644407 1456
55 6826.53981791092 1480
56 6825.58911431566 1504
57 6824.69186523982 1528
58 6823.82566772429 1553
59 6822.97093948354 1578
60 6822.11237887649 1604
61 6821.23776515035 1629
62 6820.33923752577 1653
63 6819.41474877613 1677
64 6818.46382940722 1702
65 6817.48320359526 1726
66 6816.45858980581 1751
67 6815.38495325791 1775
68 6814.27123158983 1801
69 6813.11704727089 1826
70 6811.92975236118 1851
71 6810.72772777974 1875
72 6809.53006698907 1900
73 6808.34578114935 1924
74 6807.17518350754 1949
75 6806.01716512521 1973
76 6804.87163999439 1998
77 6803.73690841155 2024
78 6802.60747122281 2048
79 6801.47359678408 2072
80 6800.31610117999 2097
81 6799.10255536932 2121
82 6797.83333771661 2145
83 6796.54524380088 2169
84 6795.25473952679 2195
85 6793.95684779438 2220
86 6792.63813334165 2244
87 6791.28309704003 2269
88 6789.87646628958 2293
89 6788.4030618045 2317
90 6786.84557667778 2342
91 6785.18268109945 2367
92 6783.38178812581 2394
93 6781.37487373353 2420
94 6779.13041738796 2444
95 6776.5989305608 2468
96 6773.67091733834 2493
97 6770.28511112318 2517
98 6766.34011357904 2541
99 6761.69523562525 2565
100 6756.48661339702 2590
101 6751.20839120627 2616
102 6746.35237914327 2641
103 6742.27021617545 2666
104 6738.90546640649 2690
105 6736.00135485367 2715
106 6733.3322697792 2739
107 6730.78382387247 2764
108 6728.3126507543 2788
109 6725.90675778724 2814
110 6723.57802956317 2839
111 6721.33425085326 2864
112 6719.17536547823 2889
113 6717.10206868197 2914
114 6715.1156413738 2939
115 6713.21124455392 2963
116 6711.38205311231 2987
117 6709.62972173668 3013
118 6707.96464842554 3038
119 6706.39567227733 3062
120 6704.92147059094 3087
121 6703.52396805064 3111
122 6702.16541915933 3135
123 6700.84289243487 3160
124 6699.56088024731 3184
125 6698.31679648429 3209
126 6697.10291851188 3235
127 6695.90664780336 3259
128 6694.71446574785 3284
129 6693.52463289198 3308
130 6692.35232906452 3332
131 6691.20895937812 3356
132 6690.10026139218 3380
133 6689.01409991037 3406
134 6687.93117638229 3433
135 6686.85967180027 3457
136 6685.80671863033 3481
137 6684.77158213857 3506
138 6683.74800707833 3530
139 6682.72385493675 3554
140 6681.68027909511 3578
141 6680.59853974897 3602
142 6679.47549411809 3628
143 6678.31611160476 3653
144 6677.13981591835 3677
145 6675.9452418514 3701
146 6674.71760555764 3725
147 6673.478819928 3750
148 6672.2140488234 3774
149 6670.89056248079 3799
150 6669.4644757799 3825
151 6667.85669332791 3851
152 6665.87525974616 3876
153 6663.27617783919 3901
154 6660.04579968817 3925
155 6656.16855977304 3949
156 6650.38590157468 3973
157 6643.86735223895 3998
158 6638.02759240101 4023
159 6632.90134687361 4048
160 6628.26235992547 4072
161 6623.71090043314 4097
162 6616.86476464908 4121
163 6610.17594377214 4145
164 6605.9507379243 4169
165 6603.48243749674 4193
166 6601.87190217513 4218
167 6600.63233327789 4243
168 6599.53644326682 4268
169 6598.49147994647 4292
170 6597.51470169826 4316
171 6596.59991998379 4341
172 6595.73467854085 4365
173 6594.90877426678 4390
174 6594.11399366452 4415
175 6593.3431517798 4440
176 6592.58880461937 4465
177 6591.84161959694 4489
178 6591.09038424471 4514
179 6590.32660276052 4538
180 6589.54711628722 4562
181 6588.74864274037 4587
182 6587.91635307566 4612
183 6587.001564191 4637
184 6586.07492715473 4661
185 6585.1522159402 4686
186 6584.15977106157 4710
187 6583.10729594012 4734
188 6582.05753527909 4758
189 6580.99811277233 4783
190 6579.90919024345 4807
191 6578.77554882254 4833
192 6577.58608742607 4858
193 6576.33379323994 4882
194 6575.01994862043 4906
195 6573.65098126047 4931
196 6572.22513501413 4955
197 6570.74449173277 4980
198 6569.21859885018 5004
199 6567.64360047506 5029
200 6566.00077985619 5054
201 6564.26496927066 5078
202 6562.4362912839 5103
203 6560.53649145636 5127
204 6558.57630661397 5151
205 6556.5594946274 5175
206 6554.47784873352 5200
207 6552.31206863976 5224
208 6550.03632932172 5252
209 6547.65032147107 5278
210 6545.19027103195 5302
211 6542.67435482825 5327
212 6540.09071733831 5351
213 6537.38832858218 5376
214 6534.53648721419 5400
215 6531.5593448513 5425
216 6528.40183518311 5451
217 6524.93445374422 5476
218 6521.09914531601 5500
219 6517.0141244614 5524
220 6512.72248079785 5548
221 6508.26896372789 5573
222 6503.72343822302 5597
223 6499.08894958199 5621
224 6494.36529491811 5646
225 6489.35102259978 5671
226 6483.9995324534 5695
227 6478.30473514813 5719
228 6472.15440517736 5743
229 6465.38939537271 5768
230 6457.72407081475 5792
231 6448.75663949041 5816
232 6437.89578634896 5841
233 6424.26501812402 5866
234 6407.14881275525 5891
235 6386.27656898048 5916
236 6362.98700367708 5940
237 6338.04233102585 5964
238 6311.04057472709 5988
239 6281.43021200085 6012
240 6249.79934220016 6037
241 6218.44853532406 6063
242 6187.94036608539 6088
243 6156.28186349082 6112
244 6122.70525115195 6136
245 6088.63686698851 6160
246 6053.40805946189 6184
247 6013.50597503926 6208
248 5971.39357770237 6232
249 5927.39362716528 6258
250 5878.31871015118 6283
251 5820.21865897823 6307
252 5749.09638924252 6331
253 5659.62300485955 6356
254 5547.38564117543 6380
255 5404.61473331716 6405
256 5216.924355437 6429
257 4966.88501090067 6457
258 4649.77386290429 6482
259 4293.29696800894 6506
260 3937.45988099652 6530
261 3584.19004654225 6555
262 3246.86911918449 6579
263 2954.42610117871 6603
264 2715.06841373855 6628
265 2539.89375891059 6653
266 2415.28114313431 6679
267 2317.13323537242 6704
268 2249.16746913195 6728
269 2209.61581502406 6752
270 2184.76945689321 6777
271 2168.37639585363 6801
272 2156.86631086031 6825
273 2148.77566551423 6850
274 2143.01027308754 6875
275 2138.66126000248 6900
276 2135.24246983066 6925
277 2132.88098597368 6949
278 2131.24245091966 6974
279 2130.06730426021 6998
280 2129.20195638258 7023
281 2128.54914266662 7048
282 2128.04257667555 7073
283 2127.63499969453 7099
284 2127.29189045216 7123
285 2126.98977561172 7148
286 2126.7175664783 7172
287 2126.47533047425 7197
288 2126.26636912204 7221
289 2126.09003786088 7245
290 2125.9417441172 7271
291 2125.81503615617 7296
292 2125.7025073552 7321
293 2125.59720824755 7345
294 2125.49567994977 7370
295 2125.40055770212 7394
296 2125.31750011776 7418
297 2125.24846525945 7443
298 2125.19056155672 7468
299 2125.13950121894 7493
300 2125.09176190927 7518
301 2125.04454692377 7542
302 2124.99473238558 7566
303 2124.93773306096 7592
304 2124.86889394031 7616
305 2124.79044583112 7641
306 2124.71311988483 7666
307 2124.64488785019 7691
308 2124.58689203538 7716
309 2124.53772256422 7740
310 2124.49576517543 7765
311 2124.45943911436 7789
312 2124.42708300054 7813
313 2124.39688948827 7837
314 2124.36683699173 7862
315 2124.33470613905 7888
316 2124.29865539671 7912
317 2124.25871290175 7937
318 2124.21764753019 7961
319 2124.17905634178 7986
320 2124.1448520045 8010
321 2124.11511605467 8034
322 2124.08916952779 8059
323 2124.0662572521 8087
324 2124.04574513871 8112

0 40655.2326045517 124
1 36612.945211406 149
2 30011.5535934388 176
3 22365.7164873905 202
4 16692.01530564 227
5 13182.0163018677 252
6 10927.4430923228 276
7 9132.2619984161 301
8 7496.02863119037 325
9 6031.04682748054 350
10 4838.58772264302 376
11 4010.32388403909 401
12 3454.61582098629 425
13 3084.05688721831 450
14 2826.30501318948 475
15 2645.5766940807 499
16 2505.21283407609 523
17 2395.36303683342 548
18 2311.42736860737 573
19 2244.33684139041 598
20 2194.90786932201 622
21 2165.85393632423 646
22 2151.6300002019 671
23 2144.34362714206 695
24 2140.0589843617 719
25 2137.28145611896 744
26 2135.37513361959 770
27 2134.00320527405 795
28 2132.96668800436 820
29 2132.13914561444 844
30 2131.42649210374 868
31 2130.77682669992 893
32 2130.19407468359 917
33 2129.67531444103 941
34 2129.21047582276 966
35 2128.79492079673 991
36 2128.4274505598 1015
37 2128.10933595132 1039
38 2127.84074180174 1064
39 2127.61577287364 1089
40 2127.42370834853 1113
41 2127.25318978927 1136
42 2127.09434720109 1160
43 2126.93852195775 1186
44 2126.77858573987 1211
45 2126.613723258 1235
46 2126.45087947477 1259
47 2126.29501217397 1284
48 2126.14591116191 1308
49 2126.00390603266 1332
50 2125.87174421431 1356
51 2125.75203856135 1383
52 2125.64559098152 1409
53 2125.55163246467 1434
54 2125.46832427354 1458
55 2125.39319455011 1483
56 2125.32367146065 1507
57 2125.25749711818 1532
58 2125.19288273715 1556
59 2125.12849823274 1581
60 2125.06345069975 1606
61 2124.99734671425 1631
62 2124.93042430426 1655
63 2124.86362118229 1680
64 2124.79840768414 1704
65 2124.73635527914 1729
66 2124.67864947279 1753
67 2124.62582224753 1778
68 2124.57779201583 1803
69 2124.53409018678 1830
70 2124.49411003869 1856
71 2124.45728583759 1882
72 2124.42318219138 1908
73 2124.3915053811 1933
74 2124.36205799006 1957
75 2124.33466549147 1982
76 2124.30910763115 2008
77 2124.28507833789 2033
78 2124.26217687448 2058
79 2124.23991508602 2082
80 2124.2177240243 2106
81 2124.19496016044 2130
82 2124.17094326327 2154
83 2124.14509115879 2179
84 2124.11719459023 2204
85 2124.08771104666 2230
86 2124.05775428743 2254
87 2124.02862813418 2279
88 2124.00126950307 2303
89 2123.97604519532 2327
90 2123.95289486854 2351
91 2123.93155902387 2376
92 2123.9117366597 2403

0 41439.0756301886 123
1 39444.5450289048 147
2 36603.483214676 171
3 30685.017401 197
4 21450.6252594745 222
5 13832.8080381636 247
6 9105.24091816339 272
7 6267.83114041203 296
8 4596.34648952812 321
9 3653.34860421374 345
10 3121.8868838619 369
11 2805.89066035945 396
12 2595.86323818768 422
13 2445.24147520757 446
14 2338.38143190866 471
15 2265.1930051858 495
16 2218.54096911533 520
17 2189.73581297513 544
18 2171.60774509332 569
19 2159.55201613159 593
20 2151.20451789648 619
21 2145.31877641148 644
22 2141.0755627029 668
23 2137.97949891998 692
24 2135.69558561586 717
25 2133.96924435807 741
26 2132.63223298923 766
27 2131.58841819194 791
28 2130.77768596609 816
29 2130.1469848865 841
30 2129.64954239789 867
31 2129.24872622241 891
32 2128.91654706175 915
33 2128.63102556773 940
34 2128.37520125145 964
35 2128.13843656785 988
36 2127.91774693622 1013
37 2127.71497415011 1038
38 2127.53180842872 1063
39 2127.3674140884 1087
40 2127.21822508271 1112
41 2127.07935207073 1137
42 2126.94845126222 1161
43 2126.82801540699 1186
44 2126.72112482178 1210
45 2126.62751138785 1235
46 2126.54474598807 1260
47 2126.47025549441 1285
48 2126.40205304867 1309
49 2126.33877003556 1333
50 2126.27948437706 1358
51 2126.22347021573 1382
52 2126.16989882087 1406
53 2126.11757397296 1432
54 2126.0649574882 1457
55 2126.01091943503 1481
56 2125.95613594409 1506
57 2125.90344293257 1530
58 2125.85577636242 1554
59 2125.81402013369 1578
60 2125.77716517068 1602
61 2125.7436060758 1628
62 2125.71194711465 1653
63 2125.68116422263 1677
64 2125.65050549207 1701
65 2125.61936310999 1726
66 2125.58717938346 1750
67 2125.55338468817 1774
68 2125.51735572137 1799
69 2125.47839118176 1824
70 2125.43571885362 1850
71 2125.38857247333 1876
72 2125.33639618913 1900
73 2125.27919885822 1924
74 2125.21792210904 1949
75 2125.15447984743 1975
76 2125.09121374682 1999
77 2125.03003778112 2024
78 2124.97190901304 2049
79 2124.91691290553 2074
80 2124.86468845775 2098
81 2124.81480634621 2123
82 2124.76694600271 2147
83 2124.720913581 2171
84 2124.67659000689 2195
85 2124.63387080243 2220
86 2124.59262559364 2245
87 2124.55268567131 2270
88 2124.51385947137 2295
89 2124.47597056676 2319
90 2124.43890528017 2343
91 2124.40264853947 2368
92 2124.36728673879 2393
93 2124.33297353221 2417
94 2124.29987874475 2442
95 2124.26814845166 2468
96 2124.23788922703 2492
97 2124.20917045783 2517
98 2124.1820321211 2541
99 2124.15648975949 2565
100 2124.1325348024 2589
101 2124.11013247111 2613
102 2124.08922076901 2638

0 41093.3686216297 123
1 38604.5644643711 148
2 34192.2555273971 172
3 26749.9462310077 197
4 19275.6125831934 222
5 14541.3048170135 247
6 11987.7975289968 271
7 10483.9253110496 296
8 9502.84717905105 320
9 8821.63307735208 344
10 8329.87252060088 369
11 7976.25939623183 394
12 7721.52405658097 419
13 7531.1890851034 444
14 7392.51261952103 468
15 7295.5514991019 492
16 7225.79771877808 516
17 7171.98915641438 540
18 7126.79589648306 564
19 7090.06677228289 589
20 7062.44511649023 615
21 7040.53967143874 640
22 7021.59791356019 664
23 7004.40182322626 689
24 6988.96313397354 713
25 6974.73360108916 738
26 6961.00307916153 762
27 6946.99779756047 786
28 6933.02396061173 811
29 6919.89000711766 836
30 6906.85742455616 861
31 6894.92605187085 885
32 6883.43031501731 909
33 6871.52292692537 933
34 6859.32647188723 958
35 6847.82993839911 982
36 6836.07618754917 1006
37 6826.5532796798 1032
38 6819.25230832484 1057
39 6813.65782783816 1081
40 6809.54992255683 1108
41 6806.57258108134 1134
42 6804.29481377075 1158
43 6802.4059144663 1183
44 6800.73075140629 1207
45 6799.17986203308 1233
46 6797.70341224645 1257
47 6796.2644658714 1282
48 6794.88130978301 1306
49 6793.54189076685 1331
50 6792.2268577899 1355
51 6790.92208712846 1379
52 6789.62642099312 1404
53 6788.35231640742 1430
54 6787.12005982172 1455
55 6785.94794894379 1479
56 6784.82733786563 1503
57 6783.70246057977 1527
58 6782.58342514672 1552
59 6781.52818712051 1576
60 6780.55685374938 1600
61 6779.72689412235 1626
62 6779.02392624604 1651
63 6778.40109023092 1676
64 6777.82830875416 1700
65 6777.29141456867 1724
66 6776.78355020629 1749
67 6776.30009067888 1773
68 6775.83658815053 1797
69 6775.38839340752 1822
70 6774.95102656144 1848
71 6774.52026862624 1872
72 6774.0908494613 1896
73 6773.65770256842 1921
74 6773.22379038908 1945
75 6772.79580122424 1969
76 6772.37741860758 1993
77 6771.96772758076 2018
78 6771.56953685769 2045
79 6771.18610986964 2071
80 6770.81318101651 2095
81 6770.44509047538 2119
82 6770.07916436133 2143
83 6769.71695091861 2168
84 6769.36227468326 2192
85 6769.01859827619 2216
86 6768.68761147278 2242
87 6768.36921637159 2267
88 6768.06220885119 2291
89 6767.76491627321 2316
90 6767.47543560683 2340
91 6767.19156415818 2365
92 6766.91072903935 2389
93 6766.6301062476 2413
94 6766.34688199766 2439
95 6766.05847210234 2464
96 6765.76255259842 2488
97 6765.45689278269 2513
98 6765.13905182217 2537
99 6764.80597914703 2561
100 6764.45363712729 2586
101 6764.07635721236 2610
102 6763.66399678998 2635
103 6763.19508968727 2660
104 6762.6263488193 2685
105 6761.8842953377 2709
106 6760.86262831025 2734
107 6759.37383744473 2759
108 6757.27526415732 2783
109 6754.17902024648 2807
110 6749.66463229091 2832
111 6744.75878494405 2857
112 6741.54227464935 2882
113 6739.52178577835 2907
114 6738.26092756712 2932
115 6737.53708613656 2956
116 6737.09680090211 2980
117 6736.77391701039 3004
118 6736.50236438213 3028
119 6736.25821180152 3054
120 6736.03226829191 3078
121 6735.81985753996 3102
122 6735.61792495489 3126
123 6735.42465007612 3151
124 6735.23946566453 3175
125 6735.06263023178 3199
126 6734.89446746651 3224
127 6734.73488729635 3249
128 6734.58339316863 3274
129 6734.43930183848 3298
130 6734.30190012663 3322
131 6734.17045657705 3347
132 6734.04413551089 3372
133 6733.92191186673 3396
134 6733.80260456782 3421
135 6733.68513278416 3447
136 6733.56897996582 3473
137 6733.45459911284 3497
138 6733.34337385625 3521
139 6733.23708369841 3546
140 6733.13726956403 3571
141 6733.04486750761 3595
142 6732.96014971651 3619
143 6732.88284373641 3644
144 6732.812315963 3669
145 6732.74775218037 3694

