0 318265.452172499 31
1 287720.921538041 60
2 252049.911274665 88
3 297468.876143218 117
4 255995.694252986 145
5 238149.588139331 172
6 251932.607897391 201
7 176425.778518808 230
8 158819.232817252 260
9 129150.071770064 288
10 30288.63984614 317
11 17697.1636617053 346
12 10274.1828248656 374
13 9161.2680945899 403
14 7430.33977963549 433
15 6730.1000952275 461
16 5423.41126453788 489
17 4806.81771942673 517
18 4368.97666134774 544
19 4484.61016842494 571
20 4232.07937266374 598
21 3476.19407667479 627
22 3134.43609996565 657
23 3108.98226651651 685
24 3068.54517249107 712
25 3073.57700775609 739
26 3253.47357190486 767
27 2798.52381465328 794
28 2639.02479081033 823
29 2538.09522449897 864
30 2522.18745007393 896
31 2435.03517241397 925
32 2387.7373489944 953
33 2326.57239136436 980
34 2285.27340787946 1009
35 2280.39664243471 1041
36 2257.02570388581 1076
37 2234.59368202614 1104
38 2223.31556871538 1131
39 2221.41357067135 1160
40 2203.21877094808 1189
41 2196.16160397816 1217
42 2195.63593724142 1247
43 2182.40613397714 1276
44 2174.70733447986 1304
45 2171.59167505235 1332
46 2167.06788495799 1360
47 2174.45016441425 1388
48 2166.01267297632 1418
49 2154.85669640513 1447
50 2158.1300395845 1476
51 2153.65564249929 1504
52 2151.37726754717 1532
53 2149.33370380537 1560
54 2146.88096015008 1588
55 2145.02954674844 1615
56 2144.57084488892 1644
57 2145.01202853057 1673
58 2143.33089048384 1701
59 2140.58764743477 1729
60 2140.15253573333 1757
61 2138.38414117148 1785
62 2137.43108288353 1812
63 2136.79792732097 1842
64 2136.56919590836 1870
65 2136.15493237578 1898
66 2135.53665184208 1927
67 2134.0138142244 1955
68 2133.7443843409 1983
69 2133.15402602166 2010
70 2132.44078701467 2039
71 2131.65617060524 2069
72 2131.32357142992 2096
73 2131.71274398825 2124
74 2130.60452661998 2151
75 2130.81601857499 2179
76 2130.47007310284 2206
77 2130.131054195 2237
78 2129.4672255232 2269
79 2129.10599469724 2298
80 2128.59491282028 2326
81 2128.99338793104 2354
82 2128.95890234278 2382

0 308259.668936381 28
1 308821.363868869 57
2 298018.034605471 86
3 292495.184300558 114
4 239616.579256934 142
5 240687.214065181 169
6 198080.685874456 197
7 235757.522217804 224
8 166527.75163365 252
9 122385.404843333 282
10 34041.3780151333 311
11 19071.4124060714 340
12 11246.7480846591 368
13 10836.680673607 396
14 8096.87043332682 425
15 7486.17499650288 452
16 4809.97575901737 481
17 4662.04666395785 509
18 4275.36631563185 537
19 4901.50798587438 564
20 3786.86467472606 591
21 3567.78897660048 619
22 3303.83945064238 646
23 3251.61566012549 674
24 2968.48234587517 703
25 3291.77919154664 732
26 3174.00037579721 760
27 2640.13598233153 787
28 2639.4566540772 814
29 2468.44777563347 841
30 2489.48353174489 870
31 2412.20651290621 900
32 2399.02297899394 929
33 2344.12681996734 957
34 2308.22762609651 985
35 2272.86456095849 1012
36 2271.24403552523 1040
37 2244.86182367678 1069
38 2233.21657960662 1099
39 2222.1709624636 1130
40 2213.31618136001 1157
41 2200.28838400752 1185
42 2191.13556247557 1213
43 2186.53563160348 1241
44 2181.81538521016 1269
45 2173.42693776059 1301
46 2170.57979983123 1331
47 2175.79382901288 1359
48 2164.17334234833 1387
49 2161.17929079777 1414
50 2158.07731093671 1443
51 2148.60710120346 1471
52 2150.48847972952 1501
53 2152.06056077942 1530
54 2147.09965241878 1558
55 2144.29274289136 1586
56 2143.49005543227 1614
57 2141.17248496331 1642
58 2142.30835164611 1670
59 2141.11933030163 1699
60 2139.51627301022 1728
61 2138.75381276026 1757
62 2136.80996461671 1784
63 2136.63635736687 1812
64 2136.68765356707 1840
65 2136.09119042323 1867
66 2135.02683937121 1897
67 2134.9431097496 1928
68 2134.83054793924 1956
69 2133.76304470158 1985
70 2132.82887338901 2013
71 2132.37568901926 2041
72 2132.13465235084 2069
73 2131.82951755556 2098
74 2131.23701024688 2128
75 2130.56817170551 2156
76 2130.76992804546 2184
77 2130.40839883264 2212
78 2129.92112255212 2240
79 2129.4700093737 2268
80 2129.20809736615 2296
81 2129.39038086293 2325
82 2128.88707136653 2353

0 281045.953002272 28
1 275717.383576979 56
2 305356.1444401 83
3 262015.476429955 111
4 256348.655101389 141
5 254113.873407671 173
6 265840.464922876 206
7 190700.281370422 234
8 153197.647863195 262
9 153576.491403705 289
10 26595.0908769871 317
11 21038.1410972646 346
12 11593.8291104849 376
13 10489.8208890649 405
14 7155.09975002072 432
15 7238.23063733916 460
16 6691.84867864158 487
17 4831.21188408837 515
18 4264.43864731117 543
19 4709.95524663256 574
20 4074.31137899862 602
21 3486.73073383933 629
22 3078.48229836755 657
23 3139.02605891302 686
24 3245.23004940449 714
25 3118.38662053715 741
26 3073.13829642628 771
27 2707.18106258151 800
28 2689.83742702446 829
29 2562.6398815342 857
30 2487.10547500474 885
31 2414.54699885332 913
32 2391.25703525264 942
33 2334.51733098351 976
34 2296.6307113204 1008
35 2268.30172608895 1041
36 2255.95811725442 1072
37 2253.0331233951 1103
38 2229.20818811283 1134
39 2218.21869064444 1169
40 2211.0615389958 1202
41 2200.74508109328 1233
42 2196.46664487953 1264
43 2186.94390133199 1296
44 2177.99364320206 1327
45 2180.18456487182 1358
46 2169.79822327532 1392
47 2164.55394222205 1422
48 2160.46530967608 1451
49 2160.45268173109 1482
50 2156.69228200419 1512
51 2151.23470230512 1541
52 2156.67880442419 1572
53 2152.30696804441 1605
54 2147.15360747261 1636
55 2147.3496959196 1666
56 2144.42108439211 1697
57 2142.7947266086 1728
58 2141.61556503166 1759
59 2139.75695471821 1790
60 2140.07559326002 1820
61 2140.16522092646 1849
62 2139.38102162523 1878
63 2137.30676148241 1907
64 2136.03604915637 1936
65 2135.31507365466 1965
66 2134.74546277181 1996
67 2134.82808484715 2026
68 2133.9590033094 2054
69 2133.28184033619 2083
70 2132.86200796668 2111
71 2132.29692795173 2139
72 2132.0179575897 2167
73 2131.33773247239 2199
74 2131.13668401492 2227
75 2131.07421506393 2256
76 2130.28328274375 2285
77 2129.48600577131 2313
78 2129.20705965865 2341
79 2129.64224495637 2369
80 2129.48091687428 2399
81 2128.97627611629 2427
82 2129.21562181261 2455

0 251530.313283645 33
1 308291.080373865 63
2 264438.419848903 93
3 296725.626355573 126
4 293005.613181184 164
5 253786.281909437 194
6 222820.370657625 226
7 147702.606543461 262
8 173056.299760771 292
9 109883.418164472 322
10 29083.9282173525 356
11 18988.4774881372 386
12 10908.7179066617 414
13 10502.4337704716 443
14 8455.73223786825 472
15 6949.70744200983 500
16 5569.98543548447 530
17 5118.96123140912 560
18 4760.03256216905 591
19 4369.24860266282 625
20 4082.2521208467 655
21 3606.06698774147 684
22 3155.57031154064 711
23 3236.93788101342 742
24 3111.92300806869 771
25 3027.75153934821 799
26 3219.77361028119 827
27 2764.01846528292 859
28 2640.91130977026 891
29 2447.0593338542 923
30 2530.80756048114 957
31 2409.24954848743 985
32 2386.35063604036 1013
33 2349.21155977997 1041
34 2310.68696231801 1070
35 2267.84661181549 1098
36 2265.76969922356 1127
37 2243.24501529413 1162
38 2230.23865163852 1190
39 2227.09223042979 1219
40 2212.95436438894 1252
41 2197.85476490431 1281
42 2186.08408377594 1311
43 2185.21502799293 1343
44 2180.66454811968 1383
45 2174.5837832486 1416
46 2171.99429397532 1446
47 2167.29452061798 1476
48 2164.79067190899 1504
49 2160.69078450832 1533
50 2155.78956581444 1565
51 2151.63191743796 1595
52 2150.67087148201 1624
53 2148.71877573153 1655
54 2145.3799779017 1686
55 2143.41079548189 1716
56 2144.69860723876 1746
57 2141.09206941383 1778
58 2142.28351348526 1809
59 2141.43650306794 1838
60 2140.05527138326 1867
61 2138.4607667182 1895
62 2137.51985689243 1923
63 2137.30566171988 1961
64 2135.74588671352 1991
65 2137.57558337447 2022
66 2135.03291813289 2051
67 2135.1474041488 2079
68 2134.76585700186 2107
69 2133.16629800194 2136
70 2132.57475777693 2167
71 2132.44844612899 2196
72 2132.89215386746 2224
73 2132.31821420921 2253
74 2131.41147519907 2281
75 2131.31170502809 2310
76 2130.88850162443 2338
77 2130.19265049134 2368
78 2130.17381587104 2397
79 2129.22580501584 2425
80 2129.23285384322 2453
81 2129.06281365152 2481
82 2129.2489436587 2509

0 313796.555271915 28
1 296232.195382683 58
2 358063.214791348 86
3 258872.610019378 115
4 262786.408527722 143
5 213643.081367527 171
6 210092.167944814 200
7 168317.055302337 229
8 153078.046556355 263
9 121084.89454972 294
10 29255.3133678907 322
11 18691.7539372225 350
12 12634.6149548876 378
13 10564.4848772221 406
14 7182.94192619998 434
15 6467.09195637392 462
16 5776.78286746585 493
17 4767.15319782135 522
18 4896.96049418523 557
19 4440.98997329875 586
20 3778.41473761986 615
21 3333.47648582436 642
22 3216.67956247256 672
23 3052.7000905782 703
24 3389.06634100347 731
25 3008.87877054411 758
26 3140.58793169833 785
27 2792.27933334014 812
28 2608.30607025669 839
29 2527.35899705063 867
30 2544.10021405756 898
31 2446.94011233193 925
32 2391.15551288319 953
33 2331.08588829777 980
34 2313.23910580248 1008
35 2266.65266435459 1035
36 2239.42543735061 1063
37 2230.49160556837 1092
38 2211.12612226436 1120
39 2215.20670420732 1148
40 2216.6990623477 1176
41 2205.13529426896 1204
42 2182.89179759829 1232
43 2190.50338448975 1259
44 2186.62057153185 1288
45 2176.74541560341 1317
46 2170.39956323744 1346
47 2162.94862336559 1373
48 2165.93793839827 1401
49 2158.52973637411 1428
50 2155.18805627589 1456
51 2149.73419560848 1485
52 2154.07893988555 1514
53 2150.60615643702 1541
54 2148.12387077483 1569
55 2145.6106670594 1596
56 2145.03531138281 1623
57 2141.78917543951 1651
58 2140.65855762942 1680
59 2140.34833808883 1710
60 2138.88702151192 1738
61 2138.16740776448 1766
62 2137.1656153834 1795
63 2137.67485436824 1823
64 2137.6183056522 1850
65 2136.41163925465 1878
66 2134.80172491806 1909
67 2134.65558323705 1938
68 2134.02220279967 1966
69 2134.16169082431 1994
70 2133.18569773486 2021
71 2133.36815187816 2048
72 2132.20304278922 2076
73 2132.28873005002 2107
74 2131.52094190892 2140
75 2131.35658056693 2168
76 2130.53896849569 2196
77 2130.81866265969 2224
78 2130.23653223126 2251
79 2130.33288110607 2279
80 2130.24599126946 2308
81 2129.38679268691 2337
82 2129.45018274294 2364

0 266663.352387913 28
1 271230.413560059 56
2 293172.918637759 83
3 269701.334320336 110
4 264607.657245789 139
5 259564.923596765 167
6 250407.470164398 194
7 180695.043093907 221
8 145525.01647005 249
9 135077.77870514 277
10 25874.8436071771 305
11 17991.5804593725 335
12 10741.5101975723 365
13 9494.15027326922 393
14 7427.49434269014 420
15 6725.94521863241 448
16 5507.79662782172 475
17 5025.91147054077 502
18 4241.25467913723 531
19 4438.93273239325 560
20 4038.30663620068 588
21 3477.83265806102 616
22 3187.92257690517 643
23 3128.86484561113 670
24 3184.48864723621 697
25 3055.75353631341 724
26 3055.48342620882 754
27 2846.12291131788 781
28 2684.33016050817 808
29 2520.97319631495 836
30 2560.86928211988 864
31 2426.4444107628 891
32 2371.73641570627 919
33 2342.43529407281 947
34 2300.87083301623 977
35 2271.97135515641 1005
36 2252.12721644207 1033
37 2247.84435003251 1061
38 2225.68617297718 1088
39 2224.71718025243 1116
40 2204.29851805202 1146
41 2200.94546698252 1178
42 2191.75793947587 1214
43 2183.60463284869 1241
44 2173.47564006605 1269
45 2169.84056582377 1297
46 2165.262106392 1324
47 2166.31567454132 1357
48 2162.43474568739 1386
49 2154.46558928216 1414
50 2157.2446871972 1441
51 2153.05287788433 1469
52 2149.44496527149 1496
53 2149.71492629776 1523
54 2146.50382012171 1552
55 2146.70811991688 1584
56 2145.01135525488 1612
57 2143.9593770226 1639
58 2140.35035199509 1667
59 2139.33944978022 1695
60 2139.53150117217 1722
61 2138.77510829816 1750
62 2137.29181172478 1780
63 2137.30917094352 1808
64 2135.77560242339 1835
65 2135.31407394204 1863
66 2133.98707973106 1890
67 2133.66178665348 1918
68 2133.45197523742 1946
69 2132.62738994402 1975
70 2132.49712305388 2003
71 2132.56778533109 2030
72 2132.4943969817 2058
73 2131.15295165205 2086
74 2131.18276482656 2113
75 2130.40622909573 2141
76 2130.33495782887 2170
77 2129.95043352398 2199
78 2130.1070346812 2226
79 2129.81890569354 2254
80 2129.24340844754 2281
81 2129.10959285292 2308
82 2129.27561914541 2336

0 285953.852460469 31
1 266342.507001964 60
2 283428.371935816 87
3 269108.164865355 115
4 266191.756176468 142
5 260848.804904243 169
6 229247.645333733 196
7 207658.914162266 226
8 145716.570874051 260
9 109149.531328404 288
10 24372.7614754858 315
11 13431.3130665377 344
12 10583.824610757 372
13 10125.6087838856 400
14 8393.53245407506 429
15 7101.62389915991 460
16 7046.92756589862 488
17 5027.19191009078 515
18 4997.85995384365 543
19 4406.6535059242 575
20 3773.96101557364 602
21 3329.8901620602 631
22 3185.63726584715 660
23 3194.48832449603 688
24 3103.04265802709 715
25 3171.61305080681 742
26 3205.9918988975 770
27 2935.95972711772 797
28 2563.41364327537 825
29 2470.00866731144 853
30 2454.88510442875 882
31 2464.31386358281 910
32 2423.26170103818 938
33 2323.52546227543 965
34 2313.83833230288 993
35 2266.99689523981 1021
36 2269.99163681341 1055
37 2239.0848995897 1085
38 2228.88822014728 1114
39 2219.47522430756 1141
40 2211.81532696587 1169
41 2191.70125876345 1197
42 2195.66703056833 1226
43 2175.53270187879 1255
44 2179.91681589159 1285
45 2171.68028251675 1312
46 2168.39236182125 1340
47 2164.44900225124 1369
48 2161.99092528719 1397
49 2158.30889352093 1428
50 2154.56538513319 1457
51 2151.75687225913 1485
52 2150.45317261903 1512
53 2148.06074594454 1540
54 2147.21081233935 1568
55 2144.65676614539 1596
56 2143.99333244002 1623
57 2142.31556318718 1654
58 2142.48381894409 1686
59 2140.71018534903 1714
60 2139.1085022956 1742
61 2138.60219368267 1771
62 2137.42949790707 1798
63 2136.6496864662 1827
64 2135.64669843115 1859
65 2135.55501916948 1889
66 2134.83617784624 1918
67 2134.58119588808 1946
68 2134.19715838623 1975
69 2133.31661303103 2002
70 2131.93423612833 2031
71 2131.6114623512 2062
72 2131.89077023559 2091
73 2131.79561471851 2120
74 2130.66736358365 2148
75 2130.13835301841 2176
76 2130.13359946417 2204
77 2129.94158468579 2231
78 2129.95338724991 2260
79 2129.75874324437 2289
80 2129.24226988777 2317
81 2128.73420930354 2344
82 2128.95925676385 2371

0 299829.246939876 28
1 280022.518867785 55
2 293714.213463484 84
3 275657.440793345 118
4 272493.679088244 147
5 228841.852760484 176
6 240015.37083739 204
7 170192.381420478 233
8 138389.657870047 263
9 86335.9338945099 296
10 30771.5254641149 325
11 20910.3728993996 353
12 12588.8762852703 381
13 10099.9658462399 408
14 7965.65125678309 435
15 6784.6339259015 463
16 6511.50142876469 493
17 5208.32781337842 521
18 4312.59705436408 548
19 4605.4745180372 576
20 3827.20932188673 603
21 3361.67717697797 631
22 3112.00811017667 659
23 3102.99445966826 687
24 3074.55868903988 719
25 3152.85808728539 748
26 3122.3952256195 775
27 2836.92903209973 802
28 2629.55402614438 830
29 2512.22000389842 857
30 2482.44608176597 884
31 2445.2688303592 914
32 2437.79767391501 942
33 2297.18045017755 969
34 2306.24526271629 997
35 2271.1031072826 1025
36 2268.24688463001 1053
37 2226.95587924459 1080
38 2222.25316274158 1111
39 2228.71776022045 1140
40 2198.31258005433 1168
41 2199.02426085931 1195
42 2184.76305748122 1223
43 2186.07419413929 1251
44 2184.23681970442 1278
45 2175.67141761306 1307
46 2169.20080508959 1336
47 2163.19021517192 1364
48 2158.34708067502 1392
49 2161.23701411195 1420
50 2158.28199683514 1447
51 2154.31343176444 1475
52 2151.4244825299 1503
53 2147.92403318085 1532
54 2147.68350453804 1560
55 2145.41219677829 1587
56 2143.13562869893 1614
57 2144.5964552455 1642
58 2141.57479558453 1670
59 2139.28014269453 1699
60 2138.8485208118 1729
61 2138.05327875874 1757
62 2138.09877420556 1784
63 2137.36261587211 1811
64 2136.19434849352 1839
65 2135.36186828274 1867
66 2134.65248176106 1895
67 2133.77082049187 1924
68 2133.25810856304 1952
69 2133.88253731646 1979
70 2133.00620006727 2007
71 2132.76896635617 2034
72 2131.99053689342 2061
73 2131.85004342451 2088
74 2130.99262699007 2119
75 2130.82900643548 2150
76 2130.15627908545 2178
77 2130.00847454862 2206
78 2129.93326395771 2233
79 2129.32705322552 2262
80 2129.71817397485 2289
81 2129.3085715019 2318
82 2128.84007110993 2347

0 267320.353738374 28
1 274365.576605325 55
2 271175.00948948 83
3 256642.090868582 110
4 239272.184127088 137
5 255530.334489621 165
6 229874.522706083 194
7 216271.871509831 222
8 162057.820745596 249
9 135647.230131451 277
10 27298.6015258062 305
11 16386.5822025301 332
12 15067.2428444653 360
13 9313.14039873256 391
14 7951.41561167176 418
15 6172.42751064896 446
16 5837.38286736289 473
17 4691.05332005499 500
18 4491.8857977457 527
19 4216.31962815243 554
20 3824.63254687753 582
21 3520.27957088288 611
22 3167.82523083916 638
23 3166.09752435625 665
24 2990.03299384555 692
25 3269.85733949529 719
26 3127.91639083826 746
27 2801.01389445575 774
28 2714.0431388237 803
29 2509.23143924743 830
30 2536.62385583406 859
31 2396.2434684907 890
32 2343.05066910836 918
33 2315.87557870543 945
34 2327.88868483374 973
35 2292.51454252123 1004
36 2252.96242884252 1033
37 2241.24409169363 1061
38 2220.15768715225 1089
39 2217.95627453601 1116
40 2199.24660879198 1144
41 2191.56047802664 1173
42 2195.60047229398 1205
43 2183.85216820361 1234
44 2175.02745175281 1265
45 2172.0019304001 1293
46 2161.84845800909 1322
47 2160.89214679664 1350
48 2159.06531427042 1378
49 2162.16063605468 1409
50 2157.36977708936 1437
51 2152.78633902504 1465
52 2153.31956580884 1495
53 2148.14816527355 1524
54 2146.79233693431 1553
55 2144.80023453587 1582
56 2144.02023443241 1613
57 2144.08677618346 1642
58 2142.38827813812 1670
59 2141.84798036822 1698
60 2139.01397430743 1725
61 2138.40771235313 1752
62 2138.17666703293 1780
63 2136.19585382528 1810
64 2135.64294829992 1838
65 2134.84393199212 1866
66 2134.8958904241 1894
67 2134.19248477381 1922
68 2133.14730273025 1951
69 2133.53507019365 1979
70 2132.69555581566 2009
71 2131.74558683054 2036
72 2132.07860349783 2064
73 2131.65941828787 2091
74 2131.46508208823 2119
75 2130.62790841857 2146
76 2130.28604170926 2174
77 2130.51628221471 2203
78 2130.16172083219 2232
79 2129.86290870704 2259
80 2129.27339742167 2287
81 2129.31387775363 2315
82 2129.19664607006 2343

0 281483.776566976 29
1 303006.766564114 60
2 287563.753932786 90
3 302133.865992838 117
4 253378.390914627 145
5 293661.240999147 172
6 228463.814583069 200
7 180452.899136387 227
8 159391.889489525 255
9 123551.429372196 284
10 22224.2788034511 311
11 21763.0646953695 339
12 12732.7836500006 366
13 9905.40929028152 394
14 6498.21908009104 421
15 7135.5350161558 448
16 5811.9504761414 477
17 5021.90927470115 505
18 4575.16328778951 532
19 4636.05831523154 560
20 3904.56582302309 587
21 3505.546399281 614
22 3466.87474254279 642
23 3162.73112452061 670
24 2981.60868671733 699
25 3135.35138797142 727
26 3042.65041237623 754
27 2748.90158474084 782
28 2723.81848751421 809
29 2549.23830503278 836
30 2499.75760295526 864
31 2446.57604910674 894
32 2365.92169138316 922
33 2314.50106405554 949
34 2284.02040978826 977
35 2290.88408209987 1004
36 2275.68785992104 1031
37 2235.54182373098 1059
38 2220.22025430202 1091
39 2211.93684631634 1119
40 2204.23867150844 1147
41 2197.19450791768 1174
42 2180.67492912101 1201
43 2178.7148102687 1229
44 2179.18884130004 1256
45 2172.68376804992 1285
46 2172.60636753902 1313
47 2164.866741511 1341
48 2160.44449884786 1369
49 2156.38150360865 1397
50 2155.54165306601 1424
51 2151.28167388707 1452
52 2150.3590674688 1483
53 2147.38036133918 1514
54 2148.92651244368 1543
55 2146.1667499419 1570
56 2144.46797589459 1598
57 2143.64036322922 1626
58 2142.4243450499 1655
59 2140.82139665535 1684
60 2139.69702647585 1713
61 2139.66376507985 1740
62 2138.81001235629 1768
63 2137.26301164636 1796
64 2136.47706428555 1823
65 2134.94499037688 1850
66 2135.5381727123 1879
67 2133.86465871144 1909
68 2134.18493202242 1937
69 2133.77018846762 1965
70 2133.7448304888 1994
71 2133.52628974829 2021
72 2132.50427217156 2048
73 2132.12384321065 2076
74 2131.6052723852 2106
75 2131.74694448961 2134
76 2131.32697132179 2162
77 2130.69368004339 2189
78 2130.2114078419 2217
79 2129.99453970859 2244
80 2130.10823718592 2271
81 2130.00819413047 2301

0 278462.294437706 28
1 278935.185388385 55
2 275685.74907057 83
3 272285.444478751 110
4 251554.532422962 137
5 268783.713660678 164
6 208982.946741858 193
7 174530.027206247 223
8 139967.815429595 251
9 108376.269605189 280
10 38707.3881213096 308
11 20144.6577332384 336
12 12664.2591251472 363
13 9998.14681552443 392
14 6990.2743939539 422
15 7267.42310195211 451
16 5376.77522663077 479
17 4918.96356800771 507
18 4764.05882680888 535
19 4667.2890449651 562
20 3973.84991732397 591
21 3464.1848925032 621
22 3216.81789413367 648
23 3059.64522314036 676
24 3088.75505578579 703
25 3107.66598000015 730
26 3241.93042907202 758
27 2908.44865994127 786
28 2623.90998758121 816
29 2539.770452569 844
30 2497.2339462634 871
31 2436.2995692606 899
32 2412.09163609917 927
33 2326.16436085846 954
34 2308.73775012848 982
35 2300.20562178168 1012
36 2255.59516145111 1042
37 2251.25230040195 1072
38 2236.83969621338 1100
39 2224.28445159131 1127
40 2214.14197561945 1156
41 2200.35419207071 1184
42 2188.30080321972 1213
43 2191.39449927962 1246
44 2179.02844476342 1275
45 2175.11348139809 1303
46 2169.44286039412 1331
47 2168.0233706956 1358
48 2163.06566030921 1386
49 2156.9967814444 1415
50 2150.75793705124 1443
51 2153.78608791776 1471
52 2151.54222829948 1498
53 2147.05633720786 1525
54 2148.28887915972 1557
55 2146.15052015451 1585
56 2142.81717160653 1614
57 2144.09729839299 1642
58 2142.0278835173 1670
59 2139.92166162393 1697
60 2138.42063572169 1725
61 2138.0352398461 1755
62 2136.81919776624 1782
63 2137.28767990355 1813
64 2136.67020156589 1844
65 2134.82070744743 1873
66 2135.42894434304 1900
67 2134.70670264728 1927
68 2134.38449587935 1955
69 2132.90820177155 1982
70 2133.79211336508 2011
71 2132.89318845607 2039
72 2131.56790316236 2068
73 2131.34357708586 2096
74 2131.37704604229 2123
75 2130.93476994228 2152
76 2130.83782197344 2179
77 2130.3951715527 2207
78 2129.77117200583 2236
79 2129.57047665632 2266
80 2129.77341022 2294
81 2128.8327122159 2321
82 2129.15176806946 2349

0 277321.163363587 28
1 271186.473945455 55
2 297407.037817033 84
3 277102.151507428 111
4 230358.213644091 138
5 210318.76410323 165
6 242773.612327345 193
7 170668.125429107 220
8 162930.456411336 248
9 133253.180797071 277
10 26773.9462081998 308
11 18067.4566265271 336
12 10075.0644623257 364
13 9852.60302641548 393
14 7377.09451837707 421
15 6185.70343358958 448
16 5771.39181029205 477
17 5459.99192267725 506
18 5003.18647280041 533
19 5145.6663875053 560
20 4332.18415810982 588
21 3614.02328327511 618
22 3322.64614210571 646
23 3157.30069192588 674
24 3097.28261416489 702
25 3165.87386275658 730
26 3044.997766961 757
27 2780.88725651154 786
28 2552.85652011569 813
29 2486.8529847409 840
30 2495.39156936457 868
31 2461.21433897139 901
32 2365.28056843324 930
33 2323.03474506583 957
34 2307.83134756597 985
35 2303.76386988969 1013
36 2244.36925147105 1040
37 2247.37661250822 1068
38 2221.5535109377 1099
39 2210.81667864609 1127
40 2210.71303025927 1156
41 2191.73594092554 1183
42 2192.44232946179 1210
43 2185.53891269848 1238
44 2174.33504972757 1265
45 2166.95914921529 1295
46 2167.61680410324 1324
47 2167.24278271196 1352
48 2160.17964548201 1379
49 2158.57513639035 1408
50 2157.87453046813 1435
51 2156.38232958969 1462
52 2149.87919170422 1492
53 2149.76216101275 1522
54 2148.09146708444 1549
55 2146.52188906691 1577
56 2143.96701546522 1605
57 2141.22452052436 1632
58 2141.42486310198 1659
59 2141.02185775673 1687
60 2139.12725748621 1716
61 2139.09473365767 1744
62 2137.6854776682 1771
63 2136.78448333924 1801
64 2136.40405797054 1830
65 2135.34799442126 1857
66 2134.57070603629 1885
67 2134.49143147906 1914
68 2134.07100976077 1943
69 2132.80509548398 1970
70 2133.23303857139 1998
71 2131.77157079935 2025
72 2131.2106553181 2052
73 2131.45364378782 2080
74 2131.49942495875 2110
75 2130.8026344731 2138
76 2130.23852334168 2166
77 2129.9197349043 2193
78 2129.93928880074 2221
79 2129.59963790389 2248
80 2129.00432878576 2275
81 2129.13365607617 2306
82 2129.08002686743 2337

0 296925.560138203 28
1 286427.411523559 56
2 293492.186550168 83
3 303093.577566172 110
4 267073.984084743 136
5 234656.129018118 166
6 208002.473983451 196
7 202560.573292177 224
8 164670.647133778 251
9 132395.2485298 279
10 32470.1264572543 307
11 16722.9976678645 334
12 10819.9723656769 362
13 12322.9140470908 392
14 7852.72198169691 420
15 7022.22776081881 448
16 5539.19639498647 475
17 5120.03482141516 502
18 4690.44426671655 530
19 4273.66015020309 558
20 4448.29980552425 587
21 3481.11543327307 614
22 3375.14918754699 641
23 3170.31035322393 669
24 3104.49296448598 697
25 3181.40221812964 724
26 3117.61013865577 751
27 2802.34363621673 779
28 2702.87757874115 808
29 2499.77341063606 836
30 2469.23261355483 863
31 2426.46805011163 890
32 2376.27473393373 918
33 2338.1689106401 945
34 2298.72953993056 973
35 2287.68011076467 1004
36 2266.35624355388 1032
37 2245.27743482758 1060
38 2237.47596020865 1088
39 2226.60209567938 1115
40 2204.92446171723 1142
41 2192.98886121503 1171
42 2190.32868983054 1202
43 2178.2213514688 1230
44 2177.25007386362 1258
45 2176.86532106287 1286
46 2172.42530683675 1316
47 2166.07693079975 1344
48 2161.57053927419 1374
49 2159.4050920393 1405
50 2154.15906419196 1438
51 2153.63792022474 1470
52 2151.05351497698 1500
53 2150.06319943278 1528
54 2149.26925550206 1556
55 2145.76891902951 1589
56 2144.90200065514 1619
57 2140.84822266109 1648
58 2141.50709987407 1676
59 2138.97202877221 1704
60 2139.92518366637 1731
61 2137.88026854 1759
62 2138.66260342037 1788
63 2136.7804055323 1817
64 2135.96945638251 1845
65 2135.48621659364 1874
66 2135.22057371348 1901
67 2134.31473760516 1929
68 2133.4802632326 1956
69 2134.4425607926 1985
70 2133.01419088988 2015
71 2133.2000600198 2043
72 2131.80873295404 2070
73 2131.81621464989 2097
74 2131.06496965276 2125
75 2131.09143162533 2152
76 2130.71517576132 2181
77 2130.50118933196 2212
78 2130.07171743096 2240
79 2129.65590570489 2268
80 2129.51404191829 2295
81 2129.5148946155 2322
82 2129.36159104044 2350

0 276934.004091765 30
1 289400.767739689 60
2 254069.478238681 89
3 255255.254612196 116
4 305589.42735704 145
5 250773.706264288 174
6 223166.36576098 204
7 198421.533698441 234
8 142053.286654628 264
9 115148.956347856 293
10 30229.6214299486 321
11 19312.779210177 349
12 12252.0959801823 377
13 9697.58336729051 405
14 8255.75608074179 432
15 8545.86351092428 462
16 5446.55887752479 493
17 4772.11143637592 521
18 5007.95153033073 548
19 4575.87884678512 575
20 3557.02182593798 602
21 3710.39919167933 629
22 3180.36489857788 658
23 3251.10908348977 687
24 3085.59869971187 715
25 3284.6393323443 742
26 3136.16745643174 769
27 2841.6522235706 796
28 2600.60779763932 823
29 2471.01170416945 851
30 2510.6974400688 881
31 2405.37294533586 909
32 2410.20894115377 936
33 2328.48711899001 963
34 2294.16825843604 991
35 2265.96717869266 1018
36 2264.97788657219 1046
37 2245.83744402756 1075
38 2239.68510355514 1103
39 2214.09291978282 1131
40 2197.21226130421 1158
41 2196.62976300324 1186
42 2189.37354064846 1213
43 2183.80923746635 1241
44 2186.25979997549 1270
45 2179.87031872511 1299
46 2171.64868792916 1326
47 2164.32799416032 1354
48 2161.48922218443 1381
49 2157.13222032041 1409
50 2154.60070356681 1437
51 2153.95012917547 1465
52 2151.2204944717 1494
53 2148.09542656528 1522
54 2147.03202186628 1550
55 2145.75145490407 1577
56 2144.1640857181 1605
57 2143.53066375069 1633
58 2141.94241936542 1661
59 2141.0889197245 1690
60 2141.51369547105 1718
61 2140.03023110518 1745
62 2138.23092542375 1772
63 2137.79056779865 1800
64 2136.32288650832 1827
65 2136.09111419497 1855
66 2135.39276830124 1888
67 2134.69442232062 1917
68 2134.79583611626 1945
69 2132.81727159659 1972
70 2132.44011996796 2000
71 2132.04814983735 2027
72 2132.37009507936 2055
73 2131.44039746652 2085
74 2131.02450218588 2115
75 2130.76334249746 2142
76 2130.47368216728 2170
77 2129.93952992444 2197
78 2129.54124856472 2225
79 2130.0140671549 2252
80 2129.28678059893 2281
81 2128.75286695716 2310
82 2128.77336922168 2338

0 313828.729673904 28
1 300175.811955673 56
2 290198.232954919 83
3 272998.313776606 109
4 306636.503645629 138
5 261780.698104489 167
6 229674.942216766 195
7 202927.160415669 222
8 129885.654969976 250
9 132712.250135159 280
10 38841.6322770838 308
11 18462.7525485611 337
12 11406.0628487291 366
13 10216.3862891602 393
14 7709.46397083375 420
15 6100.75821864396 448
16 5302.26107810522 475
17 5042.49320693756 502
18 4434.72809463815 529
19 4403.1014903866 559
20 3905.04242279321 587
21 3305.32446004564 614
22 3254.03998480713 641
23 3097.58044100521 668
24 3098.32641815258 695
25 3300.70745430541 722
26 3152.11156813227 750
27 2784.37752936183 779
28 2581.81359087897 806
29 2443.66335039701 833
30 2524.75651624625 861
31 2411.8036168735 888
32 2350.94817029466 916
33 2320.16408042539 944
34 2305.10448545148 976
35 2289.07321221825 1005
36 2253.74633850323 1033
37 2238.49765202797 1061
38 2229.89114308564 1088
39 2223.24912443325 1115
40 2204.09290940073 1144
41 2196.81668650364 1173
42 2183.96986149205 1201
43 2181.95837353739 1228
44 2173.00888588213 1255
45 2170.56557395934 1283
46 2164.01705810429 1311
47 2166.03825793512 1338
48 2161.26916867911 1367
49 2158.63913845676 1396
50 2157.06122968594 1423
51 2153.06763290722 1450
52 2156.87639577561 1478
53 2148.63126561317 1505
54 2148.74136921081 1532
55 2148.59745965682 1562
56 2146.83765168402 1590
57 2144.69120683447 1618
58 2141.43234489164 1646
59 2140.08829667402 1674
60 2139.10486378137 1701
61 2138.65470402427 1729
62 2139.6235659006 1758
63 2137.39809755056 1787
64 2137.15877544378 1814
65 2135.64143054394 1842
66 2135.68557424685 1869
67 2135.06012659339 1897
68 2134.66963557503 1928
69 2134.40028114158 1957
70 2133.90042333462 1986
71 2133.63070103347 2014
72 2132.44685692422 2042
73 2131.69217191557 2069
74 2131.8995772641 2097
75 2131.32454627204 2124
76 2130.8547605006 2151
77 2130.76699569304 2180
78 2130.36317698514 2209
79 2130.02630365381 2236
80 2130.02382224488 2264
81 2129.34102475985 2294
82 2129.30058393225 2321

0 283582.861561367 27
1 331983.913490121 57
2 299218.291468819 87
3 282686.876672565 114
4 256904.970281039 141
5 247253.00688038 168
6 240072.239956612 195
7 211680.382038145 223
8 139574.713892075 252
9 158519.465351887 281
10 24614.7248235129 309
11 18525.8370108463 337
12 12875.2567709208 364
13 10273.8202017109 392
14 7272.12032034632 419
15 6247.72922983161 448
16 5300.46390093366 477
17 5141.52336621068 504
18 4968.67776034567 531
19 4594.93146572634 558
20 3715.1414992072 585
21 3566.23533583504 612
22 3101.18045629011 640
23 3108.00549193686 669
24 3316.83859257692 697
25 3191.83320194576 725
26 3128.03981539009 752
27 2716.6936659575 779
28 2598.54975818628 806
29 2525.36809612874 833
30 2500.0148829204 862
31 2393.70367676754 891
32 2396.19247708203 918
33 2349.49935654585 948
34 2327.03565472247 977
35 2288.11284975383 1005
36 2253.99824859774 1035
37 2247.84239830283 1064
38 2235.70779016772 1093
39 2220.61752613788 1120
40 2208.38625171929 1148
41 2206.28226191534 1175
42 2191.87302682021 1203
43 2189.75866008301 1230
44 2176.99048880153 1258
45 2170.29364017307 1288
46 2168.06262595033 1316
47 2165.78675397307 1343
48 2163.49813826804 1371
49 2158.76725828859 1399
50 2152.97993557743 1427
51 2154.53405348006 1455
52 2150.06299505781 1486
53 2152.53262900878 1516
54 2147.13724354496 1543
55 2146.72104617733 1571
56 2143.89600558153 1598
57 2145.16999746359 1626
58 2141.08887737218 1653
59 2142.20656701247 1684
60 2140.90939502471 1713
61 2139.17203552064 1741
62 2137.4390256648 1768
63 2136.77671192541 1796
64 2135.9961076605 1823
65 2134.86340355742 1851
66 2134.66505757394 1879
67 2134.21728838501 1908
68 2133.51466979962 1935
69 2133.24081889498 1964
70 2132.97566429793 1991
71 2132.10309726073 2018
72 2132.33808887872 2046
73 2131.85197394607 2074
74 2131.34561332098 2104
75 2131.5049872532 2132
76 2130.60019410752 2159
77 2130.16161523714 2187
78 2130.05489401288 2215
79 2129.70455143256 2242
80 2129.54224190258 2270
81 2129.16276059943 2302
82 2129.62248893248 2330

0 297619.221411901 28
1 314820.857526394 57
2 265630.192388194 84
3 273125.423959919 111
4 259155.625834236 139
5 262412.733336003 167
6 247087.682841508 195
7 174938.276230202 222
8 146286.325260244 250
9 129400.350062661 277
10 26779.3995366598 305
11 17655.0881770459 333
12 10490.7533122036 362
13 11653.5170144576 390
14 7464.69861421504 417
15 6710.15586847837 445
16 6339.56218341427 472
17 4707.88048962849 499
18 4534.64879554432 526
19 4799.1741613867 554
20 4131.94739244252 586
21 3511.99385692126 615
22 3255.55330897306 643
23 3201.27435276945 670
24 3138.22601234489 697
25 3118.85447588627 724
26 3100.29837210994 752
27 2835.78493587284 783
28 2585.85644093045 812
29 2503.21514314435 839
30 2503.48245437436 866
31 2428.79513573585 895
32 2334.94978121459 923
33 2362.34491639042 951
34 2308.87662041064 981
35 2277.02578134318 1009
36 2268.18489542458 1037
37 2251.17203366068 1066
38 2222.58258284159 1094
39 2221.02404417976 1122
40 2211.69643335938 1150
41 2202.42431450973 1179
42 2187.78700353134 1208
43 2184.31343769104 1236
44 2174.29289066438 1263
45 2177.44277692854 1291
46 2164.75642321209 1318
47 2164.63602979783 1346
48 2162.52844800526 1374
49 2156.94473854535 1403
50 2155.40733600391 1430
51 2155.31564401983 1458
52 2153.94467024484 1486
53 2151.04642468263 1513
54 2147.2411759695 1541
55 2146.25637294611 1570
56 2144.96005600284 1599
57 2141.38532787192 1627
58 2141.1955419368 1655
59 2141.16442672277 1682
60 2140.86313035011 1711
61 2139.32568866309 1738
62 2137.72869334892 1766
63 2136.31698149229 1796
64 2136.26883333466 1824
65 2135.55334428193 1851
66 2135.20743130899 1880
67 2134.41466366413 1908
68 2133.44684305046 1935
69 2133.42532826722 1963
70 2133.06821370927 1996
71 2133.13873882614 2026
72 2132.85124691407 2054
73 2131.83990368768 2083
74 2132.29484433465 2110
75 2131.46048045137 2138
76 2131.04812577809 2165
77 2130.68038839235 2196
78 2130.29933272874 2226
79 2129.66219172999 2254
80 2129.70038677543 2284
81 2129.36951570037 2314
82 2128.89182736585 2341

0 264163.851090006 28
1 244099.078207847 57
2 263752.305697113 85
3 292942.856330261 112
4 281602.171192076 140
5 257387.541034472 167
6 228510.429189472 195
7 170881.299306909 222
8 182473.961198262 251
9 122976.779061338 280
10 30596.0142361917 308
11 17533.5337750065 335
12 12607.0014096121 363
13 10538.637692326 391
14 8507.74156925527 418
15 6640.53674946391 446
16 6432.38931600794 476
17 5513.0711876603 503
18 4442.66413655712 532
19 4894.65084609848 559
20 3991.88401671017 586
21 3780.95021342218 613
22 3407.71853355265 641
23 3206.41204594624 673
24 3258.04748660307 701
25 3202.86802957682 728
26 3081.60347416474 755
27 2803.04015314576 782
28 2689.07098389308 808
29 2537.12422054011 836
30 2485.85986332952 864
31 2445.16542245379 893
32 2347.41994792871 920
33 2326.86556596493 948
34 2302.49319672841 975
35 2298.81870238011 1005
36 2268.6575751829 1033
37 2253.37388673497 1063
38 2227.79732548824 1094
39 2217.10885349102 1122
40 2203.49560383177 1149
41 2208.88383380673 1177
42 2183.71375324092 1204
43 2181.92092940344 1231
44 2176.49412225479 1260
45 2174.67909024594 1291
46 2174.34931964758 1320
47 2165.84771307894 1347
48 2161.09224027498 1376
49 2156.69119637697 1403
50 2153.19005808341 1431
51 2154.51070979131 1459
52 2153.61738308861 1489
53 2149.33276582276 1516
54 2145.70360502334 1544
55 2146.06391855026 1571
56 2143.92005559258 1598
57 2144.5294513578 1626
58 2142.5036021579 1654
59 2140.35705874363 1686
60 2140.0334154262 1714
61 2138.87596569307 1741
62 2138.20086464194 1770
63 2136.81229358602 1798
64 2136.7234425592 1825
65 2136.08811831701 1853
66 2135.11433944518 1882
67 2133.22123402876 1911
68 2133.68603302189 1938
69 2133.21127680465 1966
70 2132.87800671597 1994
71 2131.91370121709 2021
72 2131.49749685281 2048
73 2131.80121811972 2079
74 2131.86680492016 2108
75 2131.01657177124 2136
76 2130.42384778847 2165
77 2130.04195428909 2192
78 2129.95271338652 2220
79 2129.93843676002 2247
80 2129.75075380576 2277
81 2129.20614416606 2306
82 2128.93131868991 2336

0 286689.196874265 30
1 277063.319380055 57
2 284721.998006261 85
3 249554.120216434 112
4 293866.177095028 143
5 254081.307988257 177
6 236165.25350744 204
7 208786.125376789 232
8 157344.716216718 259
9 111933.869966099 287
10 25949.2636361311 315
11 17967.4142082322 344
12 12006.9556518581 376
13 12111.0706648302 404
14 7215.17094232699 432
15 6831.8210002963 459
16 5257.03512389733 486
17 4533.64401185057 513
18 4771.18628738719 542
19 4529.10281136671 571
20 4124.17064002337 599
21 3304.34222771018 626
22 3401.78938182238 654
23 3290.60852982556 681
24 3161.72261474203 708
25 3123.29744935568 736
26 3164.66114368372 765
27 2878.11117056743 793
28 2673.95591310946 820
29 2552.51563844454 847
30 2465.45742215269 875
31 2388.71572592279 903
32 2394.7387686797 931
33 2319.71933910217 960
34 2320.56437687813 988
35 2284.19668479744 1016
36 2244.35103975517 1043
37 2256.52132386111 1071
38 2223.77337602628 1098
39 2218.54393038767 1126
40 2208.72680542168 1154
41 2209.07956524428 1183
42 2184.0926586717 1211
43 2185.52638549121 1238
44 2176.75737257877 1265
45 2168.21497134053 1293
46 2174.2074720545 1320
47 2161.92195391396 1350
48 2161.08079896127 1381
49 2161.27729502256 1409
50 2154.87304368309 1437
51 2156.01986483388 1465
52 2153.24233892524 1492
53 2148.99463860759 1520
54 2146.70590723132 1548
55 2145.3280611619 1579
56 2145.5674162721 1608
57 2144.10629897639 1636
58 2141.16424237565 1664
59 2139.63072347528 1692
60 2140.42860469385 1720
61 2139.67149811638 1751
62 2137.95004701815 1788
63 2138.78519561143 1824
64 2137.32137777276 1856
65 2135.74943388166 1885
66 2135.46604853887 1914
67 2134.71389964274 1942
68 2133.6588383356 1970
69 2132.59041653652 2001
70 2132.8458894132 2030
71 2133.12365550668 2060
72 2132.27553144509 2089
73 2131.98363318555 2119
74 2130.91180545513 2149
75 2131.30477258116 2179
76 2130.64713669756 2208
77 2130.75154816818 2236
78 2129.75971816819 2264
79 2129.73923184276 2294
80 2129.16230791783 2324
81 2129.25296741363 2353

0 285751.06231837 32
1 274487.233246627 64
2 260087.330456674 92
3 310631.001766147 119
4 256461.457491521 146
5 247719.170799537 175
6 177826.49283066 204
7 197835.52975323 233
8 154520.00283241 264
9 118651.982550157 296
10 35599.6857297655 324
11 17817.2224650251 352
12 10565.1522011763 380
13 9761.98998164815 407
14 7869.46380676215 438
15 5856.08820256065 466
16 5755.27200346075 494
17 5157.10020894734 521
18 4266.39583575161 548
19 4836.99596008715 575
20 4294.91427593862 603
21 3530.32870982535 632
22 3257.70339714309 662
23 3052.64490126822 692
24 3178.19345900783 720
25 3128.68488543412 748
26 3131.65143541534 776
27 2882.07087062934 804
28 2706.19526002649 833
29 2502.43800057095 862
30 2516.98032662089 891
31 2440.84411067841 919
32 2354.39022234735 947
33 2343.01360094985 974
34 2294.35200372317 1002
35 2275.55638294442 1031
36 2267.83787352526 1061
37 2237.88976655185 1089
38 2225.94732727751 1117
39 2221.77457230635 1145
40 2205.56033849666 1172
41 2200.22408050804 1200
42 2198.13318529377 1228
43 2187.59872099167 1259
44 2181.23641835537 1288
45 2173.14009808355 1316
46 2171.95325861741 1345
47 2160.3304808649 1373
48 2160.93709545174 1402
49 2156.52181155053 1430
50 2153.09630141199 1460
51 2154.25188530801 1489
52 2149.82204286889 1519
53 2150.1464420954 1549
54 2149.48876122744 1578
55 2144.83206660065 1607
56 2145.37935496612 1635
57 2143.05851423838 1667
58 2143.22720478558 1697
59 2140.90959163918 1727
60 2140.24340969542 1755
61 2139.31699127538 1783
62 2137.60725567812 1812
63 2137.27703179471 1840
64 2135.56620583796 1869
65 2136.26519441163 1898
66 2134.92090489315 1926
67 2134.21233345399 1955
68 2133.38992767007 1986
69 2132.84283073544 2020
70 2131.83520088534 2053
71 2131.73066759175 2085
72 2132.2566051295 2115
73 2132.03616900986 2143
74 2131.1591865853 2171
75 2130.67314020538 2200
76 2130.66865441741 2230
77 2130.24203609956 2261
78 2130.38473363145 2293
79 2129.7059424076 2323
80 2129.72679539049 2353
81 2129.50801201492 2384
82 2129.54910981167 2414

0 317117.650532669 30
1 253878.467026716 63
2 248235.067888616 93
3 263559.643612833 121
4 251643.427216347 149
5 261105.814809196 178
6 211034.962031218 207
7 155701.732371345 236
8 153927.7061297 265
9 119750.971449675 295
10 25361.0604805349 324
11 18107.235256494 351
12 11436.7734227067 379
13 9100.69907654656 406
14 8258.18457048182 433
15 6504.40938835569 462
16 5810.13322387109 495
17 4562.93132180219 526
18 4577.46002339197 555
19 4206.6190250664 583
20 3729.07096485909 610
21 3463.69017022103 639
22 3210.03698637242 669
23 3084.48336947113 698
24 3232.64297395062 726
25 3388.64521235794 753
26 3130.1986694897 781
27 2798.74612970921 809
28 2631.27688009569 836
29 2517.94107450578 865
30 2481.70631057237 895
31 2461.82952980318 923
32 2363.20020676213 950
33 2345.95727493884 978
34 2309.00868215849 1006
35 2296.28133726461 1035
36 2260.59819475991 1066
37 2235.01276322873 1101
38 2241.85557045593 1130
39 2209.0131720995 1161
40 2209.53746247131 1190
41 2200.76809836321 1218
42 2193.23317267475 1247
43 2196.763503339 1276
44 2183.71052467961 1305
45 2172.5101996866 1333
46 2168.51025344313 1362
47 2166.79768439228 1389
48 2160.89806030972 1417
49 2156.23706349922 1444
50 2157.06209300603 1473
51 2155.49437899268 1503
52 2153.43263300013 1531
53 2149.66676977189 1561
54 2143.9465536544 1591
55 2146.02175916086 1621
56 2145.8228243785 1650
57 2142.35514933636 1680
58 2141.29687929534 1709
59 2140.70467592478 1738
60 2139.52773012255 1767
61 2138.35147282194 1797
62 2139.70256227238 1826
63 2136.93840469822 1854
64 2136.15916173083 1883
65 2135.10850849073 1913
66 2134.34091662419 1941
67 2134.30571304305 1970
68 2133.49592409113 1998
69 2132.93772282968 2026
70 2132.5765527097 2053
71 2132.0586670004 2083
72 2132.18885829225 2114
73 2131.95005099058 2143
74 2131.46898739796 2173
75 2130.66633089259 2203
76 2130.3262147175 2232
77 2130.04623469873 2263
78 2129.80667478158 2306
79 2129.90699209204 2365
80 2129.38666341126 2404
81 2129.78495642573 2436
82 2129.19711017807 2470

0 292210.736778954 35
1 280444.119577625 69
2 276863.030510144 99
3 270118.922998284 129
4 290886.075208034 159
5 258548.324352098 188
6 243902.634039566 219
7 195625.191853171 250
8 148345.772559422 280
9 116403.855570202 310
10 25871.9060287233 338
11 15441.2796422208 367
12 11785.3285333531 396
13 10074.0508433234 429
14 8041.65007183647 460
15 6907.72076167343 489
16 5987.06110007765 517
17 5594.27798697975 546
18 4570.42125029097 575
19 4603.49436375738 605
20 3741.50865764781 635
21 3464.30290003701 665
22 3235.3043136857 697
23 3183.77557745318 731
24 3136.58337233011 763
25 3194.80087958266 794
26 3144.61211165744 834
27 2884.15033825487 868
28 2546.03193837075 898
29 2532.5796177385 932
30 2467.6679788083 969
31 2451.39922870431 1007
32 2370.97971610546 1048
33 2336.64570616417 1088
34 2304.31616259345 1124
35 2310.87762956207 1153
36 2267.51787155577 1184
37 2238.34469296259 1214
38 2225.70929459721 1245
39 2221.83347035729 1279
40 2204.47273475412 1311
41 2189.10747099689 1340
42 2196.88947380445 1371
43 2182.19876084707 1403
44 2176.16222787978 1434
45 2172.97929024353 1464
46 2166.92478456261 1494
47 2163.03057252761 1524
48 2161.70907909848 1557
49 2155.30073885541 1587
50 2154.73811980385 1618
51 2152.01627793827 1652
52 2151.93410328701 1682
53 2148.02097246004 1716
54 2146.38461495089 1747
55 2145.63699125891 1781
56 2144.31596799092 1820
57 2144.43775839461 1855
58 2143.22274230924 1891
59 2139.78278878241 1920
60 2137.80556445946 1955
61 2138.12015949967 1991
62 2136.66402414097 2023
63 2137.14086552747 2056
64 2135.59150431873 2092
65 2135.43659219888 2123
66 2134.76364328887 2154
67 2134.93045310571 2186
68 2133.90816961267 2217
69 2132.57708504509 2249
70 2133.59977929791 2281
71 2132.4492131148 2312
72 2132.10091673187 2342
73 2131.19405984444 2370
74 2131.43514702793 2399
75 2130.75056647455 2428
76 2130.32529459167 2461
77 2129.79113759734 2493
78 2129.75312816376 2524
79 2129.78989657852 2556
80 2129.45937579728 2588
81 2129.25803314389 2619
82 2128.79927685115 2648

0 264360.467523096 32
1 281496.052042813 62
2 284863.099917311 95
3 254692.159436621 127
4 256305.610808808 159
5 230790.936848904 190
6 259295.978965344 222
7 193371.441871248 253
8 155346.254032911 282
9 120846.889800869 311
10 32844.7817758664 340
11 19885.6807625065 371
12 9549.68041606604 404
13 10590.5675592372 435
14 7074.02401228665 467
15 6627.25506278949 499
16 6099.35778823703 530
17 4878.28176576901 563
18 4373.08755087888 596
19 4286.07987634929 629
20 4437.3896873239 660
21 3428.95921608876 690
22 3166.58754143532 720
23 3270.3113972399 749
24 2964.38097012921 780
25 3332.25465165448 811
26 3163.36374241348 846
27 2764.81439562326 880
28 2610.63557192811 911
29 2513.78379417281 941
30 2502.1534891863 972
31 2457.89164795145 1006
32 2381.76963944728 1040
33 2312.91406051262 1073
34 2313.95825587957 1108
35 2281.79991973523 1143
36 2250.58217398836 1178
37 2237.13589035626 1212
38 2241.74015179752 1251
39 2216.92229777848 1283
40 2217.17242238986 1316
41 2192.00154574267 1346
42 2194.70763137792 1374
43 2192.05208113007 1402
44 2177.64264413565 1433
45 2174.29404036297 1474
46 2171.91630143336 1509
47 2165.27881657555 1543
48 2164.41303505496 1574
49 2158.17353195728 1606
50 2154.06270104898 1641
51 2152.88167898401 1677
52 2152.43028109473 1709
53 2147.72084853442 1741
54 2149.06307338088 1772
55 2147.76641962603 1804
56 2145.05900095758 1840
57 2143.03541416971 1874
58 2141.85752075108 1907
59 2139.91320966752 1939
60 2139.35723441365 1970
61 2139.66019591834 2003
62 2137.24532863417 2040
63 2135.92825577463 2074
64 2136.38876188121 2104
65 2134.3458493461 2135
66 2134.42981521081 2164
67 2135.38428750475 2192
68 2134.18627398206 2220
69 2133.5876998203 2250
70 2132.88936294938 2279
71 2132.16994102683 2307
72 2132.41229302878 2336
73 2131.89502423963 2368
74 2132.03172706345 2399
75 2130.71349471864 2429
76 2130.29894915624 2459
77 2130.49583041384 2488
78 2130.27844812984 2516
79 2130.12474151409 2545
80 2129.90460048241 2574
81 2130.1695759619 2602
82 2129.33025220256 2630

0 271406.486808113 31
1 303260.064137417 61
2 269652.68802703 89
3 284107.762438911 116
4 277085.105321044 145
5 262972.554482356 175
6 231466.576427112 203
7 196511.278294126 234
8 153574.641629584 264
9 128440.863117471 292
10 33707.5975588128 321
11 22986.1051241831 352
12 12888.546001575 384
13 11253.3206766407 415
14 7672.23118928354 448
15 6235.69531714049 479
16 5616.41566337595 511
17 4679.19335529283 542
18 4390.75555458778 572
19 4647.65632670419 601
20 4540.50706507545 629
21 3304.78914435937 658
22 3183.41454013847 688
23 3068.24442345107 718
24 3208.32702178782 754
25 3112.87357327876 786
26 3101.40356179985 825
27 2762.27094837034 863
28 2679.50005772587 895
29 2476.10160640908 928
30 2555.16223062813 958
31 2418.68001342759 989
32 2354.8567628658 1021
33 2301.27379410127 1052
34 2303.38053567743 1082
35 2300.4269276532 1111
36 2269.47703698214 1139
37 2234.31053004431 1169
38 2225.98570124365 1203
39 2210.20768369005 1236
40 2201.1252236504 1267
41 2190.94975401234 1298
42 2192.84185157129 1331
43 2188.37380554514 1363
44 2185.50112680723 1395
45 2177.75385708696 1424
46 2163.75849664973 1454
47 2160.74880251661 1482
48 2163.40600246098 1510
49 2159.94896510697 1540
50 2155.99646518538 1570
51 2153.62587018343 1600
52 2151.83100016403 1632
53 2150.97473858708 1667
54 2149.17048388034 1697
55 2145.67222045399 1728
56 2144.35108492461 1758
57 2144.54796345017 1789
58 2140.70419994696 1819
59 2142.58769381917 1852
60 2139.48566523017 1885
61 2138.15494068635 1916
62 2138.1730708848 1946
63 2138.32911937138 1977
64 2136.25949549459 2008
65 2136.32714679681 2039
66 2135.15606692181 2070
67 2135.46220985858 2098
68 2134.19544114961 2125
69 2133.53458302495 2152
70 2132.36626047174 2180
71 2132.41754638378 2208
72 2133.12574447417 2236
73 2132.23077485004 2264
74 2131.77651417923 2292
75 2130.7068599472 2320
76 2130.44657667849 2348
77 2130.23191622593 2375
78 2130.52260238534 2405
79 2130.20605842984 2437
80 2129.76891181837 2469
81 2129.77124223194 2498
82 2129.28801848559 2525

0 245834.927660814 28
1 323408.386471842 56
2 244006.79870269 83
3 276285.147845649 111
4 258004.940119873 139
5 277329.414171834 167
6 218329.697884406 194
7 163328.797038482 222
8 153343.697599428 251
9 113509.954577892 281
10 30062.0597609378 312
11 21095.343508304 342
12 12361.0096776977 375
13 10373.761201464 405
14 7362.96109073732 436
15 6719.36305077562 468
16 6054.96098914418 499
17 4675.86619082074 530
18 4777.24668554389 563
19 4111.96795332967 593
20 4185.11070104748 620
21 3580.63304848091 648
22 3347.32292119529 676
23 3162.83835867457 706
24 3119.49033391243 736
25 3101.03983547647 766
26 3148.41045735875 794
27 2775.9551304187 822
28 2602.077161933 849
29 2502.21815497277 876
30 2495.74221887577 904
31 2411.20056853727 932
32 2336.4100288695 961
33 2350.51150601431 989
34 2330.94001639176 1016
35 2271.0112096877 1043
36 2264.82810511122 1071
37 2237.47809335411 1098
38 2224.97576715676 1126
39 2222.30216250919 1155
40 2210.57507998514 1183
41 2205.04845523998 1210
42 2192.22666730374 1238
43 2188.1881744161 1268
44 2178.15406118993 1299
45 2179.71900752083 1328
46 2170.21355066031 1361
47 2165.48269016877 1389
48 2161.95987827963 1417
49 2161.84898207772 1444
50 2156.85625808306 1473
51 2153.83709503023 1501
52 2149.07193145629 1530
53 2148.18119630198 1559
54 2148.74639638216 1587
55 2146.93202260749 1615
56 2144.85706639137 1642
57 2141.52359560904 1670
58 2141.61889581694 1698
59 2139.73882392112 1725
60 2138.38579543157 1754
61 2137.58304314551 1785
62 2137.60119460367 1813
63 2136.90612296974 1840
64 2135.89639430953 1867
65 2135.17552596706 1895
66 2135.19513472779 1923
67 2134.66461141537 1953
68 2134.29430020781 1986
69 2133.40802867067 2016
70 2133.08335003964 2043
71 2132.90915544126 2071
72 2132.43312346691 2098
73 2132.08481503772 2125
74 2130.95774346636 2154
75 2131.93566950161 2184
76 2131.03321090697 2213
77 2130.76038456832 2241
78 2130.7893833235 2268
79 2130.46945282332 2295
80 2129.95507141802 2322
81 2129.35274041074 2352
82 2129.40688795294 2382

