0 4803.37552424775 27
1 4899.37635525718 54
2 4459.63121417761 80
3 4310.40130276653 107
4 3734.5597126993 134
5 3237.74888420562 161
6 2805.53863208764 190
7 2791.21758460431 218
8 2590.02174633203 246
9 2511.30317672107 274
10 2521.95718532142 301
11 2283.74176367366 328
12 2192.09286297181 356
13 2150.53165772188 383
14 2136.92481169682 411
15 2132.58795038107 438
16 2131.12301348469 465
17 2130.48622545511 491
18 2130.18323347931 518
19 2130.02695238282 545

0 4768.03315154472 27
1 5045.794218796 56
2 4715.89482255279 85
3 4195.49704167442 112
4 3835.86540574468 139
5 3194.37210763903 167
6 2925.32445218316 193
7 2730.6925282731 220
8 2615.13064062659 248
9 2470.66602410761 277
10 2475.01018324324 305
11 2285.27020711934 332
12 2191.32690926377 359
13 2150.12276509687 386
14 2135.39907613486 412
15 2131.20270395816 439
16 2129.73471565773 469
17 2129.13068143029 497
18 2128.8341194338 525
19 2128.67938582146 551

0 4958.91534402849 27
1 5080.70038718233 53
2 4675.13499066426 81
3 4280.67015581189 109
4 3706.06882367719 136
5 3168.09421864382 164
6 2983.2115248949 191
7 2703.55665449033 218
8 2566.66138321436 244
9 2498.97685449946 271
10 2425.75435278942 298
11 2296.5871972067 330
12 2187.79918523242 357
13 2149.28258899995 383
14 2135.31041329119 410
15 2131.50853848886 436
16 2130.023436503 462
17 2129.39651457439 488
18 2129.09781660925 518
19 2128.94157048075 547

0 5076.29599776394 27
1 4944.41550714718 54
2 5035.90040932876 81
3 4207.40227913435 108
4 3576.80408129253 135
5 3229.7599566407 164
6 2921.52688311297 192
7 2702.33537537563 218
8 2628.70714432006 245
9 2467.82731051593 272
10 2498.16063782279 299
11 2298.95098562726 325
12 2195.54987669384 352
13 2150.26959066473 380
14 2136.97130695592 408
15 2132.89762110656 434
16 2131.390536302 460
17 2130.79691144971 487
18 2130.50547775679 513
19 2130.35172250918 540

0 5336.82726800114 28
1 4949.40626246608 55
2 4869.88040844331 80
3 4124.23450287019 108
4 3632.94994876001 136
5 3215.07169427961 162
6 2947.92965866275 190
7 2762.59101602765 217
8 2525.30571662334 246
9 2535.85251937778 273
10 2503.11893393161 300
11 2299.49958982551 326
12 2190.69278633052 352
13 2148.9517414912 379
14 2134.77277158865 406
15 2130.89403535538 434
16 2129.39200390892 462
17 2128.77271194804 489
18 2128.47778058927 515
19 2128.32628106924 542

0 4650.10621854584 27
1 5095.89253784152 53
2 4659.07864602112 80
3 4236.08879441952 110
4 3545.96035966887 139
5 3262.31683726474 166
6 2958.80639802135 192
7 2681.72503273688 219
8 2577.07087799035 245
9 2474.17830341901 271
10 2484.75149202635 299
11 2276.93522794935 327
12 2193.11122417857 354
13 2149.79328909197 380
14 2135.70760699674 407
15 2131.37731789447 433
16 2129.83111095999 461
17 2129.16260958926 488
18 2128.84235701787 516
19 2128.67677787684 543

0 4731.00267150952 29
1 4829.06199093827 55
2 4594.76978608064 82
3 4081.50005699341 109
4 3777.24892012007 135
5 3260.88432938735 163
6 2916.97092538423 191
7 2716.43994988769 218
8 2574.98942020745 244
9 2542.57972903468 271
10 2490.05811084282 297
11 2309.77007839348 324
12 2188.53815091423 351
13 2150.85038519031 380
14 2137.31060749876 406
15 2132.88148741477 433
16 2131.07995275837 459
17 2130.33495932698 485
18 2129.96591571764 511
19 2129.77714857628 538

0 5071.71287306251 29
1 5004.0119352411 57
2 4557.32867938786 84
3 4174.55001944568 111
4 3691.52458767995 138
5 3239.3378559023 165
6 2979.06057983986 191
7 2814.60236593796 218
8 2612.7371128307 246
9 2553.68882754392 273
10 2465.80802515306 299
11 2297.57165245475 326
12 2190.31913444091 352
13 2146.45568807979 378
14 2134.11155638875 405
15 2130.34659007793 434
16 2128.986823957 465
17 2128.40708974613 493
18 2128.13597062917 520
19 2127.9951759889 546

0 4898.41563021309 27
1 4868.36054574598 53
2 4916.59158577052 81
3 4194.79535675141 112
4 3682.42344404681 140
5 3178.38213831196 167
6 2922.99097814343 193
7 2695.17653699153 220
8 2560.78764283969 247
9 2483.0297314087 274
10 2477.59897555342 302
11 2290.98062907597 329
12 2194.49192069061 355
13 2150.95941817632 381
14 2136.12882454912 408
15 2131.85252949734 435
16 2130.32065044547 462
17 2129.69470279522 489
18 2129.38957147994 518
19 2129.23274215123 545

0 4774.87711673354 27
1 4754.6549728492 54
2 4499.01515569764 81
3 4281.19178490403 108
4 3665.58676383395 135
5 3136.63430169382 164
6 2975.55331664811 191
7 2739.71674270878 217
8 2535.16880635251 244
9 2528.86597097768 271
10 2471.85129018753 297
11 2307.09792193158 324
12 2200.18141628094 352
13 2148.5735922637 380
14 2135.17461420081 408
15 2131.32981532291 435
16 2129.84935513767 462
17 2129.23894893293 488
18 2128.95018171129 514
19 2128.80206298281 541

0 5035.24909234744 29
1 4929.00036171088 56
2 4684.50330574816 83
3 4277.61923977522 110
4 3829.39606753696 137
5 3216.1652288658 163
6 3053.0632972575 190
7 2694.53421916329 219
8 2552.12576726074 249
9 2427.16757709188 276
10 2464.4078161813 302
11 2310.7806164333 329
12 2190.92777092772 355
13 2147.51139729571 382
14 2134.69691413534 408
15 2130.14244216145 439
16 2128.6168837 467
17 2127.95945761306 494
18 2127.66140804951 520
19 2127.50599213658 547

0 4954.56224178733 27
1 4875.32816712942 54
2 4646.93056576427 83
3 4417.6918910379 111
4 3552.03141947864 138
5 3288.74753742805 165
6 2922.0635293969 193
7 2719.35985080262 220
8 2613.01838928448 247
9 2463.52964797901 275
10 2520.14890791682 303
11 2280.0764816452 330
12 2185.17447890108 357
13 2151.94423841965 384
14 2135.9636277973 411
15 2131.48765515899 437
16 2129.94324132169 464
17 2129.26689826934 492
18 2128.94705666874 520
19 2128.78229853618 547

0 4673.99697614402 27
1 4862.33607832697 53
2 4754.03959889025 80
3 4251.83173339286 107
4 3619.66426002541 136
5 3234.57308391901 165
6 2977.43936889097 192
7 2712.52518607853 219
8 2562.83239523632 246
9 2520.93277662703 272
10 2549.69016877011 298
11 2307.51527676778 326
12 2195.09778814435 354
13 2148.34316778859 382
14 2136.67909270002 409
15 2132.18746962386 436
16 2130.54824793438 462
17 2129.86634604254 490
18 2129.53886875711 516
19 2129.37015694873 545

0 4906.49989881502 31
1 4970.79567749813 58
2 4830.12355397336 84
3 4284.16937840883 111
4 3845.30340082788 138
5 3157.41191172604 166
6 2877.23648211835 194
7 2712.86941121342 222
8 2541.12306708412 249
9 2500.94771404788 277
10 2476.87753662637 303
11 2292.94486855865 330
12 2192.99344937686 357
13 2150.58109631719 383
14 2136.95089679871 410
15 2132.22035872207 438
16 2130.61200930298 465
17 2129.88705704922 492
18 2129.53398694853 519
19 2129.34931882075 545

0 5078.89789875398 28
1 4672.32750106228 55
2 4541.61439680392 84
3 4268.74855285419 112
4 3815.99668867131 139
5 3170.67751110558 166
6 2940.28642645055 194
7 2697.14530469263 222
8 2561.51472938995 249
9 2513.8212317362 277
10 2517.11253662754 304
11 2289.95698270443 333
12 2200.27856552301 361
13 2149.98076447884 388
14 2135.5310783619 415
15 2131.30333080634 441
16 2129.86661414589 469
17 2129.26692534219 497
18 2128.97865392945 524
19 2128.83254992989 550

0 4816.88266975156 27
1 5091.71623987326 54
2 4572.54054751172 81
3 4264.13203094461 109
4 3776.35067590566 138
5 3144.59289364955 166
6 2948.68301967434 195
7 2769.27264426413 223
8 2597.67116628376 249
9 2492.0279131843 276
10 2516.97298067953 304
11 2311.87228849982 334
12 2186.3771993384 363
13 2147.69152364934 390
14 2134.7313536416 416
15 2131.03757958894 443
16 2129.55644618842 470
17 2128.89695526523 496
18 2128.59011045055 524
19 2128.42793158264 553

0 4984.79631653683 27
1 5158.36022723732 54
2 4640.624323344 81
3 4145.54285050424 108
4 3584.80895862755 135
5 3226.91974852437 162
6 2900.60951545331 190
7 2632.95141308502 217
8 2566.35974877942 243
9 2463.70381384229 270
10 2537.2392673717 296
11 2308.13138390815 322
12 2192.07229453394 349
13 2149.74873801803 377
14 2135.05888565791 404
15 2130.58426864221 431
16 2129.06084631342 458
17 2128.4318185395 484
18 2128.13658358838 511
19 2127.98461052425 538

0 4928.95992023796 28
1 5134.6970693893 55
2 4663.34771873081 83
3 4145.82508969219 111
4 3743.13722697462 140
5 3197.94350194453 167
6 2956.98597867423 193
7 2732.49556712596 220
8 2601.59393930433 248
9 2526.04080612253 276
10 2473.41662751027 304
11 2277.87736335919 331
12 2194.9308949418 358
13 2150.81829813615 384
14 2136.70630795411 412
15 2132.22685114508 441
16 2130.54788638832 472
17 2129.78421773434 498
18 2129.41930961428 525
19 2129.22619966121 552

0 5114.72773584347 27
1 4811.16296573096 54
2 4625.66893406704 82
3 4137.42829166674 111
4 3631.31257912573 139
5 3316.41535309097 165
6 2963.02565528462 192
7 2755.27276643148 219
8 2565.02184446385 245
9 2500.35799534151 272
10 2550.77182174869 300
11 2292.23455162952 328
12 2194.58365463008 354
13 2150.22685595171 381
14 2136.87872582614 407
15 2132.87862276093 433
16 2131.30197281822 460
17 2130.65966636603 488
18 2130.34233525332 518
19 2130.17769536647 545

0 4686.56557897133 28
1 5225.13001675236 56
2 4478.62272063377 83
3 4394.84220127444 110
4 3751.21815273643 138
5 3117.71339418232 166
6 2945.021801712 194
7 2753.24559620422 221
8 2585.34428384964 248
9 2525.82709043007 275
10 2579.09164550556 302
11 2294.70145935144 329
12 2183.19156930569 357
13 2150.20536991015 385
14 2136.01685885173 412
15 2131.43614112094 439
16 2129.91998772932 465
17 2129.28245897844 492
18 2128.96827825027 518
19 2128.80888637539 545

0 4771.7702162256 28
1 5323.79897696803 56
2 4569.89977611846 82
3 4115.92794912523 109
4 3725.41021612071 135
5 3172.11707370203 162
6 2979.35165193601 189
7 2680.29849658768 219
8 2540.71473996016 251
9 2476.18062843581 279
10 2549.32534819794 305
11 2280.21122338261 332
12 2187.92979372264 359
13 2149.1788217631 385
14 2135.91184772727 413
15 2131.7977351718 441
16 2130.42719163833 467
17 2129.81846643259 495
18 2129.5275080261 522
19 2129.37947616195 550

0 4931.12503514444 28
1 4626.30614973374 55
2 5122.15103669179 83
3 4165.11647553762 110
4 3523.53676134743 137
5 3331.70706614474 164
6 3028.41345092022 191
7 2753.88236450922 217
8 2533.60310183539 243
9 2492.15443836727 271
10 2511.55860881989 300
11 2264.84005191635 327
12 2191.58050890178 354
13 2148.82171441062 380
14 2135.79882362769 407
15 2131.78960736541 434
16 2130.39542759434 461
17 2129.79558418631 489
18 2129.49183644399 516
19 2129.33401172055 543

0 4857.37559301433 27
1 4704.88678738548 53
2 5001.39271073576 80
3 4091.5653910094 108
4 3685.16243553513 136
5 3117.33422965599 165
6 2843.46841609567 192
7 2674.13749910802 219
8 2603.84757745985 245
9 2483.86687070559 271
10 2465.50628529356 298
11 2292.52567860091 326
12 2192.95928217409 356
13 2151.85246436253 384
14 2136.1750024683 412
15 2132.13316161699 439
16 2130.62397233709 466
17 2129.99701390268 493
18 2129.6919286841 520
19 2129.53552462313 551

0 5116.98672953077 29
1 4828.25349443216 58
2 4995.50724555317 86
3 4116.43618058658 116
4 3706.95429345187 144
5 3351.77229931924 172
6 2997.17149743228 200
7 2707.60510442037 227
8 2590.46108231515 255
9 2537.36072204994 282
10 2471.55224947446 311
11 2279.27580547618 339
12 2192.06257008141 366
13 2151.42838473219 397
14 2137.04907596633 427
15 2132.53420344124 455
16 2131.01807200844 483
17 2130.37249709495 510
18 2130.07074370128 537
19 2129.91449224657 564

0 4673.74373362304 28
1 4908.41104802322 57
2 5005.77899244257 85
3 4605.51377323135 113
4 3764.84674289647 141
5 3198.34853611171 170
6 2901.27682176216 197
7 2723.65389576 225
8 2536.63812687421 260
9 2495.69656527968 295
10 2472.47810114331 323
11 2268.0225316339 350
12 2189.83575306571 378
13 2147.68416053479 405
14 2134.99166608513 434
15 2130.91081479487 463
16 2129.39538064278 492
17 2128.72906233076 520
18 2128.41307508186 549
19 2128.24889043056 577

0 4926.25440227962 27
1 4914.69136639891 56
2 4704.09152779186 86
3 4264.73699085652 118
4 3697.08420051681 149
5 3286.14681136332 179
6 3064.9805101746 209
7 2716.98392230394 236
8 2540.62911636375 268
9 2454.2665676381 297
10 2527.48961104438 325
11 2291.49708107086 354
12 2188.57601710475 381
13 2146.33531722519 408
14 2135.0566481996 435
15 2131.10535862895 464
16 2129.69312010946 492
17 2129.0969096594 522
18 2128.81119871775 551
19 2128.66429039342 580

0 4962.95974371061 31
1 5065.40204553044 60
2 4664.99273931636 96
3 4364.54303356129 127
4 3731.0870103693 157
5 3103.18124185321 188
6 2903.71351053501 215
7 2707.32622475469 242
8 2618.10248719641 272
9 2475.70052028215 303
10 2417.5825120735 334
11 2304.59364748735 364
12 2186.14002519893 398
13 2150.50897502668 427
14 2136.98871752931 455
15 2132.66993367767 484
16 2131.0661004343 517
17 2130.40978893301 546
18 2130.0908784691 574
19 2129.92589337972 602

0 4884.4416288123 29
1 4911.277224894 58
2 4711.90338920989 85
3 4276.60991184581 116
4 3703.09975206604 145
5 3298.88705284724 174
6 3030.05421478995 202
7 2696.14695328992 229
8 2543.36230694949 259
9 2487.00810641026 287
10 2495.42460171175 315
11 2292.66642222959 344
12 2188.36963758316 372
13 2151.29515366679 401
14 2136.72390541418 429
15 2132.24004247595 457
16 2130.65637199434 484
17 2129.97005646418 519
18 2129.6392297824 548
19 2129.46513468546 577

0 5136.1290366025 33
1 5146.03995958742 63
2 4501.1236960293 89
3 4328.90495843711 118
4 3617.20970171439 147
5 3299.90786147583 174
6 2925.13695909693 201
7 2751.02811663283 227
8 2532.95977482179 255
9 2518.27985015826 281
10 2474.98482811409 307
11 2301.97871912253 335
12 2192.92321321375 363
13 2150.9847815218 389
14 2136.54039502866 416
15 2132.3799792519 442
16 2130.72092586413 468
17 2130.04779666303 495
18 2129.71423509771 522
19 2129.53942470031 550

0 5148.2633209733 27
1 4776.72153098807 53
2 4913.88537569405 80
3 4089.77773561005 106
4 3741.25666989 133
5 3216.54907008773 160
6 2959.40715902661 188
7 2738.58607323128 218
8 2516.82548801826 245
9 2485.11999692047 271
10 2453.33136828006 297
11 2306.51448991391 325
12 2199.46426632191 352
13 2148.59897928452 379
14 2135.67609405216 407
15 2131.63030398373 433
16 2130.12389886245 461
17 2129.49554579403 488
18 2129.19364464625 514
19 2129.04057722684 542

0 5043.37417790368 28
1 4940.42426456662 57
2 4525.92681363118 86
3 4486.46688994781 113
4 3674.06419614647 140
5 3218.01374952768 167
6 2953.96901663413 193
7 2771.05638989295 219
8 2561.9681681848 249
9 2489.3478368513 280
10 2509.78521306873 306
11 2285.68172990642 332
12 2184.19374354598 359
13 2148.37672453308 385
14 2136.04862215785 413
15 2131.75662492609 442
16 2130.13103220169 472
17 2129.4585121938 498
18 2129.13879730186 525
19 2128.96937493593 551

0 4922.02794946448 27
1 4787.3407684497 54
2 4777.44857876475 80
3 4259.27205202796 108
4 3733.21832659826 137
5 3316.19190968351 164
6 2909.51631007577 191
7 2697.77629924434 217
8 2578.02901751636 245
9 2467.78756311412 272
10 2457.3447548119 300
11 2301.25171755658 329
12 2193.8383715387 356
13 2149.21285874607 384
14 2136.67724631267 410
15 2132.44965952287 437
16 2130.82566995726 464
17 2130.15172332706 492
18 2129.8246577174 521
19 2129.65400127682 550

0 5126.20199511018 27
1 4849.42542220367 55
2 4369.67386620298 82
3 4129.38222823033 109
4 3726.10661433644 137
5 3200.96590459147 166
6 2918.44310528695 194
7 2754.63782713241 220
8 2596.07806832469 247
9 2497.75754632108 273
10 2506.83525010086 300
11 2283.45994542055 326
12 2191.06849659313 354
13 2148.33487361162 382
14 2135.53186392823 410
15 2131.53788614618 436
16 2129.99992372501 463
17 2129.37608166934 490
18 2129.0743902159 516
19 2128.92125506096 543

0 4953.60622267713 35
1 4726.6542174393 66
2 4798.66696177835 94
3 4131.47792454668 121
4 3612.96286085574 150
5 3231.25515807534 176
6 3036.37615203852 203
7 2797.09510053804 232
8 2576.14616364876 260
9 2551.75032604523 289
10 2486.61965779526 316
11 2285.02309925373 343
12 2186.9720902625 371
13 2148.79407060176 399
14 2136.13352406901 430
15 2131.57667046638 462
16 2130.0091655393 492
17 2129.35102331559 523
18 2129.03911662683 551
19 2128.87550119016 577

0 5168.39000371877 28
1 5163.42675441684 56
2 4597.36416617072 84
3 4338.47631274637 111
4 3683.34468454418 138
5 3303.07762421001 165
6 2862.63931074391 192
7 2703.08290473693 218
8 2580.53639180353 245
9 2483.14184313037 273
10 2507.18869861013 300
11 2295.75589401411 327
12 2192.50316081995 353
13 2148.72194284148 380
14 2136.25259280521 407
15 2131.85333484874 433
16 2130.2566834541 462
17 2129.58455076403 490
18 2129.2734297733 517
19 2129.11320185646 543

0 4750.9059636471 27
1 4924.39226143454 55
2 4645.14322534958 81
3 4257.71156055286 109
4 3655.49661737314 138
5 3237.92270086852 167
6 2891.16625846551 195
7 2791.56333958523 221
8 2539.33038431582 249
9 2479.55288581333 277
10 2495.88184148876 305
11 2300.76354252044 336
12 2190.97562718463 364
13 2149.17765696588 390
14 2135.72991917498 417
15 2131.50424334305 443
16 2129.93797016859 470
17 2129.29935270143 497
18 2128.98759858591 524
19 2128.82478475333 552

0 4684.2864338736 27
1 4861.24002565178 54
2 4559.01965785108 81
3 4120.1531198641 109
4 3634.07461859988 137
5 3355.54608326581 164
6 2919.02269777228 192
7 2729.281337683 219
8 2544.42243497391 245
9 2484.23109229682 271
10 2472.43251547444 300
11 2305.5293062101 326
12 2187.23509232678 353
13 2147.64218625671 380
14 2135.9475098028 409
15 2131.649039634 436
16 2130.04707446455 462
17 2129.39333252669 488
18 2129.09026054929 514
19 2128.93163161557 541

0 4896.11984125368 28
1 5008.69276154136 58
2 4824.96123234758 87
3 4425.42562654392 115
4 3717.5934626482 142
5 3228.89899184082 170
6 2912.07822145419 198
7 2791.42993573381 225
8 2611.3811824616 253
9 2462.04456334898 280
10 2518.66859175198 306
11 2305.73820337562 333
12 2195.06616988458 359
13 2150.77473450537 386
14 2136.03578701418 412
15 2131.68729892423 440
16 2130.10751608862 471
17 2129.42412228407 498
18 2129.09394142844 524
19 2128.92196359372 551

0 5542.13951065366 27
1 5127.65267847356 54
2 4889.05721539975 83
3 4344.66267061362 113
4 3614.30529576311 141
5 3263.2957023462 167
6 2903.81648639336 194
7 2725.81488620606 222
8 2512.475513161 248
9 2512.65312971826 275
10 2487.40268046069 302
11 2296.92844891994 332
12 2182.7672853094 358
13 2151.05220410185 384
14 2136.14124989582 411
15 2132.03817929174 437
16 2130.49277938424 463
17 2129.85297877127 490
18 2129.52937698229 520
19 2129.36318607035 547

0 4939.93926401367 28
1 5119.04204057667 55
2 4981.57433811817 83
3 4384.30441952234 110
4 3603.06752118527 137
5 3171.80717569865 165
6 2887.91570675221 193
7 2793.87102504019 220
8 2582.02272415845 246
9 2477.25499011494 273
10 2500.27973305573 299
11 2292.10414458099 327
12 2190.76147009867 355
13 2150.05763026044 385
14 2136.0390544293 412
15 2131.8249173254 439
16 2130.37151600019 466
17 2129.72564138865 493
18 2129.41406064046 519
19 2129.25504511723 546

0 4883.94039195694 30
1 4699.36932009157 58
2 4845.53770149009 84
3 4069.82164065611 111
4 3598.25589118841 139
5 3311.88409574938 167
6 3067.30766832144 193
7 2746.48390502187 222
8 2662.39714840371 252
9 2513.83878550951 279
10 2478.64365071943 305
11 2275.4442759179 332
12 2192.04880025922 358
13 2149.55685055427 384
14 2135.41129614103 415
15 2131.29692770405 446
16 2129.8556089576 473
17 2129.24753334731 500
18 2128.95856619455 527
19 2128.81007991799 556

0 4969.63234747437 27
1 4766.85739731542 54
2 4773.38276392732 82
3 4286.13946477669 109
4 3643.14087991675 136
5 3169.28967568682 163
6 2959.285823726 190
7 2739.90490424247 216
8 2539.03772267864 243
9 2488.21317613683 271
10 2479.71092542126 298
11 2298.60470749561 325
12 2192.82644279692 351
13 2147.19846067874 377
14 2134.16147350157 405
15 2130.17886324259 431
16 2128.72205457349 460
17 2128.12460597101 490
18 2127.83540772712 517
19 2127.68704180219 543

0 5028.55271725195 27
1 5216.95032357703 55
2 4597.72081588725 82
3 4185.94554227501 109
4 3833.05097333074 137
5 3219.74383827641 166
6 2956.64455196633 192
7 2735.95364302153 220
8 2644.23870473923 246
9 2449.42985418208 276
10 2533.8486692871 302
11 2323.99561661187 329
12 2188.92603694752 360
13 2152.19898869695 387
14 2137.29341276005 414
15 2132.87494196523 441
16 2131.10271181569 469
17 2130.3780673948 495
18 2130.03901874912 523
19 2129.85877298443 555

0 4643.18235559591 27
1 4816.21808734117 54
2 4573.81381198325 81
3 4291.06599542201 108
4 3660.11016066045 136
5 3276.97169082414 163
6 2980.18100877131 195
7 2707.66910897508 223
8 2498.38120312054 250
9 2478.86066827 277
10 2466.23455612253 304
11 2280.9010030794 330
12 2190.59757851476 356
13 2147.9516230571 385
14 2135.5316865261 412
15 2131.22439551457 439
16 2129.73484668098 466
17 2129.09471952348 494
18 2128.78404643563 520
19 2128.6230951636 546

0 5034.38966729611 28
1 4988.97387509691 58
2 4707.51958660126 85
3 4179.89614759138 111
4 3636.41224484459 138
5 3145.17555680334 165
6 3015.69738484872 192
7 2726.56631574362 219
8 2558.43036972873 246
9 2516.336263219 275
10 2448.36503329933 302
11 2283.50436444762 329
12 2188.32894692219 357
13 2147.10585474235 384
14 2135.97250401834 410
15 2131.28326390665 437
16 2129.68599057834 465
17 2128.99535675656 492
18 2128.6772255204 518
19 2128.51162649454 545

0 4960.38953857939 26
1 4998.96578377059 53
2 4993.69439718666 80
3 4184.8172650112 108
4 3759.14678563148 135
5 3277.3855580997 163
6 3000.19128597847 189
7 2741.22963584559 216
8 2510.57570341206 242
9 2497.15178642244 269
10 2535.59027258772 296
11 2296.25446373242 326
12 2191.46777783617 356
13 2149.43004248861 383
14 2135.40665300889 411
15 2130.5410622964 437
16 2128.97460608132 463
17 2128.36392006676 489
18 2128.07577930486 518
19 2127.92636483825 547

0 4929.28598466587 27
1 4770.64252590523 53
2 4824.47428408454 80
3 3972.01637212142 107
4 3714.1909099394 133
5 3285.54950395778 160
6 2936.72464639209 190
7 2784.48832060324 218
8 2608.46811218326 246
9 2498.8137591928 274
10 2418.33810893762 300
11 2272.42888858127 326
12 2195.55293998912 353
13 2150.17136615939 380
14 2135.3163968284 408
15 2131.26563634261 434
16 2129.83963721122 460
17 2129.20135825169 487
18 2128.90222556358 514
19 2128.74254130965 540

0 4907.03397912942 27
1 5082.74328153013 56
2 4635.83288562329 84
3 4231.34371884433 111
4 3744.80647169112 138
5 3265.82202503118 165
6 3049.81434961675 191
7 2749.00600307181 218
8 2565.37498489962 246
9 2468.49988259862 274
10 2474.96829401102 300
11 2268.39213596619 326
12 2188.01929980927 354
13 2148.78411392891 380
14 2135.71304610443 406
15 2131.71902511529 433
16 2130.34273651692 463
17 2129.75198329676 490
18 2129.46882415861 516
19 2129.32121883477 543

0 5013.4669439221 27
1 4824.953545582 54
2 4646.16283500511 81
3 4155.60670405102 110
4 3826.04551073093 142
5 3255.89395132522 171
6 2957.95836448876 198
7 2684.44647564894 225
8 2585.69039474113 251
9 2451.63750704625 280
10 2551.13228207524 308
11 2286.1704124488 338
12 2190.4917562069 365
13 2146.22749271408 391
14 2133.95977752519 419
15 2130.32212056731 445
16 2128.8747112151 471
17 2128.30611326354 498
18 2128.0338478445 526
19 2127.89315597286 553

0 4838.48746714979 27
1 4796.42035216461 54
2 4839.08250284801 80
3 4372.29095222395 107
4 3747.43680010911 134
5 3036.13549553325 162
6 2930.41215430088 190
7 2727.40808152467 216
8 2625.75220087251 242
9 2471.69755534666 270
10 2563.19181028641 297
11 2292.25718253026 323
12 2183.72335321204 350
13 2147.51584194313 380
14 2133.30395538875 406
15 2129.75844340468 433
16 2128.46643411684 459
17 2127.89950867552 485
18 2127.64494225836 512
19 2127.51307405162 539

