0 190.442963942006 0
1 170.265377028703 0
2 153.579243082079 0
3 136.294320461136 1
4 118.863019342981 1
5 101.795275075618 1
6 88.4766347250266 1
7 78.9952804236741 2
8 72.8910894829751 2
9 68.6954184269634 2
10 65.1423315619529 2
11 62.0562519325145 2
12 59.3817652699655 3
13 57.0186938953209 3
14 55.0280123293169 3
15 53.4278829504523 3
16 52.1292448990508 3
17 51.072135992304 4
18 50.2148581470527 4
19 49.5089279233364 4
20 48.8947680431367 4
21 48.2937586417432 4
22 47.6385893587707 5
23 46.9835138199443 5
24 46.4251429338797 5
25 45.9839180623997 5
26 45.6367670605612 5
27 45.3566542678859 6
28 45.1224334929111 6
29 44.917604444397 6
30 44.7285220951288 6
31 44.5441443084737 7
32 44.3566503830877 7
33 44.160439239145 7
34 43.9459481948447 7
35 43.6960797634103 8
36 43.4124654666998 8
37 43.1378077416984 8
38 42.9095218311885 8
39 42.7337477786112 8
40 42.6022709435222 9
41 42.5045589768282 9
42 42.4312388557037 9
43 42.3748941177057 9
44 42.3300347204795 9
45 42.2927541191965 10
46 42.26032648095 10
47 42.2308644681979 10
48 42.2030719033224 10
49 42.1760840006085 11
50 42.1493726744622 11
51 42.1226902340815 11
52 42.0960255179226 11
53 42.0695527955926 11
54 42.0435665476044 12
55 42.0184101272074 12
56 41.9944142101153 12
57 41.9718565427623 12
58 41.9509429850774 12
59 41.9318018818915 13
60 41.9144844400403 13
61 41.8989689956503 13
62 41.8851703055997 13
63 41.8729541573605 13
64 41.8621550572135 13
65 41.8525934271651 14
66 41.8440893868369 14
67 41.8364718508026 14
68 41.8295831528805 14
69 41.8232801750787 14
70 41.817433065299 15
71 41.8119223568814 15
72 41.8066348964352 15
73 41.8014585604951 15
74 41.7962753031898 15
75 41.7909515590131 16
76 41.785324301542 16
77 41.7791799370528 16
78 41.772221402845 16
79 41.7640159542613 16
80 41.7539118276798 17
81 41.7409067680989 17
82 41.7234494191439 17
83 41.6991710080365 17
84 41.6646191817437 17
85 41.6152572671302 18
86 41.5462549761203 18
87 41.4544788685364 18
88 41.3409584001711 18
89 41.2117540764426 18
90 41.0757576599372 18
91 40.940699246175 19
92 40.8108960725977 19
93 40.6884075867636 19
94 40.5750972754311 19
95 40.4729114236098 19
96 40.3827781695976 20
97 40.30394359358 20
98 40.2343926480069 20
99 40.1717252239317 20
100 40.1137975801664 20
101 40.0589441330889 21
102 40.0059134210434 21
103 39.9536931847638 21
104 39.9013356422757 21
105 39.8478429113143 21
106 39.7921666167664 21
107 39.7334076182223 22
108 39.6713253470692 22
109 39.6071463044896 22
110 39.5442132301039 22
111 39.4874800263168 22
112 39.4413873618781 23
113 39.4076005857676 23
114 39.3847190855985 23
115 39.3698343881068 23
116 39.3601387756785 23
117 39.3536070127248 24
118 39.3489797683907 24
119 39.3455257906745 24
120 39.3428273475288 24
121 39.3406415860788 24
122 39.3388219601845 25
123 39.3372758721465 25
124 39.3359419817175 25
125 39.3347778183528 25
126 39.3337527938923 25
127 39.332844107088 26
128 39.3320342478185 26
129 39.3313094194737 26
130 39.3306585081872 26
131 39.3300723892195 27
132 39.3295434477973 27
133 39.3290652401998 27
134 39.3286322488377 27
135 39.3282397017165 27

0 188.11045909367 0
1 169.880013964797 0
2 148.915770711777 0
3 129.541124991446 0
4 111.72499152717 1
5 97.852424841963 1
6 86.4601923455156 1
7 77.0111912751909 1
8 70.0352623521019 1
9 64.7515280725521 2
10 60.3587452397045 2
11 57.3892992027302 2
12 55.6919491784058 2
13 54.5306260876895 2
14 53.5685333124569 3
15 52.7195080805522 3
16 52.0046986674497 3
17 51.435031760875 3
18 50.9858244252129 3
19 50.6188620617476 4
20 50.2943609722703 4
21 49.9791596036155 4
22 49.6655040346137 4
23 49.371017257745 4
24 49.1162707785402 5
25 48.9079274567551 5
26 48.7386261554722 5
27 48.5955221431036 5
28 48.4665170209386 5
29 48.3425307939578 6
30 48.2179651683202 6
31 48.0910720657587 6
32 47.9643120713937 6
33 47.8432133764237 6
34 47.7331236831597 7
35 47.6361266006498 7
36 47.5505740631757 7
37 47.4727479500988 7
38 47.3986514515002 7
39 47.3248376673885 8
40 47.248168688194 8
41 47.1644587225329 8
42 47.065663528307 8
43 46.9361229266498 9
44 46.7552884136116 9
45 46.5243930032283 9
46 46.2863960603844 9
47 46.0789853793351 9
48 45.909578457398 10
49 45.7750263130149 10
50 45.6705423794502 10
51 45.5904808229054 10
52 45.5291433305794 11
53 45.4816506155248 11
54 45.444277357049 11
55 45.4143608850276 11
56 45.390051677944 12
57 45.3700652898715 12
58 45.3534908548932 12
59 45.3396602592732 12
60 45.3280649958839 13
61 45.3183054837378 13
62 45.3100605161157 13
63 45.3030683618795 13
64 45.297114324158 13
65 45.2920218536296 14
66 45.2876457152298 14
67 45.2838664724006 14
68 45.2805859295055 14
69 45.2777233406195 15
70 45.2752122611814 15
71 45.272997946055 15
72 45.2710352103181 15
73 45.2692866782568 15
74 45.2677213548385 16
75 45.2663134628292 16
76 45.2650414973277 16
77 45.2638874574223 16
78 45.2628362216919 17
79 45.261875040296 17
80 45.2609931214588 17
81 45.2601812943504 18
82 45.2594317338046 18
83 45.2587377351154 18
84 45.258093529426 18
85 45.2574941320588 18
86 45.2569352176114 19
87 45.2564130168409 19
88 45.2559242313098 19
89 45.2554659625431 19
90 45.255035653063 19

0 185.742282807182 0
1 168.186660202126 0
2 158.05121621064 0
3 149.84091227748 0
4 142.063548234897 1
5 135.326257374038 1
6 128.789536129147 1
7 122.465784078118 1
8 115.740664562416 1
9 109.220219860593 2
10 102.607348314004 2
11 95.6632944812576 2
12 88.9377270001776 2
13 82.5994369525452 2
14 76.9298937215212 3
15 72.2899569391002 3
16 68.0606355911011 3
17 64.5475249809156 3
18 61.4458840653262 3
19 58.7060009480849 4
20 56.3891972181472 4
21 54.3651585891041 4
22 52.7283779650592 4
23 51.5656375977272 4
24 50.821155282132 5
25 50.3153035572228 5
26 49.9320487733305 5
27 49.610229294627 5
28 49.3121247738298 5
29 49.017875828867 6
30 48.7203536508041 6
31 48.4117742111736 6
32 48.0863776720864 6
33 47.7931569879731 6
34 47.5775110391708 7
35 47.4248977175579 7
36 47.3069615149842 7
37 47.20563534361 7
38 47.1128901076268 7
39 47.026840560769 8
40 46.9484413637837 8
41 46.8787958974517 8
42 46.8177811131745 8
43 46.764189262686 8
44 46.716485188372 9
45 46.6733487706439 9
46 46.6338424054113 9
47 46.5973707430251 9
48 46.563583303162 10
49 46.5322842006472 10
50 46.5033640963374 11
51 46.4767532333218 11
52 46.4523912460177 12
53 46.4302095477731 12
54 46.4101227550905 12
55 46.3920263194925 12
56 46.375798196369 13
57 46.3613029015573 13
58 46.3483966882449 13
59 46.3369328813002 13
60 46.3267666904203 14
61 46.3177590995022 14
62 46.3097796747123 14
63 46.3027083203717 14
64 46.2964361279698 14
65 46.2908655155391 15
66 46.2859098593577 15
67 46.2814927966987 15
68 46.2775473429327 15
69 46.2740149292537 16
70 46.2708444343588 16
71 46.2679912568304 16
72 46.2654164549805 16
73 46.2630859666967 16
74 46.2609699122289 17
75 46.2590419767194 17
76 46.257278865586 17
77 46.2556598238102 17
78 46.2541662091638 17
79 46.252781108921 17
80 46.2514889893562 18
81 46.2502753670007 18
82 46.249126490046 18
83 46.2480290171792 18
84 46.2469696793314 18
85 46.2459349069753 19
86 46.2449104013931 19
87 46.2438806221888 19
88 46.2428281545656 19
89 46.2417329075327 19
90 46.240571076985 20
91 46.2393137838634 20
92 46.2379252655175 20
93 46.236360456284 20
94 46.2345617409332 20
95 46.2324546061619 21
96 46.2299418657779 21
97 46.226896134369 21
98 46.2231503631418 21
99 46.2184867197417 21
100 46.2126252476159 21
101 46.2052161595602 22
102 46.1958440053658 22
103 46.1840584623767 22
104 46.1694527959194 22
105 46.1518088073637 22
106 46.1313003785502 23
107 46.1086845720988 23
108 46.0853371383631 23
109 46.0630005576678 23
110 46.0432844819652 23
111 46.0271830278514 24
112 46.0148949897338 24
113 46.0059943265663 24
114 45.999760767384 24
115 45.9954597201154 24
116 45.9924870743118 24
117 45.9904026959534 25
118 45.9889077822486 25
119 45.9878069584362 25
120 45.9869742806187 25
121 45.9863283628443 25
122 45.9858158796184 26
123 45.9854011555117 26

0 175.614765347273 0
1 154.496021831546 0
2 134.630069991522 1
3 116.51089807679 1
4 101.94192495992 1
5 89.0525753048133 1
6 77.5703640894092 2
7 70.1859829470979 2
8 65.6888498788878 2
9 62.3666748658929 2
10 59.4603049915803 2
11 57.300770026732 2
12 55.979294119405 3
13 55.1360676974815 3
14 54.5459596210951 3
15 54.0701544495303 3
16 53.6066038018428 3
17 53.0571699314012 4
18 52.3776031515095 4
19 51.6648645021101 4
20 51.0098174731702 4
21 50.4203702241716 4
22 49.8838019609852 5
23 49.3952698467394 5
24 48.9531834200423 5
25 48.553945549062 5
26 48.1877238973664 5
27 47.8328926297708 5
28 47.4603571028674 6
29 47.0625863500325 6
30 46.6729395549518 6
31 46.3267233651665 6
32 46.0317631336815 6
33 45.7811543418703 7
34 45.565326663325 7
35 45.3743560673473 7
36 45.1974651773548 7
37 45.0218234005074 7
38 44.8293719109806 8
39 44.5802199845538 8
40 44.1783891291737 8
41 43.6337699163086 8
42 43.077670176153 8
43 42.6176528603208 9
44 42.269976309715 9
45 42.0003084088212 9
46 41.7707553098148 9
47 41.5416667328225 9
48 41.2719022773363 9
49 40.9363897078821 10
50 40.5382623653155 10
51 40.1037811965909 10
52 39.6820376356546 10
53 39.3326077251067 10
54 39.088064500158 11
55 38.9361044935219 11
56 38.8450988013721 11
57 38.7889789705099 11
58 38.7522004768753 11
59 38.7264875684504 12
60 38.7075009690939 12
61 38.6928883146204 12
62 38.681300728472 12
63 38.671913830698 12
64 38.6641917491928 13
65 38.6577667732801 13
66 38.6523750286297 13
67 38.6478202382341 13
68 38.6439521991292 13
69 38.6406533536698 13
70 38.6378300350463 14
71 38.6354065372858 14
72 38.6333209628428 14
73 38.6315222297853 14
74 38.6299678598152 14
75 38.6286223072021 15
76 38.6274556721588 15
77 38.6264426938845 15
78 38.6255619513957 15
79 38.6247952216964 15
80 38.6241269591157 16
81 38.6235438693452 16
82 38.6230345584553 16
83 38.6225892419325 16
84 38.6221995022231 16
85 38.6218580857973 17

0 188.500162870106 0
1 175.324131789096 0
2 164.820745320395 0
3 158.467221268977 0
4 152.295877211852 1
5 145.777170960813 1
6 138.842608297193 1
7 131.831528821511 1
8 124.825775474477 1
9 117.219823317378 2
10 109.747616594608 2
11 100.946740262096 2
12 90.8125394731272 2
13 81.9832803484376 2
14 74.9775012193018 3
15 69.6016374266234 3
16 65.7110039940484 3
17 62.4474505670322 3
18 59.4465867089139 3
19 57.1043400216975 4
20 55.4212640845116 4
21 54.2453330048473 4
22 53.3949439201623 4
23 52.6878191129685 5
24 52.0336967519828 5
25 51.4580328677018 5
26 50.9593332303012 5
27 50.4839795952206 5
28 49.9625881298329 6
29 49.3843255066329 6
30 48.8154494611838 6
31 48.3191219074589 6
32 47.9077746803544 7
33 47.5642772960529 7
34 47.2711138339511 7
35 47.0138118371528 7
36 46.7795624499522 7
37 46.560288128796 8
38 46.3541146425386 8
39 46.1610256780369 8
40 45.9751330628505 8
41 45.7840827913676 8
42 45.5836969250479 9
43 45.3854036148441 9
44 45.202686093821 9
45 45.0384043317175 9
46 44.8867373810337 10
47 44.7397891609401 10
48 44.5913418012312 10
49 44.4381274650503 10
50 44.2794538556167 10
51 44.1154670739525 11
52 43.9452801268115 11
53 43.766719883668 11
54 43.5785170752485 11
55 43.3838938948777 11
56 43.1911902371782 12
57 43.0081258247166 12
58 42.836019286125 12
59 42.6712191877666 12
60 42.5107302539915 12
61 42.356398720685 13
62 42.2146749142614 13
63 42.0921166121292 13
64 41.9911361329563 13
65 41.9097485345519 13
66 41.843934167606 14
67 41.7897105211083 14
68 41.7439712331491 14
69 41.7045300605212 14
70 41.6699021281877 14
71 41.6390773371685 15
72 41.6113535589208 15
73 41.5862272490655 15
74 41.5633244937176 15
75 41.5423577665966 15
76 41.5230985233591 16
77 41.5053595520601 16
78 41.4889834209561 16
79 41.4738348062243 16
80 41.4597953251915 17
81 41.4467600011048 17
82 41.4346347931342 17
83 41.4233348222721 17
84 41.4127830538301 17
85 41.4029092840351 18
86 41.3936493356525 18
87 41.3849444046035 18
88 41.376740522532 18
89 41.3689881137812 19
90 41.3616416324567 19
91 41.3546592683337 19
92 41.3480027106626 19
93 41.3416369572658 19
94 41.3355301532729 20
95 41.3296534399193 20
96 41.3239807895793 20
97 41.318488799364 20
98 41.3131564129818 21
99 41.3079645398812 21
100 41.3028955423833 21
101 41.2979325652633 21
102 41.2930586867201 21
103 41.28825587232 22
104 41.283503710512 22
105 41.2787778949029 22
106 41.2740483891157 22
107 41.2692771584838 22
108 41.2644152715103 22
109 41.2593990526909 23
110 41.2541447919915 23
111 41.2485412634561 23
112 41.2424389494706 23
113 41.2356343887327 23
114 41.2278474967829 24
115 41.2186892565942 24
116 41.2076175471557 24
117 41.1938819797102 24
118 41.1764688221947 24
119 41.1540823270623 25
120 41.1252466718946 25
121 41.0886683129926 25
122 41.0439715614574 25
123 40.9926325410716 25
124 40.9383937849023 25
125 40.8863224131573 26
126 40.840758354522 26
127 40.8037039289233 26
128 40.774789225465 26
129 40.7523507544424 26
130 40.734519850661 27
131 40.719781091883 27
132 40.7070835484415 27
133 40.6957551531893 27
134 40.6853836243555 27
135 40.6757233647569 28
136 40.6666347670612 28
137 40.6580464705939 28
138 40.6499306287507 28
139 40.6422847401319 28
140 40.6351170240771 28
141 40.6284346290529 29
142 40.6222350233722 29
143 40.616500951111 29
144 40.6111987766978 29
145 40.6062793863153 29
146 40.6016804198467 30
147 40.5973285785585 30
148 40.5931409844099 30
149 40.5890248668571 30
150 40.584875061065 30
151 40.5805688297598 31
152 40.5759573442005 31
153 40.5708527884164 31
154 40.5650095271829 31
155 40.5580972310662 31
156 40.5496636657882 32
157 40.5390860384369 32
158 40.5255145947208 32
159 40.5078244522878 32
160 40.4846148990152 32
161 40.4543229753402 32
162 40.4155148809202 33
163 40.367325590543 33
164 40.3098490800193 33
165 40.244232439893 33
166 40.1724249454027 33
167 40.0967019001364 34
168 40.0190396338114 34
169 39.9404855482115 34
170 39.8608580337344 34
171 39.7790057971428 34
172 39.6935498905349 35
173 39.6039158288504 35
174 39.5112866693039 35
175 39.4185825634596 35
176 39.3288647320169 35
177 39.2433244575437 35
178 39.1606169147283 36
179 39.0776665787511 36
180 38.9910252989858 36
181 38.8983543028959 36
182 38.7999549973451 36
183 38.6995590822168 37
184 38.6029584967129 37
185 38.5146517566755 37
186 38.4353513285013 37
187 38.3624941306248 37
188 38.2926048864345 38
189 38.2234662661956 38
190 38.1553954102635 38
191 38.0914645917937 38
192 38.0361878637877 38
193 37.9929669686303 38
194 37.9622372847548 39
195 37.9418314376616 39
196 37.9286752106096 39
197 37.9201149747976 39
198 37.9143333283356 39
199 37.9102268971495 40
200 37.9071600651113 40
201 37.9047690842021 40
202 37.9028408238556 40
203 37.9012451886978 40
204 37.8998988716729 41
205 37.8987459284997 41
206 37.8977471356643 41
207 37.8968739529012 41
208 37.8961049550526 41
209 37.895423633396 42
210 37.8948169862348 42
211 37.8942745826141 42
212 37.8937879205012 42
213 37.8933499746481 42
214 37.8929548704506 43
215 37.892597643797 43

0 174.077892837098 0
1 150.195328110839 0
2 134.788540800171 0
3 123.034467811271 0
4 110.468733746551 1
5 97.9567905576776 1
6 85.9412386519906 1
7 76.7581963684533 1
8 68.7361473852467 2
9 62.4378117867177 2
10 57.9622370088092 2
11 55.3229887026191 2
12 53.6136696538405 3
13 52.4237732492763 3
14 51.5456306655752 3
15 50.8648233887301 3
16 50.312481761464 3
17 49.847297129795 4
18 49.4475985057032 4
19 49.1061248189384 4
20 48.8233795646979 4
21 48.5974500841849 4
22 48.4187314848458 5
23 48.2738100246835 5
24 48.1507259960588 5
25 48.0406584234867 5
26 47.9373264649425 6
27 47.836057957109 6
28 47.7332731154226 6
29 47.6265024221401 6
30 47.5148444736365 6
31 47.3995094596656 7
32 47.283781270788 7
33 47.1719143384693 7
34 47.0674657128826 7
35 46.9722879764111 7
36 46.8866902984547 7
37 46.8100682142134 8
38 46.7412021495604 8
39 46.6781176459056 8
40 46.6177318614339 8
41 46.5552996541481 8
42 46.4834663892276 9
43 46.3911548256611 9
44 46.2642491103195 9
45 46.091948640916 9
46 45.8784311953525 9
47 45.6477817335534 10
48 45.4298048822637 10
49 45.2405683732298 10
50 45.0805346167781 10
51 44.9440228510981 10
52 44.8259240727545 10
53 44.723271075028 11
54 44.6343399568879 11
55 44.5576255391818 11
56 44.491595187368 11
57 44.4348996152612 11
58 44.3864706741661 12
59 44.3453848898708 12
60 44.3107020773952 12
61 44.2814324189286 12
62 44.256607610105 12
63 44.2353652712767 13
64 44.2169936398973 13
65 44.2009338757935 13
66 44.1867583694017 13
67 44.1741421304594 13
68 44.1628365626818 14
69 44.1526487663663 14
70 44.143426362399 14
71 44.1350467393792 14
72 44.1274095142545 14
73 44.1204312218449 14
74 44.1140415222616 15
75 44.1081804411218 15
76 44.1027963198799 15
77 44.0978442630778 15
78 44.0932849408419 15
79 44.0890836511287 16
80 44.0852095760236 16
81 44.0816351858196 16
82 44.078335757446 16
83 44.0752889825128 16
84 44.0724746462606 17
85 44.069874363001 17
86 44.0674713567809 17
87 44.0652502783727 17
88 44.0631970515093 17
89 44.061298742711 17
90 44.0595434501783 18
91 44.0579202081336 18
92 44.0564189037183 18
93 44.0550302041427 18
94 44.0537454922524 18
95 44.0525568090624 19
96 44.0514568021023 19
97 44.0504386786665 19
98 44.0494961632458 19
99 44.0486234585741 19
100 44.0478152098288 20
101 44.0470664716281 20
102 44.0463726775247 20
103 44.045729611758 20
104 44.045133383062 20
105 44.04458040036 20
106 44.0440673502005 21
107 44.0435911758064 21
108 44.0431490576223 21
109 44.0427383952593 21

0 168.983422524565 0
1 146.730235400544 0
2 128.396188470869 0
3 110.945104108645 0
4 95.8692276041208 1
5 82.6473949665263 1
6 72.1451461215913 1
7 64.4011308482188 1
8 59.7279460983514 1
9 55.7882796134967 2
10 52.5045091531642 2
11 50.3274320679996 2
12 48.9092831473194 2
13 47.9651895349266 2
14 47.2738454699747 2
15 46.7056381726502 3
16 46.1998566055172 3
17 45.7420161752874 3
18 45.3324555148788 3
19 44.9626899606425 3
20 44.6151369511939 4
21 44.2684659421632 4
22 43.8960298799804 4
23 43.4659970588877 4
24 42.9588677724935 4
25 42.3913357238 5
26 41.8215201933883 5
27 41.3160758616533 5
28 40.9076287281504 5
29 40.5898422018311 5
30 40.3398696914877 6
31 40.1363033601805 6
32 39.9639282532214 6
33 39.8124704961813 6
34 39.6748129596372 6
35 39.5460550259865 6
36 39.4233840012081 7
37 39.306449247732 7
38 39.1976060294885 7
39 39.1011175006354 7
40 39.0210252948997 7
41 38.9589226083356 8
42 38.9133410362378 8
43 38.8808968325164 8
44 38.8578795300563 8
45 38.8412262722015 8
46 38.8287708496129 9
47 38.8191060505817 9
48 38.8113521748701 9
49 38.8049617846286 9
50 38.7995872867805 9
51 38.7949997807253 9
52 38.7910416389261 10
53 38.7875992467716 10
54 38.784587257952 10
55 38.7819393171796 10
56 38.7796024189264 10
57 38.7775333391373 11
58 38.7756962776048 11
59 38.7740612305589 11
60 38.7726028208673 11
61 38.7712994272001 11
62 38.7701325168763 12
63 38.7690861230173 12
64 38.7681464275263 12
65 38.7673014239244 12
66 38.7665406418484 12
67 38.7658549200184 12
68 38.765236217839 13
69 38.7646774581308 13
70 38.7641723951583 13
71 38.7637155033573 13
72 38.7633018831046 13
73 38.7629271805849 14

0 188.782920268319 0
1 169.299919556461 0
2 154.986146316801 0
3 140.888207753079 0
4 126.454820552811 1
5 112.854388685275 1
6 98.8557452179386 1
7 86.8143815202206 1
8 78.2105994379256 1
9 71.4973290016405 2
10 65.8663908653351 2
11 62.0252610792273 2
12 59.0644415519231 2
13 56.3938143500361 2
14 54.2188267581024 2
15 52.7796342855462 3
16 51.8209208751994 3
17 51.0779604817971 3
18 50.471142130166 3
19 49.9778868436443 3
20 49.5613156304986 4
21 49.1605608428042 4
22 48.6994724292993 4
23 48.1750073427427 4
24 47.6674486664023 4
25 47.2392959625751 5
26 46.9075947263243 5
27 46.6491939613776 5
28 46.4218919655025 5
29 46.2084668130613 5
30 46.0245621949606 5
31 45.8795933395518 6
32 45.7671291533079 6
33 45.6776059692011 6
34 45.6046242177483 6
35 45.544669430734 6
36 45.495558826421 7
37 45.455519162978 7
38 45.422912527177 7
39 45.3962370061902 7
40 45.3741655331342 7
41 45.3555518839827 8
42 45.3394039659599 8
43 45.3248351956287 8
44 45.3109974540743 8
45 45.296989887383 8
46 45.2817279673147 8
47 45.2637458060398 9
48 45.2408999576397 9
49 45.2099929556409 9
50 45.166604770743 9
51 45.1061696375725 9
52 45.0278504014997 10
53 44.9394445983398 10
54 44.8554724955979 10
55 44.7873773003534 10
56 44.7378742184503 10
57 44.7037675635529 11
58 44.6804892812998 11
59 44.6643039779128 11
60 44.6526760475239 11
61 44.6440045635285 11
62 44.6373002558933 12
63 44.6319493383746 12
64 44.6275639699795 12
65 44.6238923130765 12
66 44.6207652932843 12
67 44.6180650835014 12
68 44.6157062805095 13
69 44.6136244812441 13
70 44.6117691803362 13
71 44.6100991927312 13
72 44.6085795390042 13
73 44.6071791444068 14
74 44.6058689253957 14
75 44.604619939298 14
76 44.6034012851953 14
77 44.6021773687061 14
78 44.6009039497376 15
79 44.5995220018833 15
80 44.5979476586439 15
81 44.5960550681331 15
82 44.5936461589397 15
83 44.5903958973922 16
84 44.5857516930306 16
85 44.5787503483661 16
86 44.5677066907093 16
87 44.5497930767662 16
88 44.5208913191438 16
89 44.4769768064769 17
90 44.4182881279224 17
91 44.3529272678635 17
92 44.2927896325956 17
93 44.2452217276916 17
94 44.2108369920409 18
95 44.1869023178145 18
96 44.1703585409103 18
97 44.1588603006742 18
98 44.150799927149 18
99 44.1451005766085 19
100 44.1410361077611 19
101 44.1381109848553 19
102 44.1359838975358 19
103 44.1344184076741 19
104 44.1332501645997 19
105 44.1323646527961 20
106 44.1316818979462 20
107 44.1311458936793 20
108 44.1307172770625 20

0 174.156175330269 0
1 153.6034937153 0
2 139.593553049406 0
3 128.539205842696 0
4 117.672886273277 1
5 107.32425248789 1
6 97.4430882236087 1
7 87.1440538708352 1
8 77.3775077199723 1
9 69.1548384317239 2
10 62.9942434032008 2
11 57.7603637955236 2
12 53.9577407025331 2
13 51.1012081150088 2
14 48.9318664585694 2
15 47.3134872392965 3
16 46.066968327671 3
17 45.0376649164929 3
18 44.1581438978012 3
19 43.4190657103922 3
20 42.8109371945321 4
21 42.3107414750898 4
22 41.893827789104 4
23 41.5417365951551 4
24 41.242953656137 4
25 40.9918427650794 5
26 40.7861957702332 5
27 40.6228949968811 5
28 40.4950931503363 5
29 40.3935525210156 5
30 40.3096073129499 5
31 40.2366385108383 6
32 40.1699429518274 6
33 40.106124757509 6
34 40.0426816834436 6
35 39.9779352801757 6
36 39.9112239590638 7
37 39.8431460064395 7
38 39.7755397333744 7
39 39.7109655494711 7
40 39.6518109069244 7
41 39.5995088492035 8
42 39.5543062769758 8
43 39.5155702989798 8
44 39.4822849401568 8
45 39.4534317572442 8
46 39.4281662691145 9
47 39.4058472222585 9
48 39.3860008378927 9
49 39.3682725303789 9
50 39.3523873438173 9
51 39.338123031609 9
52 39.3252933658567 10
53 39.3137382283652 10
54 39.3033177490563 10
55 39.2939087063372 10
56 39.2854021372219 10
57 39.2777015790353 11
58 39.2707216439012 11
59 39.2643867818173 11
60 39.2586301687883 11
61 39.2533926955568 11
62 39.2486220492074 12
63 39.244271885402 12
64 39.2403010893589 12
65 39.2366731221817 12
66 39.2333554473555 12
67 39.2303190308461 12
68 39.227537907442 13
69 39.2249888057486 13
70 39.2226508244331 13
71 39.2205051528098 13
72 39.2185348294973 13
73 39.2167245336044 14
74 39.2150604036177 14
75 39.2135298798521 14
76 39.2121215669408 14
77 39.2108251133919 14
78 39.2096311057121 15
79 39.2085309750034 15
80 39.2075169142759 15
81 39.2065818050055 15
82 39.2057191517039 15
83 39.2049230234588 15
84 39.2041880015669 16
85 39.2035091325165 16
86 39.2028818856823 16
87 39.2023021151911 16
88 39.2017660254893 16
89 39.2012701402084 17
90 39.2008112739752 17
91 39.2003865068613 17
92 39.1999931611996 17
93 39.1996287805324 17

0 182.152527202316 0
1 166.479397625303 0
2 156.705783725768 0
3 149.936208118737 0
4 143.93654817843 1
5 138.175166030306 1
6 131.181585026249 1
7 124.182770347643 1
8 117.959876316835 1
9 111.512362287938 2
10 104.582279242159 2
11 97.9351695188805 2
12 91.1753862570623 2
13 84.5333717248446 2
14 78.4357998405865 2
15 73.0454192886378 3
16 68.3375791088973 3
17 64.0782301258399 3
18 60.4049646572227 3
19 57.3040560696067 3
20 54.5787410233056 4
21 52.2818447199697 4
22 49.9707046430381 4
23 47.8471108226268 4
24 45.8220360630335 4
25 44.0085810603943 5
26 42.7890574839 5
27 42.0325401096738 5
28 41.5151976700855 5
29 41.1343496584726 5
30 40.8419827391664 5
31 40.6115912365646 6
32 40.4260461675872 6
33 40.273125214014 6
34 40.1437687727591 6
35 40.0311734678217 6
36 39.9301695080039 7
37 39.8367918560047 7
38 39.7480908359038 7
39 39.6622618299396 7
40 39.5791005444469 7
41 39.5004874413957 8
42 39.4301362514579 8
43 39.371960164305 8
44 39.3278300295729 8
45 39.2966656190818 8
46 39.2754965357447 8
47 39.2611189193533 9
48 39.2510445002881 9
49 39.2436448083945 9
50 39.2379399485336 9
51 39.2333552982314 9
52 39.2295495288764 10
53 39.2263125792405 10
54 39.2235092057812 10
55 39.2210482228149 10
56 39.2188654714088 10
57 39.2169140774588 11
58 39.215158657634 11
59 39.2135717363594 11
60 39.2121314495156 11
61 39.2108200256424 11
62 39.2096227532285 12
63 39.2085272610678 12
64 39.207523005488 12
65 39.2066008973778 12
66 39.2057530255912 12
67 39.204972448011 12
68 39.2042530309244 13
69 39.2035893234593 13
70 39.2029764578592 13
71 39.2024100690951 13
72 39.2018862291615 13
73 39.2014013926871 14
74 39.2009523513859 14
75 39.200536195511 14
76 39.2001502809272 14

0 191.389144904158 0
1 168.485991738124 0
2 149.026641994886 0
3 130.628701217858 0
4 114.327283053998 1
5 99.7494939999572 1
6 86.3581152081403 1
7 75.5649124629091 1
8 67.4319403606532 1
9 62.1701589616921 2
10 58.8146770824672 2
11 56.5914687090228 2
12 55.0427497414631 2
13 53.4210455323259 2
14 52.5423607527004 3
15 51.9706230626883 3
16 51.5352943444309 3
17 51.1504793873809 3
18 50.7592510193307 3
19 50.3323477261787 4
20 49.8905299334767 4
21 49.4952646508181 4
22 49.1863488038999 4
23 48.9553586947509 4
24 48.7772248014147 4
25 48.6322554657548 5
26 48.5075854789324 5
27 48.3934913885795 5
28 48.2807122289415 5
29 48.1611388999846 5
30 48.0336227964168 6
31 47.9078638928982 6
32 47.7959043483568 6
33 47.7018347513026 6
34 47.6224604758486 6
35 47.5525653067174 7
36 47.487794339144 7
37 47.4252154326558 7
38 47.3631923296066 7
39 47.3012937028488 7
40 47.2402573838539 8
41 47.1817775098426 8
42 47.1279601057817 8
43 47.0805891821575 8
44 47.0405700223029 8
45 47.007810386205 9
46 46.9814863323465 9
47 46.9604433818211 9
48 46.9435205608569 9
49 46.9297237672776 9
50 46.9182752207805 10
51 46.9085945969108 10
52 46.9002558083492 10
53 46.8929433192081 10
54 46.8864171468813 10
55 46.8804879473837 11
56 46.875000515747 11
57 46.869823368596 11
58 46.8648423868998 11
59 46.859957068668 11
60 46.8550784699892 12
61 46.8501282961709 12
62 46.8450388288878 12
63 46.8397534598422 12
64 46.8342275788313 12
65 46.8284294762975 13
66 46.8223408230553 13
67 46.8159562520682 13
68 46.8092816580963 13
69 46.8023310907712 13
70 46.7951225227724 14
71 46.7876732287192 14
72 46.779995863716 14
73 46.7720964452882 14
74 46.7639752491759 14
75 46.755631140501 15
76 46.7470691363113 15
77 46.7383101028032 15
78 46.7294005358356 15
79 46.7204195936213 15
80 46.7114803800513 16
81 46.7027234085026 16
82 46.6943023484203 16
83 46.6863649330697 16
84 46.6790339554259 16
85 46.6723933828459 17
86 46.6664826363874 17
87 46.6612991138613 17
88 46.6568066150205 17
89 46.6529463634844 17
90 46.6496477390219 18
91 46.6468369603185 18
92 46.6444431042098 18
93 46.6424016378722 18
94 46.6406560166894 18
95 46.6391579723438 19
96 46.6378670259539 19
97 46.636749617896 19
98 46.6357781092743 19
99 46.6349298034315 19
100 46.6341860624701 20
101 46.6335315478068 20
102 46.6329535876099 20
103 46.6324416607285 20
104 46.6319869812953 20

0 176.534566778414 0
1 161.309140072078 0
2 146.425575532708 0
3 129.791929437559 0
4 113.297998453002 1
5 97.6447596520858 1
6 85.596911016938 1
7 76.7268246105628 1
8 70.6263724454672 1
9 66.3510769219853 2
10 63.2432577877598 2
11 60.8596120714346 2
12 58.9060793532072 2
13 56.9096159175515 2
14 55.5602484661641 3
15 54.6699379949905 3
16 54.0029244809647 3
17 53.4289219942869 3
18 52.8648567871119 3
19 52.3081951383536 4
20 51.8312387408015 4
21 51.4611675032792 4
22 51.1644194094558 4
23 50.8979307639083 4
24 50.6382405042436 5
25 50.3840769028112 5
26 50.1444214476957 5
27 49.9265285718297 5
28 49.7317510207092 5
29 49.5573902733811 6
30 49.3995935300438 26
31 49.2545867942329 26
32 49.1183174593137 27
33 48.9855759434075 27
34 48.8494879696071 27
35 48.7020888523848 27
36 48.5370705010607 28
37 48.355294140842 28
38 48.1686668274369 28
39 47.9943749590594 29
40 47.8436118945099 29
41 47.7177929215617 29
42 47.612603206065 29
43 47.5224233787598 29
44 47.4422920570992 30
45 47.3682716904906 30
46 47.2972861057005 30
47 47.2269307687793 30
48 47.1554445542572 30
49 47.0819077604715 31
50 47.0066245600115 31
51 46.9314682904343 31
52 46.8597763490313 31
53 46.7954599587348 31
54 46.7415698102419 32
55 46.6991973911964 32
56 46.6674291431887 32
57 46.644173629858 32
58 46.6271231312113 32
59 46.61433982247 33
60 46.6044252976868 33
61 46.5964552652971 33
62 46.5898452606223 33
63 46.584229494387 33
64 46.5793750209776 34
65 46.5751276814973 34
66 46.5713801562457 34
67 46.5680536773554 34
68 46.5650876534497 34
69 46.5624337161735 35
70 46.5600521976505 35
71 46.5579099442046 35
72 46.5559788771239 35
73 46.5542349861107 35
74 46.552657587005 36
75 46.5512287516831 36
76 46.5499328576918 36
77 46.5487562258938 36
78 46.5476868254872 36
79 46.5467140319701 37
80 46.5458284273655 37
81 46.5450216344669 37
82 46.5442861786125 37
83 46.5436153718038 37
84 46.5430032150143 38
85 46.5424443153545 38
86 46.5419338154151 38
87 46.5414673326398 38
88 46.5410409070009 39

0 183.355444243149 0
1 170.484078198001 0
2 163.215966105357 0
3 157.660754917297 1
4 152.123589398226 1
5 145.983333429547 1
6 138.599959156964 1
7 129.965391252708 1
8 119.568641615079 2
9 108.494384744019 2
10 98.0124275048831 2
11 88.0360370922434 2
12 79.143075724589 2
13 71.2182887897566 3
14 65.1144535768959 3
15 61.0658737409957 3
16 58.2833920333719 3
17 56.2943389718803 3
18 54.6945087771099 4
19 53.3899524348078 4
20 52.376956266446 4
21 51.5962647419189 4
22 50.9618590307777 4
23 50.4259095632643 5
24 49.9891174131829 5
25 49.6483578483316 5
26 49.3803815586048 5
27 49.1590459757193 5
28 48.9632325115278 6
29 48.7757083155512 6
30 48.5809551139278 6
31 48.3651570729976 6
32 48.1186535300184 6
33 47.838247544991 7
34 47.5272105389325 7
35 47.1954410442608 7
36 46.8569340796968 7
37 46.5218525120188 8
38 46.1952828912971 8
39 45.8818792280143 8
40 45.58584504202 8
41 45.3088267165423 8
42 45.0500476222837 9
43 44.8068620576057 9
44 44.5733699358421 9
45 44.33923573612 9
46 44.0920108468556 9
47 43.8236061025494 10
48 43.5494878108993 10
49 43.3097630756442 10
50 43.1215088628438 10
51 42.9732286317536 11
52 42.8471844776535 11
53 42.7305761521471 11
54 42.6194404525149 11
55 42.5172011224802 11
56 42.4295063420442 12
57 42.3593459328055 12
58 42.3057378584297 12
59 42.265363161135 12
60 42.2345346394676 12
61 42.2102116706114 13
62 42.1902021635905 13
63 42.1730156083544 13
64 42.1576522643467 13
65 42.1434302609137 14
66 42.1298657759709 14
67 42.1165955318954 14
68 42.1033283713745 14
69 42.0898162160531 14
70 42.0758385345687 15
71 42.0611972671222 15
72 42.0457208660062 15
73 42.0292766943058 15
74 42.0117903249119 16
75 41.9932682213432 16
76 41.9738173580221 16
77 41.953653123035 16
78 41.9330877625475 16
79 41.9124972746303 17
80 41.892273413695 17
81 41.8727741396887 17
82 41.8542855650054 17
83 41.8370016769071 18
84 41.8210205025096 18
85 41.806351881918 18
86 41.7929324750128 18
87 41.7806448716337 18
88 41.7693379223579 19
89 41.7588453255453 19
90 41.7490001953852 19
91 41.7396448140361 19
92 41.7306362784382 20
93 41.7218496593266 20
94 41.7131804708659 20
95 41.7045478901921 21
96 41.6958994627718 21
97 41.6872170660954 21
98 41.6785227403358 21
99 41.6698818625158 21
100 41.6614005882567 22
101 41.6532152385846 22
102 41.6454737231058 22
103 41.6383124722472 22
104 41.6318349196858 22
105 41.6260975589326 23
106 41.6211067409022 23
107 41.6168253280883 23
108 41.6131853356216 23
109 41.6101019667999 23
110 41.6074856114808 24
111 41.6052502268964 24
112 41.6033180537096 24
113 41.6016214437469 24
114 41.6001027824378 24
115 41.5987133468473 25
116 41.597411682085 25
117 41.5961618358175 25
118 41.5949316091487 25
119 41.593690862159 25
120 41.5924098364153 26
121 41.5910574047447 26
122 41.5895991130357 26
123 41.5879948244633 26
124 41.5861956976063 26
125 41.5841401062703 27
126 41.5817479104492 27
127 41.5789121667313 27
128 41.5754868444862 27
129 41.5712682657148 27
130 41.5659666186987 28
131 41.5591617446867 28
132 41.5502342089958 28
133 41.5382585777242 28
134 41.5218425866595 28
135 41.4989001333679 29
136 41.4663756526773 29
137 41.420027566294 29
138 41.354564121216 29
139 41.2646492655624 29
140 41.1472303094139 30
141 41.0046410880514 30
142 40.8459804723637 30
143 40.6840872492607 30
144 40.5298503401914 30
145 40.3890594029629 31
146 40.2633894104006 31
147 40.1525952962211 31
148 40.0555448633137 31
149 39.9703304090281 32
150 39.8944750797485 32
151 39.8254395901174 32
152 39.7610827077801 32
153 39.6998499559237 32
154 39.6407172431277 33
155 39.5830138449703 33
156 39.5262322750762 33
157 39.469888234747 33
158 39.4134651840828 34
159 39.3564736100892 34
160 39.2986599700586 34
161 39.2403747069739 34
162 39.182990028237 34
163 39.129036443591 35
164 39.081633542003 35
165 39.0432420254513 35
166 39.0145708420513 35
167 38.994520328315 35
168 38.9810385244724 36
169 38.9720560369854 36
170 38.9659678135412 36
171 38.9616964456449 36
172 38.9585720720972 36
173 38.9561909694165 37
174 38.9543098410021 37
175 38.9527791492053 37
176 38.9515041023904 37
177 38.9504224249852 37
178 38.9494916772894 38
179 38.9486818999406 38
180 38.947971239771 38
181 38.9473432748439 38
182 38.9467853316602 38
183 38.9462873972081 39
184 38.945841397088 39
185 38.9454407045929 39
186 38.9450797989166 39

0 166.324501857329 0
1 148.17258675448 0
2 135.110488828733 0
3 122.778098593957 0
4 110.113427867705 1
5 99.4960695855972 1
6 91.2386225608654 1
7 84.2823845287269 1
8 79.4076537119782 2
9 75.7594200484707 2
10 72.4572776083067 2
11 69.2990667061621 2
12 66.5113973318722 2
13 64.2215954282911 3
14 62.2600790300514 3
15 60.2799066090814 3
16 58.2935928976976 3
17 56.7305992309195 3
18 55.6943533943835 3
19 55.0269939697034 4
20 54.5329658806834 4
21 54.1072631669087 4
22 53.7072495626926 4
23 53.3288100081573 5
24 52.9774406882138 5
25 52.6414519307053 5
26 52.2949942790237 5
27 51.9129607891044 5
28 51.4845274874708 6
29 51.0237818683863 6
30 50.5628231956356 6
31 50.1204462577852 6
32 49.6906096202366 6
33 49.2760032928373 7
34 48.8896900231052 7
35 48.5275308221744 7
36 48.1651245102987 7
37 47.7774515758122 7
38 47.3602997785376 8
39 46.9233256621207 8
40 46.4265760838372 8
41 45.7672524788611 8
42 45.0273306550534 8
43 44.3973127634923 9
44 43.9234461000564 9
45 43.5709399257889 9
46 43.3031879500952 9
47 43.0919356184479 9
48 42.9174987223452 10
49 42.7680533217735 10
50 42.6373982212143 10
51 42.5226646301971 10
52 42.4225730795203 10
53 42.3362666562558 11
54 42.262691137548 11
55 42.200434841882 11
56 42.147847385498 11
57 42.1032432283838 11
58 42.0650677759266 12
59 42.0319874151716 12
60 42.0029137608972 12
61 41.9769870916451 12
62 41.953541182333 12
63 41.9320640168847 13
64 41.9121618602244 13
65 41.8935294762493 13
66 41.87592673225 13
67 41.859160746295 13
68 41.8430724624817 13
69 41.8275266370231 14
70 41.8124044419517 14
71 41.7975981330741 14
72 41.7830074476926 14
73 41.7685375886869 14
74 41.754098811944 15
75 41.7396077488001 15
76 41.7249906268805 15
77 41.7101884404267 15
78 41.6951637958179 15
79 41.6799085882802 16
80 41.6644509358223 16
81 41.6488591784686 16
82 41.6332406848191 16
83 41.6177340936922 16
84 41.6024954553439 17
85 41.5876808785251 17
86 41.573429664217 17
87 41.5598517060933 17
88 41.5470212466712 17
89 41.5349768350347 18
90 41.5237256343445 18
91 41.5132496274248 18
92 41.5035116113519 18
93 41.4944596279252 18
94 41.4860291558255 19
95 41.4781427341544 19
96 41.4707066348051 19
97 41.4636037579245 19
98 41.456681040722 20
99 41.449728156482 20
100 41.4424417594518 20
101 41.4343654720959 20
102 41.4247899850583 21
103 41.4125921882415 21
104 41.3959988789465 21
105 41.3723196793365 21
106 41.3379008722326 21
107 41.2889871234148 22
108 41.2243978215717 22
109 41.1492749013504 22
110 41.0754401707548 22
111 41.0150268344435 22
112 40.9731889054159 23
113 40.9476083429338 23
114 40.9329789783578 23
115 40.9246449264166 23
116 40.9196452231902 23
117 40.9163811298567 24
118 40.9140555382617 24
119 40.9122792271187 24
120 40.9108569803416 24
121 40.9096842489831 24
122 40.9086997455812 25
123 40.9078639389266 25
124 40.9071491100005 25
125 40.9065345479408 25
126 40.9060040778573 25
127 40.9055446889363 25
128 40.9051457103886 26

0 186.203255955223 0
1 169.960919236411 0
2 159.393575213923 0
3 153.330181071535 0
4 146.776613626316 1
5 138.032460214766 1
6 126.854018771165 1
7 113.856217170156 1
8 99.1593387302745 1
9 85.1977388173203 2
10 76.0836401733927 2
11 69.5443069758485 2
12 64.9168877006987 2
13 61.8258692177858 2
14 59.4403770310446 3
15 57.161263784038 3
16 54.7072006784636 3
17 52.6251004954124 3
18 51.0637239609088 3
19 49.9363871419114 3
20 49.113437702224 4
21 48.4606445333776 4
22 47.8769661905493 4
23 47.2780333179863 4
24 46.6211639845311 5
25 45.9203107649711 5
26 45.1864957333727 5
27 44.482659474983 5
28 43.8819638494464 5
29 43.3921020216417 6
30 42.9787827298044 6
31 42.6034005306462 6
32 42.2385269642211 6
33 41.8759272657321 6
34 41.5273770104714 7
35 41.2119608940141 7
36 40.9402474147901 7
37 40.7106496180563 7
38 40.5164890271483 7
39 40.3515043172076 8
40 40.2102223445641 8
41 40.0873136716275 8
42 39.9779266578772 8
43 39.8781984771567 8
44 39.7853115431305 9
45 39.6972042144726 9
46 39.6122120156689 9
47 39.5288080377043 9
48 39.445518669926 9
49 39.3610750425488 10
50 39.2748794680105 10
51 39.1877828337934 10
52 39.1027770307636 10
53 39.024645688089 10
54 38.957960175924 11
55 38.9046861128084 11
56 38.8636236564551 11
57 38.8318671930389 11
58 38.8065074022544 11
59 38.7854189347316 12
60 38.7672801284499 12
61 38.7513261132907 12
62 38.7371156518942 12
63 38.7243795937894 13
64 38.712936815509 13
65 38.7026513408102 13
66 38.6934115188128 13
67 38.6851201968764 13
68 38.6776901130816 14
69 38.6710416743577 14
70 38.6651017953091 14
71 38.6598032050603 14
72 38.6550839669661 14
73 38.6508871034196 15
74 38.6471602788991 15
75 38.6438555185407 15
76 38.6409289492499 15
77 38.638340554952 15
78 38.6360539404267 16
79 38.6340361003612 16
80 38.6322571920095 16
81 38.6306903111801 16
82 38.6293112722034 16
83 38.6280983930701 17
84 38.6270322871852 17
85 38.6260956631813 17
86 38.6252731340919 17
87 38.6245510369423 17
88 38.6239172635287 18
89 38.6233611028616 18
90 38.6228730954742 18
91 38.6224448995522 18
92 38.6220691686342 19

0 179.576701762486 0
1 164.383000010678 0
2 152.82785064937 0
3 142.423315754298 0
4 132.590832073866 1
5 120.154055057972 1
6 107.09680548543 1
7 95.371654115887 1
8 85.8272195584942 1
9 77.8254725642856 2
10 72.287830249262 2
11 68.6205039508658 2
12 65.552834988108 2
13 62.7559917196043 2
14 60.5378651569527 3
15 58.6790415303916 3
16 56.9930008092532 3
17 55.598646716729 3
18 54.438531818184 3
19 53.4878896422024 4
20 52.6785632525206 4
21 51.9454679181258 4
22 51.2790860245807 4
23 50.703282894651 4
24 50.2276685972758 4
25 49.821468521493 5
26 49.4398176855982 5
27 49.0650883396828 5
28 48.7094951115423 5
29 48.3862389555496 5
30 48.0985226179089 6
31 47.8472482417891 6
32 47.6342535865524 6
33 47.4585408061693 6
34 47.3144284927394 6
35 47.1935403564452 7
36 47.0875057477565 7
37 46.9895189173354 7
38 46.894825439056 7
39 46.8005361605662 7
40 46.7048339450975 7
41 46.6056046032761 8
42 46.4988489157436 8
43 46.3776488720732 8
44 46.233368870933 8
45 46.0615778075372 8
46 45.870119529958 9
47 45.6769433285977 9
48 45.495741731789 9
49 45.3279054271185 9
50 45.1669763171003 9
51 45.0053687678961 10
52 44.8383007814918 10
53 44.6658094278463 10
54 44.4926422874412 10
55 44.3243489926426 10
56 44.1568476687004 10
57 43.9485717866207 11
58 43.6441134480942 11
59 43.3091474815017 11
60 43.0002147876844 11
61 42.7180537507504 11
62 42.4556822909468 12
63 42.2178355317632 12
64 42.0142101553151 12
65 41.8465557624525 12
66 41.7058629165659 12
67 41.5803079816886 13
68 41.4628595023535 13
69 41.3531427206337 13
70 41.254570378145 13
71 41.1700109460198 13
72 41.099562009827 13
73 41.0411969670525 14
74 40.9923829184834 14
75 40.9510937733411 14
76 40.9160121337287 14
77 40.8863131262319 14
78 40.8613834828824 15
79 40.8406408131062 15
80 40.8234748166368 15
81 40.8092649357574 15
82 40.7974214240585 15
83 40.7874174908319 16
84 40.7788024573823 16
85 40.7711985713565 16
86 40.7642878204671 16
87 40.7577940343485 16
88 40.7514631241703 17
89 40.7450420209819 17
90 40.7382550455146 17
91 40.7307748585907 17
92 40.7221835074282 17
93 40.7119173692654 17
94 40.6991888461068 18
95 40.6828806427166 18
96 40.6614235164369 18
97 40.6327103015375 18
98 40.5941766660543 18
99 40.5432414532129 19
100 40.4781734086676 19
101 40.3990326452769 19
102 40.3080700550444 19
103 40.209333813388 19
104 40.1075473238213 20
105 40.0064213317135 20
106 39.9073227324743 20
107 39.8094600128345 20
108 39.7115151110323 20
109 39.6135700890808 20
110 39.5179673216836 21
111 39.4282625568358 21
112 39.347120044307 21
113 39.2751263998966 21
114 39.211178048971 21
115 39.1534826363678 22
116 39.1002679629666 22
117 39.0500318865803 22
118 39.0015251050123 22
119 38.9536479288333 22
120 38.905349191871 23
121 38.8555661394703 23
122 38.8032463822505 23
123 38.7475260058436 23
124 38.6881627103617 23
125 38.6262341522347 23
126 38.5647497690872 24
127 38.5083307816844 24
128 38.4614101071212 24
129 38.4260316271369 24
130 38.401230762286 24
131 38.384284005631 25
132 38.3722990031859 25
133 38.363020859805 25
134 38.3549005890138 25
135 38.3468685304265 25
136 38.3380892344849 26
137 38.3277777755498 26
138 38.3150777988412 26
139 38.2989983333413 26
140 38.2784355245135 26
141 38.2523426909375 26
142 38.2201190129081 27
143 38.1821858237983 27
144 38.1404615897223 27
145 38.0982255808518 27
146 38.0591238294864 27
147 38.0258404942093 28
148 37.9993591712108 28
149 37.9791773224139 28
150 37.9640396655572 28
151 37.9525970642937 28
152 37.9437426177812 29
153 37.9366843099613 29
154 37.9308940931626 29
155 37.92602949741 29
156 37.9218676919548 29
157 37.9182600272492 29
158 37.915103476936 30
159 37.9123234556022 30
160 37.909863621226 30
161 37.9076797863807 30
162 37.9057362103101 30
163 37.9040032744303 31
164 37.9024559736282 31
165 37.9010728997099 31
166 37.8998355301276 31
167 37.8987277119492 31
168 37.8977352747197 32
169 37.896845731153 32
170 37.8960480395568 32
171 37.8953324109583 32
172 37.8946901495257 32
173 37.8941135184533 32
174 37.8935956257983 33
175 37.8931303262942 33
176 37.8927121362112 33
177 37.8923361590467 33

0 172.296440507598 0
1 147.649388641853 0
2 130.188270897945 0
3 114.393981993075 0
4 99.1355758456524 1
5 87.3613346485875 1
6 78.5844948579642 1
7 71.7702644642982 1
8 66.2174540455774 1
9 61.3642198208317 2
10 57.5582099973018 2
11 53.7320241452368 2
12 50.5560574171796 2
13 48.1349394000962 2
14 46.2584054717228 2
15 44.8233892434163 3
16 43.7571529024063 3
17 42.9573750972114 3
18 42.3563929095247 3
19 41.913250684456 3
20 41.5617751795741 4
21 41.2522189775023 4
22 40.9716248914588 4
23 40.7258867264409 4
24 40.5147109785883 4
25 40.3311883552159 5
26 40.1689819474065 5
27 40.0243904917617 5
28 39.8958508892874 5
29 39.7829418893797 5
30 39.6853598965822 6
31 39.6022212184411 6
32 39.5319339544977 6
33 39.4724987240377 6
34 39.4219021794469 6
35 39.3783820934643 6
36 39.3405254128301 7
37 39.307250574036 7
38 39.2777345908527 7
39 39.2513282290623 7
40 39.2274851967154 7
41 39.2057174907684 8
42 39.1855783184979 8
43 39.1666672803135 8
44 39.1486501113741 8
45 39.131285343708 8
46 39.1144498902285 9
47 39.0981535337838 9
48 39.0825308740238 9
49 39.0678032391576 9
50 39.0542149743794 9
51 39.0419632253754 10
52 39.0311465563724 10
53 39.0217488202656 10
54 39.01365682646 10
55 39.0066966901818 10
56 39.0006715845686 10
57 38.9953900523333 11
58 38.9906820385422 11
59 38.9864048833675 11
60 38.9824431018095 11
61 38.9787052738757 11
62 38.9751202072771 12
63 38.9716334932835 12
64 38.968204879471 12
65 38.9648064882629 12
66 38.9614217082542 12
67 38.9580444875553 13
68 38.9546787171203 13
69 38.951337394146 13
70 38.9480413075868 13
71 38.9448170981083 14
72 38.9416947073929 14
73 38.9387044162253 14
74 38.9358738257033 14
75 38.9332252069756 14
76 38.9307736009249 15
77 38.928525900467 15
78 38.926480944361 15
79 38.9246304594474 15
80 38.9229605625495 16
81 38.9214534962504 16
82 38.9200893131878 16
83 38.9188473096799 16
84 38.9177071065236 16
85 38.9166493570488 17
86 38.9156561178204 17
87 38.9147109450105 17
88 38.9137987852449 17
89 38.9129057214872 18
90 38.9120186192037 18
91 38.9111247004314 18
92 38.9102110559865 18
93 38.9092640896346 18
94 38.9082688720191 19
95 38.9072083650293 19
96 38.9060624568555 19
97 38.9048067211819 19
98 38.9034107766966 19
99 38.9018360696992 20
100 38.9000328254159 20
101 38.8979358026729 20
102 38.8954583303667 20
103 38.8924838938097 20
104 38.8888542813945 20
105 38.884353054558 21
106 38.8786830591166 21
107 38.8714373649035 21
108 38.8620655814286 21
109 38.8498442761462 21
110 38.8338747391652 22
111 38.8131556809229 22
112 38.7868030027766 22
113 38.7544723230311 22
114 38.7169082246126 22
115 38.6762890950663 23
116 38.6359068367127 23
117 38.5991017673389 23
118 38.5680851462609 23
119 38.5434527813508 23
120 38.524540085002 24
121 38.5101263290616 24
122 38.4989896571858 24
123 38.4901594264942 24
124 38.4829515351225 24
125 38.4769118834078 24
126 38.4717449235866 25
127 38.4672564652259 25
128 38.4633150547883 25
129 38.4598279347396 25
130 38.4567266244373 25
131 38.4539583588969 26
132 38.4514809634271 26
133 38.4492597195577 26
134 38.4472653902389 26
135 38.4454729305572 26
136 38.443860613261 27
137 38.4424094123199 27
138 38.4411025519155 27
139 38.4399251648662 27
140 38.4388640257639 27
141 38.4379073367348 27
142 38.437044551414 28
143 38.4362662275012 28
144 38.4355639012927 28
145 38.4349299795574 28
146 38.4343576454243 28
147 38.4338407758237 29
148 38.4333738686289 29
149 38.432951978062 29
150 38.4325706572278 29

0 187.925184953672 0
1 171.568401724829 0
2 155.247772710118 0
3 140.047523451749 0
4 124.528896309091 1
5 106.290112112632 1
6 89.1152576804247 1
7 76.7421126706136 1
8 67.2766686690629 1
9 60.5912999408136 2
10 55.8066575114422 2
11 52.106830739117 2
12 49.3597600190188 2
13 47.7565508751711 2
14 46.7872924854518 2
15 46.0257935762196 3
16 45.2858803223441 3
17 44.6537321448554 3
18 44.1430331291478 3
19 43.714157501883 3
20 43.3428512878813 4
21 43.015418725918 4
22 42.7178290069082 4
23 42.4028919019743 4
24 41.9642213047737 4
25 41.5079911520328 5
26 41.1355057904717 5
27 40.853260648818 5
28 40.6386815460417 5
29 40.4711898884624 5
30 40.3367969953438 6
31 40.2260125778 6
32 40.1316500072046 6
33 40.0477528874535 6
34 39.9693686688629 6
35 39.8927748435188 6
36 39.8160090650975 7
37 39.7394501496136 7
38 39.6657585312382 7
39 39.598606066829 7
40 39.5407992303589 7
41 39.4931927995106 8
42 39.454928651651 8
43 39.4243247628605 8
44 39.3996243638015 8
45 39.3793526742318 8
46 39.3623898184958 9
47 39.3479208846074 9
48 39.3353591579845 9
49 39.3242795491147 9
50 39.3143698836476 9
51 39.3053976224442 9
52 39.2971876801502 10
53 39.2896076443902 10
54 39.2825577373018 10
55 39.2759637191645 10
56 39.269771544391 10
57 39.2639430067415 11
58 39.2584519214751 11
59 39.2532806292472 11
60 39.248416785176 11
61 39.2438505147385 11
62 39.2395720700569 12
63 39.235570107291 12
64 39.231830643313 12
65 39.2283366638834 12
66 39.2250682752325 12
67 39.2220032384151 12
68 39.219117710279 13
69 39.2163870326792 13
70 39.2137864507227 13
71 39.2112916872262 13
72 39.2088793427926 13
73 39.20652712234 14
74 39.2042139076087 14
75 39.2019197023596 14
76 39.1996254753638 14
77 39.1973129187221 14
78 39.1949641276991 15
79 39.1925611943804 15
80 39.1900856912911 15
81 39.1875180020303 15
82 39.1848364324236 15
83 39.1820160051323 16
84 39.1790267991534 16
85 39.1758316373209 16
86 39.1723828411462 16
87 39.1686176508971 16
88 39.1644517339596 16
89 39.1597699599017 17
90 39.1544133011173 17
91 39.1481603642939 17
92 39.1407018470528 17
93 39.1316066694582 17
94 39.1202809553442 18
95 39.1059282166863 18
96 39.0875357351026 18
97 39.0639424568311 18
98 39.0340792410999 18
99 38.9974638309666 19
100 38.9548782768137 19
101 38.9088225544311 19
102 38.8631415641536 19
103 38.8217084360692 19
104 38.7869912346261 20
105 38.7595258666534 20
106 38.7384218676674 20
107 38.7222299415752 20
108 38.7095704545445 20
109 38.6993853651299 20
110 38.6909480133647 21
111 38.6837840589393 21
112 38.67758694069 21
113 38.6721546775988 21
114 38.6673489970386 22
115 38.6630706499946 22
116 38.6592449117617 22
117 38.6558130831197 22
118 38.6527274301901 23
119 38.6499480862715 23
120 38.647441085482 23
121 38.6451770633828 23
122 38.6431303617922 23
123 38.6412783864449 24
124 38.6396011282097 24
125 38.6380807937633 24
126 38.6367015120151 24
127 38.6354490946971 25
128 38.6343108369309 25
129 38.6332753481838 25
130 38.6323324069865 25
131 38.6314728346989 25
132 38.6306883848912 26
133 38.6299716457804 26
134 38.6293159537497 26
135 38.6287153164145 26
136 38.6281643439902 26
137 38.6276581879424 27
138 38.6271924860708 27
139 38.6267633132969 27
140 38.6263671375358 27
141 38.626000780104 28

0 178.015303937018 0
1 160.333097557245 0
2 145.233867728592 0
3 136.7751605978 1
4 130.226347752328 1
5 124.005656658038 1
6 117.192069941489 1
7 109.927779487659 1
8 102.689837913022 2
9 96.1948831387562 2
10 90.0241509405877 2
11 84.3319077574497 2
12 79.5151874710754 2
13 75.411116603704 3
14 71.7324781706953 4
15 68.2461423405684 4
16 64.8317617347235 4
17 61.4346480185026 4
18 57.7278311208266 4
19 54.0945071813002 5
20 51.6589586164561 5
21 50.025425772494 5
22 48.7328827695391 6
23 47.635709608633 6
24 46.7424576775774 6
25 46.039027668925 6
26 45.4789142375222 6
27 45.0320195443679 7
28 44.6821924772534 7
29 44.4101768223624 7
30 44.194573532261 7
31 44.0182853896599 7
32 43.8699931487164 8
33 43.7425951704564 8
34 43.6314911497025 8
35 43.5334935226986 8
36 43.4462451538788 9
37 43.3679195677568 9
38 43.2970614405417 9
39 43.2324954002196 9
40 43.1732691325061 9
41 43.1186144494154 10
42 43.0679178435891 10
43 43.0206957191133 10
44 42.9765715343004 10
45 42.9352535767682 11
46 42.8965133174249 11
47 42.860165175271 11
48 42.8260488747252 11
49 42.7940153140469 11
50 42.7639161450332 12
51 42.7355964242856 12
52 42.7088890555173 12
53 42.683609434445 12
54 42.6595486421716 12
55 42.6364634911659 13
56 42.6140615016726 13
57 42.5919783837579 13
58 42.5697449471505 13
59 42.5467401397865 13
60 42.5221287883073 13
61 42.4947905994259 14
62 42.46326906634 14
63 42.425815574275 14
64 42.3806715872563 14
65 42.326752652497 14
66 42.2646910810342 15
67 42.1976331663736 15
68 42.1307550522676 15
69 42.069224872328 15
70 42.0160303358418 15
71 41.971389111239 16
72 41.9337507335068 16
73 41.9011305557178 16
74 41.8719071118048 16
75 41.8450475214415 16
76 41.8200414056229 16
77 41.7967485825793 17
78 41.7752402374247 17
79 41.7556575220336 17
80 41.7381040843517 17
81 41.7225872203326 17
82 41.7090091106229 18
83 41.6971930409192 18
84 41.6869224690313 18
85 41.6779755697413 18
86 41.6701476160516 18
87 41.6632613306376 19
88 41.6571688297403 19
89 41.6517490557619 19
90 41.6469035022277 19
91 41.6425518073736 19
92 41.6386279072167 19
93 41.6350769351761 20
94 41.6318528222894 20
95 41.628916472344 20
96 41.6262343789016 20
97 41.6237775710421 20
98 41.6215208002714 21
99 41.6194419039747 21
100 41.6175212987628 21
101 41.6157415702451 21
102 41.6140871351111 21
103 41.612543957912 22
104 41.611099309418 22
105 41.6097415565007 22
106 41.6084599755512 22
107 41.6072445828048 22
108 41.6060859757458 23
109 41.6049751801371 23
110 41.6039034971924 23
111 41.6028623449822 23
112 41.6018430872731 23
113 41.600836841551 24
114 41.5998342557582 24
115 41.5988252400119 24
116 41.5977986348014 24
117 41.5967417901922 24
118 41.5956400203437 24
119 41.5944758824957 25
120 41.5932282069172 25
121 41.591870769996 25
122 41.5903704500341 25
123 41.5886846236348 25
124 41.5867574321195 26
125 41.5845143430288 26
126 41.5818541031383 26
127 41.5786366471211 26
128 41.5746646619249 26
129 41.5696551145497 27
130 41.5631948623008 27
131 41.554671227338 27
132 41.5431642963072 27
133 41.5272845973013 27
134 41.5049448095589 28
135 41.4730864885049 28
136 41.4274799514689 28
137 41.3629119897539 28
138 41.2742930349173 28
139 41.1590593733082 28
140 41.0200861622629 29
141 40.8665212501026 29
142 40.7104519346695 29
143 40.5617470034274 29
144 40.4256937418483 29
145 40.3041571363503 30
146 40.197446931338 30
147 40.1050049914106 30
148 40.0253081509225 30
149 39.9559713646827 30
150 39.894232455728 31
151 39.8374539846894 31
152 39.7833985393495 31
153 39.7302885242979 31
154 39.6767548586944 31
155 39.6217585855356 32
156 39.5645310713492 32
157 39.5045598707804 32
158 39.4416475852462 32
159 39.3760756570862 32
160 39.3088830195123 33
161 39.2421634732917 33
162 39.1790801647224 33
163 39.1232107522246 33
164 39.0772780265761 33
165 39.0420933010629 34
166 39.0165546620021 34
167 38.9985449291637 34
168 38.9858920098978 34
169 38.9768694917517 34
170 38.9702757218776 34
171 38.9653251440823 35
172 38.9615131572348 35
173 38.9585124031211 35
174 38.9561054071652 35
175 38.9541435643063 35
176 38.9525225056925 36
177 38.9511671037267 36
178 38.9500221037168 36
179 38.9490460957333 36
180 38.9482075252823 36
181 38.9474819868297 37
182 38.946850347805 37
183 38.9462974237889 37
184 38.9458110273965 37
185 38.9453812752225 37
186 38.9450000759014 38

0 167.374337267193 0
1 146.046773444014 0
2 132.232780158199 0
3 120.540520012753 0
4 110.400919888391 1
5 100.93714648744 1
6 91.6056376115614 1
7 83.2188365734796 1
8 75.3585001333782 1
9 69.2071544986608 2
10 64.1698500291394 2
11 60.9223761419053 2
12 58.9019260633022 2
13 57.6002608066047 2
14 56.6832480147499 3
15 55.9444638495085 3
16 55.2654082825956 3
17 54.6184210029563 3
18 54.0156292693089 3
19 53.4546762267385 3
20 52.9195355761172 4
21 52.3831088260542 4
22 51.8361148179977 4
23 51.2978403154999 4
24 50.7772273168005 4
25 50.2589561527813 5
26 49.7291664034827 5
27 49.2022325892338 5
28 48.7113341535255 5
29 48.2804144595577 5
30 47.9127589332139 6
31 47.5994328699368 6
32 47.3303495682276 6
33 47.097231162532 6
34 46.8902007815576 6
35 46.6752789132809 7
36 46.3295316003611 7
37 45.8711891859085 7
38 45.4593105248295 7
39 45.0849268542858 7
40 44.7551793968434 8
41 44.4980049847956 8
42 44.3100963642769 8
43 44.1694573103859 8
44 44.0568623009965 8
45 43.9599168560085 9
46 43.8700807563116 9
47 43.7792550925517 9
48 43.6766703666331 9
49 43.5465336878008 9
50 43.3715060445738 9
51 43.1506011876247 10
52 42.9155194930968 10
53 42.7073404569883 10
54 42.5438477858818 10
55 42.4214206018004 10
56 42.3295899486899 11
57 42.2587805321817 11
58 42.2021856265778 11
59 42.1554164399714 11
60 42.115719179665 11
61 42.0813398140519 12
62 42.0511170546891 12
63 42.0242445708204 12
64 42.0001357764684 12
65 41.9783460809471 12
66 41.958526609362 13
67 41.9403953071232 13
68 41.9237178971337 13
69 41.9082945919816 13
70 41.8939502322324 13
71 41.8805264271442 14
72 41.8678747254572 14
73 41.8558500408821 14
74 41.8443035899247 14
75 41.8330745014707 14
76 41.8219790304818 15
77 41.8107959460503 15
78 41.7992461902729 15
79 41.7869644669145 15
80 41.7734605270212 15
81 41.7580699778965 16
82 41.7399017518518 16
83 41.7178082379305 16
84 41.6904421672809 16
85 41.6565167126861 16
86 41.6153942652301 16
87 41.5679473391642 17
88 41.5171648096051 17
89 41.4676296441991 17
90 41.4236781159245 17
91 41.387538685714 17
92 41.3589709681652 18
93 41.3363114187805 18
94 41.3176928319101 18
95 41.301669899814 18
96 41.2873034980325 18
97 41.2740191895202 19
98 41.2614462506101 19
99 41.2493043070475 19
100 41.2373370203503 19
101 41.2252747533779 19
102 41.2128096785905 20
103 41.199571710629 20
104 41.1850964444256 20
105 41.1687752801906 20
106 41.1497724006983 20
107 41.1268838652996 21
108 41.0983081188415 21
109 41.0613233238526 21
110 41.0119963491598 21
111 40.9453622401429 21
112 40.856818237256 21
113 40.7448650101329 22
114 40.6133471302325 22
115 40.4707068467656 22
116 40.3264216916067 22
117 40.1872430356747 22
118 40.0560834020015 23
119 39.9339746999274 23
120 39.8221689399142 23
121 39.722040628893 23
122 39.6338201716686 23
123 39.556168111237 24
124 39.4868541881345 24
125 39.4236282289671 24
126 39.36468270363 24
127 39.3086978422965 24
128 39.2546774715839 25
129 39.2017486610754 25
130 39.1490171321117 25
131 39.0955231324831 25
132 39.0403388367522 25
133 38.982868535352 26
134 38.9233915772466 26
135 38.8636969568497 26
136 38.8072564839378 26
137 38.7582402458104 26
138 38.7195929074464 26
139 38.6917073640717 27
140 38.6728094132513 27
141 38.6603416278453 27
142 38.6520503046275 27
143 38.6463516833731 27
144 38.642256302198 28
145 38.6391772560868 28
146 38.6367692767233 28
147 38.6348251532626 28
148 38.6332159760668 28
149 38.6318580630773 29
150 38.6306947237708 29
151 38.6296860173763 29
152 38.6288028209387 29
153 38.6280232663578 29
154 38.6273305189355 29
155 38.6267113422215 30
156 38.6261551402645 30
157 38.6256532996504 30
158 38.6251987257059 30
159 38.6247855080126 30
160 38.6244086742061 31

0 164.162763446347 0
1 147.446716718613 0
2 134.08010108746 0
3 122.758256580496 0
4 110.700747785509 1
5 98.4944650244606 1
6 88.3167558784444 1
7 79.8310046149725 1
8 72.1238718006891 1
9 66.1411308264424 2
10 62.5206671740953 2
11 60.2195030830582 2
12 58.3231552330087 2
13 56.5954324577233 2
14 55.3946032634274 2
15 54.5691735946658 3
16 53.9398609123922 3
17 53.418197475226 3
18 52.9649858180167 3
19 52.5638130008393 3
20 52.2070854603768 4
21 51.8888265225306 4
22 51.6018527507713 4
23 51.3380786595397 4
24 51.0898106007692 4
25 50.8495474727103 5
26 50.6079033870549 5
27 50.3510201621875 5
28 50.0605573684644 5
29 49.7217182283308 5
30 49.3396665489283 5
31 48.9449774306166 6
32 48.5683762355811 6
33 48.2173155270849 6
34 47.8784573142866 6
35 47.5446583315998 6
36 47.2234444024345 7
37 46.9196234080809 7
38 46.6348645086791 7
39 46.373607781944 7
40 46.1432104129358 7
41 45.9484519606314 8
42 45.7875169428397 8
43 45.653465897538 8
44 45.537968727079 8
45 45.4336854797053 8
46 45.3349107324746 8
47 45.2375636850106 9
48 45.1394261466092 9
49 45.0407968726542 9
50 44.9447333726966 9
51 44.8557408597534 9
52 44.777272647892 10
53 44.7099627281561 10
54 44.6515103030261 10
55 44.5972163808431 10
56 44.5402107833751 10
57 44.4727891251751 11
58 44.3925685236451 11
59 44.3093720843852 11
60 44.2379712587071 11
61 44.1846344160469 11
62 44.1468623095217 12
63 44.1197324008229 12
64 44.0992733557447 12
65 44.0829514149392 12
66 44.0692689523758 12
67 44.0573412928645 12
68 44.0466198146373 13
69 44.0367333880228 13
70 44.027399236912 13
71 44.0183686376916 13
72 44.0093860166484 13
73 44.0001465253911 14
74 43.9902378741894 14
75 43.9790486423171 14
76 43.9656222364274 14
77 43.9484538762589 14
78 43.9253325728344 15
79 43.893614453888 15
80 43.8515474533846 15
81 43.8003273913599 15
82 43.7444301644964 15
83 43.6887738208164 15
84 43.6356899977065 16
85 43.5845332201442 16
86 43.532937762003 16
87 43.4778862632888 16
88 43.4161388195042 16
89 43.3444040819877 17
90 43.2596574217259 17
91 43.1597020986162 17
92 43.0436015108298 17
93 42.9113348547742 17
94 42.7625011960437 18
95 42.5947402808508 18
96 42.4022356179323 18
97 42.1725558118547 18
98 41.8855476132542 18
99 41.5390392902286 19
100 41.1700586597469 19
101 40.8275799778544 19
102 40.5384929866235 19
103 40.2919739657833 19
104 40.0703681100796 19
105 39.8781147160794 20
106 39.7246804242994 20
107 39.6098068780871 20
108 39.5256237779933 20
109 39.4624814457998 20
110 39.4122674910714 21
111 39.3690133401487 21
112 39.3283856989798 21
113 39.287087696824 21
114 39.2425421269205 21
115 39.1929627658305 22
116 39.1377923309145 22
117 39.0782465577783 22
118 39.0173895168526 22
119 38.9592477194233 22
120 38.907271848219 23
121 38.8631974190462 23
122 38.8269894951628 23
123 38.7975566071569 23
124 38.7735188420083 23
125 38.7536473116232 24
126 38.7369942124656 24
127 38.7228675558418 24
128 38.7107649558351 24
129 38.7003147554513 24
130 38.6912346700129 25
131 38.6833048779939 25
132 38.6763505998614 25
133 38.6702304943462 25
134 38.6648286393894 25
135 38.6600488101881 26
136 38.6558102968964 26
137 38.6520447914595 26
138 38.6486940343638 26
139 38.6457080097524 27
140 38.6430435408601 27
141 38.6406631809885 27
142 38.6385343253793 27
143 38.636628490488 27
144 38.6349207220212 28
145 38.6333891035422 28
146 38.6320143448045 28
147 38.6307794341856 28
148 38.6296693433144 28
149 38.6286707746724 29
150 38.6277719449219 29
151 38.6269623981779 29
152 38.6262328445487 29
153 38.6255750201216 30
154 38.6249815652402 30
155 38.6244459184411 30
156 38.6239622238466 30
157 38.6235252501544 31
158 38.6231303196461 31
159 38.622773245874 31

0 177.520165019058 0
1 165.405376760254 0
2 155.410996825657 0
3 145.369684012975 1
4 134.095153187479 1
5 121.780820931077 1
6 109.144526650035 1
7 98.3854477156945 1
8 87.7834766206997 2
9 77.2215984660118 2
10 68.9086724048054 2
11 63.7917716173527 2
12 60.3835957213434 2
13 57.8219230337621 3
14 56.4499598304735 3
15 55.5406714592947 3
16 54.6881487380767 3
17 53.4496918417706 3
18 52.0039262309567 3
19 51.2600506211854 4
20 50.773305431212 4
21 50.3172012828767 4
22 49.8492749369499 4
23 49.4505759480438 4
24 49.1226511849511 5
25 48.8357699507909 5
26 48.6151008764112 5
27 48.4615763257087 5
28 48.3552977510493 5
29 48.2779086214209 6
30 48.2179925441344 6
31 48.1691670204228 6
32 48.1278296448873 6
33 48.0918167252648 6
34 48.0597293053904 7
35 48.0306060750926 7
36 48.0037581690678 7
37 47.9786782654865 7
38 47.9549854347885 7
39 47.9323889159753 8
40 47.910663104719 8
41 47.8896297936547 8
42 47.8691452717368 8
43 47.8490905538321 8
44 47.8293632844922 9
45 47.8098699558154 9
46 47.7905171053742 9
47 47.771200164241 9
48 47.751788570377 9
49 47.732105454796 10
50 47.7118991773448 10
51 47.6908013188779 10
52 47.6682599397555 10
53 47.6434267090007 10
54 47.6149664919408 11
55 47.5807822835413 11
56 47.5378293603119 11
57 47.482718085984 11
58 47.4141782263745 12
59 47.3363512487546 12
60 47.2580969139331 12
61 47.1873638475386 12
62 47.1272625967402 12
63 47.0767165862583 13
64 47.0325012008864 13
65 46.9901807045607 13
66 46.9432812146024 13
67 46.8799588334822 13
68 46.7771631218096 14
69 46.6040712744774 14
70 46.3590446757508 14
71 46.0917342514141 14
72 45.8475150575015 14
73 45.635672326753 15
74 45.4498372304698 15
75 45.2828704783209 15
76 45.1286764708829 15
77 44.981490327607 15
78 44.8364741533111 16
79 44.6910830917857 16
80 44.5445741323541 16
81 44.3928563873903 16
82 44.2100567702627 16
83 43.9261466751016 17
84 43.5439172304996 17
85 43.1556884087476 17
86 42.8204223000123 17
87 42.5554166728101 17
88 42.3457789369099 18
89 42.1634465860428 18
90 41.9810318850965 18
91 41.7788034915255 18
92 41.5498671549758 19
93 41.3025053788583 19
94 41.0547760641805 19
95 40.823673764789 19
96 40.6175244916611 19
97 40.4361760590327 20
98 40.2764685683936 20
99 40.1365182019733 20
100 40.0157200926346 20
101 39.9129411891612 20
102 39.8257619667247 21
103 39.7509921421914 21
104 39.6854580708307 21
105 39.6264599864533 21
106 39.5718703557424 21
107 39.5200393064321 22
108 39.4696429027851 22
109 39.4195477315975 22
110 39.3687355287916 22
111 39.316333020239 22
112 39.2618061289217 23
113 39.2053614866596 23
114 39.1484626502391 23
115 39.0940605179236 23
116 39.0459404387533 24
117 39.0071476233624 24
118 38.9785928728731 24
119 38.9590218626844 24
120 38.9461222159227 24
121 38.9376418507605 25
122 38.9319002857782 25
123 38.9278099376492 25
124 38.9247150578671 25
125 38.9222288621443 25
126 38.9201201202741 26
127 38.9182448964216 26
128 38.9165078137099 26
129 38.9148402698215 26
130 38.9131878214805 26
131 38.9115023552216 27
132 38.9097366217779 27
133 38.9078397349964 27
134 38.9057527245362 27
135 38.9034034177624 27
136 38.9006999284716 28
137 38.8975219056691 28
138 38.8937084840302 28
139 38.8890416505827 28
140 38.8832236939237 28
141 38.875848034971 29
142 38.8663652092767 29
143 38.8540523839894 29
144 38.8380090964931 29
145 38.8172262218708 29
146 38.7908006037212 30
147 38.7583541023512 30
148 38.7205880099708 30
149 38.6796475141333 30
150 38.6388275199491 31
151 38.6015163167184 31
152 38.5699957117517 31
153 38.5449194266338 31
154 38.5256490650267 31
155 38.5109623136176 32
156 38.4996218852757 32
157 38.4906392656272 32
158 38.4833154201459 32
159 38.4771854121133 32
160 38.4719463211736 33
161 38.467399048632 33
162 38.4634088579973 33
163 38.4598807515719 33
164 38.4567446777811 33
165 38.453946737316 34
166 38.4514439130485 34
167 38.4492008444642 34
168 38.4471877935362 34
169 38.4453793158632 34
170 38.4437533590625 35
171 38.4422906272922 35
172 38.4409741166398 35
173 38.4397887637037 35
174 38.4387211715495 35
175 38.4377593902106 36
176 38.4368927368045 36
177 38.4361116452601 36
178 38.4354075387776 36
179 38.4347727201902 36
180 38.434200276739 37
181 38.4336839966942 37
182 38.4332182958836 37
183 38.4327981526259 37
184 38.432419049892 37

0 160.826977738914 0
1 134.114465524638 0
2 116.03432986316 0
3 102.587954630509 1
4 92.4771979466757 1
5 84.9042793780999 1
6 78.6262896219803 1
7 73.5235829867498 1
8 69.1176944645396 2
9 64.6167460344153 2
10 60.8583288300545 2
11 58.5219148460578 2
12 57.0882868808324 2
13 56.1367732753877 3
14 55.3751239807162 3
15 54.7027045355067 3
16 54.0677633114467 3
17 53.3712015655645 3
18 52.7866888909092 4
19 52.3188374684196 4
20 51.9459672039144 4
21 51.6491576434323 4
22 51.3939156836382 4
23 51.1379032964818 5
24 50.8425396771677 5
25 50.4996059812202 5
26 50.1520128724208 5
27 49.8550350261875 5
28 49.6254263694396 6
29 49.4437358584026 6
30 49.2814405636937 6
31 49.1167301680809 6
32 48.941851457724 7
33 48.7650043862656 7
34 48.6007584979201 7
35 48.4582979497066 7
36 48.3394912117634 7
37 48.2416082719329 8
38 48.1597005381607 8
39 48.0882662499997 8
40 48.0221700567247 8
41 47.9569662022922 8
42 47.8890676101728 9
43 47.8161743078892 9
44 47.7380367601298 9
45 47.6570381876307 9
46 47.5776986634817 9
47 47.5048364122931 10
48 47.4415380625073 10
49 47.3884515397681 10
50 47.3445095281649 10
51 47.3080251963659 10
52 47.2773905618741 11
53 47.2513155391784 11
54 47.2288219890253 11
55 47.2091627816247 11
56 47.1917407659119 11
57 47.1760469393896 12
58 47.1616155973674 12
59 47.1479886618359 12
60 47.1346812656924 12
61 47.1211418150913 13
62 47.1067013212843 13
63 47.0905102447092 13
64 47.0714709034464 13
65 47.0481985709321 13
66 47.0190954619113 14
67 46.9826891026605 14
68 46.9383762899895 14
69 46.8874066887953 14
70 46.8332852335029 14
71 46.7805837198298 15
72 46.732535089789 15
73 46.689460058615 15
74 46.6493148732518 15
75 46.6094738062136 16
76 46.5682982164355 16
77 46.5258680790931 16
78 46.4838334934743 16
79 46.4445743019986 17
80 46.410144561204 17
81 46.3815892140427 17
82 46.3588835614535 17
83 46.3412940572243 17
84 46.3278138335899 18
85 46.3174654314882 18
86 46.3094391938067 18
87 46.3031199569905 18
88 46.2980614056763 18
89 46.2939461253105 19
90 46.2905488390643 19
91 46.2877080930825 19
92 46.2853062277966 19
93 46.2832557939969 19
94 46.2814904921711 20
95 46.2799591280532 20
96 46.2786215335073 20
97 46.277445761581 20
98 46.2764061138561 20
99 46.2754817203239 21
100 46.2746554940508 21
101 46.2739133462864 21
102 46.273243587013 21
103 46.2726364605807 21
104 46.2720837817643 22
105 46.27157864778 22
106 46.2711152085974 22
107 46.270688482521 22

0 159.819242916293 0
1 140.045131665383 0
2 122.596068499868 0
3 103.274146175921 0
4 87.0915785464502 1
5 77.0517857789406 1
6 70.7671812058528 1
7 65.9548970606347 1
8 61.6463654080822 1
9 58.1801186872155 2
10 55.3040701299638 2
11 52.9513307584049 2
12 50.9700406033014 2
13 49.1623342297238 2
14 47.4942042933536 3
15 46.1061574427349 3
16 45.0541547005942 3
17 44.2622384886623 3
18 43.6063460021441 4
19 42.9778772397537 4
20 42.3258482633651 4
21 41.6766463984262 4
22 41.0987779702913 4
23 40.6456604004125 4
24 40.3258963258726 5
25 40.1117288768806 5
26 39.9659848404528 5
27 39.860008115532 5
28 39.7766654526132 5
29 39.7070334440782 6
30 39.6468831022532 6
31 39.5943577347776 6
32 39.548597802415 6
33 39.5089947996768 6
34 39.4748852663265 7
35 39.4455165183971 7
36 39.4201240205234 7
37 39.3980143713127 7
38 39.3786129054478 7
39 39.3614749277871 8
40 39.3462727799853 8
41 39.3327707230182 8
42 39.3207962795016 8
43 39.310213885327 8
44 39.3009045487022 9
45 39.2927531548654 9
46 39.2856430727621 9
47 39.2794562480613 9
48 39.274076361856 9
49 39.2693928648547 10
50 39.2653044134704 10
51 39.2617210291108 10
52 39.2585649082114 10
53 39.2557701467613 10
54 39.253281753174 11
55 39.2510542956764 11
56 39.2490504442051 11
57 39.2472395729801 11
58 39.2455965126244 11
59 39.244100486502 11
60 39.2427342326004 12
61 39.2414832945248 12
62 39.2403354576961 12
63 39.2392803054585 12
64 39.2383088716143 12
65 39.2374133690908 13
66 39.2365869779651 13
67 39.2358236793864 13
68 39.2351181248182 13
69 39.2344655324035 13
70 39.2338616041628 14
71 39.2333024592304 14
72 39.232784579489 14
73 39.2323047648381 14
74 39.2318600960046 14
75 39.2314479033017 15
76 39.2310657401236 15

0 179.423793005429 0
1 164.926212558759 0
2 156.685532510852 0
3 150.419911959304 0
4 145.131531350244 1
5 140.489420036985 1
6 136.514027256369 1
7 132.442100066293 1
8 128.422199881297 1
9 124.74477172518 2
10 121.285461844192 2
11 118.111886320465 2
12 115.018081844334 2
13 111.462032874581 2
14 107.208678565621 3
15 101.515349974759 3
16 95.7251300537598 3
17 89.277979611331 3
18 82.4237569596661 3
19 76.1309153647733 4
20 70.6663348979041 4
21 65.6371989238233 4
22 61.6661075429586 4
23 58.2519399324951 4
24 55.2828825022005 5
25 52.8621044517117 5
26 51.0129082803958 5
27 49.8657003702301 5
28 48.6291718401313 5
29 47.2000189015742 6
30 46.0431940336962 6
31 45.1049020879911 6
32 44.3359714770433 6
33 43.7053499091325 6
34 43.1772477497468 7
35 42.7186255543081 7
36 42.3120835770449 7
37 41.951277475904 7
38 41.6302425537653 7
39 41.3415350263805 8
40 41.0801477832111 8
41 40.8414786960446 8
42 40.6158011008825 8
43 40.3822312805457 8
44 40.1061618577943 9
45 39.7629637581145 9
46 39.3603972607019 9
47 38.9606684619867 9
48 38.629248201864 9
49 38.3806608437158 10
50 38.206055026271 10
51 38.090723677895 10
52 38.0180259538412 10
53 37.9732357365438 11
54 37.9456241668888 11
55 37.9282994403696 11
56 37.9171301678324 11
57 37.9097063032307 11
58 37.9046208022861 12
59 37.9010379051863 12
60 37.8984485784008 12
61 37.8965341429206 12
62 37.8950896089759 12
63 37.8939797043154 13
64 37.8931130239533 13
65 37.8924264420458 13
66 37.8918754794535 13
67 37.8914282133676 13
68 37.891061342967 14

