0 244.384740705826 6
1 422.007689357531 12
2 475.3929793022 18
3 459.236132604943 24
4 449.716444304726 31
5 406.403513084107 37
6 407.832355954215 43
7 368.06105239637 49
8 381.641050380287 55
9 294.067940050285 62
10 294.21157166314 68
11 247.167389235651 74
12 226.0103492937 80
13 207.346981881235 86
14 182.10877902728 92
15 157.846204666005 98
16 143.325424324858 104
17 106.939787977425 110
18 97.8558062196807 116
19 73.3879504161536 122
20 67.6572397302214 129
21 58.1373877272712 135
22 52.909351494234 141
23 51.4863901392299 147
24 49.6844320196246 154
25 48.9900591057512 160
26 48.5984585390537 167
27 48.4335893261388 174
28 48.2701828793131 180
29 48.2062429273025 187
30 48.1812470765219 194
31 48.1460798741691 200
32 48.1087257161415 207
33 48.0865557786353 214
34 48.0709053246536 220
35 48.0580088194902 227

0 248.093081472226 7
1 395.878745897283 13
2 484.241204323107 19
3 441.351539104594 26
4 466.75678402263 33
5 415.091069091139 39
6 345.651857832664 45
7 433.595343139804 51
8 355.106874857694 57
9 319.5868614698 63
10 294.47487355333 69
11 258.050501064416 75
12 244.817277121129 82
13 203.299869773783 88
14 173.698185768229 94
15 155.178010664691 100
16 137.021531723631 106
17 105.564904630964 112
18 91.3257670667596 118
19 74.492439907691 124
20 68.2016709315348 130
21 58.5234588378986 136
22 52.9248775455267 142
23 51.8847670098252 148
24 49.8095598941527 154
25 48.9010567942197 160
26 48.5685423030249 166
27 48.3161224542483 172
28 48.1522693813576 178
29 48.0918534687476 184
30 48.0266409577138 190
31 47.9969449918513 196
32 47.9605589553784 202
33 47.9444560194158 209
34 47.9290580816751 216
35 47.9183431378124 222

0 282.054339032549 6
1 340.117121335823 13
2 372.139405118926 19
3 496.073017758673 25
4 490.613272508987 31
5 430.289280430223 37
6 383.992931307087 43
7 404.7916192247 49
8 364.877251031375 55
9 323.304161043957 61
10 299.633430058369 67
11 264.518527333955 73
12 243.655787633217 79
13 215.644003040414 85
14 194.021491923851 91
15 159.028270824912 97
16 119.014852838689 103
17 107.923571328989 109
18 94.994261779918 115
19 79.8055565746604 122
20 68.9347945110885 128
21 56.9198213886785 134
22 52.3982300045007 140
23 52.049480757142 146
24 50.0504801800139 153
25 49.2530749671057 159
26 48.842128570821 165
27 48.5896444566433 171
28 48.4365089749394 178
29 48.3332050045534 184
30 48.280486217955 190
31 48.2299100971441 197
32 48.1906608908259 203
33 48.1674050157639 209
34 48.1505187858101 216
35 48.1389618400744 222

0 293.392996678203 6
1 447.825968565463 12
2 578.496889038174 18
3 517.135938999642 24
4 498.456062577543 30
5 481.556209477152 36
6 424.578089701848 43
7 370.669948889059 51
8 369.425922462924 58
9 328.32192475041 65
10 283.038239220536 71
11 255.429644324749 77
12 218.879938764777 84
13 197.152953742318 90
14 191.541422423116 96
15 159.714213088421 102
16 141.895656666052 108
17 104.883239069226 114
18 93.2915931591657 120
19 77.6735631653307 126
20 70.2173056203773 133
21 57.8159094274105 139
22 53.5977349457044 145
23 51.9440631779116 151
24 50.2464416021636 157
25 49.226560902127 164
26 48.9354212030349 170
27 48.7412396181415 176
28 48.5999239789955 183
29 48.5382538579557 189
30 48.4843133641656 195
31 48.4491173894598 201
32 48.4222832946848 207
33 48.3998859789525 213
34 48.3836575723873 219
35 48.3669600534765 225

0 257.087525173036 6
1 291.942161250458 12
2 360.552391487107 18
3 431.341759452473 24
4 465.740372317423 30
5 402.465772931212 36
6 421.453226778342 42
7 368.196816993063 48
8 344.614802304543 54
9 301.887525995299 60
10 297.520356725913 67
11 248.938343282276 73
12 271.014125524915 79
13 192.034180326285 85
14 165.13657357937 91
15 152.351864993975 97
16 142.886389003654 103
17 102.292162177468 109
18 98.4489327456165 115
19 85.2888038966414 121
20 68.4121115166115 127
21 57.2171135257466 133
22 53.5000196689794 139
23 51.4523304362856 147
24 49.8637017247288 153
25 49.020441612844 159
26 48.6483263416812 165
27 48.4146814730674 171
28 48.3120538334728 177
29 48.229636207046 183
30 48.1764845477707 189
31 48.1351119166661 195
32 48.1095694669202 201
33 48.0899525097801 207
34 48.0695753326153 213
35 48.0537715978888 220

0 216.301580717224 6
1 252.089047831643 12
2 304.002583779741 18
3 323.497203939239 24
4 310.061340756395 31
5 321.918773871327 38
6 302.965997322054 45
7 289.077313981783 51
8 301.218097046712 57
9 251.363133295172 63
10 218.214917382557 69
11 231.900784544048 75
12 226.964575244441 81
13 200.305933561749 87
14 168.881752835514 93
15 132.615113805367 99
16 123.260411192996 106
17 104.023279921758 112
18 95.4799652026002 118
19 78.9040370806044 124
20 69.4926380004587 132
21 59.1397823063449 138
22 53.5658262089938 144
23 53.212140404348 150
24 51.2470505195772 156
25 50.3146958082564 163
26 49.9485531316252 169
27 49.7190477024903 175
28 49.5775176607868 181
29 49.5065707483091 187
30 49.4484048068107 194
31 49.4194284899138 200
32 49.3972299284001 206
33 49.372451471519 212
34 49.3543979826037 218
35 49.3400780231513 224
36 49.3239948571598 230

0 228.085506344384 6
1 471.447914222878 12
2 462.546722334322 18
3 484.272938049571 24
4 455.645184741465 30
5 429.492783583072 37
6 435.092052851035 43
7 423.702634360625 49
8 342.575986850499 55
9 320.189112499387 61
10 278.116186398152 68
11 283.775962921092 74
12 222.493246894954 80
13 209.200669102068 87
14 177.076304468829 93
15 179.314515998732 100
16 126.143890799871 107
17 105.250795801417 113
18 94.3054551634596 119
19 78.6169479806199 125
20 69.1178210219948 131
21 57.7703363543717 137
22 52.8013700085797 143
23 52.1764629443362 149
24 50.1773172476918 156
25 49.1386085766299 162
26 48.7171440613058 169
27 48.5281789320833 176
28 48.4060396974966 182
29 48.3316016125296 188
30 48.2771400194636 194
31 48.2348589824526 200
32 48.2172853019314 206
33 48.1981031371654 212
34 48.185951786564 218
35 48.1702158541525 224

0 274.429689357413 6
1 502.042304862979 12
2 460.92320339727 18
3 490.40625307685 24
4 479.183042991271 30
5 471.293823615957 36
6 419.437407483063 42
7 370.828970823155 48
8 354.76899722499 55
9 311.734176299802 61
10 292.749479776323 67
11 248.522019617026 74
12 228.645554302315 81
13 212.088162687465 87
14 193.332582889511 93
15 156.954871412213 100
16 129.309902679833 106
17 108.850914905635 112
18 100.330184589162 118
19 80.2231134458732 124
20 73.2710570008565 129
21 58.3732475125874 136
22 52.7251761152348 142
23 51.7261303057905 149
24 50.0936477857022 157
25 49.1254009954284 164
26 48.7191093087413 170
27 48.4740310647744 176
28 48.3140469322628 182
29 48.2565178217101 188
30 48.2013744895138 194
31 48.174024722664 200
32 48.1419539495686 206
33 48.1158153492507 212
34 48.0959717612622 218
35 48.0795200870708 227

0 360.82816773599 6
1 563.379909888832 12
2 549.487512161689 18
3 549.62815715133 24
4 502.526445651546 31
5 461.775796053261 37
6 412.16387704643 43
7 360.330655501315 49
8 387.298664756812 56
9 353.582191865092 62
10 325.97427915159 68
11 275.386084925582 74
12 247.308079750484 80
13 187.673537311444 86
14 175.253664867079 93
15 159.793197781637 99
16 142.173947342922 105
17 114.225774004614 111
18 90.921411504937 117
19 76.9165656456895 123
20 69.0965496102855 129
21 57.7213593301442 135
22 53.204950929742 141
23 52.1424586018001 147
24 50.0683407774939 154
25 49.2566220271744 160
26 48.8627597935275 166
27 48.6979462847901 173
28 48.5635969186607 179
29 48.4772337035338 185
30 48.4311435379694 191
31 48.3916453287255 197
32 48.3609850483191 204
33 48.3405154144698 210
34 48.3145737922466 216
35 48.2984878207462 222

0 275.911017406781 6
1 429.516055670898 12
2 532.928921613383 18
3 473.416770535331 25
4 473.334452973424 31
5 433.534804874195 37
6 432.068696870977 44
7 450.524857965001 50
8 316.727274621384 56
9 294.806878343507 62
10 319.182546339099 69
11 268.174036611156 75
12 232.210342553642 81
13 198.525164323086 88
14 178.054509092394 94
15 163.707700697324 101
16 126.363444899864 107
17 114.385335315583 113
18 91.5712803721429 119
19 78.8072367242644 125
20 68.1350897301407 132
21 58.3860161415565 138
22 52.8681558149927 144
23 52.2751414349519 150
24 50.1242330650023 156
25 49.2663524935026 162
26 48.845282091995 169
27 48.6685517526706 175
28 48.5472779309723 181
29 48.4733418844628 187
30 48.4237440731502 194
31 48.3868968583475 200
32 48.3582146748714 206
33 48.3288149818002 212
34 48.3154966639213 219
35 48.2986525032603 225

0 273.362528013107 6
1 269.596683987684 12
2 525.323493489021 19
3 491.181246609617 26
4 543.20396827742 32
5 497.364959707335 38
6 473.701250375161 44
7 368.53437050294 50
8 379.963311133006 56
9 295.597281814487 63
10 320.708983774579 69
11 257.067699970988 75
12 230.500770468074 81
13 184.771527071246 87
14 177.803150911812 93
15 157.122554628658 99
16 127.28470458949 105
17 109.465253430446 111
18 92.697762654576 117
19 77.8162123380057 123
20 70.2112997363774 129
21 56.9791854376391 135
22 53.7188677691016 141
23 52.0969776698492 147
24 50.2372808054861 153
25 49.2737745888436 159
26 48.961318249207 165
27 48.7422153368924 171
28 48.6093366685325 177
29 48.5346959251807 183
30 48.4759496594206 189
31 48.4418607782374 195
32 48.4130891158551 202
33 48.3841382302823 208
34 48.3654418141706 215
35 48.3450230816867 221

0 268.989870014466 6
1 456.312954025481 12
2 507.207354586257 18
3 497.542937226577 24
4 376.914589765207 31
5 407.081789470285 37
6 393.976898490198 43
7 377.506728202741 49
8 364.466190097247 55
9 296.883652094215 61
10 264.529306752909 69
11 320.373901530502 75
12 199.251624616674 81
13 223.914419934872 87
14 172.660262025551 93
15 159.790830615237 99
16 138.000909859801 106
17 110.253280281636 112
18 91.8325399646798 118
19 76.840983640983 124
20 65.2612425156693 130
21 56.9656178340325 135
22 52.4703547207972 141
23 51.6373189722636 147
24 49.7473639499993 154
25 49.0515056239213 160
26 48.5584317521061 165
27 48.3515726052209 172
28 48.2427013235385 178
29 48.1663166476647 184
30 48.1036708003273 190
31 48.0678011009657 197
32 48.0328500346129 203
33 48.0113060818653 209
34 47.9939065600931 215
35 47.9831508238392 221

0 262.700035045796 6
1 269.733940060215 12
2 397.27825097849 18
3 445.426329985219 25
4 517.038340379503 31
5 407.578642681112 37
6 425.028646828706 43
7 374.418222529195 49
8 340.495301418586 55
9 287.277989536953 61
10 260.022494358288 67
11 295.115212384314 73
12 236.49264999917 79
13 196.697350675562 86
14 188.505258152778 92
15 162.425106754361 97
16 142.325225622335 104
17 114.185280286747 110
18 88.839303226023 116
19 77.2531618459878 122
20 67.7134769933169 127
21 57.3137178084437 134
22 52.8975395532706 140
23 51.5265014787714 146
24 49.773432138364 152
25 48.9352508117245 158
26 48.5550449182817 165
27 48.407507442245 172
28 48.2958546568778 179
29 48.2137687692628 185
30 48.151411362669 191
31 48.118980281997 197
32 48.0898784969351 203
33 48.0642369035846 209
34 48.0488438145815 215
35 48.0327304572758 221

0 217.920397837194 6
1 309.965087498207 12
2 458.590044589696 18
3 470.371610868115 24
4 401.857635398623 31
5 423.33376482784 37
6 446.833750247223 43
7 393.714953472788 50
8 359.425302367458 56
9 340.167847465211 62
10 278.563268648574 68
11 274.68644279447 74
12 230.526763014728 80
13 224.756912157214 86
14 195.132316305922 93
15 154.854347140957 99
16 136.711322823329 105
17 106.41908079628 112
18 93.9273609199348 118
19 75.8902654605126 124
20 74.8041233707151 130
21 57.4541562567803 138
22 53.1283711458464 144
23 51.9369447031654 150
24 49.912796828242 157
25 48.9747696559022 163
26 48.741489811041 169
27 48.5764343996738 176
28 48.433040094853 182
29 48.3534247574095 188
30 48.3021908046394 195
31 48.2576007811165 201
32 48.2325631795634 207
33 48.2062927478083 213
34 48.1901365361714 220
35 48.1757130084284 226

0 279.311799875069 6
1 434.87008075067 12
2 488.915645789503 18
3 481.298571532104 24
4 506.277108573534 30
5 471.781423442136 36
6 377.826792477486 42
7 453.298138232139 48
8 349.877871628705 54
9 316.267132379441 60
10 271.737023560774 66
11 291.065579241702 72
12 223.75072101557 78
13 198.793786129582 84
14 178.008118333976 90
15 161.975035340259 96
16 134.9255568612 102
17 107.499547355651 109
18 98.5527620975087 115
19 76.4433291168916 121
20 70.5084716560736 128
21 56.8455103182192 134
22 53.2070420029933 141
23 52.1843257537027 146
24 49.96117232711 153
25 49.1620846732034 159
26 48.7420647437218 165
27 48.5236650201953 171
28 48.4295841424231 177
29 48.3648424632363 184
30 48.3089219803656 190
31 48.2644354259393 196
32 48.2283085294814 203
33 48.2062768895831 209
34 48.1920032804214 215
35 48.1753820514688 221

0 268.206130675291 6
1 280.559312814811 12
2 497.902136026746 18
3 499.356863836199 24
4 446.619069154023 30
5 446.617546573201 37
6 379.202149784881 43
7 410.243347480294 50
8 348.936581933204 56
9 285.356672028887 62
10 313.397771952334 68
11 238.173738102485 74
12 232.879293997427 81
13 188.209304650666 89
14 198.912705629842 95
15 170.060978502567 101
16 149.859953362892 107
17 115.936568410318 114
18 90.3243404386101 120
19 78.56642131916 126
20 66.072396217044 132
21 58.2552460891258 138
22 52.6480616879612 144
23 52.096838208728 150
24 50.3633154717844 156
25 49.2370655922771 162
26 48.7752756081354 169
27 48.655147668542 174
28 48.5131340239419 181
29 48.4265654408044 189
30 48.3548346288592 195
31 48.3150587472572 201
32 48.2809179136502 207
33 48.2577179654107 213
34 48.2418064536575 219
35 48.2278323324744 225

0 250.621450801128 6
1 467.649352324384 12
2 470.382887635593 18
3 478.814405062149 24
4 397.499387692652 30
5 420.872072469123 37
6 392.015509606029 43
7 365.982991609737 49
8 353.534840416516 55
9 335.844328504375 61
10 258.081602181678 67
11 284.853547708082 73
12 223.525424234522 80
13 204.293242815898 86
14 166.590348561018 92
15 154.11763357275 99
16 126.572236039427 105
17 113.126366682378 111
18 93.7480511688519 117
19 77.1680308667478 123
20 68.0381055133982 129
21 57.3997819394953 135
22 53.2084395633856 142
23 51.9960763445242 148
24 49.9036403540818 154
25 49.0842143333122 160
26 48.708448042786 168
27 48.482930775503 174
28 48.3566079296578 180
29 48.2754208794642 187
30 48.2195248221747 193
31 48.187092871598 199
32 48.143366811951 205
33 48.1245857491444 212
34 48.1035083659133 218
35 48.0901806113094 224

0 261.103319606681 6
1 415.148583618713 13
2 444.224957937864 19
3 450.420329743027 25
4 465.837191109705 32
5 486.224280104481 39
6 428.904160557482 47
7 365.367751383146 57
8 345.885508349165 67
9 313.574961932741 74
10 297.811689974091 83
11 292.240388642287 91
12 236.196109206272 97
13 198.622747814793 104
14 182.843644823012 112
15 162.905323486458 119
16 130.749419047228 125
17 111.2251096284 131
18 90.2831063617312 137
19 81.0399914894559 143
20 69.0502679951919 149
21 57.182537880614 155
22 52.7950024035008 161
23 51.693273400473 167
24 49.6419101470088 173
25 49.0991247633811 180
26 48.7923958187831 186
27 48.5979440894759 192
28 48.4480179795126 198
29 48.3718455351007 204
30 48.2898255258099 210
31 48.246265445184 217
32 48.2193748824927 223
33 48.1948384422482 230
34 48.1762237651636 236
35 48.1548256144693 243

0 292.827429101546 6
1 433.426875300822 12
2 451.101700709837 18
3 480.927808053974 25
4 456.491946931545 31
5 427.541266750158 39
6 428.673068571581 45
7 372.986373850048 52
8 351.195037645984 59
9 349.795018068993 65
10 301.189546386178 71
11 278.313282995543 77
12 273.064752072512 83
13 206.799013043633 90
14 188.878462897455 96
15 158.724233105846 102
16 122.508245278792 109
17 120.314745982192 115
18 94.0206831485856 121
19 81.401983428127 127
20 68.3890450094706 133
21 57.3182570063186 139
22 52.0914809103283 145
23 51.4601595842613 151
24 49.75315225431 157
25 49.1788876949702 164
26 48.7562036982491 170
27 48.5421834168496 176
28 48.4311058456932 182
29 48.3360548203966 189
30 48.282749232181 195
31 48.2470255047424 201
32 48.2104867215509 207
33 48.1892415973285 213
34 48.1667889696402 220
35 48.1555571840777 226

0 227.819187400059 6
1 453.195458220908 13
2 418.800953910214 19
3 508.991724235799 26
4 437.664368750971 32
5 391.768692075205 38
6 393.459603378106 45
7 392.451961282704 51
8 365.371815639763 57
9 290.262761359973 63
10 308.460084489078 69
11 246.780226723204 76
12 234.684684750529 82
13 214.124798336375 87
14 181.339021301863 94
15 155.784491937934 102
16 142.971192696327 109
17 111.946993204655 116
18 92.4556123839908 123
19 80.4733242869361 129
20 68.4625629611082 135
21 57.9515066862132 142
22 53.0468185898957 148
23 51.4771523433868 155
24 49.9915860616605 161
25 49.03490726092 167
26 48.7336011640893 174
27 48.5188861501541 180
28 48.3515318817284 186
29 48.2972961836972 192
30 48.2274195033475 198
31 48.1838709718056 206
32 48.167403298087 212
33 48.1465473455233 219
34 48.1293884619709 226
35 48.1160488355969 233

0 275.96533788955 6
1 487.130593449372 13
2 415.884163581054 19
3 513.508512821337 26
4 494.622541938502 32
5 439.298683378824 38
6 421.329681698636 45
7 437.218208840075 51
8 364.901538838021 57
9 328.363506403416 64
10 281.291802228379 70
11 267.59270970639 76
12 214.398095789933 82
13 209.527827289351 88
14 184.068091350473 94
15 161.099237083201 100
16 135.090383973603 106
17 112.69644700497 113
18 96.6487326936586 119
19 85.1468721946733 125
20 64.7814616540471 131
21 58.6136291130584 138
22 52.9755689302512 144
23 51.9850730680605 150
24 50.1297776875041 156
25 49.2850094342879 162
26 48.858349131359 169
27 48.6490210550601 176
28 48.5337847304629 184
29 48.4072015884073 190
30 48.3347410454677 198
31 48.3017830439342 204
32 48.2730094680111 210
33 48.2510628667575 216
34 48.2271618814437 222
35 48.2084625864448 229

0 285.956862157788 6
1 477.829745793897 12
2 443.146423114689 18
3 552.668794980153 24
4 491.481075937241 30
5 419.747782078726 36
6 402.169251607749 43
7 369.174755037621 49
8 321.343216470647 55
9 327.716687761667 61
10 325.066976948784 67
11 231.484824580725 73
12 242.534872736865 80
13 204.261717041499 86
14 175.284205433217 92
15 151.294026952887 98
16 119.30223780452 104
17 115.91207666649 110
18 96.058353798105 116
19 76.4459317507576 122
20 66.9073054095397 128
21 57.5935888288054 134
22 52.847069721528 140
23 52.4611439373624 147
24 50.040711160119 153
25 49.1540698558186 160
26 48.7395488866527 167
27 48.5329011191707 174
28 48.3922362595838 180
29 48.2991085018687 187
30 48.2495888017482 193
31 48.1921085638804 200
32 48.1573252351111 207
33 48.1340943282511 213
34 48.1151543494129 219
35 48.0979617881274 225

0 287.218294752721 6
1 481.118572812324 13
2 515.989138474266 19
3 511.076321109171 26
4 420.966962691272 32
5 465.344965657682 38
6 428.551254073614 44
7 369.165688880257 51
8 365.246446867409 57
9 320.156545398539 63
10 311.498239463866 69
11 270.382659589479 75
12 243.606231699334 81
13 218.79856223267 88
14 172.124279070137 94
15 153.552413866866 100
16 139.294944124628 106
17 108.137217456489 112
18 95.8037433145261 119
19 78.44048153593 126
20 67.4284965959051 132
21 58.0090896041833 139
22 52.9811151240826 146
23 52.1927154459031 153
24 50.3533316592093 158
25 49.5810526666549 165
26 49.0040259189614 171
27 48.837472465328 177
28 48.6800003417104 183
29 48.5956794655582 189
30 48.5350045397834 195
31 48.4928980975029 201
32 48.4604664751747 207
33 48.435161232252 213
34 48.4143970280624 220
35 48.3986569119249 227

0 264.815794306009 6
1 407.727070214713 13
2 429.593078782771 19
3 433.912064126741 25
4 468.062378220574 31
5 458.788245879406 37
6 423.569307131427 44
7 358.263480422619 50
8 324.537076957534 56
9 276.121919853101 62
10 319.872263129391 69
11 253.469637990178 75
12 234.496528824634 81
13 204.705695962137 88
14 193.321394770552 95
15 146.355383165374 101
16 130.709054923227 108
17 115.453041102569 114
18 91.0486414337551 121
19 79.194388286723 127
20 66.1068181419056 133
21 57.8142426780357 139
22 52.8071480084671 145
23 51.5797545469248 151
24 49.8217536629118 158
25 49.045878957207 164
26 48.6485315117966 170
27 48.4409590399446 176
28 48.3231872943329 182
29 48.2346059817102 188
30 48.1621000374275 195
31 48.1398776498935 201
32 48.1155468845368 207
33 48.0939349906534 214
34 48.0740978233333 220
35 48.0581483329114 226

0 265.356313522259 6
1 314.725948389842 12
2 418.347364178126 18
3 484.984562535808 24
4 458.6293737357 30
5 479.15295982611 36
6 444.395931759204 42
7 428.366508353419 49
8 350.769569795271 55
9 343.442011689631 61
10 307.927460465357 67
11 261.671426492202 73
12 216.415439713112 80
13 190.066342136657 87
14 211.535129063986 93
15 163.040179599832 99
16 133.019600432043 105
17 112.911739006835 111
18 94.1751053287539 117
19 79.8354349122916 124
20 67.7736901021867 129
21 58.1599447849006 136
22 53.2934665775421 142
23 51.7124493220342 149
24 50.1754501651385 155
25 49.0552494658271 161
26 48.8234107014808 167
27 48.5863949389063 173
28 48.4831769731276 179
29 48.4314154393917 186
30 48.3737783997084 192
31 48.3306242817604 198
32 48.297017223743 204
33 48.2766986505611 210
34 48.2551847538948 216
35 48.2430465690864 222

