0 217.292156166154 0
1 84.3425092799216 0
2 78.5591179660784 0
3 79.0833937759837 0
4 136.938580462853 1
5 127.488605424686 1
6 102.411014952469 1
7 73.2140269551525 1
8 76.9436682006125 2
9 76.1242464818569 2
10 93.8998224862836 2
11 104.787410033756 2
12 64.5524665822362 2
13 60.2073480178453 3
14 51.208173346867 3
15 54.0149225151851 3
16 51.9267799002232 3
17 51.317085609854 4
18 48.570559630209 4
19 46.7854950847701 4
20 43.8606026783283 4
21 43.1341372848062 4
22 42.9039724977946 5
23 42.1250932692156 5
24 42.4897369853188 5
25 42.300527045511 5
26 41.4590142498618 6
27 41.5572771478208 6
28 41.5729476163357 6
29 41.4523911887155 6
30 41.4218586940101 7
31 41.3138102046793 7
32 41.308021032593 7
33 41.3308959051947 7
34 41.3221507755831 7
35 41.2608357926174 8
36 41.275475645126 8
37 41.2609237309384 8
38 41.2726945081565 8
39 41.2461646871739 9
40 41.2236199926823 9
41 41.2183698006787 9
42 41.2271408724018 9
43 41.2167214151212 10
44 41.2275824570574 10
45 41.2077904542583 10
46 41.1980530715687 10
47 41.1971401632157 10
48 41.2020542321387 11
49 41.1894976265975 11
50 41.1919315908448 11
51 41.1975077239932 11
52 41.1968765645182 12
53 41.1921343079974 12
54 41.1929180712968 12
55 41.1870743384808 12
56 41.1876258281473 12
57 41.1901118368004 13
58 41.1870144215292 13
59 41.1870320691545 13
60 41.1873016172929 13

0 226.368155554994 0
1 100.110871266787 0
2 112.205730723214 0
3 89.00180643823 0
4 99.5458126373022 1
5 85.9768960004474 1
6 91.5384938647644 1
7 92.0717688737181 1
8 68.6677928289835 2
9 83.6703501652833 2
10 72.6961977004397 2
11 79.7663159863195 2
12 74.3439714073 2
13 67.0917233199389 3
14 53.3312059677382 3
15 52.2149667958427 3
16 51.0482536785258 3
17 48.1635420458716 4
18 49.6925710633684 4
19 44.1991142833621 4
20 43.2879577597442 4
21 43.3767610904554 5
22 42.4331429890019 5
23 42.1096426814584 5
24 41.834510504988 5
25 41.7024159837045 5
26 41.720549618249 6
27 41.4182452738925 6
28 41.4641893379029 6
29 41.4045013510437 6
30 41.3603141658089 7
31 41.3282485694366 7
32 41.3028934096625 7
33 41.2538081797179 7
34 41.239664062436 7
35 41.2721461287511 8
36 41.2628500934257 8
37 41.2004853221026 8
38 41.2021837956003 8
39 41.1894773903165 9
40 41.1739033157661 9
41 41.1813527719749 9
42 41.1726182863642 9
43 41.1594245206137 10
44 41.1583183166236 10
45 41.1663543995017 10
46 41.1672968087537 10
47 41.1672029884044 10
48 41.150910026296 11
49 41.1466512627359 11
50 41.145187484772 11
51 41.1476664635021 11
52 41.1522460002195 12
53 41.1428041891961 12
54 41.1463605038896 12
55 41.1431044736095 12
56 41.1421033019356 12
57 41.1434784807728 13
58 41.1397672504625 13
59 41.138596056974 13

0 176.234338087298 0
1 91.6266494498315 0
2 109.355513388421 0
3 114.782932745427 0
4 98.9567840627581 1
5 90.8179826094729 1
6 93.8044815534193 1
7 122.325480126476 1
8 110.576703438366 1
9 65.6767114904481 2
10 85.7082590702167 2
11 89.5313965308886 2
12 72.8881071506978 2
13 58.0647641101939 3
14 56.0041456707401 3
15 51.1583575323889 3
16 53.2811837186952 3
17 51.3880923938887 3
18 50.956578100412 4
19 45.2980885135329 4
20 44.1889588644202 4
21 44.4496770381736 4
22 43.5977107281778 5
23 42.5598479792441 5
24 42.5549741263129 5
25 42.397664653652 5
26 42.2647398025507 6
27 42.1786888163503 6
28 42.1458664074495 6
29 42.1338568092697 6
30 42.0574362393043 6
31 42.0437885666354 7
32 41.9987982171977 7
33 42.0634296981361 7
34 41.9553790000902 7
35 41.9517829999566 8
36 41.9555166980479 8
37 41.9436582686931 8
38 41.9432753565313 8
39 41.9624154372891 9
40 41.9671514629361 9
41 41.9312225399354 9
42 41.9256501852673 9
43 41.9138262539726 10
44 41.9250215460619 10
45 41.918825479681 10
46 41.9116998803128 10
47 41.9069758837533 10
48 41.9092507267872 11
49 41.8958616199718 11
50 41.9000971390639 11
51 41.8953289329499 11
52 41.8986201313953 12
53 41.8934243462701 12
54 41.8956034670858 12
55 41.8938245884566 12
56 41.8941131489497 12
57 41.8888926317209 13
58 41.889736414883 13
59 41.8866133078262 13
60 41.8889372088915 13
61 41.8873297683851 14

0 120.879951064093 0
1 127.837417709089 0
2 123.175679709839 0
3 111.980825263791 0
4 85.5561693392145 1
5 110.047571438975 1
6 107.449424366255 1
7 92.284916331298 1
8 92.4143387794031 2
9 76.2847122762828 2
10 107.00997315452 2
11 84.9018157667559 2
12 66.6253908903642 2
13 54.8695244469102 3
14 55.328073923145 3
15 53.7945460399296 3
16 56.5842319229907 3
17 49.0541217073694 4
18 47.0508888560111 4
19 46.0158762361193 4
20 43.7156271963988 4
21 42.2293577029946 4
22 42.4973889750184 5
23 42.3355653556351 5
24 42.2249261377019 5
25 41.6950638969049 5
26 41.6274325515187 6
27 41.6121034154402 6
28 41.3869018211598 6
29 41.3617606848854 6
30 41.4555374750627 6
31 41.3541164861306 7
32 41.3821737438273 7
33 41.3230957479589 7
34 41.3146284053873 7
35 41.3127143620568 8
36 41.2976292174272 8
37 41.2638315976915 8
38 41.2570819418662 8
39 41.2372833192375 9
40 41.2147872967224 9
41 41.2142317884931 9
42 41.2128606805969 9
43 41.2125960710623 10
44 41.2208267986513 10
45 41.203811975196 10
46 41.2032743771762 10
47 41.1987133238898 10
48 41.1974123640975 11
49 41.2016927257329 11
50 41.1948988585538 11
51 41.1940939960994 11
52 41.1919880293016 12
53 41.1932093116554 12
54 41.1950207067219 12
55 41.1922561013117 12
56 41.1857493575397 12
57 41.1867415049521 13
58 41.1866187414218 13
59 41.1841886088267 13
60 41.1812590345644 13

0 206.642200731912 0
1 126.236012740144 0
2 113.914647578136 0
3 138.341810514082 0
4 97.0431464365866 1
5 98.6034058377621 1
6 104.458128756478 1
7 92.1230080595835 1
8 111.819566772786 2
9 86.0766604322753 2
10 93.8681728940557 2
11 79.7775743425414 2
12 60.3483191481748 3
13 65.7712427363799 3
14 58.6402783244105 3
15 57.798196009519 3
16 53.0569058893424 3
17 50.4682552084218 4
18 47.4854030624555 4
19 46.4685580795882 4
20 45.2006386536777 4
21 43.6323131167354 5
22 42.9412338689533 5
23 43.2779177804266 5
24 42.4607677172698 5
25 42.4214402944588 6
26 42.3351452655624 6
27 42.2068843187081 6
28 42.1835190649216 6
29 42.0372303378609 6
30 42.0446783699166 7
31 42.0835615641546 7
32 42.0371705332227 7
33 42.0385826410617 7
34 41.989324003225 8
35 41.968293592197 8
36 41.9592932955585 8
37 41.9355746128509 8
38 41.955073949752 8
39 41.9672927218146 9
40 41.9220288385785 9
41 41.9154855719249 9
42 41.9207188309722 9
43 41.9219199928993 10
44 41.9152465766539 10
45 41.910140839353 10
46 41.9067985726934 10
47 41.9126327455434 11
48 41.9136705706314 11
49 41.9137928345087 11
50 41.9045300173693 11
51 41.9030704385095 11
52 41.9008363163117 12
53 41.8996342548605 12
54 41.8939172192825 12
55 41.8917432492593 12
56 41.890726831863 13
57 41.8897873917993 13
58 41.8921486211492 13
59 41.892946999932 13

0 321.883078253268 0
1 109.241933398913 0
2 75.6335399751699 0
3 88.0829606816954 0
4 127.969275435116 1
5 108.729435755618 1
6 108.86493764299 1
7 97.1709896975423 1
8 75.0801630019511 2
9 98.7615866875475 2
10 95.1364674313847 2
11 73.5432199946074 2
12 78.4327124587308 2
13 54.6309541721061 3
14 55.9140702970413 3
15 53.6857315102939 3
16 52.8027032986032 3
17 50.9347035079685 4
18 47.2316783480247 4
19 46.6798704550481 4
20 43.1963755637232 4
21 42.8853559408099 4
22 42.1884119904576 5
23 41.935959372264 5
24 41.6512301232185 5
25 41.6361753750898 5
26 41.6013501529412 6
27 41.5544342067395 6
28 41.413155050156 6
29 41.2967385733367 6
30 41.3474356556389 6
31 41.3230112065521 7
32 41.2702215506611 7
33 41.2634050103769 7
34 41.2252436897708 7
35 41.2066827265571 8
36 41.201891582102 8
37 41.2125164706683 8
38 41.2153981581867 8
39 41.1651145434421 9
40 41.1776386058199 9
41 41.1713953320156 9
42 41.1615821228887 9
43 41.170475743032 9
44 41.1850352948111 10
45 41.1646445151522 10
46 41.166184681509 10
47 41.1661295545119 10
48 41.1575242359362 11
49 41.1562632890267 11
50 41.1558238004017 11
51 41.1503654604287 11
52 41.1447492807763 11
53 41.1499085374389 12
54 41.146128524071 12
55 41.1403471615548 12
56 41.1401754343571 12
57 41.1383924642743 13
58 41.1390080414774 13
59 41.141630312234 13
60 41.1411482290624 13

0 143.123620453009 0
1 109.731867313252 0
2 99.9091040632278 0
3 77.8291464595245 0
4 119.399244234454 1
5 88.712521315814 1
6 84.6622079442239 1
7 91.8522639058691 1
8 83.0741369298132 2
9 86.9388120859485 2
10 93.8881706830481 2
11 74.0695730059663 2
12 67.6903885101747 2
13 58.2660251133664 3
14 51.3295321621608 3
15 54.1182760557519 3
16 53.1541180544671 3
17 51.4477308215301 4
18 49.8914377160899 4
19 43.5421439105485 4
20 43.8646129418326 4
21 43.4443369190468 4
22 42.5590983468291 5
23 42.1085102425912 5
24 42.0391262292876 5
25 41.8356684013751 5
26 41.8663572831788 6
27 41.7762275349153 6
28 41.5742180607381 6
29 41.5471809733344 6
30 41.560587396948 6
31 41.4871550806017 7
32 41.462357046214 7
33 41.478268723116 7
34 41.4244542210252 7
35 41.3962196533272 8
36 41.4084739233302 8
37 41.3929115001676 8
38 41.3821263514426 8
39 41.3684619856739 9
40 41.3351367378629 9
41 41.3323669361825 9
42 41.3291231113503 9
43 41.3285079266355 9
44 41.318679024764 10
45 41.304874257667 10
46 41.2995600360101 10
47 41.2953753341066 10
48 41.2863963867141 11
49 41.2808953712783 11
50 41.2803455539097 11
51 41.2753225663914 11
52 41.2670095248615 11
53 41.2615856895246 12
54 41.2584799803696 12
55 41.2551227492804 12
56 41.249802238959 12
57 41.2464282124522 13
58 41.2331429053808 13
59 41.2317479129376 13
60 41.2279632861565 13
61 41.2246637794525 13

0 160.13200898084 0
1 106.522569005228 0
2 95.6143258182174 0
3 85.1473368186195 0
4 99.1880300015859 1
5 100.664439287482 1
6 98.8867739704658 1
7 75.5876099503885 1
8 103.799102272845 1
9 90.6343037938171 2
10 62.8902120459179 2
11 72.1548693552755 2
12 56.632694464691 2
13 66.0665571400177 3
14 59.8453574644901 3
15 56.6318153437624 3
16 58.0995650568905 3
17 48.9078901912726 3
18 48.5368683151225 4
19 46.1671403984044 4
20 44.6663220064894 4
21 44.4196411690014 4
22 43.7813903462029 5
23 42.8903130534106 5
24 42.6530460788793 5
25 42.3735662876385 5
26 42.3574506560172 5
27 42.3701275095178 6
28 42.1710953664135 6
29 42.1432812449375 6
30 42.1240362421276 6
31 42.0952303598272 7
32 42.1091605968022 7
33 42.0516339324265 7
34 41.9876811720476 7
35 42.0023032343433 7
36 42.0050735162451 8
37 41.9673839873786 8
38 41.9717412022661 8
39 41.9581632515952 8
40 41.9476805699651 9
41 41.932106307824 9
42 41.9370485554068 9
43 41.9312815320416 9
44 41.9263986821858 9
45 41.928927438426 10
46 41.9322286459745 10
47 41.9364467247281 10
48 41.922684801644 10
49 41.9217560874765 11
50 41.9170129330521 11
51 41.9261260047371 11
52 41.9122877149011 11
53 41.9134965965136 11
54 41.9119815014463 12
55 41.9103874555185 12
56 41.9126096223738 12
57 41.9113194662192 12
58 41.9109833026323 13
59 41.9121820690623 13

0 527.109597528975 0
1 177.583071309689 0
2 102.293483151461 0
3 121.090573841317 0
4 91.9318782810306 1
5 74.6404828428269 1
6 127.70756717096 1
7 102.220730944655 1
8 90.1097718128289 1
9 73.0565788643874 2
10 73.2741810780631 2
11 89.7266886521475 2
12 65.5631135518192 2
13 58.9790461782047 5
14 60.4852722761043 5
15 52.9115902896071 6
16 50.7304481630274 6
17 53.2243318780353 6
18 50.0878614786738 7
19 46.9124651803651 7
20 47.0453856634203 8
21 44.5353142597241 8
22 43.8156769813421 8
23 43.3867055265811 8
24 42.9810652118892 9
25 42.759094485872 9
26 42.9970286181931 9
27 42.4757163498091 10
28 42.4750308615221 10
29 42.4421971827316 10
30 42.3394950732615 10
31 42.4161104498022 11
32 42.292655407385 11
33 42.2669073044746 11
34 42.2494614316532 11
35 42.1977222706373 12
36 42.2243335908415 12
37 42.2213527729227 13
38 42.1895153548827 13
39 42.1831423516443 13
40 42.1828027717343 13
41 42.1754775520798 14
42 42.1534499271517 15
43 42.1446881803592 15
44 42.1486823225655 15
45 42.1397401741537 16
46 42.1386033539172 16
47 42.1173847301778 16
48 42.1199619545858 16
49 42.1031912482225 17
50 42.0970525308548 17
51 42.0930300750006 17
52 42.0830537818538 17
53 42.0829252067004 18
54 42.0730730726791 18
55 42.0726894448967 18
56 42.0670706152281 18
57 42.0602026058704 19
58 42.0545471743853 28
59 42.0520263702218 28
60 42.0447534614592 29
61 42.0403079832058 29
62 42.0347816607419 29
63 42.0292592115463 29
64 42.0268383440768 30

0 324.219222861309 0
1 229.786966436345 0
2 104.333503272795 1
3 104.47147908657 1
4 105.595086650403 1
5 101.462088579659 1
6 106.671331270388 2
7 100.732189361973 2
8 91.5058248160189 2
9 103.578876470455 2
10 78.8915440610186 3
11 75.3187956169563 3
12 71.9454709656908 3
13 59.9062694197777 4
14 51.150437053439 4
15 50.9610772470681 4
16 50.4079396491521 4
17 49.0197482085486 4
18 48.8191212120826 5
19 46.0520954338299 5
20 44.6991140602914 5
21 44.2734668541325 5
22 43.1274633748123 6
23 42.8603680984981 6
24 42.6335553587477 6
25 42.2955160077047 6
26 42.3332901621758 7
27 42.1973401715481 7
28 42.0993081300203 7
29 42.0665059582349 7
30 42.0519973438717 8
31 41.9711010472152 8
32 42.0017777253629 8
33 41.9701095240429 8
34 42.0089142858077 9
35 41.966475888389 9
36 41.925959302868 9
37 41.9399855333714 9
38 41.9278639272465 10
39 41.9006155236389 10
40 41.9052895917332 10
41 41.8951360071964 11
42 41.8994953897224 11
43 41.9029388333196 11
44 41.9011630131791 12
45 41.9029293763229 12
46 41.8953323503479 12
47 41.8727981282787 12
48 41.8712688471247 13
49 41.8714239684637 13
50 41.8773508895731 13
51 41.8713507275736 13
52 41.8669006079033 14
53 41.8661424362116 14
54 41.8693207102538 14
55 41.8645502383441 14
56 41.861572456704 14
57 41.8595117952869 15

0 204.061433468479 0
1 96.673417278408 0
2 89.60977298128 0
3 120.71896084434 0
4 111.563034152111 1
5 112.048973220939 1
6 132.655519194675 1
7 109.246680326286 1
8 77.2703263216463 2
9 80.3314376331168 2
10 80.5098764133042 2
11 79.1748123114587 2
12 70.18453643789 2
13 66.1545514913454 3
14 54.5977348599796 3
15 51.4777969083131 3
16 51.8952722825561 3
17 49.7164746858846 4
18 47.2429883949421 4
19 44.8426647706088 4
20 43.9935581090677 4
21 43.3650746369855 4
22 42.4822940097669 5
23 42.1964621796283 5
24 41.879289926059 5
25 41.6158519488641 5
26 41.6537547357713 5
27 41.4777797909098 6
28 41.3914780114523 6
29 41.3647705410626 6
30 41.3172409136076 6
31 41.281964284871 7
32 41.297445107391 7
33 41.2841714251366 7
34 41.323162948653 7
35 41.2391579685153 7
36 41.2097803704625 8
37 41.2239320022608 8
38 41.2033970809663 8
39 41.1785530902083 8
40 41.1869302125619 9
41 41.1835216068946 9
42 41.1863272327195 9
43 41.1809020336403 9
44 41.1869097517838 9
45 41.1815676852006 10
46 41.1774826984706 10
47 41.1573106209655 10
48 41.152932049051 10
49 41.1548466238655 10
50 41.1611646124362 11
51 41.1510589215653 11
52 41.1480044069472 11
53 41.1500705402984 11
54 41.1516159058565 12
55 41.1459732166565 12
56 41.1447810218031 12
57 41.1416886299929 12
58 41.1399250455827 12

0 270.776962184083 0
1 90.155475214398 0
2 117.43179635529 0
3 103.971990624619 0
4 87.4173937701338 1
5 114.837208370913 1
6 97.4469119040649 1
7 129.897253526353 1
8 79.8896356191925 1
9 79.7823095218867 2
10 79.6439860008373 2
11 68.4452848765393 2
12 75.8131332256489 2
13 60.2549357938206 3
14 59.2283445406876 3
15 56.3585410314651 3
16 50.5857547857933 3
17 50.0662495759167 3
18 48.9614571392448 4
19 45.6175000616638 4
20 44.303015070057 4
21 44.2136059808769 4
22 42.8968775781299 4
23 42.7962922245539 5
24 42.6696642145433 5
25 42.5718217576562 5
26 42.274498466917 5
27 42.2144360223871 6
28 42.180990335619 6
29 42.1028297491527 6
30 42.0491509777719 6
31 42.0183935790329 6
32 42.0026235018918 7
33 42.0216310346281 7
34 41.9699456284204 7
35 41.9664121063419 7
36 41.9649503179208 8
37 41.9314299373898 8
38 41.9438698611961 8
39 41.9463288106744 8
40 41.9448364627068 8
41 41.9200954704226 9
42 41.9265026962433 9
43 41.9237817074937 9
44 41.9169002603509 9
45 41.9137635894107 9
46 41.9093478030946 10
47 41.9165120353455 10
48 41.9131346450528 10
49 41.9012890835299 10
50 41.8963798294295 11
51 41.8990088642043 11
52 41.8939047694363 11
53 41.8970810533837 11
54 41.8930379864663 11
55 41.8938096703821 12
56 41.8982774899517 12
57 41.893821190316 12
58 41.8911331339993 12
59 41.8936805731928 13

0 168.329013487755 0
1 99.275693192019 0
2 82.2329827845061 0
3 107.517444343923 0
4 125.188156454244 1
5 108.061832297588 1
6 128.236475543114 1
7 87.5091754745405 1
8 76.2167809487313 1
9 87.1790971918772 2
10 81.0966957885762 2
11 79.5773741554 2
12 70.6904815041943 2
13 67.1354645982357 3
14 52.7054262462746 3
15 57.565607791077 3
16 51.7993423955446 3
17 49.3165222502142 3
18 48.085867782586 4
19 46.7094675233862 4
20 44.1568257865602 4
21 43.8121857171822 4
22 42.9874693428598 4
23 43.0284828739981 5
24 42.7713038941058 5
25 42.6807817395455 5
26 42.386047587476 5
27 42.1942605366337 6
28 42.159258848069 6
29 42.1526523626418 6
30 42.0613135392393 6
31 42.054808507451 7
32 42.0346520025717 7
33 42.0284150421285 7
34 42.0484659432081 7
35 41.997113190166 8
36 41.9897709090534 8
37 41.9823693590956 8
38 41.9598638699709 8
39 41.9619860658081 8
40 41.939128952871 9
41 41.9361322608438 9
42 41.9383227571464 9
43 41.9384054626472 9
44 41.9334155277051 9
45 41.9227549676792 10
46 41.920147267318 10
47 41.9177446867252 10
48 41.9215486679493 10
49 41.9166346648376 11
50 41.9185123887762 11
51 41.9130087061318 11
52 41.9094900979715 11
53 41.9068437094383 11
54 41.9086380133392 12
55 41.9128118250143 12
56 41.9076823054179 12
57 41.9021505834912 12
58 41.9018952081648 13
59 41.9063993266051 13
60 41.9034878545535 13

0 220.624668635844 0
1 105.263631666009 0
2 90.3995108817574 0
3 115.059714500773 0
4 85.8691779222829 1
5 145.362948960131 1
6 108.161458624478 1
7 106.024914352007 1
8 91.4978981633968 1
9 88.6157491097566 2
10 88.0063829525371 2
11 76.5982304690869 2
12 74.0299418354765 2
13 60.802425125989 3
14 53.7086136666466 3
15 57.6038854947289 3
16 57.3068409500662 3
17 53.1159430620301 3
18 50.8125870558372 4
19 48.3076575614438 4
20 46.8774855792573 4
21 45.2017795937016 4
22 44.6291443808908 4
23 44.1179694716018 5
24 44.1857432907155 5
25 43.5962118489819 5
26 43.673173546501 5
27 43.5651969798211 6
28 43.4820230763972 6
29 43.2715648827974 6
30 43.2334064749931 6
31 43.170986843587 6
32 43.0785200456636 7
33 43.0795503006889 7
34 42.9764141973355 7
35 42.9889261284914 7
36 42.9521854434833 8
37 42.9219255639831 8
38 42.8891411432922 8
39 42.8559424215417 8
40 42.8365344167011 8
41 42.812794791123 9
42 42.8036535094203 9
43 42.7879297721555 9
44 42.7652727053998 9
45 42.7763899875105 10
46 42.768355699677 10
47 42.7456007374213 10
48 42.7398275228272 10
49 42.7322306475257 10
50 42.7268882388048 11
51 42.7230773118445 11
52 42.7217911178808 11
53 42.723221453327 11
54 42.7237053064836 11
55 42.7239453300902 12
56 42.7223176712036 12
57 42.7181053617693 12
58 42.7208224769617 12
59 42.7162904862313 13

0 207.912200479428 0
1 99.1386745151688 0
2 99.4948488090294 0
3 102.237680061754 0
4 93.9649303730036 1
5 92.2425355507689 1
6 92.8425507771982 1
7 91.5087480428594 1
8 96.1129516087617 1
9 77.6493381175524 2
10 75.2795118201517 2
11 104.73770614084 2
12 61.0789258841911 2
13 66.2073469821808 3
14 54.7346503585177 3
15 53.0515384411325 3
16 49.2760999562464 3
17 50.5676207188648 3
18 47.803626451983 4
19 45.4633310540371 4
20 43.6213860994488 4
21 43.2994793173355 4
22 42.4113705492326 4
23 42.7450424071456 5
24 41.8655750278294 5
25 41.7281707520265 5
26 41.4383638825363 5
27 41.4447365831245 6
28 41.4605560790845 6
29 41.3339495426759 6
30 41.3330138275089 6
31 41.3238169988442 6
32 41.2886575687569 7
33 41.2609793300072 7
34 41.2605118477418 7
35 41.2974011377016 7
36 41.2518743173391 8
37 41.2078838011706 8
38 41.2066180301176 8
39 41.2064771901237 8
40 41.1798361449448 8
41 41.1602819475059 9
42 41.1680138757719 9
43 41.1635691697867 9
44 41.1660029111361 9
45 41.1645014677699 9
46 41.1564105529958 10
47 41.1558957042128 10
48 41.1638935835691 10
49 41.159010116147 10
50 41.1512656208885 11
51 41.1459484057427 11
52 41.1461221604057 11
53 41.151635392932 11
54 41.1524609172911 11
55 41.1421205082411 12
56 41.1426019504665 12
57 41.1459949400848 12
58 41.1422920060809 12
59 41.143689224575 13
60 41.139376367924 13

0 265.240518792347 0
1 133.90282772167 0
2 123.97317148564 0
3 163.449756947672 1
4 109.476320927928 1
5 90.4152063164418 1
6 89.4004068459706 1
7 91.9129817229654 1
8 85.1929388874676 2
9 88.6942080510816 2
10 86.2917225313661 2
11 85.0916804603066 2
12 65.3028969927721 3
13 54.6051452192793 3
14 52.8992941979974 3
15 50.7511334991661 3
16 57.2379040359945 3
17 51.332603260041 4
18 51.1964706768001 4
19 46.8976027192482 4
20 44.9585393203645 4
21 44.4538070007763 5
22 43.4912197980859 5
23 43.0088444647351 5
24 42.8971492961996 5
25 42.7619196433071 6
26 42.5657441301861 6
27 42.5659440156257 6
28 42.4235906040852 6
29 42.3852998778643 6
30 42.4470562487335 7
31 42.2976516582658 7
32 42.2677786641473 7
33 42.2169104683559 7
34 42.2207062595859 7
35 42.2034002366542 8
36 42.1989769594069 8
37 42.2051105453604 8
38 42.1831272360287 8
39 42.1896037321159 9
40 42.1649528483222 9
41 42.1588688654079 9
42 42.1493119669499 9
43 42.1557763010176 9
44 42.1425399128 10
45 42.1394583009812 10
46 42.130664785641 10
47 42.1354791652138 10
48 42.1242339749784 10
49 42.1195807055847 11
50 42.1167398072552 11
51 42.1193427354342 11
52 42.1251842821269 11
53 42.1138632002466 12
54 42.1155376429624 12
55 42.1073262616771 12
56 42.1045261430474 12
57 42.1005240737415 12
58 42.0967612359099 13
59 42.095998871972 13
60 42.0952019315325 13

0 289.684247733403 0
1 113.998244162458 0
2 89.2064620464133 0
3 92.0789417919598 0
4 89.879417101371 1
5 115.805080085431 1
6 106.324710415875 1
7 116.298606600342 1
8 67.6103148387633 1
9 64.3880991178511 2
10 77.3151091917541 2
11 68.8071901407473 2
12 66.4821735427202 2
13 64.5944446055682 3
14 56.2356998189123 3
15 51.1926094549112 3
16 48.0422872193886 3
17 50.4318196937442 4
18 47.7619343629263 4
19 47.0641157178501 4
20 45.1694284271422 4
21 43.8841411535931 5
22 42.7480310372398 5
23 42.6188200368364 5
24 42.4939561440311 5
25 42.3599982254429 6
26 42.2704886927163 6
27 42.3707343099224 6
28 42.2915827385828 6
29 42.1483825434301 7
30 42.1459063242857 7
31 42.0612524096751 7
32 41.974208013582 8
33 41.9813861736468 8
34 41.9702751010158 8
35 41.936431227514 9
36 41.9417676519026 9
37 41.9521742171573 9
38 41.9440048125632 10
39 41.9122100678016 10
40 41.9031905530915 10
41 41.90996998415 10
42 41.8995473412288 11
43 41.8977948301419 11
44 41.9003258820662 11
45 41.9065442611083 11
46 41.8894415512917 12
47 41.8884150611309 12
48 41.8895681118155 12
49 41.8904508765148 12
50 41.88280366224 12
51 41.8871191443347 13
52 41.8830121971714 13
53 41.8859308038538 13
54 41.8854186110724 13
55 41.8764939931546 14
56 41.8776836401794 14

0 232.924211230088 0
1 108.302254756976 0
2 105.784871173242 0
3 91.7987161628973 1
4 109.691792802205 1
5 112.345702632637 1
6 76.5879079586911 1
7 96.0400022239034 2
8 103.825941511667 2
9 71.2020788842472 2
10 81.9978814419937 2
11 62.3837361916955 3
12 63.0239995676779 3
13 65.356701939698 3
14 51.8414320735414 3
15 56.3526300028109 4
16 50.1657877133035 4
17 49.3647626087748 4
18 48.6538584032936 5
19 45.7194265541641 5
20 43.276121362499 5
21 42.9044666958772 5
22 42.9480037372464 6
23 42.3815451196314 6
24 41.9392549503516 6
25 41.6942121435209 6
26 41.5628264692446 7
27 41.3254583850495 7
28 41.4826918919872 7
29 41.4263012083515 7
30 41.3616301521703 8
31 41.2980815202263 8
32 41.3221577512698 8
33 41.2369586077852 8
34 41.2259745367492 9
35 41.2173691547902 9
36 41.2193107182835 9
37 41.1975564629702 9
38 41.1865143652189 9
39 41.1764962831709 10
40 41.1681787609663 10
41 41.1612386642707 10
42 41.1515406351474 10
43 41.1526583914718 11
44 41.1482661204858 11
45 41.1347796101073 11
46 41.1275682251223 11
47 41.1233609757547 12
48 41.125471819316 12
49 41.1242193014844 12
50 41.1162913413283 12
51 41.1073438540869 12
52 41.1041447018496 13
53 41.1076783041607 13
54 41.1037199908366 13
55 41.1007396500116 13
56 41.099018181614 14
57 41.1002656600352 14
58 41.0994171393372 14
59 41.0976297742709 14
60 41.0942663435765 15
61 41.0937246501829 15

0 228.333325495457 0
1 148.73768645118 0
2 109.726929720043 0
3 81.2388622053069 0
4 99.1881826770393 1
5 90.6267909294779 1
6 97.734442047216 1
7 129.725177294568 1
8 94.3372613445829 2
9 83.3261021208731 2
10 86.3519278312738 2
11 82.1002465527795 2
12 64.3200734149663 3
13 68.1340301895287 3
14 54.3857166409284 3
15 56.4237698461941 3
16 56.669542497782 3
17 53.9269409784923 4
18 50.7213865515092 4
19 46.767669525001 4
20 46.3985537975502 4
21 44.6217404495242 5
22 44.9344055989428 5
23 43.6786051266357 5
24 43.4901132919785 5
25 43.2396850130452 6
26 43.1948889300786 6
27 43.1092555913897 6
28 43.0047153457225 6
29 43.0265923655097 7
30 42.9898422993393 7
31 43.0214190821782 7
32 42.9138903668498 7
33 42.9043635985776 8
34 42.8763660498471 8
35 42.8503169918167 8
36 42.8189791118089 8
37 42.8252532775599 8
38 42.834736076657 9
39 42.8135355495469 9
40 42.7853206050424 9
41 42.7841935008548 9
42 42.7856471802863 10
43 42.7861786839224 10
44 42.7861112526159 10
45 42.7810940018563 10
46 42.7697747167146 10
47 42.7631162165066 11
48 42.7541679387389 11
49 42.7514390663113 11
50 42.7510146901052 11
51 42.7488616669643 12
52 42.7508350438385 12
53 42.750768554304 12
54 42.7494114744365 12
55 42.7451331152934 13
56 42.7450508598656 13
57 42.7398102532742 13
58 42.7395528553801 13
59 42.7406014802952 13
60 42.7375165523037 14
61 42.7355106420078 14
62 42.7341604193963 14

0 264.44567466008 0
1 96.4370628764321 0
2 105.339475870013 0
3 86.3568068463777 0
4 89.3462170171626 1
5 111.24187394518 1
6 109.373910247166 1
7 94.5609222305719 1
8 101.887452495536 2
9 101.234492610013 2
10 96.0399476030258 2
11 96.9409265305989 2
12 67.6263116661857 2
13 69.4485802627224 3
14 56.8228465849305 3
15 58.065830416794 3
16 49.0580347877951 3
17 49.9639369380111 3
18 49.0920169428834 4
19 45.205118036979 4
20 45.1066710490534 4
21 44.153767784391 4
22 42.2701290250349 5
23 42.0103575209063 5
24 41.7586778739524 5
25 41.6866741980252 5
26 41.4820050293767 6
27 41.5577356135089 6
28 41.489756217565 6
29 41.405606613596 6
30 41.3471507141633 6
31 41.3586871555365 7
32 41.3572236998377 7
33 41.3229074285282 7
34 41.2824024522192 7
35 41.302285059471 8
36 41.2554047817088 8
37 41.2836772075996 8
38 41.250363817531 8
39 41.227546913943 8
40 41.2205945581332 9
41 41.2157967853477 9
42 41.2102990293829 9
43 41.2133194210565 9
44 41.2013795565584 10
45 41.2033110214743 10
46 41.2005182428931 10
47 41.2022708876291 10
48 41.2013622807765 10
49 41.1947489030116 11
50 41.1963945489905 11
51 41.1965414127711 11
52 41.1917462614909 11
53 41.1890845534232 12
54 41.1892213901395 12
55 41.1895567729847 12
56 41.1863515080027 12
57 41.1880126065802 13
58 41.1879602980721 13
59 41.18604977152 13
60 41.1848177730128 13

0 213.120516198666 0
1 116.487627055133 0
2 114.855657328526 0
3 89.5796518630833 1
4 86.6534478911437 1
5 113.371362653234 1
6 83.6505941284433 1
7 99.2783695600703 1
8 138.90461069371 2
9 101.294424723127 2
10 79.8013250644134 2
11 100.825241108713 2
12 64.1585145948344 3
13 62.0234087441684 3
14 57.606615270638 3
15 57.7232093547331 3
16 48.9725941042404 4
17 49.504448804249 4
18 50.1717929061923 4
19 45.8717222229631 4
20 45.8073404522048 4
21 44.6016175206956 5
22 42.9004793394572 5
23 42.9754049623378 5
24 42.4108953053428 5
25 42.3776180245187 6
26 42.1495995917945 6
27 42.2524055711716 6
28 42.127682423692 6
29 42.1453050235426 6
30 42.0783355193735 7
31 42.0727004798916 7
32 42.0243188613493 7
33 42.0034109401823 7
34 41.9906658815957 8
35 42.0095313405466 8
36 41.9695763353994 8
37 42.00975558194 8
38 41.949195373691 8
39 41.9221297417312 9
40 41.925056251744 9
41 41.9154386284151 9
42 41.9093874714909 9
43 41.9070325587285 9
44 41.905747318537 10
45 41.9046634089682 10
46 41.9017309680936 10
47 41.9044099217471 10
48 41.899760952707 11
49 41.8951687028276 11
50 41.8953226615078 11
51 41.8939626474664 11
52 41.8889840877502 11
53 41.8887793228983 12
54 41.8870617224625 12
55 41.8880777204877 12
56 41.885137527181 12
57 41.8844997794203 12
58 41.8854496478216 13
59 41.8848932120209 13

0 195.948565132601 0
1 140.089296831416 0
2 104.115192257303 0
3 105.025497691128 0
4 134.766199050402 1
5 91.695124829781 1
6 106.859372195949 1
7 122.653348543795 1
8 91.5729275336107 2
9 84.7368424271616 2
10 88.9908774219774 2
11 78.8762812462418 2
12 60.2078349784319 3
13 56.5959950986843 3
14 61.943941610812 3
15 58.82273690763 3
16 55.8785114089067 4
17 49.8517932648179 4
18 48.5264722236228 4
19 46.1489581374377 4
20 44.797306965065 5
21 43.5078107234292 5
22 42.9198877789215 5
23 43.1793972591235 5
24 42.3981803523217 6
25 42.4339901163621 6
26 42.3157336458686 6
27 42.2474147271351 6
28 42.1989936935551 7
29 42.1449185484531 7
30 42.0681922759593 7
31 42.0586310700041 8
32 42.04856330449 8
33 42.0319320770461 8
34 41.9793857232338 8
35 41.9641919282857 9
36 41.9479187856705 9
37 41.9464420854609 9
38 41.9318716129322 10
39 41.9231614182067 10
40 41.9356266509132 10
41 41.9122357119356 11
42 41.9204481193934 11
43 41.9295909571569 11
44 41.9180752400287 11
45 41.9093581640309 12
46 41.9184697767202 12
47 41.9167833222184 12
48 41.9016671279307 12
49 41.9019434353376 13
50 41.9028752761608 13
51 41.9062187418328 13
52 41.8996533161607 13
53 41.9006275998816 14
54 41.8932660678924 14
55 41.8967802056171 14
56 41.8913819528893 14
57 41.8951773708868 15
58 41.8917488459799 15
59 41.8935412586603 15
60 41.8911393845786 15

0 163.16562695053 0
1 201.69644566509 0
2 103.095097682953 0
3 91.1326925271071 1
4 159.339346672356 1
5 83.1649383646484 1
6 71.3500229650214 1
7 222.604510841826 2
8 112.459775971129 2
9 90.1789481824374 2
10 81.3186405700914 2
11 72.3398458235094 3
12 68.7037244354592 3
13 64.6949757512139 3
14 54.5782678933804 4
15 56.7134543217715 4
16 58.2298026180611 4
17 53.8189754827258 4
18 51.7298290589973 5
19 48.4347121466201 5
20 46.5222260286127 5
21 43.6517553685953 5
22 44.4436967791744 6
23 43.8341548685741 6
24 43.3284103608488 6
25 43.3627772513516 6
26 43.1517820315111 7
27 43.1121076432608 7
28 43.0499456667291 7
29 42.9698776813105 7
30 42.8712357762206 8
31 42.7670916357449 8
32 42.7731981374065 8
33 42.7951041960966 8
34 42.7348260319827 9
35 42.7312329069805 9
36 42.7132131947333 9
37 42.701354689265 9
38 42.7010222497916 10
39 42.6730184429602 10
40 42.6735134945736 10
41 42.6790512416394 10
42 42.6596438401122 11
43 42.6541036536824 11
44 42.6502153996287 11
45 42.634452805833 11
46 42.6325082676342 12
47 42.6336497433159 12
48 42.6304041299912 12
49 42.6219303177877 13
50 42.623451914701 13
51 42.6200399339587 13
52 42.6146605765085 13
53 42.6135591891169 14
54 42.6125599764679 14
55 42.6019879030064 14
56 42.6011423134969 14
57 42.5973128484332 15
58 42.5964262009427 15
59 42.5994185229185 15
60 42.5970776511166 15
61 42.5952645644039 16
62 42.5981241549905 16

0 170.192105976283 0
1 92.3819128874485 0
2 99.0445498760017 0
3 118.084974798222 1
4 79.4829074920331 1
5 102.783513005321 1
6 78.8413305655212 1
7 118.913143019955 2
8 106.056721129205 2
9 83.3755510291517 2
10 95.3008815404992 2
11 73.1004698150024 3
12 66.5379843891578 3
13 54.8051093203993 3
14 58.1251428741597 4
15 53.6027369964235 4
16 52.6273181735097 4
17 47.8898697503799 4
18 47.3080498584896 5
19 47.0092213363712 5
20 44.8651233207857 5
21 43.502255698405 6
22 43.2570558718804 6
23 42.9070147107684 6
24 42.7139040033194 6
25 42.576244681567 7
26 42.3715326379141 7
27 42.2103771423373 7
28 42.1153202014602 7
29 42.1984175840432 8
30 42.0936530842956 8
31 42.0658865782939 8
32 42.0057039613477 8
33 41.9933246050434 9
34 41.9621946909887 9
35 41.9979508199635 9
36 41.9652894525027 10
37 41.9484223787178 10
38 41.9731491463756 10
39 41.9638249396756 10
40 41.9682995337822 11
41 41.9412061757888 11
42 41.9384698015124 11
43 41.917698760444 11
44 41.9265701522159 12
45 41.9162764655855 12
46 41.9057340322893 12
47 41.9186118253189 12
48 41.9074356547519 13
49 41.9066266346542 13
50 41.9024115477753 13
51 41.9032567939833 13
52 41.900093983994 14
53 41.8994278686625 14
54 41.8992836490444 14
55 41.8953146007289 14
56 41.8925270580943 14
57 41.8960869339661 15
58 41.8945917255439 15
59 41.8922050084351 15

0 145.061727786705 0
1 91.2945633772557 0
2 127.186019580614 0
3 93.8861426950076 0
4 91.6250569502638 1
5 91.1068946781711 1
6 103.706024216598 1
7 103.940717581795 1
8 95.9722304701837 1
9 93.4122322952144 2
10 71.1404158694135 2
11 75.0904173022529 2
12 71.685627660502 2
13 62.3794596940683 3
14 58.8399439427948 3
15 55.50730983337 3
16 55.4547703397325 3
17 52.0172241386541 3
18 48.4636850145715 4
19 45.9373419626506 4
20 44.4122041811619 4
21 43.97307771302 4
22 43.5586383851268 5
23 42.9663726195432 5
24 42.7036155671346 5
25 42.5958445438955 5
26 42.4105052580606 5
27 42.4162910773548 6
28 42.3385462803111 6
29 42.2157000493069 6
30 42.2350397139161 6
31 42.1582171296395 6
32 42.1815193385298 7
33 42.1062262806359 7
34 42.1090611227057 7
35 42.1217993246505 7
36 42.0914257134138 8
37 42.0794711315898 8
38 42.0483002172064 8
39 42.0568776234519 8
40 42.0583567469194 8
41 42.0141488349312 9
42 42.0228568821142 9
43 42.0140591643311 9
44 42.0161134190082 9
45 41.9994789682335 10
46 41.9925367607682 10
47 41.9888055084331 10
48 41.9956161033318 10
49 41.9910167314886 10
50 41.9930247473733 11
51 41.9811749079756 11
52 41.9788340273338 11
53 41.9800375222626 11
54 41.982149616108 11
55 41.9786662082256 12
56 41.9793152113246 12
57 41.9715881584651 12
58 41.9697645826045 12
59 41.9667192269599 13
60 41.9684278859048 13
61 41.9653027425304 13

