0 80.5092836622297 0
1 66.1841714940389 0
2 52.0266619879586 0
3 41.3310732947802 0
4 33.904894162342 0
5 26.0303378511032 0
6 19.304657631383 0
7 14.8565359890631 0
8 11.9199012217991 1
9 10.0160717048408 1
10 8.67841654771246 1
11 7.64749707187055 1
12 6.94156007477294 1
13 6.50588526863475 1
14 6.25312936812287 1
15 6.1057556022582 1
16 5.99556410704869 1
17 5.87258329737906 1
18 5.72731455616615 2
19 5.58974995502791 2
20 5.46971530989851 2
21 5.35356476488113 2
22 5.23206581879876 2
23 5.10602421643026 2
24 4.98438832878876 2
25 4.87950015355912 2
26 4.79977021960483 3
27 4.74563784689462 3
28 4.71181009122778 3
29 4.69170102247507 3
30 4.68002705530089 3
31 4.67329657497999 3
32 4.66940787863729 3
33 4.66714680034039 4
34 4.66582154667111 4
35 4.66503817275565 4
36 4.66457113763747 4
37 4.66429032006605 4
38 4.66412002209335 4
39 4.66401584166034 4
40 4.66395152676831 4
41 4.66391143858203 4

0 85.9427042087374 0
1 75.7731974271232 0
2 64.0683633946366 0
3 53.2731860943567 0
4 44.3180684491768 0
5 36.1994726870908 0
6 29.4194107907776 0
7 23.8459763322415 0
8 19.8849581261689 0
9 16.5903221120457 1
10 13.855094038774 1
11 11.7290135251177 1
12 10.1254389596291 1
13 8.91578791335205 1
14 8.00629377168407 1
15 7.32354293985787 1
16 6.80404733064063 1
17 6.39573320243951 1
18 6.0601507707006 1
19 5.77270092030292 2
20 5.52187262060796 2
21 5.30684985074564 2
22 5.13157958041873 2
23 4.99746188932826 2
24 4.90018665231978 2
25 4.83183355042702 2
26 4.78428846765747 2
27 4.75107766792141 2
28 4.72762376503997 2
29 4.71084953476024 2
30 4.69871027103685 3
31 4.68983674879556 3
32 4.6832974379555 3
33 4.67844718933864 3
34 4.67483158389943 3
35 4.67212578915852 3
36 4.67009472749592 3
37 4.66856656537819 3
38 4.66741469103898 3
39 4.6665452225347 3
40 4.66588820082845 4
41 4.66539129095039 4
42 4.66501522308656 4
43 4.66473046089616 4
44 4.66451474766992 4
45 4.66435128776983 4
46 4.66422739221483 4
47 4.66413346600343 4
48 4.66406224861002 4
49 4.66400824297326 4
50 4.66396728537304 5

0 83.7786235820713 0
1 73.7725003197738 0
2 63.5783070052131 0
3 54.4058186076239 0
4 47.5869752573296 0
5 42.0948209412377 0
6 36.7194296119472 0
7 31.4295303554182 0
8 27.2525496170371 0
9 23.9842117859843 1
10 21.8204144536513 1
11 20.4968853116005 1
12 19.7198506578211 1
13 19.2452472733025 1
14 18.8798051305605 1
15 18.4775423603202 1
16 17.9161499715492 1
17 17.1123524659288 1
18 16.0026477520349 2
19 14.5581151725142 2
20 13.0747814949954 2
21 12.0002415366016 2
22 11.3425026001406 2
23 10.8395900922975 2
24 10.224234073755 2
25 9.33734190054337 2
26 8.35204021545775 2
27 7.52111110944587 3
28 6.85087654584892 3
29 6.3017342254712 3
30 5.90054300496498 3
31 5.64019549527461 3
32 5.46348272804304 3
33 5.31972209694317 3
34 5.18437705547185 3
35 5.05351391534809 3
36 4.93518990847567 3
37 4.83976905109084 4
38 4.77163467518316 4
39 4.72763368125655 4
40 4.70105333439536 4
41 4.68554676533871 4
42 4.67660691629162 4
43 4.67144320654203 4
44 4.66843382636299 4
45 4.66665843586784 4
46 4.66559666257484 4
47 4.66495253130437 5
48 4.66455599226882 5
49 4.66430819435115 5
50 4.66415096674357 5
51 4.66404965124655 5
52 4.66398334006435 5
53 4.66393926105481 5

0 86.182658478006 0
1 70.6317409236813 0
2 54.6298940436102 0
3 42.4558749293863 0
4 35.2868130989058 0
5 30.2806688714929 0
6 27.3060130392357 0
7 24.7030345417743 1
8 22.4955107081206 1
9 20.752978256021 1
10 19.2984695282316 1
11 17.9110521151636 1
12 16.5212062015796 2
13 15.0513227991774 2
14 13.4551098097048 2
15 11.8387022252871 2
16 10.3435956128012 2
17 9.10387599217698 3
18 8.19797151376736 3
19 7.5638538485525 3
20 7.09185692168856 3
21 6.70510437647471 3
22 6.3709849002437 3
23 6.0894234799715 4
24 5.86452552048389 4
25 5.6845162724078 4
26 5.52973388313005 4
27 5.38465604010561 4
28 5.24212299390161 5
29 5.10404947652733 5
30 4.97926240261839 5
31 4.87738999004379 5
32 4.80251185264288 5
33 4.75194718919633 5
34 4.71959918822195 5
35 4.69942077900407 5
36 4.68688755934227 5
37 4.67903743134144 6
38 4.6740462807368 6
39 4.67081558245347 6
40 4.66868492226984 6
41 4.66725375501328 6
42 4.66627569715564 6
43 4.6655966404795 6
44 4.66511845444945 6
45 4.66477750439487 6
46 4.66453177602085 7
47 4.66435304441174 7
48 4.66422203541564 7
49 4.66412538644814 7
50 4.66405370526972 7
51 4.66400030901811 7
52 4.66396039135642 7

0 95.2984960476373 0
1 85.973245477995 0
2 76.8308062049006 0
3 66.8284611005628 0
4 55.8404902630875 0
5 45.362602816426 0
6 36.2870197583412 0
7 29.1455674949887 1
8 24.2947964318215 1
9 20.2497924367718 1
10 16.888382219587 1
11 15.296239085883 1
12 14.38846460545 1
13 13.7384386469663 1
14 13.2421241196235 1
15 12.8540835154834 2
16 12.5547620050403 2
17 12.3340743727062 2
18 12.1770449339982 2
19 12.0672142785231 2
20 11.9914188396947 2
21 11.9395754565096 2
22 11.9037509599275 2
23 11.8780517019826 2
24 11.8585431674475 3
25 11.8428477432622 3
26 11.8296301776281 3
27 11.8181760396727 3
28 11.8081122078504 3
29 11.7992392950967 3
30 11.7914363061203 3
31 11.7846098117533 3
32 11.7786706308917 3
33 11.7735267990417 3
34 11.7690848116923 4
35 11.7652537077388 4
36 11.7619489223411 4
37 11.7590946958423 4
38 11.7566249589659 4
39 11.7544831013631 4
40 11.7526211073557 4
41 11.7509984374552 4
42 11.74958089142 4
43 11.7483395722321 4
44 11.7472499950305 5
45 11.7462913440092 5
46 11.7454458618703 5
47 11.7446983507047 5
48 11.7440357635822 5
49 11.74344686893 5
50 11.7429219730955 5
51 11.7424526895307 5
52 11.7420317455475 5
53 11.7416528195682 5
54 11.7413104033076 6
55 11.7409996844763 6
56 11.7407164464657 6
57 11.7404569821434 6
58 11.7402180194001 6
59 11.7399966564854 6
60 11.7397903054744 6
61 11.7395966424507 6
62 11.7394135631684 6
63 11.7392391430958 6
64 11.7390716008404 7
65 11.7389092640124 7
66 11.7387505366091 7
67 11.7385938669908 7
68 11.7384377154595 7
69 11.738280520355 7
70 11.7381206614145 7
71 11.7379564189112 7
72 11.7377859267559 7
73 11.7376071172868 7
74 11.7374176548578 8
75 11.7372148544916 8
76 11.7369955807279 8
77 11.7367561202695 8
78 11.7364920199656 8
79 11.7361978789151 8
80 11.7358670797971 8
81 11.7354914397028 8
82 11.7350607544947 8
83 11.7345622029111 8
84 11.7339795674061 9
85 11.7332922189861 9
86 11.7324738056548 9
87 11.7314905845039 9
88 11.7302993584742 9
89 11.7288450443781 9
90 11.7270580513536 9
91 11.7248519553142 9
92 11.7221225007342 9
93 11.7187498058247 9
94 11.7146066894229 9
95 11.7095767415572 10
96 11.7035848286892 10
97 11.6966382360106 10
98 11.6888676712762 10
99 11.6805473644414 10
100 11.6720721869607 10
101 11.6638862931512 10
102 11.656386781172 11
103 11.6498443394625 11
104 11.6443725904395 11
105 11.6399478304234 13
106 11.6364568699015 14
107 11.6337469626808 14
108 11.6316624173264 14
109 11.6300647098953 15
110 11.6288398296944 15
111 11.6278981671741 15
112 11.6271711146799 16
113 11.6266068458225 16
114 11.626166422154 16
115 11.625820607286 16
116 11.6255474066721 16
117 11.6253302201839 16
118 11.6251564711294 16
119 11.6250165920266 16
120 11.6249032734649 16

0 90.8013952681028 0
1 81.6004753385221 0
2 76.0871943054499 0
3 71.1982247490642 0
4 66.6698513264256 0
5 62.6572820525082 0
6 59.3606538553157 0
7 57.1294569990528 1
8 55.6547605705068 1
9 54.5031686227355 1
10 53.4736447690987 1
11 52.4619752762089 1
12 51.4563885076052 1
13 50.5521618667165 1
14 49.7710307549544 1
15 48.970877322871 1
16 47.9793931215535 2
17 46.7538649356385 2
18 45.0202002203195 2
19 42.854627632901 2
20 40.4773751889121 2
21 38.0843417719784 2
22 35.7302594684701 2
23 33.363577845856 2
24 30.2070511474345 3
25 26.79068286846 3
26 23.687489695125 3
27 21.051159898978 3
28 19.0007578834073 3
29 16.9664095451265 3
30 14.7799386874032 3
31 11.9494314312042 4
32 10.0824667504787 4
33 8.78153177580044 4
34 7.54834214354501 4
35 6.40083551424163 4
36 5.67396785121269 4
37 5.27077813644343 4
38 5.03981747512815 5
39 4.901647028762 5
40 4.81700374831987 5
41 4.76430792621077 5
42 4.73093251921599 5
43 4.70939518529923 5
44 4.6952418407185 5
45 4.68578411128942 5
46 4.67936653913082 5
47 4.67494925960472 6
48 4.67186781674311 6
49 4.66969130362434 6
50 4.66813639479428 6
51 4.66701423575203 6
52 4.66619718409789 6
53 4.66559775932237 6
54 4.66515518409921 7
55 4.66482668466874 7
56 4.66458179839592 7
57 4.6643985988424 7
58 4.66426115674478 7
59 4.66415780748972 7
60 4.6640799520991 7
61 4.66402121626099 7
62 4.66397685319016 7

0 87.8673360857637 0
1 76.9111898236284 0
2 67.1151979992444 0
3 57.3771133317721 0
4 46.7239541918468 0
5 38.4866411112283 0
6 31.769360893966 0
7 26.6824897848927 1
8 23.417406577501 1
9 20.5424683108736 1
10 18.1238978372354 1
11 16.3214104421589 1
12 15.3001583235328 1
13 14.7268635939919 1
14 14.3112170820239 2
15 13.8657100002154 2
16 13.2833162823606 2
17 12.6812577088797 2
18 12.2763241538077 2
19 12.0724334489327 2
20 11.9790327251511 2
21 11.9356775132611 3
22 11.9138369053577 3
23 11.9010546130725 3
24 11.8918565557046 3
25 11.88365778226 3
26 11.8750314027082 3
27 11.8649830070069 3
28 11.8526457959107 3
29 11.837168675258 3
30 11.8177217988195 4
31 11.793597860271 4
32 11.7643769391085 4
33 11.7300642512266 4
34 11.691062201051 4
35 11.6479117811221 4
36 11.6009761059206 4
37 11.5504616656256 4
38 11.4970528479687 4
39 11.4427954582523 4
40 11.3911309844828 5
41 11.3453916800149 5
42 11.3068443193747 5
43 11.2739656318167 5
44 11.2429043206411 5
45 11.2078862996616 5
46 11.1612393282674 5
47 11.0944775103757 5
48 11.0021430780591 5
49 10.8864252030915 6
50 10.7564988147999 6
51 10.6212659269345 6
52 10.4848965175299 6
53 10.350572347247 6
54 10.2232326475698 6
55 10.104477604301 6
56 9.98642072978559 6
57 9.85066941242898 6
58 9.67104379094162 7
59 9.42421679538425 7
60 9.12104615114917 7
61 8.82308132627002 7
62 8.57475968989064 7
63 8.34033793004816 7
64 8.04631133515567 7
65 7.67619153721904 7
66 7.26371249395562 7
67 6.83864726243702 7
68 6.43622313843871 8
69 6.1114417051004 8
70 5.88347177567906 8
71 5.7240647407895 8
72 5.5981646633464 8
73 5.48314883070034 8
74 5.36697938433711 8
75 5.24471372541918 8
76 5.11824202810986 8
77 4.99623924999756 8
78 4.8904997278575 9
79 4.80923613389944 9
80 4.75317901572571 9
81 4.71747176998817 9
82 4.69579733556428 9
83 4.68293646870549 9
84 4.67535059727417 9
85 4.67086003659552 9
86 4.6681789438009 9
87 4.66656039078486 9
88 4.66557110264471 10
89 4.66495839611853 10
90 4.66457365003441 10
91 4.66432857605287 10
92 4.66417016504058 10
93 4.6640662352282 10
94 4.66399702392311 10
95 4.66395024981733 10
96 4.66391818573368 10

0 90.2892475360912 0
1 77.6115851038183 0
2 61.9212580424532 0
3 45.1597303812952 0
4 33.6566350137493 0
5 26.9698137638903 0
6 23.8318695955878 0
7 22.2070689243503 0
8 20.979918382088 0
9 19.9547801824041 1
10 19.0320230022366 1
11 18.0475872410738 1
12 16.7550866099466 1
13 15.3356566046933 1
14 14.2953295946736 1
15 13.7149571691542 1
16 13.4093638963755 1
17 13.2310686786854 1
18 13.1096570459128 1
19 13.0166435277681 2
20 12.9391273307869 2
21 12.8677860299505 2
22 12.7925476330457 2
23 12.7004267403301 2
24 12.5708509695505 2
25 12.3643096609412 2
26 12.027255439635 2
27 11.587970800695 2
28 11.2168789337856 2
29 11.0117062391527 3
30 10.9225689493917 3
31 10.885664351237 3
32 10.8694185192425 3
33 10.8615531214196 3
34 10.8573764736769 3
35 10.8549754204139 3
36 10.8535011108073 3
37 10.8525452980175 3
38 10.8518971408008 3
39 10.8514408336921 3
40 10.8511093314451 4
41 10.850862038815 4
42 10.8506734134069 4
43 10.8505268366181 4
44 10.8504111672955 4
45 10.8503187289167 4

0 83.2702371649621 0
1 72.5592754912187 0
2 60.4750123603396 0
3 48.4197402609775 0
4 38.2185878826815 0
5 29.6744293517852 0
6 22.3891634175651 0
7 17.6210240141972 1
8 14.4824676252501 1
9 12.6681009732643 1
10 11.5223646253293 1
11 10.6747729608196 1
12 9.93366691749383 1
13 9.2870175980133 1
14 8.75859761014473 1
15 8.31972717602514 1
16 7.92290829095263 2
17 7.54019044049722 2
18 7.21107674941154 2
19 6.94171797431922 2
20 6.69303677188785 2
21 6.44114894668826 2
22 6.1858468562322 2
23 5.9308401227252 2
24 5.6808058446562 2
25 5.44506020417894 2
26 5.23493694733051 3
27 5.05989134650746 3
28 4.9249686385768 3
29 4.82903675371255 3
30 4.76546028468306 3
31 4.72539207479809 3
32 4.70087410475522 3
33 4.68608189792298 3
34 4.67720306921558 3
35 4.67187787066051 3
36 4.668681037117 4
37 4.66675915429585 4
38 4.66560206650711 4
39 4.66490450740093 4
40 4.66448348803562 4
41 4.66422911669426 4
42 4.66407529005616 4
43 4.66398218799149 4
44 4.66392579388819 4
45 4.66389160759039 4

0 83.2125484874653 0
1 72.5011097514132 0
2 63.5013511753291 0
3 53.0589332574464 0
4 42.8802654263906 0
5 33.1986452389846 0
6 25.5228454152713 0
7 20.53958452034 0
8 17.5720425790829 0
9 15.6072671215052 1
10 14.2515277181617 1
11 13.1993773211934 1
12 11.7951917700632 1
13 10.8279865589238 1
14 10.0361039644246 1
15 9.23406194953105 1
16 8.27119169296569 1
17 7.21456550974586 1
18 6.37658879956719 1
19 5.87865438156922 2
20 5.6129977105205 2
21 5.44870633473289 2
22 5.31478590970823 2
23 5.18524397641305 2
24 5.05728467627264 2
25 4.93982566224016 2
26 4.84399401698275 2
27 4.7749239475393 2
28 4.72998170417581 2
29 4.70266327116864 3
30 4.68663763419362 3
31 4.67734852775289 3
32 4.67195261939242 3
33 4.6687883104905 3
34 4.66690841961781 3
35 4.66577517002181 3
36 4.66508142232029 3
37 4.66464994588706 3
38 4.66437722464485 3
39 4.66420201415055 3
40 4.66408759784024 4
41 4.66401166596691 4
42 4.6639604757333 4
43 4.6639254421432 4

0 79.6023284596919 0
1 67.722072322501 0
2 56.3853074614812 0
3 46.8291823692067 0
4 38.799313833046 0
5 32.32412464935 0
6 27.4268791984311 0
7 23.5666591091789 0
8 20.9692028955801 0
9 19.1445105386864 1
10 17.8893950918131 1
11 17.0142272449562 1
12 16.142368187485 1
13 15.0611679619239 1
14 13.9406820703273 1
15 13.167116889699 1
16 12.7399490577077 1
17 12.4972323589134 1
18 12.3434310814073 1
19 12.2360378702801 2
20 12.15463739004 2
21 12.0884195492595 2
22 12.0314058548458 2
23 11.9802864482809 2
24 11.9334095167224 2
25 11.8902726195232 2
26 11.8510962032033 2
27 11.816332734032 2
28 11.7862410189514 2
29 11.7607034027725 2
30 11.7392880534654 3
31 11.7214143813436 3
32 11.7064942222839 3
33 11.6940063977403 3
34 11.6835183321379 3
35 11.67468060271 3
36 11.6672125689684 3
37 11.66088772528 3
38 11.6555216210877 3
39 11.6509626433129 3
40 11.6470851471049 4
41 11.6437843220445 4
42 11.6409722958365 4
43 11.6385751181646 4
44 11.6365303799239 4
45 11.6347853017837 4
46 11.6332951782415 4
47 11.632022097384 4
48 11.6309338788756 4
49 11.6300031875663 4
50 11.629206790286 5
51 11.6285249305596 5
52 11.6279408011813 5
53 11.6274400984717 5
54 11.6270106450186 5
55 11.6266420700266 5
56 11.6263255382524 5
57 11.6260535199972 5
58 11.6258195958433 5
59 11.625618290828 5
60 11.6254449335779 6
61 11.6252955366223 6
62 11.6251666946823 6
63 11.6250554982252 6

0 91.1395656424283 0
1 80.3802904995614 0
2 69.0867847692815 0
3 58.780200834847 0
4 45.5012928643401 0
5 34.5697907993733 0
6 28.4761985779067 0
7 23.8783339392422 0
8 19.5515558209397 0
9 17.013967192884 1
10 15.2182412461041 1
11 13.7961001150918 1
12 12.6667942317775 1
13 11.7172863196047 1
14 10.9130586927558 1
15 10.2205513368854 1
16 9.51695326994906 1
17 8.79283281775866 1
18 8.12258829529141 1
19 7.47853271197351 2
20 6.79896509193677 2
21 6.07513474858873 2
22 5.42674639287842 2
23 5.00940281359088 2
24 4.81258272779895 2
25 4.73240985353991 2
26 4.69892881334364 2
27 4.68338903498337 2
28 4.67538014081405 2
29 4.67092719840393 2
30 4.66832257479873 3
31 4.66674421042325 3
32 4.66576139973151 3
33 4.66513524856286 3
34 4.66472804835983 3
35 4.6644581646396 3
36 4.66427610490842 3
37 4.66415126670128 3
38 4.66406437728027 3
39 4.66400308258265 3
40 4.66395932568713 4

0 80.8583129375917 0
1 66.4642147876707 0
2 52.2432056285606 0
3 41.2521467816548 0
4 34.4111893919921 0
5 30.5097513798477 0
6 27.4116435325508 0
7 24.9363527150794 0
8 23.0013705029763 0
9 21.4005941976651 1
10 20.0037000274865 1
11 18.9119381606085 1
12 18.1260988021679 1
13 17.5910394121335 1
14 17.232342043178 1
15 16.9845898885891 1
16 16.7959758506049 1
17 16.6138115514499 1
18 16.3437889036355 1
19 15.7937155744093 2
20 14.8061138328314 2
21 13.6145838654875 2
22 12.6298414420313 2
23 11.8607362031762 2
24 11.0997709972091 2
25 10.2886939691184 2
26 9.58421413532501 2
27 9.10758815828428 2
28 8.81216188922274 2
29 8.57915493469006 2
30 8.3102953577026 3
31 7.96792189996502 3
32 7.57638623064574 3
33 7.17743707811951 3
34 6.80782226163329 3
35 6.49072484178327 3
36 6.17144633491981 3
37 5.73468863563415 3
38 5.25120258718151 3
39 4.91512184043817 3
40 4.75944792012937 4
41 4.70159928061565 4
42 4.68073637581941 4
43 4.67247370783849 4
44 4.66873144932923 4
45 4.66682036646387 4
46 4.66575242287195 4
47 4.66511532121372 4
48 4.66471601228204 4
49 4.66445573624201 4
50 4.66428056946528 5
51 4.66415955643486 5
52 4.66407416880826 5
53 4.66401289799974 5
54 4.66396835126567 5

0 84.2825269011699 0
1 71.1709829447631 0
2 58.515088420724 0
3 49.3259004199921 0
4 41.0004407610949 0
5 33.4644931262457 0
6 28.5437659185362 0
7 24.155098877787 0
8 21.7693141322301 0
9 20.5417916616656 1
10 19.6857499614843 1
11 18.9784118896578 1
12 18.3399280238287 1
13 17.7172629750585 1
14 17.1139921394481 1
15 16.5587319623682 1
16 16.0143430671628 1
17 15.4028758743851 1
18 14.7115179995819 1
19 14.0141545026748 2
20 13.4232544690715 2
21 12.983031291626 2
22 12.6620457941295 2
23 12.4178006306955 2
24 12.2264546036785 2
25 12.0760417452494 2
26 11.9527859757703 2
27 11.8383237058045 2
28 11.71601275087 2
29 11.5799368166345 2
30 11.4407100304871 3
31 11.3193934150911 3
32 11.2312232836073 3
33 11.1765311789808 3
34 11.1461643161219 3
35 11.1302593115125 3
36 11.1220337815078 3
37 11.117680765828 3
38 11.1152613306311 3
39 11.1138254847657 3
40 11.1129096010535 4
41 11.1122833566016 4
42 11.111828609185 4
43 11.1114821686084 4
44 11.1112085453239 4
45 11.1109867138461 4
46 11.1108035074966 4
47 11.110650217303 4
48 11.110520780095 4
49 11.1104107780617 4

0 82.1519149801351 0
1 69.0753257521943 0
2 55.9819552015531 0
3 43.8224206214911 0
4 33.6427945716937 0
5 26.9278359830688 0
6 21.596125580758 0
7 18.0644852828259 0
8 15.9824915046735 0
9 14.7717278683263 1
10 13.9725569592943 1
11 13.379529872431 1
12 12.9049933803795 1
13 12.5145042183928 1
14 12.1962670842475 1
15 11.945700809505 1
16 11.7586224744597 1
17 11.6272312808793 1
18 11.5394527263903 1
19 11.4821030921097 2
20 11.4441180508419 2
21 11.4175699724999 2
22 11.3971549795241 2
23 11.3793262719673 2
24 11.361611774771 2
25 11.3421995638215 2
26 11.319730786799 2
27 11.2932458767489 2
28 11.2623024215749 2
29 11.2273301684973 2
30 11.190094779128 3
31 11.1536831872892 3
32 11.1214586178554 3
33 11.095548190235 3
34 11.0761736427673 3
35 11.0621781080516 3
36 11.051950496747 3
37 11.0440317191306 3
38 11.0372981555341 3
39 11.0309080352291 3
40 11.0241711457979 4
41 11.0164069992759 4
42 11.0067947160482 4
43 10.9941909901251 4
44 10.9768882736097 4
45 10.9523190866454 4
46 10.916857246698 4
47 10.8662497788216 4
48 10.7977081698315 4
49 10.713988598515 4
50 10.6261045535803 5
51 10.5489768503708 5
52 10.4921035352485 5
53 10.4555043148509 5
54 10.4336755450021 5
55 10.4207498759809 5
56 10.4125898898382 5
57 10.4066869962051 5
58 10.4015230385548 5
59 10.3960591247528 5
60 10.3894189108188 6
61 10.3806949459434 6
62 10.3688190464042 6
63 10.3524657825011 6
64 10.3299707450407 6
65 10.2992412144096 6
66 10.2576419566228 6
67 10.2019324394636 6
68 10.1286102045627 6
69 10.0353239012591 6
70 9.92342953056317 6
71 9.79905404910074 7
72 9.66753587876605 7
73 9.52078358259255 7
74 9.32942896020597 7
75 9.05990950198429 7
76 8.71501958286649 7
77 8.34506531327737 7
78 7.97758120223597 7
79 7.59539079609389 7
80 7.24792557715877 7
81 6.96369372204053 8
82 6.70864374938547 8
83 6.45657549579781 8
84 6.20262221992522 8
85 5.94636731878719 8
86 5.69089069836939 8
87 5.44667465483766 8
88 5.22857177900795 8
89 5.04932616882482 8
90 4.9144366159546 8
91 4.82088002780095 9
92 4.76002482254531 9
93 4.72207245483343 9
94 4.69893716433901 9
95 4.6849737444015 9
96 4.6765719247118 9
97 4.67151699579146 9
98 4.66847294772698 9
99 4.6666378552966 9
100 4.66553049395336 9
101 4.66486172665585 9
102 4.66445757069423 10
103 4.66421319573969 10
104 4.66406536851757 10
105 4.66397591298642 10
106 4.66392176441913 10
107 4.66388897972798 10

0 85.3167129036727 0
1 75.8427460553883 0
2 68.2367595460036 0
3 60.375371488139 0
4 52.2832726325252 0
5 45.0779342289946 0
6 40.1663635925798 0
7 35.409325587695 0
8 30.1091967822766 0
9 26.2343954218991 1
10 23.558130059485 1
11 20.9825132421885 1
12 17.8815989256075 1
13 15.4621080268392 1
14 13.6405100174111 1
15 11.9646426572015 1
16 10.8075186072249 1
17 9.91600903906632 1
18 9.04008151242128 1
19 8.10409898935752 2
20 7.14114945132424 2
21 6.30375172858897 2
22 5.69150256998855 2
23 5.29360224273173 2
24 5.0525910813329 2
25 4.91035311709332 2
26 4.82555087477004 2
27 4.77340838135909 2
28 4.7401155803784 2
29 4.71807728212526 3
30 4.70303290140669 3
31 4.69250554599304 3
32 4.68499551480307 3
33 4.67955817753 3
34 4.67557701237731 3
35 4.67263716565302 3
36 4.67045229381151 3
37 4.66882062375011 3
38 4.66759760882141 3
39 4.66667834521693 4
40 4.6659859263866 4
41 4.66546352879437 4
42 4.66506891420116 4
43 4.66477054041863 4
44 4.66454476884277 4
45 4.66437383550202 4
46 4.6642443629123 4
47 4.66414626047934 4
48 4.66407190728296 4
49 4.66401554197772 4
50 4.66397280571404 5

0 85.0049205882357 0
1 70.5539561550831 0
2 53.8647489217534 0
3 39.9256106327592 0
4 29.7299059820764 0
5 23.1677400396089 0
6 19.8686444906561 0
7 18.0829923143754 0
8 16.8478529544214 0
9 15.9575428976898 1
10 15.3280867137327 1
11 14.8850329743235 1
12 14.5415214758076 1
13 14.1910693858329 1
14 13.8195712918341 1
15 13.500979523865 1
16 13.267548569787 1
17 13.0886582817686 1
18 12.9217520385113 1
19 12.7373807327945 2
20 12.5251741319461 2
21 12.2961699764125 2
22 12.0705393054473 2
23 11.8566193332923 2
24 11.6503039022158 2
25 11.4529820444636 2
26 11.2796311221404 2
27 11.1468074732802 2
28 11.0582698394453 2
29 11.0052857503663 2
30 10.9756058800656 3
31 10.9594684161911 3
32 10.9507312976139 3
33 10.9459449835298 3
34 10.9432663778146 3
35 10.941725381965 3
36 10.9408095962082 3
37 10.9402449157541 3
38 10.9398822241138 3
39 10.939638888246 4
40 10.9394682275773 4
41 10.9393433366927 4
42 10.9392483701092 4

0 87.3307069937343 0
1 75.7126254263878 0
2 67.7979673045904 0
3 61.8110013270715 0
4 55.8642317126851 0
5 50.1187360632003 0
6 44.6500392522327 0
7 38.1418929810973 0
8 32.2225689079235 0
9 26.7723197404977 1
10 22.0637484564875 1
11 17.6559204306392 1
12 13.9658442467371 1
13 11.5326572230139 1
14 9.80136918371118 1
15 8.43462624646643 1
16 7.3622423087046 1
17 6.57999103601729 1
18 6.0350358866326 2
19 5.65530732090651 2
20 5.38620327443289 2
21 5.1927332713087 2
22 5.05245961037078 2
23 4.95029014032726 2
24 4.87564700551052 2
25 4.82095522959272 2
26 4.78075153799358 2
27 4.75109234679204 2
28 4.72913153746532 3
29 4.71281290883094 3
30 4.7006469424844 3
31 4.69155031472546 3
32 4.68473139680773 3
33 4.67960884764078 3
34 4.67575370473006 3
35 4.67284804667501 3
36 4.67065532678317 3
37 4.66899894878629 3
38 4.6677466941271 4
39 4.66679933172788 4
40 4.66608223907421 4
41 4.66553920707484 4
42 4.66512783930956 4
43 4.66481612247288 4
44 4.66457986177408 4
45 4.66440075808791 4
46 4.66426496312222 4
47 4.66416199181926 4
48 4.66408390246004 5
49 4.66402467783608 5
50 4.66397975772199 5

0 83.9584684452538 0
1 73.4237077673531 0
2 63.3887363908485 0
3 54.1901632566232 0
4 46.1378884094367 0
5 38.0049628914409 0
6 31.8381796987669 0
7 26.744253876051 0
8 21.7838261853099 0
9 17.6841097922714 1
10 15.0106387713039 1
11 12.8941506644912 1
12 11.210113118277 1
13 9.72389214283731 1
14 8.27919126172702 1
15 7.0079859845863 1
16 6.03611984725078 1
17 5.41857642329765 1
18 5.0867409709402 1
19 4.91741240018599 2
20 4.82651682161629 2
21 4.77345437197559 2
22 4.74015981859557 2
23 4.71817112355022 2
24 4.70312932724057 2
25 4.6925802277958 2
26 4.68504495662692 2
27 4.67958723437294 2
28 4.67559199172619 3
29 4.67264332008934 3
30 4.67045334422055 3
31 4.66881898403811 3
32 4.66759475118395 3
33 4.66667511812632 3
34 4.66598278642686 3
35 4.66546069626154 3
36 4.66506647267418 3
37 4.66476849840485 3
38 4.66454309687012 4
39 4.6643724877542 4
40 4.66424328933909 4
41 4.66414541315713 4
42 4.66407124338771 4
43 4.66401502482784 4
44 4.66397240476835 4

0 87.4294291246585 0
1 74.7612627749197 0
2 60.2153963259026 0
3 46.1235784392041 0
4 35.9226368663609 0
5 28.9404481293197 0
6 23.6744925852882 0
7 20.5544567018129 0
8 18.2987491712302 1
9 16.4357900654799 1
10 15.2679548828526 1
11 14.4825208325088 1
12 13.8543852249401 1
13 13.3161266425443 1
14 12.8383857802572 1
15 12.4023534466123 1
16 12.0036677573719 1
17 11.663759570644 2
18 11.4154587808231 2
19 11.2644477176416 2
20 11.1853794271314 2
21 11.1474065590891 2
22 11.1296432105192 2
23 11.1211943229598 2
24 11.1169927089771 2
25 11.1147654589194 2
26 11.1134889805416 2
27 11.1126918140044 3
28 11.1121501084296 3
29 11.1117538453233 3
30 11.1114468108017 3
31 11.1111989524607 3
32 11.1109933128485 3
33 11.1108196973359 3
34 11.1106715314274 3
35 11.1105442636008 3
36 11.110434533133 4

0 78.4671826226742 0
1 58.7898256196439 0
2 43.129911937306 0
3 32.3829250624482 0
4 24.6975964888295 0
5 19.8371787075799 0
6 17.5351647944125 0
7 16.0847141811073 0
8 14.7507632968506 1
9 13.291773506687 1
10 12.1974194461134 1
11 11.6600139675458 1
12 11.4111023237867 1
13 11.286327058034 1
14 11.2191761820434 1
15 11.1809450794546 1
16 11.1581142841121 1
17 11.1438836489944 1
18 11.1346527854188 2
19 11.1284353680137 2
20 11.1240975133393 2
21 11.1209722473051 2
22 11.1186559893672 2
23 11.1168975283291 2
24 11.1155358547918 2
25 11.1144645915172 2
26 11.1136112499667 2
27 11.1129249101939 3
28 11.1123687645693 3
29 11.1119155119392 3
30 11.1115444470445 3
31 11.1112395741552 3
32 11.1109883505176 3
33 11.1107808250046 3
34 11.1106090305507 3
35 11.1104665438089 3
36 11.1103481580859 3
37 11.1102496352186 4

0 94.3920738572634 0
1 87.1652489918198 0
2 78.0282322414283 0
3 67.084675917414 0
4 56.2819103768924 0
5 46.4997191563471 0
6 39.08584194068 0
7 33.8765335734656 0
8 29.4020197912746 0
9 25.7286086270898 1
10 22.4681192451371 1
11 19.209633703337 1
12 17.0266187112816 1
13 15.8003653899735 1
14 15.0071755223058 1
15 14.4316588770049 1
16 14.0098730229434 1
17 13.6904686691436 1
18 13.4080129306712 1
19 13.0821642366795 2
20 12.6543140625163 2
21 12.1755801478265 2
22 11.7852307187414 2
23 11.5424423958991 2
24 11.4063632187134 2
25 11.3267735952872 2
26 11.2759148756845 2
27 11.2409765007772 2
28 11.2157424979565 3
29 11.19683223456 3
30 11.1822326750443 3
31 11.1706773730488 3
32 11.1613413991669 3
33 11.1536723247645 3
34 11.1472900891693 3
35 11.1419257349963 3
36 11.1373832863724 3
37 11.1335157389421 3
38 11.1302097568956 4
39 11.1273757858317 4
40 11.1249415597171 4
41 11.1228477523223 4
42 11.1210449965168 4
43 11.1194917862283 4
44 11.1181529563172 4
45 11.1169985478345 4
46 11.1160029361422 4
47 11.1151441431799 4
48 11.1144032826369 5
49 11.1137641040797 5
50 11.1132126130247 5
51 11.1127367509219 5
52 11.112326123519 5
53 11.1119717690396 5
54 11.1116659595992 5
55 11.1114020306682 5
56 11.1111742343771 5
57 11.1109776132011 5
58 11.1108078911188 6
59 11.1106613797946 6
60 11.1105348976918 6
61 11.1104257003281 6

0 83.4954999768176 0
1 72.0395161032321 0
2 60.2903494332682 0
3 46.816334795198 0
4 35.6197138434587 0
5 28.8593376702344 0
6 24.5917735735422 0
7 20.533737086803 0
8 17.924050395701 0
9 16.0828211104774 1
10 14.6593321711302 1
11 13.633302209517 1
12 12.9403502898185 1
13 12.4530783351123 1
14 12.0754169680378 1
15 11.7581611613666 1
16 11.4842522379714 1
17 11.2516758909374 1
18 11.0596854519148 1
19 10.9041698301461 2
20 10.7801026464867 2
21 10.6834305832249 2
22 10.6103348442504 2
23 10.5564474404774 2
24 10.5171932785803 2
25 10.488480639347 2
26 10.4670510177939 2
27 10.4504541928537 2
28 10.4368476469599 2
29 10.4247632506584 3
30 10.4128942890549 3
31 10.3999086602681 3
32 10.3842812868463 3
33 10.3641424465923 3
34 10.3371447298396 3
35 10.3003506218301 3
36 10.2501622622679 3
37 10.1824780871498 3
38 10.0936778649079 3
39 9.9831478861202 4
40 9.85608330645857 4
41 9.72124974199409 4
42 9.57945681228651 4
43 9.41043527420284 4
44 9.17863654308277 4
45 8.86731660047357 4
46 8.50628403730989 4
47 8.14124844123865 4
48 7.76763175327579 5
49 7.39951099324234 5
50 7.09103021329095 5
51 6.82926459547214 5
52 6.57825108712513 5
53 6.32531990023825 5
54 6.07029356986099 5
55 5.81452970379812 5
56 5.56486462976973 5
57 5.33409837435441 5
58 5.13585214425851 6
59 4.97915499870555 6
60 4.86537573133719 6
61 4.78871373725814 6
62 4.73983580105472 6
63 4.70970706998834 6
64 4.69144746740444 6
65 4.68045461959601 6
66 4.67384688670231 6
67 4.66987303764062 6
68 4.6674805309672 7
69 4.66603842400376 7
70 4.66516828790028 7
71 4.66464281229419 7
72 4.66432524836521 7
73 4.66413321704912 7
74 4.66401703601264 7
75 4.66394671416069 7
76 4.6639041332357 7

0 78.2628534098259 0
1 63.3824597424121 0
2 47.8327401536945 0
3 36.6090081416603 0
4 28.926621059358 0
5 24.2277581271211 0
6 21.3430210787768 0
7 19.3124874349144 0
8 17.667822270262 0
9 16.214984847165 1
10 15.0579598376177 1
11 14.2688788384375 1
12 13.4215953132894 1
13 12.478390497202 1
14 11.8332725888067 1
15 11.4960801437056 1
16 11.3346581225661 1
17 11.2552398482694 1
18 11.212599991164 2
19 11.1871831070896 2
20 11.1705434416968 2
21 11.1588199188277 2
22 11.1500979634351 2
23 11.1433467818001 2
24 11.1379692113239 2
25 11.1335966294791 2
26 11.1299884046515 2
27 11.1269794010689 3
28 11.1244511427004 3
29 11.1223152964131 3
30 11.1205038554774 3
31 11.1189630951111 3
32 11.1176497144063 3
33 11.1165282804516 3
34 11.1155694697472 3
35 11.1147488124579 3
36 11.1140457641959 3
37 11.1134429986478 4
38 11.1129258545005 4
39 11.1124818939942 4
40 11.1121005448688 4
41 11.1117728063918 4
42 11.111491005796 4
43 11.1112485951199 4
44 11.1110399809067 4
45 11.1108603809145 4
46 11.1107057032177 5
47 11.1105724439766 5
48 11.1104576008444 5
49 11.1103585995118 5

0 89.1510431585015 0
1 76.4381136655374 0
2 63.5168174488858 0
3 51.8559599083897 0
4 41.2186268073462 0
5 33.2054142918311 0
6 26.8066581693413 0
7 23.1041991968019 0
8 20.4882843727271 0
9 18.5826807600791 1
10 17.1671558641286 1
11 15.9304421981687 1
12 14.6623981983426 1
13 13.3654645618319 1
14 12.2422536224015 1
15 11.365091084327 1
16 10.6400054699639 1
17 9.92891122630523 1
18 9.09436430082361 1
19 8.20326168561675 2
20 7.47307908058483 2
21 6.99077151590787 2
22 6.70368084073799 2
23 6.52516038620519 2
24 6.35921515476232 2
25 6.06617850807338 2
26 5.62535975451322 2
27 5.21869606216981 2
28 4.95295680192019 2
29 4.81193825997182 3
30 4.74328464744849 3
31 4.70943456757389 3
32 4.69163274520063 3
33 4.68157217716342 3
34 4.67554148825292 3
35 4.67176413636699 3
36 4.66931830640205 3
37 4.66769221906376 3
38 4.66658710255135 3
39 4.66582188925805 3
40 4.66528352833224 4
41 4.66489961572543 4
42 4.66462271346298 4
43 4.66442109329745 4
44 4.6642731343517 4
45 4.66416385491377 4
46 4.66408271929223 4
47 4.66402222252252 4
48 4.66397695917667 4

