0 757.139066183149 3
1 682.215094768964 6
2 610.232426920251 9
3 523.100689584934 12
4 493.567315202654 15
5 382.999751491363 18
6 365.248638624768 22
7 355.77207282771 25
8 354.843516384184 28
9 346.122032171705 32
10 334.214980292472 35
11 317.824658349985 38
12 319.184006740632 41
13 327.303623949361 45
14 318.949101489034 48
15 339.762466975864 51
16 330.715690848376 54
17 300.033131905925 57
18 290.080702991166 60
19 293.422116366281 63
20 308.085330608147 67
21 271.024183531141 70
22 257.100653408012 73
23 255.852750136977 76
24 247.103440973348 79
25 241.787251018564 82
26 239.715744090277 85
27 238.600677970983 88
28 237.423509832233 92
29 236.395871154181 95
30 236.279062083286 98
31 236.099790818644 101
32 235.513636887244 105
33 235.176085684106 108
34 234.9593777004 111
35 234.933107448452 114
36 234.874726873002 117
37 234.780360763835 120
38 234.592245681479 123
39 234.532599991289 126
40 234.474976089026 129
41 234.433114735263 132
42 234.396183837242 136
43 234.399058585001 139
44 234.344746608476 142
45 234.312457219143 145
46 234.318546396904 148
47 234.265723884811 151
48 234.255115624241 154
49 234.279213374655 157
50 234.261360291603 160
51 234.224479578263 163
52 234.217968879725 166
53 234.230129906416 170
54 234.204552937051 173
55 234.186138871187 176
56 234.185234454326 179
57 234.177743775371 182
58 234.179688117045 185
59 234.174000362816 188
60 234.173636642018 191
61 234.169052942865 195
62 234.175301949272 198
63 234.161999726646 201
64 234.158576513469 204
65 234.15962213791 207
66 234.161250191125 210
67 234.155547263121 213

0 691.034811002908 3
1 692.308385844878 6
2 549.993829404665 9
3 509.977093702771 12
4 431.169788423987 16
5 413.466486026646 19
6 382.512139610463 22
7 360.214672419718 25
8 358.420735046573 29
9 337.054702517815 32
10 324.605638955469 35
11 310.714957490888 38
12 329.447407932431 41
13 320.816485602604 44
14 335.881903690419 47
15 336.644089943774 50
16 308.811844687448 53
17 295.061396795016 56
18 287.646011306658 59
19 298.252350891788 62
20 293.218968560661 65
21 279.274846531478 69
22 265.052711821883 72
23 251.035072023914 75
24 245.092660337685 78
25 242.100630864888 81
26 240.058024247443 84
27 237.826156482106 87
28 237.20429881142 90
29 236.487875651048 94
30 236.046253097489 97
31 235.657419757073 100
32 235.330952369104 103
33 235.183733812385 106
34 234.861451111806 109
35 234.67945136528 112
36 234.746541740836 115
37 234.565379337557 119
38 234.408509473477 122
39 234.41609537016 125
40 234.336459820618 128
41 234.250542311006 131
42 234.222697415383 134
43 234.180781683771 138
44 234.152539605009 141
45 234.143532741611 144
46 234.105010215058 147
47 234.0972885667 150
48 234.095630804892 153
49 234.072364179083 157
50 234.07843981172 160
51 234.057228663405 163
52 234.04914734291 166
53 234.047036329231 169
54 234.048410418925 172
55 234.028596100904 176
56 234.00337744431 179
57 234.004211040132 182
58 234.013069274262 185
59 234.005304288283 188
60 233.989531185352 191
61 233.992768500943 194
62 233.97831156949 197
63 233.97500638371 200
64 233.974003475718 203
65 233.979126614457 207
66 233.982091095275 211
67 233.976868035895 214
68 233.973607919627 217
69 233.968031546294 220

0 781.058601865226 3
1 627.913154604627 6
2 512.439815579573 9
3 490.192029231146 12
4 470.057533561033 15
5 416.793932523051 18
6 386.170315516805 22
7 367.606285333663 25
8 350.945234492438 28
9 345.676914652912 31
10 328.604308668654 35
11 320.263351284853 38
12 302.826279603731 41
13 327.937137709683 44
14 321.761263828176 47
15 314.435554034961 50
16 306.115751710524 53
17 292.410880925847 56
18 292.07737927863 59
19 298.081531962597 63
20 303.736828943348 66
21 282.039417426867 69
22 261.181329759779 72
23 254.921481000279 75
24 249.090527713153 78
25 244.66390380746 81
26 241.80657318893 85
27 240.530607329171 88
28 239.310102428064 91
29 238.553089463028 94
30 237.778950517872 97
31 236.819219867537 100
32 236.423258236195 103
33 236.126750990635 106
34 235.900473738694 110
35 235.765017743526 113
36 235.652627226918 116
37 235.471096375257 119
38 235.410997581767 122
39 235.4544484348 125
40 235.338870786758 128
41 235.292296032216 131
42 235.247216748316 134
43 235.188655486952 138
44 235.180874161947 141
45 235.159381216356 144
46 235.12442102143 147
47 235.095736280632 151
48 235.086097820495 154
49 235.088155824997 157
50 235.063089711883 160
51 235.053179461838 163
52 235.043740297504 167
53 235.046337997658 170
54 235.035528281138 173
55 235.021759586513 176
56 235.008974702611 179
57 235.015471257179 182
58 235.015741172452 185
59 235.013388161176 189
60 234.998791767053 192
61 235.008170993669 195
62 234.997297718393 198
63 234.998149877313 201
64 234.99411102981 205
65 234.994973651545 208
66 234.988675731117 211
67 234.98484071521 214
68 234.983334197189 217
69 234.983394788456 221

0 731.038349591805 3
1 697.508112026942 6
2 557.269209533515 9
3 486.287067480201 12
4 486.506155671629 15
5 418.555972974265 18
6 368.055678383172 21
7 373.800897351177 24
8 347.809431341518 27
9 340.747116322815 30
10 333.580587239161 34
11 337.076746437867 37
12 317.387628095315 40
13 332.01509669984 43
14 326.832131608254 46
15 334.807109685664 49
16 299.018735455612 52
17 295.418610070168 55
18 286.347234237739 58
19 306.842473818042 61
20 296.802258907036 65
21 271.383119612414 68
22 257.674861399124 71
23 253.055751130749 74
24 245.234962112771 77
25 243.897702002467 81
26 242.168674749307 84
27 240.826719681375 87
28 238.279238922025 90
29 238.125352545618 93
30 237.415736676419 96
31 236.675103365795 99
32 236.254476736503 102
33 236.176473018794 105
34 235.706828043043 109
35 235.527679765582 112
36 235.52389139134 115
37 235.376191744505 118
38 235.262598329583 121
39 235.218875251943 124
40 235.21985158768 127
41 235.165883715415 131
42 235.120341097624 134
43 235.069298560624 137
44 235.036122632204 140
45 235.05133294078 143
46 235.05903154741 146
47 235.045175127734 149
48 235.005473809044 152
49 234.998397122399 156
50 234.995082581597 159
51 234.979396547149 162
52 234.956682595747 165
53 234.956402126495 169
54 234.948172588125 172
55 234.938109151288 175
56 234.946551939203 178
57 234.913194564285 182
58 234.912411479255 185
59 234.900585517635 188
60 234.904191684934 192
61 234.905654823414 195
62 234.901223146224 198
63 234.893125135301 201
64 234.890078034709 204
65 234.884390588936 207
66 234.886485892707 210
67 234.886347439402 213
68 234.880008583268 217
69 234.879928501013 220
70 234.881567742592 223

0 765.960962341636 3
1 730.974270902753 6
2 595.213029358814 9
3 518.670545064223 12
4 440.683680341241 15
5 404.074246668894 19
6 371.356161570144 22
7 394.838590829455 25
8 355.364919842228 28
9 330.237022686255 31
10 325.924826708313 34
11 323.499674057795 37
12 320.916249581296 40
13 315.860084395277 43
14 324.476457801125 46
15 317.398431658389 49
16 320.705763209137 52
17 285.753882774989 56
18 287.282422751709 59
19 282.36037649041 62
20 300.052799473096 65
21 274.094543488446 69
22 261.70122228945 72
23 253.741265673972 75
24 246.685775981677 78
25 244.689211589129 81
26 240.868666975083 84
27 240.167226504256 87
28 239.302492087058 90
29 237.63792223173 93
30 237.00503709772 97
31 236.238364393474 100
32 235.866831985319 103
33 235.69311113549 106
34 235.222542159742 109
35 235.171644558455 119
36 234.988303496671 122
37 234.814775007141 125
38 234.825456963505 129
39 234.701138514573 132
40 234.639337957245 135
41 234.626257798068 138
42 234.623786899204 141
43 234.541957742243 145
44 234.49088456949 148
45 234.480536407204 153
46 234.449647267725 158
47 234.431428451109 161
48 234.439886993888 164
49 234.401634905664 168
50 234.402774990757 172
51 234.387320985407 176
52 234.370008544331 179
53 234.363824925069 182
54 234.349999341062 185
55 234.351315338381 188
56 234.350848445509 191
57 234.345804818823 194
58 234.329379244274 198
59 234.327766581702 201
60 234.32389308286 204
61 234.32853805571 207
62 234.323175321023 210
63 234.314245433943 213
64 234.305544854949 216
65 234.307863490994 219
66 234.304677159189 222
67 234.302446432101 226
68 234.297808767558 231

0 718.93990514442 3
1 649.849352468157 6
2 666.779423422721 9
3 502.236334170584 12
4 466.857826527389 15
5 416.962734999465 18
6 400.40821659468 21
7 359.569589138851 25
8 342.933260362074 28
9 345.83620871809 31
10 320.876037823625 34
11 323.481968636002 37
12 319.932157308375 40
13 302.751914836582 43
14 322.16637852908 46
15 329.003900744862 49
16 308.286740973995 52
17 292.659459611398 55
18 282.364632220842 58
19 290.504374447664 61
20 282.706906664322 64
21 270.973608339464 68
22 266.784222520538 71
23 255.090094049674 74
24 247.017851090861 77
25 244.662667039399 81
26 240.848935889643 84
27 239.637596404884 87
28 238.950134927638 91
29 237.943095103269 95
30 236.988977662915 99
31 236.969389958644 102
32 236.32566230919 105
33 236.223456395779 109
34 236.155385418689 112
35 236.008406834403 115
36 235.959442691599 119
37 235.842140422505 122
38 235.725237687123 125
39 235.636257391935 129
40 235.696510514365 133
41 235.583415062047 137
42 235.582550209022 141
43 235.596777689921 144
44 235.536987657996 148
45 235.512697391721 151
46 235.487344250196 154
47 235.460183601434 157
48 235.438007342467 162
49 235.472791705491 165
50 235.433485234324 169
51 235.431926167933 172
52 235.415725879317 175
53 235.409431611527 178
54 235.391767084861 181
55 235.386372516942 184
56 235.373679507863 188
57 235.37278769479 191
58 235.362735562306 195
59 235.366897683093 199
60 235.361226105427 202
61 235.352658705928 205
62 235.345731225106 208
63 235.34721796703 211
64 235.338877503603 214
65 235.332002508742 217
66 235.323532455223 221
67 235.327734462681 224
68 235.32201977914 227

0 782.273980401536 3
1 633.140356846942 6
2 607.394774701786 9
3 494.249226437165 12
4 430.396126663021 15
5 415.730077430628 18
6 401.676546217618 22
7 360.608775237166 25
8 341.109905066921 28
9 322.645227108317 31
10 337.092207254092 34
11 331.540436592101 37
12 316.633238260316 40
13 301.988788136747 43
14 314.407429385482 46
15 319.2552782228 50
16 303.574568865926 53
17 296.759169098576 56
18 285.995864636734 59
19 290.702962304603 62
20 281.949138008781 65
21 279.316336905375 68
22 262.919671111053 72
23 249.207567604241 75
24 246.909074958294 78
25 242.224615168768 81
26 240.691753326882 84
27 239.681114381134 88
28 237.679423379756 91
29 237.068156983172 94
30 236.470095119253 98
31 236.083532740395 101
32 235.821441011968 104
33 235.777701122668 107
34 235.388867361747 111
35 235.210609734357 114
36 235.168097317622 117
37 235.007276017342 120
38 234.950926945935 124
39 234.986411204094 127
40 234.859051056757 130
41 234.827857265212 133
42 234.797008561176 136
43 234.741756461257 139
44 234.77454667541 142
45 234.713925246611 145
46 234.665019057619 149
47 234.630368328372 152
48 234.624637329934 155
49 234.64044477365 158
50 234.620381349276 161
51 234.584265597316 164
52 234.575432173546 167
53 234.585311759311 170
54 234.576482430482 173
55 234.576101145409 176
56 234.552991675164 180
57 234.557803929671 183
58 234.555484435737 186
59 234.546276090343 189
60 234.537884365707 192
61 234.521813485485 196
62 234.525762923768 199
63 234.519692640594 202
64 234.523318062519 205
65 234.523619723248 208
66 234.517048523068 212
67 234.515046771122 215
68 234.511644217848 218

0 692.269575243619 3
1 719.293687082456 6
2 587.169878938004 9
3 517.990193311896 12
4 452.642252417645 15
5 410.315470971843 18
6 380.422423061471 21
7 368.479564242715 24
8 344.394693680475 27
9 327.546016011934 31
10 310.466965108292 34
11 315.936657602372 37
12 313.924721272133 40
13 311.247583695541 43
14 315.349587025735 46
15 328.047684886493 49
16 303.911443745834 52
17 293.268768439204 55
18 292.10011736024 59
19 286.739936289849 62
20 296.099199320083 65
21 270.153972166964 68
22 262.324968869943 71
23 254.072301572648 74
24 248.609086187454 78
25 244.231071232426 81
26 241.294270361569 84
27 239.386346517945 87
28 238.798386566497 90
29 237.634217024544 94
30 237.062924260168 97
31 236.343541349169 100
32 236.150511408485 103
33 236.006061404272 106
34 235.674216855445 109
35 235.484412552313 113
36 235.542917206597 116
37 235.420801952469 119
38 235.257578622624 122
39 235.297313106096 125
40 235.246047032742 128
41 235.207685278575 131
42 235.174637346138 134
43 235.138540642446 138
44 235.082892546435 141
45 235.060932886772 144
46 235.06898433285 147
47 235.030151620671 151
48 234.976206575057 154
49 234.970344794013 157
50 234.97085106067 161
51 234.965574460772 164
52 234.95519894183 167
53 234.944898253862 171
54 234.942111784013 174
55 234.930944277235 177
56 234.937353194233 181
57 234.92565590537 184
58 234.915310545295 188
59 234.908291201741 191
60 234.917095961447 194
61 234.905733647692 197
62 234.90166472103 200
63 234.894480283382 204
64 234.895904365751 207
65 234.893519852553 210
66 234.887340584894 213
67 234.88762359686 216
68 234.884881088229 219

0 666.226635146315 3
1 623.496343319809 6
2 554.5451209107 9
3 508.104270305637 12
4 454.135363375963 15
5 408.363483203665 18
6 394.45595318112 22
7 378.192645104268 25
8 340.28423935309 28
9 321.262382837072 32
10 331.325499733143 35
11 334.147538225561 38
12 325.941861333963 41
13 333.971688738059 44
14 341.482162683524 47
15 306.024660536891 50
16 299.702039207885 53
17 290.293777967474 57
18 293.853697367343 61
19 281.556538808582 64
20 285.252927215555 67
21 275.655814577867 70
22 262.289638844427 74
23 253.79989243736 77
24 244.931679354113 80
25 245.553559607789 83
26 241.350735262777 87
27 239.596953317192 90
28 238.042012489187 93
29 237.478702323035 96
30 236.826632019499 99
31 236.286135831301 102
32 236.162835590783 105
33 236.026330400471 109
34 235.866166981548 112
35 235.560381487109 115
36 235.63486792129 118
37 235.487165669201 122
38 235.349600070527 125
39 235.246837678978 128
40 235.250279026171 131
41 235.16468342056 134
42 235.080587326551 137
43 235.031467750784 141
44 235.024169153724 144
45 235.023218392168 147
46 235.018243921184 150
47 234.947621954301 153
48 234.95688463017 157
49 234.937297153741 160
50 234.908761494267 163
51 234.89731084136 166
52 234.874902591298 170
53 234.875833356324 173
54 234.874381759501 176
55 234.867396554198 179
56 234.856693103567 182
57 234.844592328883 185
58 234.844673430751 188
59 234.840796615562 191
60 234.848330488346 194
61 234.841835717865 197
62 234.841657617686 200
63 234.835821207863 203
64 234.83355095062 206
65 234.828378431854 210
66 234.815438158427 213
67 234.814743549518 216
68 234.819250932832 219

0 766.774606879803 3
1 679.41384417136 6
2 586.469939185136 9
3 571.316130413372 12
4 426.383468454467 15
5 469.298671962337 19
6 451.098420266972 22
7 350.926624990154 25
8 360.304233297534 28
9 335.396611372579 31
10 348.334108918146 34
11 315.808862693174 38
12 365.469075032034 41
13 316.416816625931 44
14 343.691650590424 47
15 304.697627670827 50
16 306.009892546175 54
17 307.290429057686 57
18 293.968524350161 60
19 287.659825900159 64
20 292.976035013489 67
21 275.633399247967 70
22 262.900933738178 73
23 250.910795880027 77
24 246.880176175455 80
25 243.568939064146 83
26 243.244134867261 87
27 240.91473561031 90
28 239.109434639058 93
29 238.275249039135 96
30 237.167852291248 99
31 236.463386718444 102
32 236.119111132389 105
33 236.001354539952 109
34 235.823565695286 112
35 235.663547008715 115
36 235.532173764623 119
37 235.36114010686 122
38 235.311555103427 125
39 235.237604225455 128
40 235.149241112209 131
41 235.108745591345 134
42 235.022502743057 137
43 234.991404578358 140
44 234.905493244351 144
45 234.860226126296 147
46 234.858460454294 150
47 234.81467736337 153
48 234.773381009287 156
49 234.770161315332 159
50 234.767587042535 162
51 234.735261876334 165
52 234.737096480008 168
53 234.714896689053 171
54 234.707120578843 175
55 234.68837427246 178
56 234.697746540324 181
57 234.682004722856 184
58 234.681553640448 187
59 234.65617186527 190
60 234.648880938947 193
61 234.636332275494 196
62 234.633177638587 199
63 234.628375292566 203
64 234.625613066765 206
65 234.623491419819 209
66 234.616187027279 212
67 234.609045355125 216
68 234.6033387748 219
69 234.597181542592 222

0 860.838151174109 3
1 702.746374192369 6
2 633.848308111219 9
3 504.849233166151 13
4 462.490546605267 16
5 465.985439559693 19
6 385.916743170926 22
7 383.907001148185 37
8 356.023750440128 41
9 326.154995835721 44
10 346.497819330558 47
11 325.714089162157 51
12 313.603326858232 54
13 313.081411217635 57
14 308.777803130037 60
15 309.957099215639 63
16 298.267367946155 66
17 308.725939087368 69
18 283.029592453643 72
19 294.057449370605 75
20 293.62692404673 78
21 278.070246605051 81
22 262.718302874693 85
23 253.432085799499 88
24 247.361577762236 91
25 242.330958405618 94
26 241.534689421892 97
27 238.520489512342 100
28 237.413254047327 103
29 236.458456288831 106
30 236.01325803169 109
31 235.841406530201 113
32 235.431613712674 116
33 235.248979636807 119
34 235.170877678901 122
35 235.105750288316 125
36 234.856440869637 128
37 234.827021757452 131
38 234.79408158571 134
39 234.733194378617 138
40 234.639117472593 141
41 234.627465775755 144
42 234.603217505746 147
43 234.582564340926 150
44 234.529930263058 153
45 234.482861900868 156
46 234.502486011931 160
47 234.444948494101 163
48 234.459048396047 166
49 234.442468207286 169
50 234.416380516624 172
51 234.422578186145 175
52 234.397974226556 178
53 234.396820472522 182
54 234.387025299809 185
55 234.386528166189 188
56 234.376327921763 191
57 234.362467178616 195
58 234.361401958564 198
59 234.352387770543 201
60 234.353781929484 205
61 234.353495496074 208
62 234.338132990025 211
63 234.346497405984 214
64 234.332767489029 217
65 234.329182500098 220
66 234.329400778133 223
67 234.329540162754 226
68 234.327799555727 230

0 740.603347895047 3
1 658.177643984115 6
2 588.833113248428 10
3 500.380832073069 13
4 413.143928568902 16
5 442.245733059316 19
6 392.188939972032 22
7 349.464817286043 25
8 356.699640038657 28
9 330.758049486558 31
10 334.674584910305 35
11 319.981144021829 38
12 297.877006843153 41
13 318.095173668518 44
14 318.200561684823 47
15 314.389419835846 50
16 289.591427319928 53
17 307.941337893798 56
18 280.342631704279 59
19 302.101896870479 63
20 299.455313263383 66
21 282.674292713343 69
22 264.168573723878 72
23 246.395846410018 75
24 246.630078452916 78
25 242.810241579337 82
26 240.766345063959 85
27 238.849058581491 88
28 237.663990916245 91
29 236.818505038709 95
30 235.920259888992 98
31 235.549820351855 101
32 234.962422569336 104
33 235.350500329545 107
34 234.990057370234 110
35 234.718670458934 113
36 234.467071588202 116
37 234.459485379079 119
38 234.318951658558 122
39 234.299553201711 125
40 234.251211862001 129
41 234.224665717014 132
42 234.199377283741 135
43 234.160973500506 138
44 234.178305408153 141
45 234.156545139146 144
46 234.11046244892 148
47 234.101750022675 151
48 234.108941533317 154
49 234.08384405699 157
50 234.042744938848 160
51 234.047638688664 163
52 234.026472062399 166
53 234.01311188891 169
54 234.004441560853 173
55 234.012049461403 176
56 234.013747314905 179
57 234.000135132099 182
58 233.996417696849 185
59 233.988129896008 188
60 233.990404013129 192
61 233.987246323725 196
62 233.987188147575 199
63 233.984406062823 202
64 233.978318500909 205
65 233.972268392037 209
66 233.971110311304 213
67 233.960503652578 217
68 233.958136957906 220
69 233.959091964975 223
70 233.954508538547 226

0 722.16214467928 3
1 696.135302165968 6
2 656.865993722956 9
3 537.947217737817 12
4 463.322441542063 15
5 363.314527061815 19
6 379.63893750903 22
7 359.057758151215 26
8 342.997715619007 29
9 326.687726352631 32
10 322.40259473059 35
11 336.343244855969 38
12 350.691873077959 42
13 309.291836656424 45
14 331.86424757322 48
15 339.122354181641 51
16 303.330818308049 54
17 288.716919094916 58
18 299.687169835991 61
19 286.377350134202 64
20 281.450477823183 67
21 275.313251912337 70
22 265.943277321194 73
23 255.491131436761 76
24 247.245829034425 79
25 241.688731302857 82
26 240.290121621727 86
27 240.49071659481 89
28 238.048051443629 92
29 236.755475594418 95
30 236.352918707257 98
31 235.929582157219 101
32 235.43943300394 105
33 235.442168334527 108
34 235.016878919157 111
35 234.902153573862 114
36 234.839937149747 117
37 234.712540883116 120
38 234.655066347713 123
39 234.605511957272 127
40 234.541205057066 130
41 234.588396363007 133
42 234.54700842517 136
43 234.425949404159 139
44 234.411985981046 143
45 234.372328244494 146
46 234.364941540999 149
47 234.369631404773 152
48 234.328773092784 155
49 234.32077822047 159
50 234.310219614723 162
51 234.304761325629 165
52 234.284236154554 168
53 234.288904409748 171
54 234.273161606033 174
55 234.266516460556 177
56 234.255843817704 181
57 234.257056887499 184
58 234.247531504408 187
59 234.243706295855 190
60 234.239069158492 194
61 234.229559881467 197
62 234.234125608283 200
63 234.227986750874 203
64 234.225908395164 206
65 234.216794018824 210
66 234.216224848692 213
67 234.214818711214 216

0 734.622440934353 3
1 591.184974575676 6
2 551.79830210502 9
3 491.30361562647 12
4 479.405068970468 15
5 436.922459020381 18
6 415.226033337865 22
7 371.339269963979 25
8 340.903546463756 28
9 351.02705991433 31
10 329.62034121351 34
11 321.537117190474 37
12 317.458839772188 41
13 318.497144994217 44
14 320.795119995676 47
15 306.950761922638 50
16 312.538627162239 53
17 300.981325679963 56
18 294.12750221365 59
19 288.923753920876 62
20 283.964756055951 65
21 269.836921948114 69
22 262.855459310448 72
23 256.920454518394 75
24 246.229769463551 79
25 245.891605094588 82
26 241.897642128837 85
27 239.439123618853 88
28 238.60475685533 91
29 237.377034797674 94
30 237.096113721013 97
31 236.147863418602 101
32 236.170094901969 104
33 235.647907512401 107
34 235.564389736309 110
35 235.259382597372 113
36 235.04850734369 116
37 234.924401187381 119
38 235.02838925638 123
39 234.805912674785 126
40 234.690534632299 129
41 234.643286151328 132
42 234.643446835364 135
43 234.610117059706 138
44 234.605252046103 142
45 234.546089255542 145
46 234.517056291627 148
47 234.509915913765 151
48 234.464917457847 154
49 234.452512252374 157
50 234.465391268195 160
51 234.451636787997 164
52 234.465053396016 167
53 234.434442568976 170
54 234.425386000662 173
55 234.424533552957 176
56 234.411993111415 180
57 234.411242975513 183
58 234.406135203859 187
59 234.409256222081 190
60 234.394988709101 193
61 234.393948840828 196
62 234.389092556827 199
63 234.389324360196 202
64 234.376151026161 206
65 234.378933676267 209
66 234.377366149603 212
67 234.37684167404 215
68 234.372593687927 218
69 234.368927021423 222

0 706.012355425352 3
1 712.873843989453 6
2 585.797326967036 9
3 462.708191771861 12
4 423.63119277027 15
5 409.089973542577 18
6 396.674769752483 21
7 349.428856708959 24
8 345.132052798446 27
9 336.450945039253 30
10 326.322005831617 33
11 334.1839412355 36
12 325.604501544133 39
13 317.387942818337 43
14 333.51861671879 46
15 317.238112248474 49
16 316.622183999456 52
17 292.578099102432 55
18 285.772731166542 58
19 289.966509750416 61
20 293.61855032133 64
21 270.112483326515 67
22 260.333465451848 70
23 252.013433072804 73
24 246.628162466998 77
25 242.801110468585 80
26 240.654182430701 83
27 239.598555236749 86
28 238.709387435553 89
29 237.379260155533 92
30 237.025166141098 95
31 236.451728754638 99
32 235.866395176279 102
33 235.767368953145 105
34 235.612932991547 108
35 235.476914983648 111
36 235.289694879924 114
37 235.269825822373 118
38 235.119526620607 121
39 235.046324246997 124
40 235.002173284725 127
41 234.975603328733 130
42 234.930631200901 133
43 234.897151908643 137
44 234.832645664893 140
45 234.814551183888 143
46 234.797523007399 146
47 234.772249436389 149
48 234.747441696535 152
49 234.734219015834 156
50 234.736366863585 159
51 234.727833816846 162
52 234.709569560539 165
53 234.698410203676 168
54 234.675727007384 172
55 234.661461876073 175
56 234.651779190843 178
57 234.640198389633 181
58 234.632143131827 185
59 234.625732259491 188
60 234.617751732254 191
61 234.616431508236 194
62 234.606196869497 197
63 234.599792308145 201
64 234.58840121593 204
65 234.586376980764 207
66 234.580964480467 210
67 234.57453548619 213

0 707.104482410497 3
1 655.561462702235 6
2 545.775064765804 9
3 494.456909883377 12
4 449.081498559945 15
5 433.876706797986 18
6 358.368334366204 21
7 364.654468218358 24
8 336.816773538811 27
9 350.252334062144 30
10 309.759437896071 33
11 336.019596357 36
12 314.501862070647 39
13 314.37293371939 43
14 316.654902950049 46
15 318.771299613888 49
16 308.565327820035 52
17 288.550876502898 55
18 287.887616985723 58
19 298.241939290975 61
20 298.541602884792 64
21 276.218828507919 67
22 258.49027259889 70
23 257.135518036727 74
24 249.306297954737 77
25 241.138904730937 81
26 241.535295213358 85
27 239.883802547262 89
28 238.587243010772 92
29 237.518544437459 96
30 236.55976326366 100
31 236.323267704024 104
32 236.220056278463 107
33 235.724744336103 110
34 235.626587401388 113
35 235.392439106711 116
36 235.332796091026 119
37 235.144006689948 122
38 235.139850871476 126
39 235.105558739587 129
40 234.986715695822 132
41 234.947554632661 135
42 234.94500627741 138
43 234.894015874836 141
44 234.866809631736 145
45 234.798594501491 148
46 234.837738482191 151
47 234.804058594544 154
48 234.8003188682 157
49 234.811696605205 160
50 234.784181240126 163
51 234.782724262771 167
52 234.771630041989 170
53 234.766988138928 174
54 234.728127128941 177
55 234.73816914767 180
56 234.718054633852 184
57 234.700884704541 187
58 234.698987491917 190
59 234.708895093021 193
60 234.701200240949 196
61 234.698182103012 199
62 234.696874789009 202
63 234.690864094121 206
64 234.685438056258 209
65 234.682576053204 212
66 234.686067743486 215
67 234.679059935278 218
68 234.676145476263 221

0 717.034932860324 3
1 719.378908497427 6
2 584.537681285209 9
3 507.178879575477 12
4 460.635397016213 15
5 402.503952179258 18
6 375.19331916443 21
7 392.948214456461 25
8 360.734851919882 28
9 323.827310480187 31
10 318.127830955757 34
11 308.171757219627 37
12 311.814124258707 40
13 337.633698321843 43
14 319.398203898086 46
15 305.699416812875 50
16 305.234606923322 53
17 295.493010881247 56
18 288.442104063237 59
19 295.810019565772 63
20 293.173655102628 66
21 267.584907048373 69
22 263.980912600835 72
23 250.909351508386 75
24 246.563626439212 79
25 243.203985164742 82
26 240.789487563754 85
27 239.15988068581 88
28 237.571510747088 91
29 236.316431480338 94
30 236.194527352882 97
31 235.663723705033 100
32 235.61157799987 103
33 235.268644292802 107
34 235.032538412954 110
35 234.901668180936 113
36 234.862363493442 116
37 234.639296876529 119
38 234.553119662456 123
39 234.547931850435 126
40 234.453677064133 129
41 234.381217849211 132
42 234.383663058278 135
43 234.356280482283 138
44 234.337684759784 142
45 234.313153152438 145
46 234.295965031537 148
47 234.287514697657 151
48 234.286413344006 155
49 234.248542307603 158
50 234.234578072596 161
51 234.233826563544 164
52 234.224779095458 167
53 234.212762564968 171
54 234.203714581153 174
55 234.205432344189 177
56 234.191823380001 180
57 234.189584137978 183
58 234.190174916178 187
59 234.183661048062 190
60 234.175881668702 193
61 234.170521212867 196
62 234.166891105301 199
63 234.173192012392 202
64 234.16815595592 205
65 234.161238830567 208
66 234.163667595978 212
67 234.159634019547 215
68 234.152192898848 218
69 234.155883515046 221

0 776.85743225411 3
1 663.433538212416 6
2 523.722678917668 9
3 460.07746340044 14
4 429.677071405809 18
5 435.635041983245 23
6 371.073693570118 27
7 392.427014703518 30
8 349.935366728747 34
9 341.874912714242 37
10 330.324835901782 40
11 309.670977578828 44
12 313.085412593017 48
13 321.601678691039 51
14 340.892324584501 54
15 317.644898561429 58
16 297.999683427389 61
17 297.643588820357 64
18 286.53847043201 68
19 295.065512357222 71
20 287.057204384698 74
21 280.159239759722 77
22 258.823173852503 80
23 256.573599384202 85
24 246.355400350055 88
25 242.829933457173 91
26 241.704583078956 95
27 239.223191155735 99
28 238.073617849843 104
29 237.510411790567 107
30 236.960608699013 111
31 236.235436702164 115
32 236.174580184302 119
33 235.69411873253 123
34 235.656643583034 127
35 235.539171879474 130
36 235.501272270383 133
37 235.432781076807 137
38 235.389316111795 140
39 235.273711933879 146
40 235.148565970068 151
41 235.169518603379 156
42 235.061119611268 161
43 235.049710357317 166
44 235.048910224187 171
45 235.024322267251 174
46 235.030164078091 177
47 234.95835899295 180
48 234.95395544077 183
49 234.928284094434 187
50 234.908857944893 190
51 234.905339816274 194
52 234.901817136453 197
53 234.887940842745 200
54 234.890382670673 203
55 234.883129645848 207
56 234.871054727425 210
57 234.864348082988 214
58 234.859025825653 217
59 234.857354437539 220
60 234.848315090361 223
61 234.846694109795 226
62 234.844757966104 230
63 234.84394859896 233
64 234.839164711071 236
65 234.836896379243 239
66 234.834954309123 244
67 234.828183084907 247
68 234.829446767701 250
69 234.827147497946 254

0 692.388755135295 3
1 598.320097715461 6
2 571.395614438306 9
3 504.687059776774 12
4 481.044393374022 15
5 429.109179601227 18
6 421.921808867311 21
7 355.710482126927 24
8 344.518860947117 27
9 319.139641375562 31
10 332.741071743567 34
11 323.274085283766 37
12 325.95688786291 40
13 341.562506617149 43
14 321.466004823089 46
15 345.507690486111 50
16 304.380324013991 53
17 294.723251246995 56
18 279.279594360433 59
19 296.819766341209 63
20 301.188723612872 66
21 277.829463284965 69
22 263.667071566597 72
23 254.582045435466 76
24 248.6859015919 79
25 247.114384013116 83
26 243.151057992506 86
27 241.97016640704 89
28 239.382945693429 92
29 238.147243608669 96
30 237.332942380119 99
31 236.902843046516 102
32 236.89061612912 105
33 236.545482919268 108
34 236.043202962427 111
35 235.882807377223 114
36 235.659496128859 118
37 235.696208676564 121
38 235.625218499486 124
39 235.478250446901 127
40 235.446414011033 130
41 235.408578289635 133
42 235.387391165965 136
43 235.383917593757 140
44 235.345267775105 143
45 235.329130001867 146
46 235.369743779872 149
47 235.310702257591 152
48 235.327918046436 155
49 235.267702523654 158
50 235.25818012041 161
51 235.260013085975 164
52 235.255520774681 167
53 235.237476721676 170
54 235.225026807735 174
55 235.222239499737 177
56 235.225097180638 180
57 235.226152833678 183
58 235.215367815418 187
59 235.211853229917 190
60 235.202485113887 193
61 235.204013426723 196
62 235.196992670677 199
63 235.191563151136 202
64 235.179631874515 205
65 235.180596256097 208
66 235.185475294203 211
67 235.185616042134 215
68 235.172691711624 218
69 235.174930782947 221

0 685.843867544587 3
1 596.714177303626 6
2 554.077471241411 9
3 480.479484102081 12
4 445.729232423558 15
5 428.574444470123 18
6 379.045487931765 21
7 336.010451016655 24
8 367.732549898509 28
9 329.706665249254 31
10 316.902326160425 34
11 327.143261404845 37
12 308.872867381778 40
13 323.259208659503 44
14 319.330387647203 47
15 318.287547548615 50
16 305.042233322323 53
17 301.073890883637 56
18 286.157175047436 59
19 291.274347049561 63
20 298.923776265479 66
21 280.697062957637 69
22 260.012847665124 72
23 256.044490634434 75
24 249.959922696778 79
25 243.911710052226 82
26 242.092091130289 85
27 240.712576236009 88
28 238.806323725349 91
29 238.751630974983 94
30 237.575975949651 97
31 236.891806007397 100
32 236.785300263806 103
33 236.36118506245 107
34 236.366451041104 110
35 235.992065428954 113
36 235.845826145998 116
37 235.630570251266 119
38 235.658720883971 123
39 235.566469445916 126
40 235.397534095149 129
41 235.384108336512 132
42 235.372654366264 135
43 235.322794667131 138
44 235.299632512995 142
45 235.275470841589 145
46 235.244180815607 148
47 235.192019276805 151
48 235.193463274833 154
49 235.143311630042 157
50 235.146027868265 160
51 235.130761310488 164
52 235.128400198795 167
53 235.095225789903 170
54 235.068574191458 173
55 235.0551071494 176
56 235.045864541329 180
57 235.030749133954 183
58 235.027058912138 186
59 235.019214865998 189
60 235.009661024213 192
61 235.010422849285 195
62 234.99460855731 198
63 234.982446840947 201
64 234.974942604834 204
65 234.966623855402 207
66 234.957768801337 210
67 234.962673591127 213
68 234.948680420108 217
69 234.94354387332 220

0 815.775066003265 3
1 643.918577498543 6
2 641.744142829349 10
3 479.531645697393 13
4 483.560556992028 16
5 379.959666685607 19
6 388.126476713722 23
7 380.940741957737 26
8 347.904013331583 29
9 322.201245905117 32
10 357.82130908119 36
11 330.528885580382 39
12 307.132646081978 42
13 324.502244161786 45
14 339.52763933342 48
15 305.804974871858 51
16 307.443892478639 54
17 290.83675185625 57
18 274.970322657278 61
19 294.075959311125 64
20 303.006993254309 67
21 272.989174004642 70
22 262.332979794429 74
23 251.770671646762 77
24 248.577934446088 80
25 243.169442949 83
26 240.450193629878 86
27 239.526828877803 89
28 237.444103522011 92
29 237.460095324763 96
30 236.850064342575 99
31 236.412555554559 102
32 235.835809899517 106
33 235.40857258756 110
34 235.149666354674 113
35 235.069305470345 116
36 235.01114580846 119
37 234.866351708801 124
38 234.90209998072 128
39 234.77832999856 133
40 234.701699611754 138
41 234.634154676081 142
42 234.555829208016 147
43 234.568237105665 152
44 234.560126905408 156
45 234.545091337655 161
46 234.50144587338 166
47 234.472346271064 171
48 234.458363252203 175
49 234.448865248704 180
50 234.433318363683 185
51 234.429181149724 189
52 234.42013846738 194
53 234.4137027612 198
54 234.410423199363 201
55 234.399704078859 205
56 234.39427883064 208
57 234.395614179007 211
58 234.375387946519 214
59 234.380694430769 218
60 234.384148030889 223
61 234.363696462706 228
62 234.353792654282 233
63 234.351091908511 238
64 234.356095088177 243
65 234.354922509268 247
66 234.354082990816 252
67 234.35664670794 255

0 682.387836981938 3
1 618.3580725145 6
2 614.730924550761 9
3 543.559565183397 12
4 432.530830526273 15
5 408.489563202805 19
6 357.417782262965 22
7 361.622413893156 25
8 336.624171075816 28
9 332.322558518174 31
10 319.784511627845 34
11 319.980065310243 37
12 304.43271390595 40
13 317.546284300775 43
14 324.25087707124 46
15 336.104189591377 49
16 309.506203369017 52
17 291.856705439245 55
18 291.923229268935 58
19 288.433560329105 61
20 301.977609397564 65
21 274.911466575735 68
22 261.787438257919 71
23 253.090524250066 74
24 247.380351821485 77
25 244.251322856524 80
26 241.025387046744 83
27 238.838260783783 86
28 238.014621172871 90
29 237.195629456881 93
30 236.071040030066 96
31 235.819316499293 99
32 235.458899153983 102
33 235.089116475207 105
34 235.294067036216 108
35 235.069732222605 111
36 234.975016638374 115
37 234.773884997356 118
38 234.613666347265 121
39 234.636743503266 124
40 234.623893679421 127
41 234.531457918432 130
42 234.487704282956 133
43 234.432508133636 136
44 234.409561221349 139
45 234.427983916801 142
46 234.42617765809 145
47 234.403804420313 149
48 234.398725101303 152
49 234.373585944255 155
50 234.335694594448 158
51 234.324002961818 161
52 234.302091986248 164
53 234.304336185698 167
54 234.299872263237 170
55 234.296040917403 174
56 234.2928595301 177
57 234.286233552251 180
58 234.270610505102 184
59 234.270393451719 187
60 234.269681036843 190
61 234.263713009607 194
62 234.257703375142 197
63 234.262315861545 200
64 234.253563443942 204
65 234.250664579087 207
66 234.253065269812 210
67 234.245302175804 214
68 234.241629632438 217
69 234.240060580469 220

0 674.128430002961 3
1 732.000243412102 6
2 570.863400594741 9
3 493.588565244402 12
4 433.099768250692 15
5 449.52455052486 18
6 411.025114547733 22
7 373.479792983548 25
8 313.648388810617 28
9 330.851464248804 31
10 319.019402107111 34
11 312.968812252091 37
12 322.826753190867 40
13 342.189047519996 44
14 321.656128811499 47
15 319.294883680411 50
16 291.958582015505 53
17 299.425995241088 57
18 297.661480184217 60
19 290.124614298199 63
20 288.809955969547 66
21 277.089467566674 69
22 264.042291022193 72
23 254.117021829761 75
24 246.747279316227 78
25 242.965333431084 81
26 241.338671400163 85
27 240.227191827131 88
28 238.965225999571 91
29 238.581142038896 95
30 236.958871613725 98
31 236.515506488345 101
32 236.374940912062 104
33 236.064844511447 107
34 235.868695309102 110
35 235.906094260942 113
36 235.848844084412 117
37 235.618649656142 120
38 235.520443492278 123
39 235.518004399296 126
40 235.423897817417 129
41 235.37288151306 132
42 235.350334162003 135
43 235.242878078186 138
44 235.243248509997 141
45 235.237786217261 144
46 235.191356853463 147
47 235.20744977922 150
48 235.188823270227 153
49 235.159628198366 157
50 235.132073961675 160
51 235.12107898505 164
52 235.118674370413 167
53 235.111818042972 170
54 235.113975753655 173
55 235.081368832199 177
56 235.080570705287 180
57 235.07488879055 183
58 235.075157517146 187
59 235.081007966539 190
60 235.082261531714 193
61 235.062040058133 196
62 235.053569248583 199
63 235.0606442732 202
64 235.053560865585 206
65 235.045873541911 209
66 235.045762851519 212
67 235.040906699915 215
68 235.038492616949 218

0 622.866031763955 3
1 584.834829864044 6
2 580.201391723936 9
3 473.796000918621 12
4 442.079483913781 15
5 453.135225010818 18
6 386.310596950049 22
7 365.419719485398 25
8 347.713524538676 28
9 334.946475334209 31
10 321.773191154665 34
11 322.473273242175 38
12 313.372987973272 41
13 338.026519290821 44
14 323.931877994319 47
15 320.056630099548 50
16 300.957990461488 53
17 297.311615020592 56
18 290.221928360234 59
19 280.087294296466 63
20 297.216615781489 66
21 276.35106886393 69
22 256.573174878037 72
23 248.828686848514 75
24 246.604096691084 78
25 243.947420830501 81
26 239.925810039695 84
27 238.847460958535 87
28 237.800725297496 90
29 237.659055235168 94
30 236.200704584881 97
31 235.890108774574 100
32 235.337586461297 103
33 235.234244942391 106
34 234.801288311567 109
35 234.643350056054 112
36 234.505602860339 115
37 234.453164962798 118
38 234.42370579593 121
39 234.33288121142 125
40 234.314526148566 128
41 234.275916829226 131
42 234.202246913368 134
43 234.194381578584 138
44 234.167393622694 141
45 234.144504295393 145
46 234.115377994081 148
47 234.09589719232 151
48 234.087849897451 154
49 234.075296382079 159
50 234.050489157866 162
51 234.030907524132 166
52 234.039696226517 169
53 234.032261163228 172
54 234.010059041521 175
55 234.011068562354 178
56 234.00251851615 182
57 233.998410574708 185
58 233.994949048511 189
59 233.990987363312 192
60 233.978792987334 195
61 233.973716291873 198
62 233.975436852582 201
63 233.976255537036 204
64 233.971345832078 208
65 233.971180342899 211
66 233.970358066316 214
67 233.965718009292 217
68 233.967456761519 220
69 233.963659004207 223

0 622.874518053296 3
1 698.130922682186 6
2 635.069160628213 9
3 528.200703290208 12
4 509.155570520867 16
5 398.75119477235 19
6 421.73168595905 22
7 356.750331734756 25
8 352.681894368211 28
9 340.030878019801 31
10 327.521904350183 34
11 321.532157363148 38
12 327.519904277027 41
13 324.390768678445 44
14 350.219749044165 47
15 318.468347125828 50
16 327.846778343918 53
17 304.032215933209 56
18 296.954185429381 59
19 295.348110637281 62
20 302.381885451568 65
21 283.017783416735 69
22 261.434290935604 72
23 251.542121614329 75
24 249.65910107649 78
25 243.856495677589 81
26 241.974599207793 84
27 239.832291048445 87
28 237.99815580212 90
29 237.886480805899 93
30 236.979146533991 96
31 236.920202183036 99
32 236.539417185698 102
33 236.003805742257 106
34 235.980632217505 109
35 235.839818951619 112
36 235.678140685092 115
37 235.587480425018 118
38 235.476605018936 121
39 235.405950440875 125
40 235.408207698449 128
41 235.320702451385 131
42 235.260509735008 134
43 235.238043515927 137
44 235.197438984259 141
45 235.199663796728 144
46 235.176114553791 147
47 235.160338013658 152
48 235.152736257479 156
49 235.137497615895 159
50 235.113762423335 163
51 235.111879982158 166
52 235.104818760714 169
53 235.094214040985 172
54 235.086602485083 175
55 235.085098934624 179
56 235.07799781508 182
57 235.067928626401 185
58 235.062538689603 189
59 235.051118792643 192
60 235.041881583138 195
61 235.044407863179 198
62 235.035497709521 201
63 235.035595954534 204
64 235.035272113521 208
65 235.031586633326 211
66 235.028319149768 215
67 235.022963035179 218

