0 578.635258566071 3
1 572.562626719402 6
2 442.800633993705 9
3 364.266442642273 12
4 330.071512988366 15
5 336.135363274198 19
6 336.937632568184 22
7 300.795095537648 25
8 288.095829166773 29
9 289.086974004934 32
10 277.109672683653 35
11 247.056182916303 38
12 240.17720652869 41
13 237.861174328176 44
14 237.009554195711 47
15 236.683550534309 51
16 236.522235424137 54
17 236.438692003937 59
18 236.392588546543 62
19 236.366761778632 65

0 781.987266509606 3
1 597.576788574411 6
2 428.119667049616 9
3 397.466155004919 12
4 333.968925519537 17
5 305.519801713092 21
6 320.132088137698 24
7 338.640410695795 27
8 299.921138752848 30
9 277.244562643621 33
10 279.457243249023 36
11 251.247294779854 39
12 241.433239464755 42
13 238.483406602298 45
14 237.746518606261 48
15 237.453605166424 51
16 237.315175534217 54
17 237.243482883031 58
18 237.204605292555 61
19 237.182485624524 64

0 719.099731367639 3
1 631.936228098832 6
2 411.971693169336 9
3 394.228413586725 12
4 336.253716575667 15
5 305.802677897632 18
6 322.686519127547 21
7 346.48128509769 24
8 291.190164452153 28
9 288.383745808788 32
10 273.546942842203 35
11 250.910829556816 38
12 241.161641929984 41
13 238.256093337917 44
14 237.421047869848 47
15 237.1191377013 50
16 236.96769151149 54
17 236.885186094618 57
18 236.839858109292 60
19 236.81411560391 63

0 712.380572720228 3
1 576.819908898669 6
2 460.853542466638 9
3 375.431125903766 12
4 363.356476611726 16
5 319.09739013031 19
6 311.685418418973 23
7 325.389530083177 26
8 302.815642990739 29
9 299.334792460705 32
10 276.01384473898 35
11 252.619946950931 38
12 241.676707188399 41
13 239.45921209559 44
14 238.583861759059 47
15 238.194237329262 51
16 238.003021080107 54
17 237.904704013311 57
18 237.849095957184 60
19 237.817529781448 63

0 709.317060567413 3
1 566.947730794858 6
2 461.655039866047 9
3 372.014372627085 12
4 339.881480492617 16
5 308.895213490249 19
6 311.542322056025 22
7 341.226142679807 25
8 293.210825324731 28
9 307.199766571822 31
10 283.904053267737 34
11 251.466884790933 37
12 240.825881865476 41
13 238.301027620491 44
14 237.417110693364 47
15 237.091149583297 50
16 236.945731249675 53
17 236.872573339674 57
18 236.831676023507 60
19 236.809039446792 63

0 733.022511829783 3
1 579.947079798974 6
2 477.10818367314 9
3 368.33603361977 12
4 361.675734560503 16
5 336.469276591661 19
6 333.243402578568 22
7 339.174064605711 25
8 288.832001475255 28
9 315.807994854487 31
10 275.356319704755 34
11 250.285529573033 37
12 242.525265965061 40
13 239.935856661244 43
14 239.074908856994 46
15 238.7254647147 49
16 238.557882518661 52
17 238.474428111994 55
18 238.428526932021 58
19 238.402701201526 61

0 706.655526590222 3
1 595.941251839301 6
2 438.212336359892 9
3 395.064173241079 12
4 327.236582661827 15
5 313.908442665385 18
6 342.324074286414 21
7 324.559920903032 24
8 315.860470522424 28
9 289.942160311578 31
10 277.04834443891 34
11 249.761913512067 37
12 241.696660305957 40
13 239.040678132576 43
14 238.227906895062 46
15 237.877525410369 50
16 237.717227470802 53
17 237.632902020878 56
18 237.586647083539 59
19 237.560640899951 62

0 732.249001440341 3
1 553.469587855168 6
2 418.504135749765 9
3 380.814604362624 12
4 332.302909248653 15
5 313.558112177761 18
6 319.930885426427 21
7 359.581233413042 24
8 300.58081114435 28
9 277.596486355795 31
10 273.732516496844 34
11 254.652791312492 37
12 242.76626350483 40
13 240.005016609584 43
14 239.210935978298 46
15 238.877341198265 49
16 238.717836243253 52
17 238.635209491236 55
18 238.590895929253 59
19 238.565652413065 62

0 687.542460204241 3
1 586.189963438264 7
2 437.436488101622 10
3 379.963034425479 13
4 344.583265309325 16
5 338.844901038425 20
6 329.097296202262 26
7 338.768777743292 30
8 299.797043491642 33
9 295.051951443457 36
10 277.096465616573 39
11 251.565406545258 42
12 241.634893534963 45
13 239.008685331109 48
14 238.196336384701 51
15 237.89106229837 55
16 237.740822778938 58
17 237.661361244618 61
18 237.617169713088 64
19 237.592150054766 67

0 735.324412891396 3
1 563.425888080533 6
2 413.901612425384 9
3 370.291730151634 12
4 340.872663429768 15
5 324.469876102524 18
6 304.004084061573 22
7 350.756078134647 25
8 299.068455389268 28
9 279.48980781481 31
10 270.12238960068 34
11 249.874791837098 38
12 239.851468782808 41
13 237.510066179197 44
14 236.728055640544 47
15 236.457178907496 50
16 236.324668849771 54
17 236.254388174119 57
18 236.21737556623 60
19 236.196266183736 64

0 679.420677009943 3
1 674.896452959152 6
2 453.645534131169 9
3 369.945153030233 12
4 349.185044836105 15
5 320.569450066815 18
6 300.85459587348 22
7 318.949995238315 25
8 299.982721497658 28
9 291.693239088663 31
10 278.888112095327 34
11 256.042569966136 38
12 244.799213625285 41
13 241.706922317359 44
14 240.536687302227 47
15 240.110957682653 50
16 239.893191327783 53
17 239.778777309014 56
18 239.715907704597 59
19 239.68019160537 62

0 769.636194577808 3
1 551.124369599978 6
2 452.10273801487 9
3 377.203810140721 12
4 317.612440432519 15
5 338.745104774586 19
6 330.673729700305 22
7 334.684090310086 25
8 304.326598056679 28
9 275.328803611361 31
10 275.408277708169 34
11 253.198271850691 37
12 242.816999662091 40
13 240.130207489919 43
14 239.399421056683 46
15 239.062226027536 50
16 238.899422168456 53
17 238.812223732412 56
18 238.76387512303 59
19 238.736419978542 62

0 694.587130856694 3
1 527.126833549223 6
2 451.851928058051 9
3 378.046815581461 12
4 364.947571279418 15
5 315.828020588757 18
6 325.74134378402 21
7 306.103482257259 26
8 296.047875191914 29
9 294.580746854905 32
10 283.792856496128 35
11 245.542247053907 38
12 238.989798457439 41
13 237.045157947212 44
14 236.283012355868 47
15 236.033326045439 50
16 235.924687771537 53
17 235.867607148352 57
18 235.836697878423 60
19 235.819630341155 63

0 762.888670789666 3
1 518.853326393895 6
2 407.018258067685 9
3 404.412595099941 12
4 339.26424043699 15
5 323.111692487306 18
6 328.532633868326 21
7 328.370767321368 24
8 310.673266875289 28
9 283.758251409081 31
10 273.564493581662 35
11 249.611862666453 38
12 242.306782280786 41
13 239.498714897174 44
14 238.621398178402 47
15 238.228474128327 50
16 238.040658869116 53
17 237.943759469084 56
18 237.890591158307 60
19 237.85998169603 63

0 741.146341754328 3
1 606.492959144491 6
2 422.55719562321 10
3 370.489657194926 13
4 353.206839823575 16
5 334.149991538393 20
6 353.919645063796 23
7 303.341690883371 27
8 296.14101709087 30
9 295.43668107333 33
10 269.163052988212 36
11 247.527798930222 39
12 240.265480074692 42
13 238.062555904652 45
14 237.256546536431 48
15 236.966791402222 52
16 236.82332514685 55
17 236.749297796443 59
18 236.709240490609 62
19 236.686534438356 65

0 685.090282071661 3
1 639.410796901301 6
2 491.278355915579 9
3 386.245007755932 13
4 345.571388304667 16
5 317.821617750354 19
6 304.638288612166 22
7 339.279503471751 25
8 293.050036352371 28
9 287.909034526256 32
10 273.144141594969 35
11 249.941858862871 38
12 241.728704201325 41
13 238.347880296035 44
14 237.418597460974 47
15 237.040689966412 50
16 236.859250184343 53
17 236.766557873367 56
18 236.715792329216 59
19 236.687363539441 63

0 863.431237214846 3
1 603.116855175043 6
2 483.823540009932 9
3 400.584460902247 13
4 337.05977605714 16
5 309.976298262402 19
6 329.616757928691 23
7 340.715618235614 26
8 303.803930557912 29
9 289.203092527557 33
10 274.960685819325 36
11 253.081252613788 39
12 242.110805367718 42
13 239.381455287912 45
14 238.492395601611 48
15 238.087661530934 51
16 237.884023890809 55
17 237.778898277214 58
18 237.721216545565 61
19 237.688232894484 64

0 823.479812538888 3
1 525.633502109209 7
2 434.081961170107 10
3 388.988662149196 13
4 340.331085622906 16
5 325.760566871336 20
6 310.189315856806 23
7 343.037631701361 26
8 304.581879217897 29
9 288.456858074302 32
10 278.858469112624 35
11 250.021873039819 39
12 240.507463430633 42
13 238.263932263658 46
14 237.481385546157 49
15 237.181329773999 52
16 237.041768007751 55
17 236.966120694734 58
18 236.924138684449 61
19 236.900223162341 64

0 676.94647309351 3
1 550.042720227454 7
2 448.458689811554 10
3 381.22416752855 13
4 333.561126133588 16
5 321.973896623303 19
6 335.05355884763 22
7 320.412885891505 25
8 301.075255268455 28
9 302.854483176408 31
10 281.29099302657 35
11 249.912210790244 38
12 239.613067431417 41
13 237.342352554842 45
14 236.435445607808 48
15 236.066096535288 52
16 235.90451825156 55
17 235.818393346896 58
18 235.771911765586 61
19 235.745669014121 64

0 633.004979916087 3
1 529.986761121206 6
2 428.774943386133 9
3 359.110306274089 12
4 333.386083513177 16
5 317.489211911261 19
6 310.707915533942 24
7 333.589833700929 28
8 304.167721593254 31
9 292.028547146189 34
10 273.635684398363 37
11 248.612984474776 41
12 241.454899564564 45
13 239.369127941882 48
14 238.703863217694 51
15 238.428656411008 54
16 238.301100725412 57
17 238.236129966246 61
18 238.200295687979 64
19 238.180188133835 67

0 721.780439859788 3
1 524.701350605965 6
2 451.601858433138 9
3 384.259143106123 12
4 343.748881841322 15
5 315.795407549945 19
6 326.551664038812 24
7 331.735005531283 28
8 299.328542062589 31
9 293.675596279759 34
10 280.629997123391 38
11 249.742412842532 41
12 242.345319107659 44
13 240.127673495913 47
14 239.40358725414 50
15 239.097328968325 53
16 238.958182905179 58
17 238.884700380551 62
18 238.844564954685 65
19 238.821624313246 68

0 758.946841525432 3
1 693.393221862582 6
2 440.777305185555 9
3 390.259544009171 12
4 331.1248453954 16
5 325.145984135092 19
6 326.336378013884 23
7 310.3507199226 27
8 298.351015689639 30
9 294.458575886755 33
10 278.164115761494 36
11 249.689001047719 39
12 240.050530524475 42
13 237.854248325036 45
14 237.112862200992 48
15 236.770923999588 52
16 236.619574202907 58
17 236.541505011301 61
18 236.498428688368 64
19 236.474045379077 72

0 795.924403959971 3
1 584.707706449709 7
2 449.577174704824 10
3 400.879643294592 14
4 347.019550119792 17
5 308.79146744977 24
6 322.683687527665 28
7 333.880891281042 32
8 313.689461737754 35
9 290.625392792024 39
10 284.908067097634 42
11 253.927696773459 46
12 244.080410941139 49
13 241.249941381418 52
14 240.380212141943 57
15 240.013900273222 61
16 239.835525215303 64
17 239.738270936554 67
18 239.684914397979 71
19 239.654211348969 74

0 757.057233397529 3
1 513.853611867022 6
2 438.436842972303 9
3 374.138675997089 12
4 323.608302597286 17
5 357.871782210945 21
6 321.951214229258 24
7 349.214417147607 27
8 288.621541454348 30
9 293.614883875557 33
10 267.071531279346 37
11 253.536906646337 40
12 242.332680981439 43
13 240.074302694072 46
14 239.1263109552 52
15 238.78158848535 55
16 238.617175158643 61
17 238.528611021027 65
18 238.479528236007 68
19 238.451841309385 71

0 699.226135579763 3
1 552.297105032135 6
2 551.206330953052 10
3 397.839949083577 15
4 355.758143813219 19
5 313.160591905573 22
6 324.580829695019 25
7 320.497795890911 28
8 288.820473501853 31
9 295.731594694107 34
10 274.664319165469 37
11 252.655267204566 40
12 242.020884077846 43
13 239.586084065556 47
14 238.763634864606 51
15 238.430785169642 54
16 238.266458844706 58
17 238.179850207208 61
18 238.132354793798 64
19 238.105572538217 68

0 688.010980870706 3
1 646.517228827757 6
2 469.69413863144 9
3 400.915988020851 12
4 357.331914704098 16
5 326.457870198727 19
6 307.549407718422 22
7 349.849070334625 26
8 304.079956769346 29
9 280.855441064848 32
10 274.14998355138 35
11 250.601837305008 38
12 242.053419003612 41
13 239.190342818912 46
14 238.226053247595 49
15 237.842811800532 52
16 237.652595978212 55
17 237.548228837095 58
18 237.49080131018 61
19 237.458061538554 64

0 581.579245598396 3
1 591.218573650273 6
2 539.660545885952 9
3 408.919081565886 13
4 336.132290107094 17
5 330.458530296869 26
6 319.532213908663 29
7 329.21317424145 33
8 300.978354434265 37
9 283.156708016944 40
10 290.16650829903 43
11 252.393922425695 46
12 241.946921847295 49
13 239.543651867614 53
14 238.764834331867 56
15 238.414958096888 59
16 238.244979304827 62
17 238.156182024232 65
18 238.107174395789 68
19 238.079210426927 72

0 861.82241672384 3
1 600.60886325149 6
2 459.103079882813 9
3 382.630940772929 12
4 376.306496349594 16
5 313.58539232648 19
6 309.097479712495 22
7 353.35905442383 25
8 294.835185730547 28
9 284.557124515853 33
10 275.841358056731 36
11 249.522181687181 39
12 241.52945636603 43
13 238.737278408747 46
14 237.906501157834 49
15 237.584994369239 52
16 237.428264571808 55
17 237.348273176709 58
18 237.304230075007 61
19 237.279611475933 65

0 723.365144923703 3
1 578.746530419241 6
2 439.837631846721 9
3 411.422717558416 13
4 346.658341182011 16
5 324.248644347552 19
6 346.351753606052 22
7 320.572859771518 25
8 318.803258421405 29
9 299.255712384101 32
10 277.252187324366 35
11 248.911478162343 38
12 240.787690288539 41
13 238.413984501551 45
14 237.621165597611 48
15 237.288541845231 51
16 237.123839313915 54
17 237.034212647555 57
18 236.985300584891 60
19 236.95769846606 65

0 768.027039111926 3
1 623.08946745572 6
2 439.156767660264 9
3 368.743773211093 12
4 323.085900487129 16
5 319.182686294359 19
6 312.007578749177 22
7 337.35336831295 25
8 291.142372800886 28
9 284.326140568039 31
10 280.19504755655 34
11 252.229464666956 38
12 241.667570409724 41
13 239.171529182391 44
14 238.357011838272 47
15 238.013964392858 50
16 237.841895507751 54
17 237.751060001039 57
18 237.701236230838 60
19 237.67261002057 63

0 758.013227821688 3
1 585.08102795211 6
2 467.951985071282 9
3 363.23670736769 13
4 352.130052026902 16
5 337.663386733618 19
6 334.41905073724 22
7 336.143527473186 25
8 316.680945298407 29
9 277.642848198926 32
10 286.830272321991 35
11 253.294349341181 38
12 242.674884585001 41
13 239.965228983096 44
14 238.927886247777 47
15 238.535413197888 50
16 238.345721870583 54
17 238.248299470004 57
18 238.194392322079 60
19 238.163564453275 63

0 710.496655987628 3
1 573.193633254795 6
2 438.462955779306 9
3 379.405083456901 12
4 333.361075096365 16
5 332.823491602365 20
6 332.989215536128 23
7 350.846924179119 26
8 293.325643503508 29
9 289.615462792058 32
10 278.954945087479 35
11 248.136397987325 39
12 239.376725046676 42
13 237.246810506962 45
14 236.510315450068 48
15 236.233567982407 51
16 236.107825365378 55
17 236.043350188983 58
18 236.00860036274 61
19 235.989183751798 64

0 857.23283987562 3
1 625.903234157378 6
2 438.662877811025 9
3 387.174538683463 13
4 329.667891909463 17
5 310.94386150779 21
6 304.468287646984 24
7 345.288508878049 27
8 299.835012552219 30
9 298.867088182207 33
10 281.531192706201 36
11 251.184903835099 39
12 242.411954739429 42
13 240.178350192437 45
14 239.385525717763 48
15 239.087984961967 51
16 238.944166905782 54
17 238.867464540547 57
18 238.823948137966 60
19 238.799634610883 63

0 749.169762781144 3
1 550.303747449042 6
2 452.122750569683 9
3 385.148475700261 12
4 343.549474730918 15
5 312.006397154365 18
6 322.033523899531 21
7 330.327437017029 24
8 297.267081121314 27
9 291.542111665974 30
10 279.132737979935 33
11 249.320440872255 36
12 241.215226712352 39
13 238.936313763661 42
14 237.991142020402 46
15 237.604401542177 49
16 237.43116034559 53
17 237.338152649253 56
18 237.28670924827 59
19 237.257463353606 63

0 705.486092902106 3
1 575.079408221829 6
2 430.252056324673 9
3 374.202112487053 12
4 341.457931492547 16
5 324.597410954014 19
6 300.645589691054 23
7 315.725168704086 26
8 309.132010946585 29
9 302.17968503351 32
10 279.788180564428 35
11 252.529565486797 38
12 242.966820624395 41
13 240.213022289779 45
14 239.316895467547 48
15 238.968793128788 51
16 238.794806183222 54
17 238.706032755521 57
18 238.657237436034 61
19 238.629615078432 64

0 836.214691065023 3
1 591.060867042934 6
2 499.829739713667 9
3 386.801957176548 13
4 338.815173480759 16
5 321.359739504223 19
6 316.858678689654 22
7 347.34033025078 25
8 312.985320708936 28
9 301.545863128238 31
10 278.763180722351 34
11 251.103957806435 37
12 244.111644818857 41
13 241.619413219036 44
14 240.929112565503 47
15 240.653841070298 50
16 240.519388734109 54
17 240.447021085433 57
18 240.407199573121 60
19 240.384550006979 63

0 685.09036744006 3
1 592.045592622818 6
2 431.865346881231 9
3 372.015555622536 13
4 360.078388436971 16
5 312.430666392879 19
6 345.317884693129 22
7 328.940130928204 25
8 294.059964979186 28
9 281.927430645169 31
10 272.507079580227 34
11 253.595890729066 37
12 240.622897440703 40
13 237.906264100734 44
14 237.088286771371 47
15 236.762196895117 50
16 236.606001410236 53
17 236.520535424171 56
18 236.474255167459 59
19 236.448476727646 62

0 676.886970439513 3
1 564.642589632054 6
2 407.806073721343 9
3 392.549252601942 12
4 338.066712040412 15
5 317.788991723598 19
6 337.597081417915 22
7 338.635386743263 25
8 288.309011186046 29
9 291.542543510635 32
10 278.891111910318 35
11 249.164716631166 38
12 242.206767403046 41
13 239.607742366661 44
14 238.928002673514 48
15 238.626433648748 51
16 238.476220039386 54
17 238.398883109827 57
18 238.355713130815 60
19 238.331072137501 63

0 746.964260055154 3
1 658.433102617598 7
2 438.747592760883 10
3 405.646689343572 13
4 356.384808715937 16
5 325.659652203315 19
6 330.782348794701 22
7 314.390468526565 25
8 293.721230759645 28
9 287.243778932896 32
10 272.854237764371 35
11 250.373932725648 38
12 241.89307452533 41
13 239.175547202466 44
14 238.392716487776 47
15 238.042300327828 50
16 237.874646846346 53
17 237.790153438482 57
18 237.744494194969 60
19 237.718738281857 63

0 646.976927107493 3
1 535.162015229835 6
2 464.664725836603 9
3 390.116806145087 13
4 341.376268085533 16
5 330.738513017436 19
6 327.249893620161 22
7 325.674409328331 25
8 299.673379682132 29
9 304.119221038064 32
10 276.858569800481 35
11 251.818420678011 38
12 240.72142926356 41
13 238.207873065342 44
14 237.410341473093 47
15 237.075567534459 50
16 236.930626691376 53
17 236.853523631972 56
18 236.810987341493 59
19 236.787079879142 62

0 790.274507640348 3
1 522.934802088949 6
2 473.272224181635 9
3 347.52210230073 12
4 344.403831382162 15
5 327.662656745574 18
6 322.727186348589 21
7 315.142407867932 25
8 293.459043450204 28
9 301.986710782425 32
10 267.585549696937 35
11 249.765270551138 38
12 240.755147994618 41
13 238.421125564765 44
14 237.708136355558 47
15 237.413929181116 50
16 237.271726592755 53
17 237.198867502499 57
18 237.158705000122 60
19 237.136190562808 63

0 714.365861295601 3
1 534.91799760965 6
2 452.757353089228 9
3 396.479813058925 12
4 331.149280325497 15
5 313.05432408579 18
6 328.32265799395 21
7 324.457889880346 24
8 290.614540799698 27
9 295.103987899118 30
10 270.647577706156 33
11 251.611399243166 36
12 241.063355640707 39
13 238.499297490747 42
14 237.731350388384 46
15 237.396549481335 49
16 237.23799063199 52
17 237.156040909696 55
18 237.110483728164 58
19 237.084594640188 61

0 737.696010579644 3
1 562.932867932807 6
2 422.311540537437 9
3 350.485424006391 12
4 357.535043884389 15
5 317.134883799206 18
6 344.734450787416 21
7 327.128014021797 24
8 295.296869680859 27
9 294.702386665032 30
10 279.060665857416 33
11 253.172610876181 36
12 243.11722323633 39
13 240.65756670113 42
14 239.770307384644 45
15 239.412485727898 48
16 239.230053406014 51
17 239.132817564925 54
18 239.078969183667 58
19 239.048072454419 61

0 734.358972926677 3
1 574.674117012716 6
2 438.375846994742 9
3 388.083159922177 12
4 361.100329322909 15
5 337.982607692705 18
6 326.503223543845 22
7 323.709958138075 25
8 305.822012156773 28
9 292.573626856725 31
10 283.068116339317 34
11 251.153125884908 37
12 241.365569309509 40
13 238.791050622728 43
14 237.939024748053 47
15 237.608038927854 50
16 237.453130162411 53
17 237.370927133025 57
18 237.326091894388 60
19 237.300724071198 63

0 766.481709994134 3
1 554.037364478318 7
2 453.780995920948 10
3 393.043783492101 13
4 340.811374520862 16
5 328.749371438141 20
6 309.152401253447 23
7 344.252098657496 26
8 302.767141976107 29
9 287.937684831549 32
10 282.23721719361 35
11 249.75608848799 38
12 241.171744422532 41
13 238.487922965955 44
14 237.583472826464 47
15 237.197943740612 52
16 237.017682656545 55
17 236.920338756696 58
18 236.867233915828 61
19 236.836919002417 64

0 668.495332961001 3
1 599.886837764957 6
2 480.892419281597 9
3 370.541583018567 12
4 329.46128070435 15
5 296.048348075962 18
6 310.406679681083 21
7 380.932527940577 24
8 304.247427928037 27
9 282.723549247597 30
10 277.26581425448 33
11 249.152245816115 36
12 240.784682572041 39
13 238.425723316805 42
14 237.735796836285 45
15 237.463581948249 48
16 237.332664240368 51
17 237.264768607265 54
18 237.228030367309 58
19 237.207111621811 60

0 740.243866528141 3
1 576.455031865808 6
2 436.359675376171 10
3 370.540091501467 13
4 349.60851964438 16
5 348.637141114987 19
6 320.168885320296 23
7 321.848026516766 26
8 304.715431299936 29
9 287.119569133703 33
10 277.312306678128 36
11 251.617918550779 40
12 240.345745637403 44
13 238.054632724628 49
14 237.317252929121 53
15 237.043461364319 57
16 236.911117310793 61
17 236.841733066897 65
18 236.803670657684 72
19 236.78238330148 77

0 726.641292904619 5
1 571.306462818263 8
2 460.759564547722 12
3 362.67035517611 15
4 347.25204647052 19
5 309.554918708818 23
6 328.795757147594 31
7 341.955206258774 35
8 306.18981542471 38
9 294.499233878172 43
10 274.285766377231 46
11 248.747434766022 49
12 240.813318045869 52
13 238.16205189032 55
14 237.40871867017 59
15 237.11095379342 62
16 236.97259936816 66
17 236.900776491252 73
18 236.861349664127 82
19 236.839181524995 88

0 641.283844480917 7
1 559.869733918912 16
2 461.803478653507 27
3 432.333565783706 32
4 351.655904473405 37
5 308.13819917573 43
6 316.741422896753 50
7 325.387382204322 55
8 300.224529397528 62
9 285.537396747214 72
10 278.242245992061 77
11 251.434706310346 82
12 241.788183790005 88
13 239.501868660482 94
14 238.660174832065 98
15 238.318739530969 103
16 238.164900912388 108
17 238.083138227796 114
18 238.038055055525 118
19 238.012552070801 122

0 752.334677699738 4
1 558.508946550165 9
2 461.341676509782 16
3 376.408913852043 22
4 344.787238876726 34
5 321.973305800691 40
6 315.863261478099 46
7 334.14558540247 53
8 293.553941790977 60
9 288.793394153472 65
10 279.615179473706 70
11 252.780131033571 75
12 243.745931022402 80
13 240.728627352456 85
14 239.745259170591 91
15 239.319066174901 96
16 239.114504240415 99
17 239.004618224533 103
18 238.943859343965 107
19 238.909068548908 110

