0 37834.7274534024 165
1 37282.368940815 331
2 38991.0742639233 543
3 34780.4558612501 707
4 31661.5183814505 871
5 27943.1948294372 1040
6 23245.4011357571 1201
7 18790.6046888814 1369
8 14702.4217598436 1540
9 12252.3527724704 1694
10 10501.9165160987 1851
11 8858.15701174256 2010
12 7838.70019003385 2169
13 7388.20232934521 2334
14 6806.95694087932 2489
15 6484.75288009369 2649
16 6212.65097409177 2808
17 6082.76453646287 2973
18 5957.91171852742 3130
19 5867.99302055575 3284
20 5777.0535285258 3438
21 5716.1798587778 3597
22 5710.01205251542 3755
23 5675.60768506493 3907
24 5641.11009835483 4062
25 5622.95205456536 4222
26 5615.90853551765 4386
27 5611.51920113657 4543
28 5608.89187703258 4697
29 5607.39859294503 4854
30 5606.28126341636 5014
31 5605.46237268185 5175
32 5605.05534208623 5335
33 5604.6006604191 5491
34 5604.2968388794 5656
35 5604.0637766883 5823
36 5603.90934712354 5983

0 37032.8088215785 158
1 38334.3282179867 311
2 35627.462058739 465
3 35796.9044577264 624
4 33709.8305732209 777
5 27823.8610482012 935
6 22582.9173854869 1093
7 18344.3039217507 1264
8 14354.19409461 1427
9 12253.2610480888 1584
10 10382.9837329763 1741
11 8821.3411163006 1900
12 7909.84866191532 2056
13 7179.28248628611 2210
14 6799.67826294703 2390
15 6500.85826233946 2553
16 6230.9856340423 2710
17 6079.39952635848 2875
18 5941.31471836921 3036
19 5869.72635535879 3200
20 5773.58680507282 3358
21 5726.55634210324 3528
22 5703.91726877178 3695
23 5675.26613177416 3868
24 5639.10737220638 4024
25 5623.505881833 4178
26 5615.38556081272 4340
27 5611.73486191194 4506
28 5609.07765048361 4669
29 5607.12395140106 4827
30 5606.19241445969 4986
31 5605.62664272224 5146
32 5605.08780013547 5317
33 5604.65397697373 5492
34 5604.27084510638 5658
35 5604.10556749605 5815
36 5603.97663293706 5983

0 39537.9402075925 170
1 36497.9007454029 329
2 35201.2697968615 488
3 34636.3125082685 660
4 32239.2768973146 818
5 26747.7098375704 981
6 22583.2176745019 1140
7 18380.8366861171 1302
8 14309.3463509499 1457
9 12033.5981817088 1613
10 10313.9059802011 1770
11 8900.92474293682 1926
12 8018.66882616721 2083
13 7364.78424152443 2245
14 6793.0453446613 2404
15 6467.88719140445 2563
16 6245.93933662652 2715
17 6072.0212946362 2870
18 5941.21321015451 3025
19 5884.41983630369 3185
20 5781.50445150446 3344
21 5730.797805204 3505
22 5706.63155364124 3670
23 5677.44343844016 3830
24 5638.38799163214 3990
25 5623.79897508531 4154
26 5616.06227519329 4312
27 5611.27828366157 4471
28 5609.00446067459 4633
29 5607.16177123879 4793
30 5606.20594850075 4956
31 5605.54347026037 5115
32 5605.01062140879 5273
33 5604.63494189121 5430
34 5604.36335065188 5596
35 5604.11967799424 5756
36 5603.98607751659 5912

0 37855.996360616 163
1 39420.7141613832 321
2 36635.3983377154 483
3 35879.5805470097 643
4 31438.7106994745 805
5 27786.6913882554 966
6 24206.6857967266 1124
7 18298.1099868896 1289
8 14454.8240058174 1447
9 12205.7088924145 1601
10 10109.982895679 1757
11 8688.02201196573 1918
12 7917.48372396832 2074
13 7332.44343817556 2226
14 6804.09591347081 2383
15 6438.94440911686 2540
16 6206.64454615558 2700
17 6079.05886513994 2856
18 5941.75230658086 3014
19 5864.62738223923 3171
20 5771.93576899226 3335
21 5731.14140193293 3490
22 5709.74487203054 3645
23 5677.91170191097 3802
24 5640.52779978895 3965
25 5622.70696426059 4131
26 5615.67652136517 4286
27 5611.57307360216 4454
28 5608.91291758755 4621
29 5607.30666310757 4800
30 5606.3512654926 4962
31 5605.60911469603 5136
32 5605.1227853252 5296
33 5604.6236472385 5452
34 5604.32546564557 5611
35 5604.1456575577 5770
36 5604.02222217949 5929

0 38111.3528389152 165
1 37711.0203387178 336
2 39372.0441347235 500
3 35307.0492401442 675
4 32276.9776362863 837
5 28008.4635380462 1001
6 22487.3071133335 1153
7 18332.780136225 1319
8 15435.384019207 1486
9 11629.4849960155 1648
10 10405.7911324837 1815
11 8747.005304606 1971
12 7990.57135180517 2131
13 7216.65785631974 2290
14 6837.91398687575 2449
15 6486.08624115379 2601
16 6258.7462283585 2756
17 6052.66008579983 2923
18 5933.93530884949 3093
19 5858.56583011179 3242
20 5772.74509290853 3395
21 5724.80023574801 3549
22 5705.11214236402 3706
23 5671.7816136261 3866
24 5639.15079064788 4023
25 5623.70887855418 4180
26 5615.25184482806 4346
27 5611.53461679147 4513
28 5608.6826858824 4684
29 5607.10929615865 4839
30 5606.0763713861 4993
31 5605.4633231607 5150
32 5604.92595080938 5316
33 5604.67128035777 5483
34 5604.40257850841 5646
35 5604.09508176321 5801
36 5603.99302656779 5963

0 38503.2227224017 172
1 37236.1460977713 340
2 39438.8190327002 495
3 33122.4901256696 654
4 33234.9374142603 810
5 29095.5762142281 975
6 23023.0501008405 1131
7 18028.2543877042 1284
8 15304.4705719688 1447
9 11986.0304267888 1614
10 10292.7260734131 1772
11 8921.30368923825 1928
12 7883.90356828152 2079
13 7223.68729411554 2233
14 6796.80117404481 2387
15 6443.48834755679 2538
16 6228.80266183925 2688
17 6083.88315740185 2847
18 5951.82743109991 3008
19 5856.64729368019 3158
20 5772.71514053984 3310
21 5726.83697972051 3464
22 5705.26293243991 3621
23 5672.82385703899 3787
24 5639.38794059619 3948
25 5623.54123878807 4104
26 5616.48022734142 4279
27 5610.71115058196 4442
28 5608.81013962155 4599
29 5607.08023731935 4756
30 5606.39185654216 4917
31 5605.38233622637 5080
32 5604.96459598321 5246
33 5604.58091537264 5409
34 5604.28709799982 5565
35 5604.12120263463 5725
36 5603.95803253418 5885

0 37941.0742025999 172
1 37793.7127587274 337
2 37482.2399621615 489
3 34900.7932518272 645
4 34439.9457169371 802
5 29528.6899584563 960
6 22131.2449637615 1133
7 17730.1971498103 1288
8 14981.8683800745 1446
9 11945.842408973 1603
10 10207.6089470201 1760
11 8933.94819591483 1912
12 7888.79095820735 2068
13 7279.9496072646 2226
14 6751.97195323619 2382
15 6477.64339005542 2533
16 6233.4606802815 2690
17 6060.86551846549 2844
18 5956.09464452173 2998
19 5864.5146481465 3153
20 5776.66879519176 3311
21 5721.68504345777 3464
22 5704.17461412395 3615
23 5679.09252382422 3776
24 5641.22211788727 3935
25 5623.42252276162 4093
26 5616.25560629867 4262
27 5611.25680787903 4425
28 5608.98340074107 4581
29 5607.24893748648 4730
30 5606.18272425549 4887
31 5605.43580197854 5045
32 5604.98673004411 5202
33 5604.62271961273 5356
34 5604.28618132959 5508
35 5604.12836514641 5668
36 5603.97280160639 5824

0 38138.3886764534 161
1 41536.1901446441 316
2 37702.7746278308 471
3 35512.5743331543 625
4 31495.9821654149 788
5 27026.5011510325 939
6 23064.3817664765 1100
7 18722.1278184694 1256
8 15270.7695042536 1415
9 11906.7685406803 1566
10 10221.030296078 1717
11 8886.22562311796 1872
12 7836.17919961957 2033
13 7205.31393515106 2184
14 6792.64322884767 2336
15 6498.9879135664 2502
16 6247.33592731812 2657
17 6080.46507279649 2808
18 5939.30642756793 2959
19 5873.35901664734 3122
20 5779.91153940253 3277
21 5730.9609955763 3434
22 5701.31141287406 3582
23 5674.25404557678 3736
24 5640.18116903368 3894
25 5624.1759263603 4052
26 5615.35407943727 4210
27 5611.59885447249 4365
28 5608.77764935825 4521
29 5607.47306750115 4679
30 5606.22954347038 4836
31 5605.38724943172 4987
32 5605.00384258494 5151
33 5604.52956068213 5318
34 5604.26806603591 5478
35 5604.11466331031 5636
36 5603.97353096958 5789

0 39292.8413564923 160
1 36543.9003025977 312
2 36868.8093170478 462
3 35339.6221733792 612
4 32627.8985891178 771
5 28261.4926522942 925
6 22272.096979086 1075
7 18409.9429098584 1230
8 14744.1372788694 1383
9 11941.6403981848 1535
10 10504.8969110416 1690
11 8777.8008365058 1838
12 7961.46093295351 1994
13 7213.22104251315 2151
14 6801.80096690489 2306
15 6529.34531611714 2452
16 6238.37600029844 2605
17 6096.69424447749 2766
18 5936.7919506129 2915
19 5874.35246174666 3068
20 5769.18272881061 3221
21 5742.13977695803 3380
22 5707.39017808484 3550
23 5674.3866726518 3710
24 5639.18968785168 3868
25 5623.79649015658 4021
26 5616.02307267287 4178
27 5611.60551088498 4333
28 5609.19373896545 4482
29 5607.26917208914 4632
30 5606.28636122892 4796
31 5605.39177247843 4956
32 5604.99747844739 5106
33 5604.65857265887 5257
34 5604.32647599734 5412
35 5604.1119433594 5566
36 5603.91245082063 5719

0 37224.032141055 148
1 37953.4600467304 303
2 36418.8569262986 460
3 35225.4319574759 608
4 33159.3052751887 764
5 27843.5644635421 918
6 21837.4600879712 1076
7 18328.7277736364 1229
8 14325.796306815 1385
9 11860.4016154004 1546
10 10159.4289666175 1706
11 8740.9315256621 1870
12 7923.48582471768 2023
13 7187.49594481098 2171
14 6754.07961688595 2325
15 6506.38904353594 2479
16 6252.8945711189 2625
17 6089.66652240288 2777
18 5944.81073585729 2940
19 5879.86661420251 3098
20 5772.61676412483 3256
21 5722.27107922775 3410
22 5708.79667521819 3567
23 5676.15244404293 3722
24 5639.56547263786 3889
25 5623.90888770816 4043
26 5616.32587321309 4196
27 5611.1389203434 4351
28 5609.02162867449 4519
29 5607.16171671948 4685
30 5606.20584945892 4834
31 5605.54073328061 4991
32 5605.02662436723 5151
33 5604.55773084386 5303
34 5604.36188198482 5453
35 5604.12342580034 5605
36 5604.00979476172 5757

0 38186.5578794432 155
1 38246.8816475995 308
2 36939.8099837781 463
3 36217.4204582629 616
4 33665.990064562 770
5 26753.125543466 923
6 23390.9698559273 1073
7 18614.294312904 1230
8 14625.6695462448 1391
9 12102.3061139547 1550
10 10124.132074607 1705
11 8943.14700833699 1868
12 7846.80693927826 2033
13 7185.30918511402 2186
14 6804.06339788144 2344
15 6502.63768147216 2493
16 6226.88963079235 2645
17 6087.71729211035 2796
18 5956.77326179555 2947
19 5868.41583257408 3102
20 5771.9275520906 3265
21 5726.12932186966 3422
22 5701.31956784105 3573
23 5677.37014247451 3723
24 5640.49546307376 3880
25 5624.44397794436 4042
26 5615.17674841907 4198
27 5611.57075017737 4353
28 5609.05986159856 4517
29 5607.12441625892 4679
30 5606.25063056613 4845
31 5605.55517680487 4999
32 5605.05846615533 5151
33 5604.62238771482 5304
34 5604.36376694413 5462
35 5604.09944757197 5617
36 5603.94571358357 5771

0 38488.0200131113 159
1 38430.5249203387 315
2 36686.7289615569 469
3 36196.1340356981 625
4 31734.2774122647 790
5 27918.0531064081 947
6 22527.7477305897 1100
7 18609.9519712074 1253
8 14822.2577821406 1422
9 11965.1349088115 1587
10 9973.22950110695 1742
11 8832.67690175639 1896
12 7946.46837903361 2054
13 7265.64283493107 2206
14 6850.25287418906 2360
15 6520.77631439322 2517
16 6263.71536561078 2677
17 6067.59266456922 2825
18 5945.2088614769 2986
19 5879.89698853137 3144
20 5774.66343851333 3299
21 5730.48201637666 3448
22 5706.12271896585 3605
23 5672.92740791235 3768
24 5640.18313968894 3921
25 5623.90672184593 4074
26 5615.69747620085 4226
27 5611.22963302905 4390
28 5608.88147389624 4547
29 5607.16958137511 4702
30 5606.25111235265 4853
31 5605.44629266319 5009
32 5604.96796774525 5163
33 5604.58036241979 5314
34 5604.31188747206 5464
35 5604.11671562523 5624
36 5603.93531446049 5793

0 38024.9225135323 162
1 39853.8800494155 308
2 37739.0873333986 459
3 33504.439825222 618
4 32842.0805385437 771
5 27953.3159719234 927
6 23486.8096041071 1075
7 18534.9110525451 1229
8 14744.9133772068 1388
9 12128.8746088129 1540
10 10316.2779448553 1688
11 8860.34808541473 1839
12 7885.58101645584 1995
13 7308.77106550202 2143
14 6838.06100190012 2290
15 6522.45981406944 2442
16 6239.11924239079 2595
17 6079.4772289615 2747
18 5929.51360162898 2895
19 5866.86977885673 3054
20 5782.31241424433 3207
21 5725.03506647738 3352
22 5707.35428638125 3497
23 5676.79607525897 3654
24 5641.22030669719 3816
25 5624.5093014865 3980
26 5616.63283094551 4134
27 5611.4757473958 4292
28 5608.82568375373 4454
29 5607.36754900552 4610
30 5606.14055624748 4763
31 5605.54732375003 4915
32 5605.0346469955 5077
33 5604.66843381772 5245
34 5604.42780295157 5401
35 5604.15223993771 5562
36 5603.96505487141 5729

0 37557.2597685957 158
1 38397.6397356765 313
2 36580.2179638291 469
3 35111.736322733 619
4 32284.1076610298 774
5 29450.3181726881 934
6 24401.5550385965 1088
7 18382.7249726993 1242
8 14608.6050670014 1405
9 12099.6477821888 1564
10 10073.0112130215 1718
11 9034.04354851176 1873
12 7794.42710640758 2022
13 7324.24584536984 2179
14 6847.95613608925 2335
15 6413.22103914775 2490
16 6231.33459391645 2642
17 6070.45655995708 2804
18 5936.42473296931 2957
19 5874.56291117243 3106
20 5776.54812246899 3255
21 5722.59337647747 3408
22 5700.49702050655 3556
23 5675.22538640419 3714
24 5639.85001420515 3869
25 5623.57362974331 4023
26 5615.54047844576 4189
27 5611.30222975419 4348
28 5609.0060780684 4503
29 5607.14628583986 4656
30 5606.34893066243 4816
31 5605.44216295665 4971
32 5604.97651537239 5121
33 5604.61018314211 5276
34 5604.33588091995 5432
35 5604.1217486076 5597
36 5603.96084983167 5747

0 36160.2219074813 155
1 38341.1351494827 306
2 35543.7785203308 457
3 36971.0166821877 614
4 33331.4960868478 765
5 27593.206618023 921
6 23296.4381416558 1076
7 18611.8318315061 1239
8 15044.8189961129 1401
9 12254.64379169 1558
10 10155.4949922319 1726
11 8908.08149737273 1882
12 8100.4243323837 2036
13 7287.63197670842 2201
14 6752.05173983476 2353
15 6491.81393958169 2508
16 6190.49074616232 2670
17 6020.531111752 2822
18 5928.60153077663 2987
19 5861.58018761828 3146
20 5774.3545012248 3304
21 5725.50531133134 3455
22 5700.9033245389 3603
23 5674.90175034811 3763
24 5640.0851551046 3916
25 5624.15017664748 4074
26 5615.49110403568 4226
27 5611.21373117146 4382
28 5608.94962528639 4537
29 5607.24289485352 4695
30 5606.05584432153 4850
31 5605.49152674192 5002
32 5604.98551976651 5157
33 5604.66561187184 5312
34 5604.33078903038 5466
35 5604.11152931607 5626
36 5603.97042800172 5796

0 38605.4452956662 162
1 39267.832473909 327
2 37258.4196014789 487
3 32799.8802538023 640
4 30369.1219288075 795
5 27771.389661353 952
6 23892.6655567062 1102
7 18896.5298876369 1251
8 14712.1843918583 1413
9 12265.7540355577 1585
10 10103.4191909755 1746
11 9047.44971895886 1900
12 7917.06114741164 2046
13 7335.38698779379 2200
14 6774.72245008297 2351
15 6518.5973735289 2506
16 6229.55071501951 2669
17 6059.9631525918 2824
18 5954.48158071032 2981
19 5877.46016867924 3150
20 5778.42444267242 3311
21 5723.27903646382 3462
22 5705.76039345381 3627
23 5675.78092482319 3783
24 5639.465179801 3943
25 5624.33091345214 4095
26 5616.31437573546 4255
27 5611.70241782384 4413
28 5609.16063530025 4567
29 5607.23035845029 4720
30 5606.21055609086 4880
31 5605.45783453504 5038
32 5604.93523504453 5196
33 5604.59968868256 5353
34 5604.27143783726 5502
35 5604.12436988949 5661
36 5603.96888710761 5817
37 5603.80483836141 5977

0 39152.3029723351 152
1 38525.3907060998 303
2 37474.8545098348 459
3 35218.0299385473 610
4 32848.8869596233 768
5 28385.7547443381 938
6 23313.285442905 1098
7 18214.5582369596 1251
8 14398.2929052846 1404
9 11867.8321229071 1556
10 10157.9492480592 1713
11 9059.65053918437 1866
12 7774.96022070354 2018
13 7181.40725994126 2173
14 6786.76431648942 2345
15 6511.39684314761 2502
16 6220.53119153842 2660
17 6058.8344605495 2809
18 5950.82867439209 2969
19 5866.9512910689 3129
20 5781.34074909214 3285
21 5728.86140076905 3439
22 5706.20334846029 3599
23 5678.06751023571 3759
24 5639.57622837175 3916
25 5623.99873558369 4075
26 5616.04869221098 4231
27 5610.9234810475 4380
28 5609.06126464926 4538
29 5607.37126827242 4699
30 5606.09173075665 4850
31 5605.39768819314 5006
32 5604.91461677191 5174
33 5604.60365135348 5332
34 5604.36670329814 5491
35 5604.1608919884 5642
36 5603.95413603455 5799

0 39041.8587464286 158
1 39335.3733019328 314
2 37381.5317173625 462
3 36690.1198695345 610
4 33453.0829210506 769
5 28126.1840111904 928
6 23632.0250141364 1082
7 19048.6639984946 1230
8 14648.3076979309 1386
9 11934.7409539448 1541
10 9932.29627772406 1702
11 8984.32300379271 1851
12 8054.38734095121 2002
13 7183.29214896731 2168
14 6773.88732251566 2325
15 6460.05678804527 2473
16 6231.65616586273 2630
17 6062.9657777332 2782
18 5931.14134468072 2934
19 5876.92868864457 3082
20 5781.02930193101 3231
21 5722.89712812583 3386
22 5704.82205717379 3538
23 5676.74916145529 3694
24 5638.5119456173 3849
25 5624.34393290046 4003
26 5616.14537552043 4160
27 5611.08074632057 4312
28 5609.23586864914 4463
29 5607.48158844931 4618
30 5606.12499182769 4777
31 5605.5170511886 4932
32 5604.94914139705 5084
33 5604.60097174531 5239
34 5604.39286176412 5399
35 5604.14761512288 5550
36 5604.00243167008 5700

0 38336.0234657129 164
1 39420.612837264 318
2 37449.7258749629 474
3 34187.1509689451 631
4 32487.2493643731 784
5 28986.1235712353 950
6 23600.6220196361 1107
7 18446.4773257469 1263
8 14510.5166965075 1416
9 11898.6928015959 1571
10 10054.1697329284 1731
11 8864.84390339108 1883
12 7874.87731376925 2035
13 7253.35984778672 2198
14 6811.57971574721 2353
15 6483.2882661318 2505
16 6229.82366274069 2659
17 6059.3069867498 2814
18 5953.38950682919 2970
19 5886.9945239608 3123
20 5781.12524282608 3278
21 5725.77155798913 3430
22 5704.40418816914 3591
23 5675.53335918346 3752
24 5639.0816554545 3908
25 5624.33761859711 4060
26 5615.90572671629 4218
27 5611.29209698888 4378
28 5608.94678359605 4531
29 5607.36922509052 4684
30 5606.27066073971 4845
31 5605.55147419774 5006
32 5605.1671946092 5162
33 5604.67739463162 5319
34 5604.40443871055 5475
35 5604.14328743105 5631
36 5603.9364486488 5794

0 38978.826162762 171
1 39501.9460907994 320
2 38038.818062269 475
3 36772.7958632592 634
4 31822.7537352901 788
5 27807.2670266857 939
6 22590.4774663515 1091
7 18341.5224237661 1249
8 15074.0677212461 1402
9 12074.7826666838 1552
10 10313.0213125795 1702
11 8762.92397238821 1860
12 7974.1828203898 2017
13 7325.89283207187 2163
14 6801.96191780315 2315
15 6494.04428191606 2465
16 6223.34858269377 2618
17 6060.96297994255 2769
18 5955.1713073621 2916
19 5872.82092894738 3069
20 5771.78289098028 3226
21 5729.51342252099 3379
22 5707.45595762529 3527
23 5676.66407136104 3682
24 5640.48130221392 3839
25 5624.05648123402 3992
26 5615.59182131683 4142
27 5611.58767660613 4297
28 5608.78077572948 4454
29 5607.27694033125 4605
30 5606.13586160046 4753
31 5605.57138820557 4916
32 5604.9777395766 5076
33 5604.62975192192 5239
34 5604.29669730946 5388
35 5604.12599940207 5537
36 5603.97752598062 5691

0 37835.2158776213 152
1 37343.7130551131 309
2 37652.8135934046 461
3 36314.2718377199 620
4 32862.7836715591 775
5 28633.230085811 934
6 23030.0108799853 1085
7 18558.5890249033 1237
8 14411.3118384075 1397
9 11718.984937337 1546
10 10323.4008066075 1693
11 8924.95360131569 1855
12 8079.61758111431 2014
13 7232.52750061263 2161
14 6818.61205418712 2308
15 6473.02833874046 2461
16 6222.12474025859 2614
17 6053.79729067315 2762
18 5951.55807220418 2918
19 5882.73368027741 3068
20 5786.4060486991 3223
21 5722.56175000348 3374
22 5702.82423273473 3527
23 5676.56806564056 3681
24 5640.59403018288 3835
25 5624.21928023685 3996
26 5615.83861443765 4145
27 5612.05379629283 4296
28 5608.86856859683 4455
29 5607.10195074688 4621
30 5606.27791020264 4775
31 5605.49323191056 4930
32 5604.98752741961 5086
33 5604.57855405361 5241
34 5604.34696320966 5399
35 5604.09804165705 5553
36 5603.95472399693 5708

0 38713.7575246629 155
1 36969.872356826 309
2 37240.3484838488 462
3 33778.0978814477 617
4 31612.1305581077 774
5 27867.9491962344 932
6 22861.9050577488 1082
7 18654.9058702383 1238
8 14804.6080237732 1394
9 12042.6847130911 1547
10 10117.7552131305 1698
11 8847.11679659129 1851
12 7958.47058135625 2009
13 7183.2405122149 2159
14 6776.54974532767 2308
15 6482.25044837486 2456
16 6244.05954600375 2608
17 6054.48878005739 2761
18 5955.98032724654 2913
19 5866.2231637229 3066
20 5784.37327003247 3225
21 5729.84777484657 3378
22 5704.77506057885 3525
23 5671.8264732702 3675
24 5638.74824101065 3836
25 5624.40921628634 3990
26 5615.83876078591 4146
27 5611.19082041201 4297
28 5608.83155366933 4452
29 5607.32217459274 4611
30 5606.18024017517 4766
31 5605.50632412101 4915
32 5604.95400125365 5068
33 5604.60095970367 5230
34 5604.35134106685 5382
35 5604.16300473067 5530
36 5603.98757433478 5686
37 5603.89562750912 5844

0 36137.6654853738 156
1 37057.0265528927 305
2 37348.1077709286 460
3 34975.4431354907 613
4 30380.6885267698 763
5 28734.3245412809 919
6 22554.4164446031 1071
7 18314.8336806368 1229
8 14726.2830429571 1386
9 12126.7632632685 1535
10 10243.8270092878 1688
11 8914.06864045803 1839
12 7954.63720213923 1999
13 7263.10064010413 2146
14 6801.33750638025 2294
15 6494.328860357 2448
16 6242.14578612815 2599
17 6064.27123389976 2746
18 5950.2602710753 2893
19 5865.45728017144 3058
20 5776.80310885079 3208
21 5728.31863520447 3356
22 5708.17586324839 3506
23 5680.31485406093 3661
24 5640.21963504859 3816
25 5624.26741935915 3970
26 5616.6063193711 4125
27 5612.01237334071 4284
28 5609.30178904194 4443
29 5607.4201169003 4598
30 5606.23657154049 4748
31 5605.39987940358 4901
32 5604.89848543493 5059
33 5604.57577222803 5215
34 5604.26036205693 5366
35 5604.12476127963 5517
36 5603.95346118183 5683

0 38600.9899143853 156
1 37271.8087213717 308
2 37873.6152424636 462
3 37121.1233854234 616
4 31405.2344861569 770
5 28216.6251993754 920
6 22417.6207023145 1073
7 18130.3844273762 1227
8 14326.7445995787 1401
9 12426.0133499484 1561
10 10098.416591764 1726
11 8966.75184545735 1883
12 7995.91929897817 2043
13 7196.64843156177 2209
14 6782.84197203801 2385
15 6453.62826022448 2538
16 6224.44971002509 2690
17 6060.91779642122 2850
18 5952.36469476277 3001
19 5867.37297147483 3172
20 5780.13081932664 3346
21 5729.60284241124 3501
22 5701.93349986671 3658
23 5674.88523685045 3811
24 5638.55904792397 3962
25 5624.09464213989 4112
26 5616.34422792869 4278
27 5611.88252842709 4438
28 5608.8416032998 4591
29 5607.3445453778 4743
30 5606.22575661786 4897
31 5605.51488679708 5051
32 5604.94074167066 5204
33 5604.60129575113 5362
34 5604.30534110171 5513
35 5604.11418164819 5672
36 5603.92819558691 5830

0 39485.5746471412 154
1 38834.7684277018 304
2 37084.5442736013 462
3 36224.3795472455 619
4 32300.5003432007 770
5 29119.8530702798 923
6 23573.5939878068 1083
7 18753.8691271952 1241
8 14255.208260451 1389
9 11710.6525648502 1548
10 10146.113133741 1700
11 8759.63547345073 1857
12 7982.53538287683 2009
13 7255.3392409346 2161
14 6812.76971106517 2314
15 6449.32498784933 2467
16 6225.10913509041 2632
17 6049.14778064206 2779
18 5951.98731110502 2945
19 5862.01175801162 3106
20 5777.59013678307 3266
21 5732.44547673245 3430
22 5702.18049828429 3617
23 5673.56515521553 3780
24 5641.47607087769 3944
25 5623.46864649264 4101
26 5615.87672988609 4262
27 5611.44138271035 4414
28 5608.78174600299 4567
29 5607.20612394008 4737
30 5606.15478791448 4900
31 5605.50021827169 5060
32 5604.87120754857 5214
33 5604.60292278893 5365
34 5604.3312307426 5525
35 5604.11163334537 5684
36 5604.00339772649 5838

