0 36341.4176252223 180
1 37667.8382076481 357
2 31778.0454324635 524
3 21708.1008946025 698
4 14095.5085322492 861
5 9710.28458122061 1024
6 7635.03351540405 1191
7 6602.07805546109 1357
8 6161.25473333697 1520
9 5894.8723282578 1680
10 5734.79302784455 1845
11 5686.33733762593 2006
12 5617.46930358293 2172
13 5607.06600137933 2338
14 5605.14765732562 2498
15 5604.5967087947 2667
16 5604.39733952433 2836
17 5604.31337616523 3000
18 5604.2760383727 3171
19 5604.25883618661 3343

0 37023.0965373354 173
1 37260.9946249704 344
2 33376.031440247 530
3 21362.5591899098 709
4 13779.4430809892 893
5 9727.24974987429 1063
6 7530.8401304881 1236
7 6594.99418089587 1413
8 6150.94788821127 1576
9 5908.608975047 1738
10 5741.17341709061 1915
11 5687.38329001633 2085
12 5617.60861787009 2251
13 5607.02351004804 2412
14 5605.10443800349 2574
15 5604.56495235608 2742
16 5604.37098925358 2908
17 5604.28925266714 3076
18 5604.25288366703 3241
19 5604.23613626223 3411

0 37335.6460428166 169
1 39714.6114788667 333
2 33418.8889777485 501
3 22019.7742683448 668
4 13532.9753251176 830
5 9525.57459304114 992
6 7480.80753518766 1177
7 6621.16236278885 1360
8 6149.55854277995 1540
9 5915.34404717495 1714
10 5739.1788342787 1890
11 5690.96224061295 2052
12 5617.06005280827 2211
13 5607.09247306541 2377
14 5605.16061859448 2550
15 5604.60613802039 2719
16 5604.40314342289 2881
17 5604.3182396101 3048
18 5604.28055256031 3223
19 5604.2632289188 3386

0 37500.8208157675 174
1 38133.4475106473 343
2 32253.9974058081 529
3 21236.4459714867 699
4 13418.9683126805 862
5 9510.08595391778 1027
6 7526.469103321 1192
7 6593.16251558071 1358
8 6146.28979368538 1521
9 5898.07557854003 1686
10 5732.55426774656 1858
11 5686.37607547 2036
12 5617.13927516341 2209
13 5607.11458509731 2382
14 5605.12910498783 2555
15 5604.57722346848 2721
16 5604.37515496847 2879
17 5604.29130698684 3041
18 5604.25381758698 3209
19 5604.2366067343 3383

0 37007.8790278787 179
1 37591.9525175902 354
2 32135.1547113444 515
3 22724.8437093163 678
4 13810.8361144242 842
5 9537.20511242941 1007
6 7610.1806467214 1182
7 6646.54933042375 1355
8 6148.34970500367 1517
9 5893.38116632663 1679
10 5735.28355707775 1845
11 5688.67557827579 2013
12 5616.94740691446 2174
13 5606.71536304704 2334
14 5604.9440716331 2494
15 5604.44947063454 2662
16 5604.27135581496 2828
17 5604.19692192924 2993
18 5604.16385226715 3165
19 5604.1486727859 3328

0 37124.8633499968 174
1 36619.8909448994 343
2 32362.0798805875 516
3 22635.0604513298 686
4 13656.4461966049 854
5 9515.23866699159 1029
6 7694.20121305691 1195
7 6631.85752925929 1355
8 6138.64714908513 1522
9 5894.25456440748 1691
10 5734.9665620637 1865
11 5690.8962428406 2038
12 5617.44480938017 2215
13 5606.93615883797 2391
14 5605.0420657261 2563
15 5604.52214873336 2727
16 5604.33163925681 2888
17 5604.25233372265 3050
18 5604.21698418462 3231
19 5604.20073016762 3413

0 37995.1398085886 196
1 37214.0633798492 389
2 30524.3616361584 565
3 22075.4856268949 727
4 13624.6559420043 884
5 9708.46657605784 1029
6 7570.08614353191 1177
7 6641.03316963248 1341
8 6147.70511832805 1493
9 5905.72102166562 1668
10 5735.56470014419 1833
11 5690.2220783062 2010
12 5617.52544960033 2184
13 5606.85943606986 2350
14 5605.05737384364 2500
15 5604.53636122752 2660
16 5604.34579777545 2825
17 5604.26608734609 2987
18 5604.2303663747 3136
19 5604.21396286156 3299

0 37591.5447722098 168
1 38712.5860809831 327
2 32162.8562043013 490
3 21980.7257807856 649
4 13760.5723537393 808
5 9755.96106765431 977
6 7663.43334185707 1142
7 6643.18066063921 1299
8 6146.67328396492 1454
9 5902.09002280392 1605
10 5744.59767228802 1753
11 5690.77863982598 1905
12 5617.71376501912 2053
13 5607.19511518982 2198
14 5605.21889715893 2356
15 5604.65516515408 2506
16 5604.4484078285 2657
17 5604.36152414843 2801
18 5604.32281992256 2952
19 5604.30500383528 3104

0 36394.3040051544 150
1 37538.1629234482 300
2 31733.4433607021 460
3 20963.1360441737 614
4 13327.8889717522 758
5 9672.87746611738 912
6 7562.49693238731 1068
7 6610.97955908746 1225
8 6150.54486637194 1373
9 5909.93284601121 1525
10 5739.24166712518 1670
11 5688.24766938511 1818
12 5617.06096052336 1962
13 5606.92530065314 2114
14 5605.0244781768 2262
15 5604.51125490711 2405
16 5604.32342680047 2549
17 5604.24455593429 2710
18 5604.20943076152 2871
19 5604.19326644659 3023

0 37818.3644298746 147
1 36038.8981723014 302
2 31122.9237082964 458
3 21700.8948485477 606
4 13381.4179830213 757
5 9748.71417069714 907
6 7551.83579548958 1061
7 6602.01394817538 1210
8 6120.68558523572 1354
9 5905.53888367024 1503
10 5737.82497742428 1657
11 5690.85114656024 1800
12 5617.48714863486 1943
13 5607.03658061419 2091
14 5605.15438397453 2237
15 5604.59953359157 2379
16 5604.39924135575 2529
17 5604.31511109435 2680
18 5604.27755556788 2827
19 5604.26031294845 2974

0 37348.6017348785 170
1 38463.7980812573 328
2 31146.5919306417 481
3 21310.5207583618 631
4 13621.1464357459 780
5 9695.95766688037 933
6 7577.60007874972 1079
7 6608.51389094024 1222
8 6155.15597256874 1389
9 5902.47792012001 1547
10 5740.81627320588 1702
11 5691.12956618616 1851
12 5617.33049160074 2007
13 5607.02406663573 2166
14 5605.13578789764 2325
15 5604.59245555047 2479
16 5604.39554874855 2641
17 5604.3124255397 2795
18 5604.27530594222 2950
19 5604.25820017022 3102

0 39063.7225932645 148
1 37436.8561128019 299
2 32569.5226353421 449
3 22439.5293541848 600
4 13451.076364512 744
5 9600.05614564135 905
6 7500.15621901726 1056
7 6620.33017051167 1199
8 6095.55829289475 1342
9 5905.95318778612 1489
10 5733.8023196738 1633
11 5689.43399215689 1776
12 5617.36145136897 1923
13 5606.91311757575 2075
14 5605.05790006763 2221
15 5604.53115293923 2365
16 5604.33865510296 2511
17 5604.25889545722 2656
18 5604.22326383464 2798
19 5604.20687440843 2942

0 38039.3264621222 157
1 35334.0702461197 305
2 30604.1776062463 453
3 22185.4030787995 603
4 13749.2439755194 759
5 9641.58125725254 904
6 7545.29482460833 1048
7 6596.13651115539 1206
8 6167.08009815773 1355
9 5903.54293461342 1496
10 5739.1757870764 1650
11 5697.45247227809 1804
12 5617.11814843145 1965
13 5606.91899448981 2119
14 5605.08394618406 2276
15 5604.55842204868 2434
16 5604.36465323422 2583
17 5604.28375527669 2733
18 5604.24774559631 2884
19 5604.23115507915 3040

0 36038.8987104292 161
1 37251.1334129151 322
2 30732.1526482813 474
3 21313.5134867463 631
4 13771.6996058575 785
5 9919.58059711904 943
6 7602.65946431657 1095
7 6608.11615257502 1248
8 6140.13328277742 1403
9 5899.22785828568 1559
10 5730.37985077649 1711
11 5688.20911988074 1863
12 5616.74239273889 2013
13 5606.7377475949 2161
14 5604.95309035094 2308
15 5604.45690988191 2456
16 5604.27831450871 2604
17 5604.20387337773 2752
18 5604.1705628864 2895
19 5604.15523746112 3041

0 38979.1848847589 169
1 36322.1124833234 322
2 33223.2414046619 471
3 22392.5892318314 625
4 13468.9680157717 781
5 9431.87279063456 935
6 7696.4378449807 1083
7 6649.37703715595 1232
8 6171.21215894718 1385
9 5902.88150884687 1535
10 5740.56464741533 1680
11 5685.86741324369 1832
12 5617.59845674696 1982
13 5607.02248575051 2133
14 5605.10411065946 2280
15 5604.56520741178 2431
16 5604.3701577404 2583
17 5604.28803466773 2734
18 5604.25136443002 2883
19 5604.23452354557 3030

0 37682.3967097343 161
1 37975.7805394295 311
2 32348.0870422079 457
3 22398.660267683 612
4 13902.8050441157 764
5 9779.76057379955 909
6 7679.08263611785 1052
7 6627.25904002709 1209
8 6122.65420775497 1367
9 5907.02930416114 1519
10 5739.60601966853 1668
11 5690.60591305397 1821
12 5617.20224449644 1971
13 5607.09745171944 2119
14 5605.17439922115 2266
15 5604.61553705849 2417
16 5604.41289843933 2570
17 5604.32809793574 2712
18 5604.2902508096 2861
19 5604.27286859855 3006

0 36948.2868432416 152
1 38988.8937436602 301
2 32462.2830164712 448
3 20692.8312400585 598
4 13743.8362858076 745
5 9749.84478172262 892
6 7606.71941940041 1045
7 6599.28748165523 1204
8 6159.82301429446 1354
9 5908.1789041454 1505
10 5739.3828637144 1672
11 5688.77123822454 1833
12 5617.92331591616 1987
13 5607.15551509444 2137
14 5605.16134245416 2292
15 5604.60686671018 2446
16 5604.40585414821 2603
17 5604.32197075202 2751
18 5604.28450978757 2897
19 5604.26727810649 3043

0 38680.9292394846 150
1 35794.4829860459 298
2 32216.8823530636 444
3 21500.5946381817 592
4 13724.0139715037 739
5 9675.24862761379 901
6 7551.05074517271 1059
7 6630.7387460469 1209
8 6149.45546611719 1354
9 5884.47220530946 1496
10 5733.22483803302 1649
11 5687.69516142998 1795
12 5616.80703119958 1939
13 5606.84282265181 2081
14 5605.03838900915 2237
15 5604.52120847891 2396
16 5604.32999027445 2546
17 5604.25066660272 2698
18 5604.21543777566 2848
19 5604.19921233911 2997

0 38322.2597480715 149
1 37369.345612114 306
2 31985.8644634308 463
3 21094.7236620171 626
4 13860.6321164872 778
5 9818.47056904987 933
6 7738.47961587818 1089
7 6597.75855843902 1249
8 6178.43858476395 1405
9 5905.60886255604 1560
10 5737.34437623617 1715
11 5686.79571397414 1874
12 5617.36881003689 2034
13 5607.11987323616 2185
14 5605.12979438304 2342
15 5604.58578994756 2499
16 5604.38515127134 2653
17 5604.30245734322 2803
18 5604.265627752 2955
19 5604.24866731498 3109

0 35881.4117555563 157
1 37551.4943958306 311
2 31742.9535437234 466
3 20841.9936669103 622
4 14030.0707220616 769
5 9529.41379530204 913
6 7591.88546797638 1056
7 6658.19717629223 1209
8 6156.03092451705 1357
9 5915.02614995057 1500
10 5744.31103761631 1644
11 5687.21188482723 1802
12 5617.6326441288 1949
13 5607.11522311797 2095
14 5605.15246590141 2246
15 5604.60786776829 2395
16 5604.40425576749 2538
17 5604.31955707003 2683
18 5604.28178094505 2829
19 5604.26439351828 2978

0 37530.1979824062 148
1 36656.0598457978 295
2 30968.1471956365 441
3 21453.1479568821 588
4 13412.1007576061 733
5 9492.66834364763 881
6 7640.59519946439 1036
7 6606.7532425485 1195
8 6171.08825356575 1352
9 5927.01137353376 1512
10 5744.53837634961 1667
11 5685.40712875722 1819
12 5616.4111461456 1967
13 5606.91994576258 2114
14 5605.02582046756 2266
15 5604.50106657109 2410
16 5604.31333647957 2556
17 5604.23523737098 2704
18 5604.20041513427 2861
19 5604.18438437536 3007

0 38652.0544563895 149
1 37378.5574152999 300
2 32764.4155689314 454
3 22107.3394618772 600
4 14025.3281319354 745
5 9705.90999322242 892
6 7654.53837289299 1039
7 6609.13162496291 1185
8 6158.62181572192 1347
9 5902.1994425506 1498
10 5736.51288342381 1650
11 5687.34226475517 1797
12 5616.98559673906 1940
13 5607.16396305902 2090
14 5605.19657902231 2237
15 5604.62405198982 2381
16 5604.41680416226 2540
17 5604.33032485319 2686
18 5604.29181985798 2828
19 5604.27413033272 2970

0 39432.9605618238 159
1 36247.5712351472 317
2 32098.257003743 466
3 22442.935954047 618
4 13835.0968073208 766
5 9526.32855503631 927
6 7667.95688084715 1082
7 6638.18522212924 1240
8 6150.07316935961 1399
9 5902.56572887564 1549
10 5737.11895529087 1694
11 5687.33721842736 1841
12 5616.92877624782 1986
13 5606.96258751619 2134
14 5605.08357002268 2283
15 5604.54957732581 2439
16 5604.35546870098 2593
17 5604.27400537565 2747
18 5604.23773638992 2899
19 5604.22105798096 3051

0 37548.1559052263 153
1 37554.6107207305 304
2 31965.1423179028 449
3 21136.2320714944 605
4 13807.4068560344 763
5 9568.763001787 921
6 7615.97626846033 1069
7 6607.7944267856 1216
8 6170.20205326399 1371
9 5900.39523541369 1525
10 5739.0738595183 1669
11 5689.52510087319 1812
12 5617.50800535673 1963
13 5607.17433856157 2120
14 5605.11440306606 2265
15 5604.57851632906 2412
16 5604.37923803299 2557
17 5604.29631684176 2700
18 5604.25931113674 2843
19 5604.24228268383 3000

0 37469.0751376336 150
1 35106.6052675219 295
2 31817.1262714128 440
3 20793.4774709856 607
4 14440.7018483882 766
5 9598.21987667704 919
6 7712.13209396184 1069
7 6555.50426653987 1226
8 6150.42149944868 1383
9 5916.72676017824 1536
10 5741.91663800278 1688
11 5688.91296301907 1849
12 5617.27855511045 2007
13 5607.03323314503 2161
14 5605.13222652445 2311
15 5604.58778117132 2465
16 5604.38900663631 2619
17 5604.30618362363 2772
18 5604.2692563338 2924
19 5604.25224355404 3078

0 37375.4003725388 161
1 37759.9163465583 326
2 31339.261590114 479
3 22535.0780068842 633
4 13823.8528635842 788
5 9589.72163189602 939
6 7711.58137062169 1093
7 6574.37448696432 1244
8 6139.50856355683 1399
9 5915.04236256695 1556
10 5732.8816901115 1715
11 5688.0758756683 1866
12 5618.17903224282 2018
13 5607.17838038981 2171
14 5605.15649484896 2322
15 5604.5968380737 2467
16 5604.39271032423 2618
17 5604.30793517631 2769
18 5604.27012811494 2915
19 5604.25274776587 3062

0 38862.8812591748 155
1 36770.1995066027 317
2 32398.916423954 479
3 21666.3989225203 633
4 13939.8378392704 787
5 9581.23390795266 939
6 7543.5742868491 1097
7 6602.96080848062 1252
8 6150.83607842856 1405
9 5901.32091339925 1557
10 5733.67154089601 1710
11 5691.74067005239 1858
12 5617.78218632861 2012
13 5606.99890679982 2169
14 5605.09680237245 2329
15 5604.56300104459 2482
16 5604.36726184138 2634
17 5604.28536508955 2795
18 5604.24880670139 2948
19 5604.23197980515 3101

0 34918.315341657 151
1 38305.9852688893 309
2 32050.8057835874 465
3 21558.6498776402 624
4 13717.8166550944 777
5 9728.06281332532 929
6 7522.82950674557 1084
7 6622.86747658485 1241
8 6156.12765866679 1395
9 5912.53491464158 1541
10 5739.96376023591 1697
11 5688.03616733463 1849
12 5617.64620534427 1999
13 5607.04946844936 2146
14 5605.1475676218 2303
15 5604.60450013925 2463
16 5604.40552744832 2608
17 5604.32257966566 2751
18 5604.28551030475 2912
19 5604.26846697084 3077

0 37152.3125914245 160
1 36439.0561233201 320
2 31592.9608263448 480
3 21325.9612919175 643
4 14220.4150298025 808
5 9669.66125863055 959
6 7736.25471467468 1111
7 6620.43091979036 1273
8 6149.15452106993 1436
9 5894.08027376426 1595
10 5740.7195116964 1748
11 5687.25012486747 1900
12 5617.22840018509 2062
13 5607.05977885347 2224
14 5605.08129978335 2377
15 5604.55001598088 2531
16 5604.35457798141 2691
17 5604.27385127794 2849
18 5604.23778539305 3005
19 5604.22119666932 3159

0 38390.5036275976 158
1 37393.6688608601 316
2 32467.4665063824 476
3 21628.1000032502 629
4 13603.2689091452 779
5 9497.16948682617 925
6 7513.29916053389 1073
7 6630.01613534577 1217
8 6158.68343614558 1362
9 5901.68498636555 1508
10 5734.36590277896 1652
11 5686.72079208082 1798
12 5617.51032772169 1946
13 5607.07868222728 2096
14 5605.11166452125 2239
15 5604.56647531811 2391
16 5604.37023049211 2548
17 5604.28804193608 2708
18 5604.25139871374 2863
19 5604.23453642793 3016

0 38441.2033703608 170
1 36617.0098628204 328
2 32529.1827715487 483
3 21723.7588454326 636
4 13968.5483883328 794
5 9703.49926859861 949
6 7581.31351796432 1097
7 6599.44772023431 1245
8 6129.61375485347 1392
9 5903.62142321429 1553
10 5743.29137892011 1708
11 5691.48613103425 1857
12 5616.94461835215 2009
13 5606.70325637575 2165
14 5604.96513859829 2316
15 5604.46767926325 2465
16 5604.28563221786 2613
17 5604.20953634394 2765
18 5604.17562249007 2925
19 5604.16003792098 3073

0 38478.629607011 150
1 35584.851488596 296
2 31326.7190369681 442
3 21854.136570382 590
4 13969.3542085115 736
5 9441.15756527824 886
6 7632.62743764999 1029
7 6604.63983150229 1176
8 6175.7874143863 1337
9 5922.21940256109 1494
10 5739.60289323668 1644
11 5692.87926174772 1792
12 5617.250902322 1937
13 5606.75753491926 2090
14 5604.94760810151 2247
15 5604.45057036843 2401
16 5604.26955531335 2564
17 5604.19385641824 2730
18 5604.16014566224 2884
19 5604.14466288458 3033

0 36079.2636802377 157
1 36725.5744130394 315
2 32972.1823121092 476
3 21649.8234142298 627
4 13860.2690544348 779
5 9662.79483844798 937
6 7538.68211386229 1104
7 6609.79625906396 1259
8 6168.30828188107 1408
9 5916.80052098505 1563
10 5741.07130383313 1714
11 5690.9203745639 1864
12 5616.695114951 2012
13 5606.91831563899 2161
14 5605.06150046764 2316
15 5604.53546231184 2469
16 5604.34386801361 2617
17 5604.26317493909 2769
18 5604.22727712665 2917
19 5604.21075045314 3068

0 38659.3605903824 147
1 39598.833513342 296
2 33145.4475839863 448
3 22352.6609934704 600
4 13789.1419951707 753
5 9502.70433911195 913
6 7622.95095487414 1067
7 6619.72987313352 1218
8 6128.71456422878 1365
9 5895.89202575777 1515
10 5742.79682911118 1668
11 5690.85465945822 1811
12 5617.60863947822 1957
13 5607.0100221422 2121
14 5605.14622768586 2276
15 5604.59633607003 2426
16 5604.39611970666 2582
17 5604.3122245688 2733
18 5604.27490794583 2890
19 5604.25775432167 3038

0 36091.7631937626 148
1 36236.5234528373 305
2 31097.1185173633 468
3 21284.8815616615 627
4 13707.5253121594 779
5 9468.16554313213 935
6 7609.30494806264 1095
7 6606.12050642419 1249
8 6154.73030862143 1399
9 5912.22599784825 1552
10 5734.7541160455 1710
11 5686.65788123955 1871
12 5616.97834814142 2022
13 5606.97111220035 2173
14 5605.09060864181 2328
15 5604.55624630363 2483
16 5604.36102358177 2635
17 5604.28032542877 2789
18 5604.2443608183 2943
19 5604.22779661845 3107

0 36245.6491554326 159
1 37299.2387034544 311
2 30973.0118182258 469
3 22266.1089836639 629
4 13850.1909631686 779
5 9890.89264723159 923
6 7554.08114034671 1080
7 6564.55750030352 1231
8 6160.57055798765 1390
9 5912.40890677594 1543
10 5738.4718452481 1700
11 5688.38886864961 1858
12 5617.00468468956 2014
13 5606.8665855767 2165
14 5605.03442101022 2318
15 5604.51155209211 2466
16 5604.32346528638 2612
17 5604.24365938568 2761
18 5604.20834146966 2915
19 5604.19206035737 3071

0 36369.6450632885 156
1 36761.7240909711 308
2 31553.7556865303 465
3 21751.1152642843 624
4 13654.9098705006 782
5 9423.76168203493 937
6 7561.58854014223 1089
7 6619.4126180666 1246
8 6147.56290172453 1407
9 5920.0337654996 1559
10 5740.20280620829 1711
11 5684.56456645571 1864
12 5617.0008747306 2019
13 5606.98742509754 2175
14 5605.09087799854 2326
15 5604.55972515764 2478
16 5604.36378963578 2640
17 5604.28237387855 2799
18 5604.24619305111 2964
19 5604.22953091783 3118

0 37702.6227244047 157
1 37760.9472365665 318
2 31240.0133773312 477
3 21569.4207596182 629
4 14211.3032430153 775
5 9406.93536113376 929
6 7612.84722794852 1075
7 6609.44085678897 1221
8 6130.15491701774 1368
9 5904.463037093 1525
10 5740.39030717252 1683
11 5691.67467242765 1831
12 5616.56682688934 1985
13 5606.98117725003 2139
14 5605.08255642974 2303
15 5604.54600586362 2456
16 5604.35312532578 2612
17 5604.27261324346 2760
18 5604.23662757686 2916
19 5604.22006535294 3065

0 39791.1391804381 154
1 38886.4634917174 313
2 32462.819418785 475
3 21913.6116842546 635
4 13630.5861073225 790
5 9651.65445914258 942
6 7668.45847239582 1091
7 6586.1222318348 1242
8 6150.35155635531 1389
9 5894.71192864621 1537
10 5737.6629911672 1685
11 5691.21740095895 1833
12 5618.26371671134 1979
13 5607.10379377871 2127
14 5605.1412754108 2274
15 5604.59275034824 2419
16 5604.39438742164 2565
17 5604.31129971016 2715
18 5604.27414999115 2864
19 5604.25705551366 3009

0 39003.9546924153 151
1 37767.463861514 315
2 31120.3951958753 469
3 21862.4442984023 624
4 13644.5318949665 774
5 9572.29165006 933
6 7523.16605612605 1094
7 6604.90038269946 1244
8 6164.06920508161 1392
9 5899.27909395632 1545
10 5741.13554336132 1700
11 5687.248302802 1843
12 5617.01880028263 1990
13 5607.09214736877 2151
14 5605.13009803384 2305
15 5604.58387653453 2455
16 5604.38577764315 2602
17 5604.30288317438 2752
18 5604.26608103085 2901
19 5604.24915825206 3051

0 38247.2056984883 154
1 35589.5593144045 302
2 31438.3899002062 452
3 22366.1951592406 599
4 13625.9794189993 747
5 9815.59496200243 907
6 7699.37452129574 1062
7 6669.99776492364 1213
8 6130.97258996394 1365
9 5904.61981511714 1523
10 5736.42946247163 1680
11 5687.81229174045 1829
12 5617.3411371013 1986
13 5606.88152844621 2141
14 5605.04124922934 2288
15 5604.52898760268 2435
16 5604.33986529338 2581
17 5604.26138225504 2732
18 5604.22634597319 2889
19 5604.2102224533 3041

0 40851.6509314676 156
1 36093.2971633736 309
2 32840.5467464155 467
3 21353.5535194167 625
4 13828.3719429525 783
5 9397.81357792657 947
6 7685.3613853522 1107
7 6611.0850697392 1264
8 6157.38011556115 1418
9 5898.8438237412 1571
10 5737.12614282059 1720
11 5687.61624840588 1870
12 5617.86872375112 2023
13 5607.1199559542 2172
14 5605.14265724657 2318
15 5604.59565943779 2466
16 5604.3949070114 2609
17 5604.31137000703 2766
18 5604.27393630112 2921
19 5604.25672616993 3068

0 37958.4424135214 150
1 36964.12174443 308
2 32732.9092786567 467
3 21830.8408554879 626
4 13385.4220741413 777
5 9669.56088259722 934
6 7561.26420385554 1095
7 6657.10270439813 1257
8 6143.41779547478 1410
9 5897.93432891421 1563
10 5733.65971028806 1717
11 5689.07082739974 1873
12 5616.92243495565 2022
13 5607.04882888737 2171
14 5605.07796488572 2317
15 5604.54398170209 2470
16 5604.34970653724 2622
17 5604.26889730775 2768
18 5604.2327580137 2921
19 5604.2161616171 3070

0 37797.8493073859 147
1 36363.6750098986 302
2 32507.1249118597 466
3 22245.038086039 621
4 13271.2712093543 771
5 9708.0606290763 919
6 7573.42061885963 1079
7 6616.23497798603 1229
8 6110.71246970181 1374
9 5889.74440212208 1519
10 5739.53719021841 1666
11 5690.24910015417 1812
12 5616.88588974308 1954
13 5606.97367717216 2109
14 5605.08478256858 2270
15 5604.5537713544 2422
16 5604.35950969307 2565
17 5604.2782861705 2709
18 5604.24212709789 2862
19 5604.22551130791 3007

0 38556.8852249299 146
1 35320.5572427192 294
2 32089.8825669942 447
3 21859.751719277 595
4 13685.3294038551 739
5 9407.57101381852 895
6 7612.29406375237 1043
7 6553.63888087777 1187
8 6159.51133610432 1331
9 5900.3118034835 1476
10 5740.09474041914 1619
11 5690.68307800745 1763
12 5616.87770427915 1917
13 5606.91505827652 2067
14 5605.03439017789 2209
15 5604.51530543852 2351
16 5604.32616682544 2498
17 5604.24745281312 2644
18 5604.2123147708 2786
19 5604.19616059696 2947

0 37728.5310431936 160
1 35889.1900134454 320
2 33293.1807573054 478
3 22350.2697197225 629
4 13937.4240727029 784
5 9675.92050231964 935
6 7592.28588460292 1084
7 6604.2712895344 1230
8 6167.88533075266 1378
9 5878.20307169095 1526
10 5737.40518554349 1670
11 5690.20594767488 1818
12 5617.23971107011 1968
13 5606.93835881402 2113
14 5605.05145999886 2254
15 5604.52987905759 2406
16 5604.33827613792 2552
17 5604.25816365848 2695
18 5604.22248502809 2838
19 5604.20606096452 2996

0 36696.1065102883 150
1 37179.6042908206 305
2 31161.3071070951 462
3 20851.5092663788 619
4 13218.4149758951 781
5 9701.48456612338 934
6 7602.94762511823 1091
7 6672.38113901895 1243
8 6152.76237036559 1407
9 5900.8158652496 1563
10 5740.34326740319 1709
11 5692.94037840919 1855
12 5616.86990682052 2013
13 5606.80221331457 2156
14 5604.99124461789 2299
15 5604.49081750906 2445
16 5604.30813838211 2594
17 5604.23149005384 2740
18 5604.19722738182 2895
19 5604.18148637579 3062

0 39242.0363405532 156
1 35324.4579208855 318
2 32858.9555004442 463
3 21442.57180864 614
4 13720.5198957345 764
5 9742.52630107641 908
6 7650.69150259897 1053
7 6573.47037453202 1214
8 6143.95721867975 1364
9 5907.31595534835 1510
10 5738.20094925463 1663
11 5689.7649258278 1812
12 5616.81762850889 1962
13 5606.89926553297 2107
14 5605.03794610594 2253
15 5604.53240817682 2399
16 5604.34544735464 2545
17 5604.26680420502 2694
18 5604.23175274981 2842
19 5604.21562101646 2993

0 38701.2277701194 150
1 36930.4704909722 303
2 32951.9802718112 462
3 22418.6433477489 620
4 13943.0187942418 768
5 9515.92795966901 914
6 7679.64185818986 1070
7 6673.28163639311 1224
8 6099.12306600038 1369
9 5898.53407894818 1516
10 5740.6927979108 1665
11 5687.58135027661 1812
12 5617.06937635865 1960
13 5606.95408858517 2105
14 5605.05933632932 2259
15 5604.52843735264 2416
16 5604.33792026242 2569
17 5604.25776307019 2734
18 5604.22210098938 2896
19 5604.20569129765 3059

0 38972.6777000972 154
1 38022.9797971942 313
2 32099.2572979265 466
3 21959.9368856311 617
4 14098.4005984979 782
5 9524.72396294612 945
6 7671.76350545828 1101
7 6602.30145008126 1259
8 6132.7301093889 1417
9 5915.13157901509 1569
10 5737.69786030509 1724
11 5687.22868098121 1881
12 5617.72642407652 2038
13 5606.96340722953 2201
14 5605.0610020884 2352
15 5604.5302440858 2503
16 5604.33863087574 2657
17 5604.25823937783 2816
18 5604.22253432698 2965
19 5604.20612812058 3124

