0 231574.94049279 1210
1 216486.291017385 1342
2 177560.521287276 1474
3 112523.848334662 1609
4 64319.6826871469 1740
5 42173.8024783627 1872
6 31244.2098040025 2008
7 24064.2155335346 2139
8 18617.8577021059 2276
9 14377.6428577488 2411
10 11216.3850506904 2542
11 8934.369882438 2674
12 7305.85450451146 2812
13 6162.81827222458 2944
14 5384.08566214491 3077
15 4861.99602640919 3212
16 4514.09393717832 3344
17 4279.30588239168 3480
18 4120.59597930971 3618
19 4012.86557610133 3749
20 3939.94234966978 3880
21 3890.23458348869 4013
22 3855.09795937015 4145
23 3829.89336830242 4279
24 3811.59332352482 4411
25 3798.4082765 4545
26 3788.6602207824 4678
27 3781.05716920095 4810
28 3775.28777567396 4941
29 3770.66691450402 5072
30 3767.04116902321 5204
31 3764.23889886841 5335
32 3761.97783742204 5468
33 3760.07248151241 5600
34 3758.67961795197 5732
35 3757.64728282896 5867
36 3756.83889802112 5997
37 3756.17620100991 6131
38 3755.62248041042 6265
39 3755.16053126433 6397
40 3754.77741372891 6527
41 3754.45884010331 6661
42 3754.18912255356 6793
43 3753.95115386904 6925
44 3753.72354515696 7062
45 3753.47609415542 7193
46 3753.17564157404 7326
47 3752.8215487035 7460
48 3752.47486524416 7590
49 3752.20518859653 7723
50 3752.02669865069 7854
51 3751.91305015796 7985
52 3751.83493475132 8117
53 3751.77376991448 8250
54 3751.72032405914 8382
55 3751.670963267 8520
56 3751.62495580373 8651
57 3751.58270869549 8782
58 3751.54462350572 8914
59 3751.5105487414 9046

0 234399.281656551 1208
1 227482.339645968 1340
2 217397.023448547 1475
3 195395.042109584 1606
4 148456.305694065 1737
5 93779.5801237851 1873
6 63223.413304793 2004
7 49992.3646674575 2136
8 43787.008937276 2270
9 40275.9043815601 2401
10 37924.9886154112 2532
11 36133.6676701484 2664
12 34671.4503880741 2793
13 33408.5772086187 2925
14 32284.8005835469 3057
15 31272.8438119484 3187
16 30360.8848379496 3319
17 29544.9418275396 3451
18 28801.6708791571 3582
19 28107.1202510055 3719
20 27452.468949792 3848
21 26829.7233467281 3979
22 26227.1366443827 4113
23 25633.6146678908 4245
24 25046.0330426506 4379
25 24467.7365675357 4512
26 23894.0769505879 4643
27 23313.802999311 4773
28 22725.0915540586 4904
29 22119.9205192767 5036
30 21489.8150060759 5169
31 20828.3129821421 5300
32 20138.8866421365 5431
33 19427.2249834785 5563
34 18705.0176543836 5695
35 17967.2396551644 5826
36 17229.1824836414 5958
37 16497.9756229752 6090
38 15767.2502340628 6221
39 15045.3765117263 6351
40 14327.0111036536 6482
41 13632.5460263794 6613
42 12961.9678934687 6749
43 12322.0682579147 6881
44 11705.6903948183 7012
45 11114.2867387965 7146
46 10547.528087507 7276
47 10015.3073868256 7408
48 9510.65559255206 7541
49 9041.93674693517 7671
50 8605.23716830174 7803
51 8189.99049183299 7937
52 7797.71333973393 8068
53 7434.76356748336 8200
54 7105.16660667825 8332
55 6805.25499224714 8463
56 6520.92086470791 8594
57 6257.62188991067 8726
58 6015.37977482293 8855
59 5795.21117957354 8989
60 5597.28754729431 9121
61 5415.87446730134 9254
62 5250.45702703465 9391
63 5101.23782423137 9523
64 4963.79861084289 9653
65 4837.72753944949 9787
66 4724.21417305562 9919
67 4622.36409870127 10050
68 4531.61490787218 10184
69 4452.1121094079 10315
70 4379.64658685562 10447
71 4312.57247650774 10580
72 4251.41781078548 10711
73 4195.55671610121 10845
74 4146.4333265268 10977
75 4104.37776121067 11108
76 4068.48914663013 11239
77 4035.2570786727 11370
78 4004.96789519672 11503
79 3977.89958701862 11633
80 3953.06928580011 11766
81 3929.99093747191 11898
82 3908.98286428234 12033
83 3891.44315050722 12165
84 3876.36059055803 12296
85 3863.60039276959 12430
86 3852.91743355516 12562
87 3842.27357976547 12694
88 3832.80374391007 12826
89 3823.97566882245 12957
90 3815.96856347658 13089
91 3808.75961775386 13223
92 3802.40564438823 13353
93 3796.16163212973 13487
94 3791.12852566872 13621
95 3786.29250695237 13752
96 3782.36099465817 13885
97 3779.28783050006 14018
98 3776.63931373109 14148
99 3774.22908957193 14279
100 3772.14433633339 14411
101 3770.26890730026 14543
102 3768.51687759797 14674
103 3766.92248499196 14804
104 3765.5664898002 14937
105 3764.45628914087 15070
106 3763.52393117674 15203
107 3762.65435117251 15334
108 3761.58139154266 15471
109 3760.51446766146 15604
110 3759.73283192346 15735
111 3758.96029422407 15871
112 3758.09045388379 16005
113 3757.45803530873 16136
114 3756.97193342847 16273
115 3756.32883219877 16407
116 3755.62386190252 16541
117 3755.0063697921 16684
118 3754.50273666784 16816
119 3754.11715745729 16951
120 3753.82349763696 17085
121 3753.59246644854 17216
122 3753.40483335064 17349
123 3753.24914898192 17490
124 3753.11674660609 17624
125 3752.9992254755 17763
126 3752.88869187636 17907
127 3752.77952664883 18039
128 3752.67030051692 18174
129 3752.56417835219 18315
130 3752.46667280108 18446
131 3752.38202622514 18578
132 3752.31093831642 18714
133 3752.25040781493 18846
134 3752.19417663774 18982
135 3752.1321769612 19120
136 3752.04879818679 19253
137 3751.92427637263 19389
138 3751.75094847732 19520
139 3751.55741856585 19652
140 3751.39040713148 19785
141 3751.2695197834 19923
142 3751.1867642804 20056
143 3751.12949449136 20190
144 3751.08948800363 20331
145 3751.06186906257 20465

0 230669.337138431 1201
1 214573.862217256 1334
2 175005.104020349 1467
3 107508.692396454 1598
4 55226.8576359673 1730
5 29375.5021823626 1862
6 17475.0805763254 1993
7 11473.9808233195 2126
8 8219.56254631461 2259
9 6394.27845059296 2390
10 5356.7811905719 2526
11 4762.4316792696 2659
12 4408.65452423723 2791
13 4198.40612511086 2923
14 4068.96453084477 3055
15 3986.2429372855 3190
16 3929.27438522144 3324
17 3887.91794414636 3457
18 3857.21295704265 3588
19 3834.04338022138 3723
20 3816.15045374353 3854
21 3802.07665486832 3988
22 3790.97591962157 4124
23 3782.01286088693 4255
24 3775.04783183315 4388
25 3770.02991738231 4521
26 3766.39328457934 4652
27 3763.62471231268 4784
28 3761.37775776767 4916
29 3759.40855224477 5048
30 3757.68547498579 5181
31 3756.29339017712 5316
32 3755.23717354719 5447
33 3754.43597999086 5582
34 3753.79159208316 5714
35 3753.24118149952 5844
36 3752.76965749396 5976
37 3752.38584209044 6109
38 3752.09048062393 6241
39 3751.86889386956 6372
40 3751.70187949247 6504
41 3751.57342076185 6635
42 3751.4718588484 6771
43 3751.38873718923 6902
44 3751.31739876771 7034
45 3751.25155724496 7169
46 3751.18350662213 7301
47 3751.10212608074 7433
48 3750.99403986559 7570
49 3750.85588286256 7701
50 3750.71050724823 7835
51 3750.59226283317 7970
52 3750.51444399891 8101
53 3750.46860564451 8233
54 3750.44190839274 8366

0 230356.444581682 1207
1 216493.569980884 1337
2 189520.69906355 1466
3 145476.103274681 1599
4 103258.561326881 1730
5 79047.250464723 1861
6 66419.63251384 1992
7 58993.1467650159 2120
8 54201.7506074403 2252
9 50835.0597746144 2381
10 48298.7221391723 2515
11 46277.3540489488 2646
12 44587.9047244204 2774
13 43129.0510449157 2906
14 41845.7937377322 3036
15 40706.1051804389 3167
16 39682.6659968578 3299
17 38762.7200715084 3429
18 37930.8956085324 3560
19 37172.6403873616 3689
20 36476.4044895985 3822
21 35832.438823622 3953
22 35235.1034956511 4085
23 34677.249499367 4216
24 34155.0448553846 4345
25 33663.9412703697 4482
26 33200.6188054409 4612
27 32761.9401139362 4742
28 32344.7050090124 4876
29 31947.6143618207 5007
30 31569.164695271 5139
31 31208.3429683029 5272
32 30862.8319544352 5402
33 30528.7523024004 5533
34 30206.7334220201 5664
35 29895.8861224589 5794
36 29596.5020501822 5923
37 29310.0743150657 6055
38 29035.2616591065 6185
39 28770.2425241822 6317
40 28516.5322267883 6446
41 28276.3646578093 6577
42 28049.4564950536 6711
43 27835.1501723125 6841
44 27632.0911861591 6974
45 27437.3856119875 7109
46 27251.873587579 7240
47 27073.627763894 7369
48 26901.0746334578 7502
49 26733.0419558908 7632
50 26568.817170316 7762
51 26409.4258419358 7895
52 26252.4566465116 8025
53 26095.9628939736 8161
54 25938.0138911724 8293
55 25778.536246132 8422
56 25615.4964212 8552
57 25447.2508485347 8684
58 25275.1372848188 8814
59 25098.4851788936 8944
60 24915.3325021633 9076
61 24724.9441640851 9205
62 24525.3121486858 9336
63 24317.9260263934 9465
64 24100.3663362209 9599
65 23872.4235678345 9730
66 23629.8718746145 9860
67 23366.078693365 9990
68 23076.289011339 10121
69 22755.1228137751 10254
70 22408.4735275925 10384
71 22035.2043490239 10516
72 21627.7114468762 10646
73 21178.9713086029 10777
74 20690.0058517309 10910
75 20167.1441420132 11043
76 19600.8217507997 11178
77 18978.7004860245 11310
78 18303.6648536687 11441
79 17585.0915032412 11576
80 16818.6156469209 11706
81 16011.6491987928 11836
82 15167.2556584815 11973
83 14290.8704738633 12104
84 13399.529556022 12234
85 12514.1174865952 12370
86 11649.5171905617 12500
87 10821.0745222691 12631
88 10045.6909763933 12765
89 9335.95791245274 12896
90 8692.76460676844 13029
91 8117.59440553186 13160
92 7610.14183334606 13292
93 7162.19309979196 13421
94 6773.53587189453 13554
95 6431.66732777634 13684
96 6134.76040814216 13817
97 5872.44498953431 13948
98 5639.69137948092 14081
99 5428.76685649486 14214
100 5243.01843971852 14345
101 5075.42214196259 14476
102 4930.16545502111 14609
103 4803.26862449972 14738
104 4691.0456657511 14871
105 4588.5584037314 15003
106 4497.11077408306 15135
107 4415.85234657687 15266
108 4341.29093932085 15398
109 4275.23929769767 15528
110 4217.12914491734 15659
111 4165.77016146058 15789
112 4120.36751449289 15921
113 4080.59197604828 16052
114 4045.2102018348 16183
115 4013.92853541616 16313
116 3985.14361355196 16446
117 3958.71391780618 16580
118 3934.95116569833 16712
119 3913.71086722496 16845
120 3895.32093622577 16974
121 3879.82113447661 17104
122 3866.10997105122 17236
123 3854.66115137454 17366
124 3843.75481590328 17497
125 3834.19612066268 17628
126 3825.34551793173 17758
127 3817.31094611011 17888
128 3809.99270837682 18021
129 3803.49868921599 18152
130 3797.21999430253 18284
131 3791.90890666481 18415
132 3787.02624252205 18544
133 3782.85688982335 18676
134 3779.52450586567 18807
135 3776.66704881127 18937
136 3774.21232440637 19069
137 3772.14377468761 19201
138 3770.24992826276 19332
139 3768.43665959831 19467
140 3766.79899528187 19597
141 3765.44182614182 19729
142 3764.36860117682 19861
143 3763.4872922486 19992
144 3762.60764319123 20124
145 3761.44857177399 20257
146 3760.41387554795 20389
147 3759.65509004179 20520
148 3758.75149898281 20651
149 3757.96192802859 20781
150 3757.40266989254 20921
151 3756.92748936697 21050
152 3756.23842653406 21182
153 3755.58236945018 21314
154 3754.99780457998 21444
155 3754.50704679582 21575
156 3754.12375997448 21707
157 3753.82832886139 21840
158 3753.59400411766 21970
159 3753.40219357229 22103
160 3753.24153956801 22235
161 3753.10343283408 22367
162 3752.97970725585 22499
163 3752.86321094416 22629
164 3752.74985885827 22759
165 3752.64008152799 22891
166 3752.53780343221 23024
167 3752.44719077859 23156
168 3752.36982180403 23285
169 3752.3040197816 23415
170 3752.2452707696 23546
171 3752.18585038234 23679
172 3752.11294951223 23809
173 3752.00757689239 23942
174 3751.85411432856 24074
175 3751.66643101714 24207
176 3751.49000786032 24339
177 3751.35599720229 24471
178 3751.26169630725 24601
179 3751.19299170584 24734
180 3751.14050322897 24866
181 3751.10034039265 24996
182 3751.07067027202 25130

0 230046.042540584 1203
1 219402.32836393 1333
2 199818.175156691 1469
3 161707.047294388 1600
4 107798.952980038 1731
5 62012.5254443832 1862
6 35285.9730490278 1994
7 21093.9449948216 2126
8 13579.8972831478 2257
9 9502.999816421 2388
10 7212.35941991107 2517
11 5893.27624463622 2650
12 5111.28389173538 2783
13 4639.34403781037 2915
14 4345.61525817051 3050
15 4157.13798716039 3180
16 4031.71652040284 3313
17 3947.41701881062 3445
18 3889.95861605904 3575
19 3850.37091086198 3708
20 3822.79847037602 3839
21 3803.5010229284 3971
22 3789.90790675589 4105
23 3780.23560319195 4237
24 3773.2605451108 4368
25 3768.14739731276 4501
26 3764.32238800887 4631
27 3761.40411873259 4763
28 3759.16534073891 4895
29 3757.46462777184 5025
30 3756.17318719489 5158
31 3755.16203190314 5293
32 3754.33155527861 5422
33 3753.64279688003 5552
34 3753.10388258734 5686
35 3752.71400329293 5817
36 3752.44295771796 5949
37 3752.25241848096 6081
38 3752.11230190798 6212
39 3752.00231071425 6344
40 3751.90794287764 6475
41 3751.81596878797 6605
42 3751.7107699095 6738
43 3751.57553393442 6871
44 3751.40519918588 7003
45 3751.21738258109 7140
46 3751.03150638132 7272
47 3750.8513203169 7402
48 3750.68707636108 7533
49 3750.56092503733 7662
50 3750.4807554538 7792
51 3750.43580174458 7923
52 3750.41166557736 8053

0 233693.232994935 1205
1 225209.742438411 1336
2 208279.506512765 1468
3 166757.476606718 1598
4 102337.663629275 1729
5 56418.9024450095 1863
6 33472.1287322341 1995
7 21490.3179389015 2132
8 14660.3541819546 2264
9 10632.1503932853 2395
10 8227.43342043881 2527
11 6793.21336929593 2660
12 5903.16222299968 2795
13 5330.06418164098 2931
14 4945.64521912421 3062
15 4667.74458351498 3195
16 4458.18503157414 3332
17 4298.54761407762 3466
18 4175.04373615739 3598
19 4079.87639895186 3733
20 4005.44025790173 3865
21 3947.4525299413 4002
22 3903.2270360363 4140
23 3868.56216047524 4274
24 3841.79795958958 4407
25 3821.14879340883 4541
26 3804.74942588446 4673
27 3792.19720287005 4805
28 3782.91030177709 4940
29 3775.94789376704 5072
30 3770.6711744086 5205
31 3766.72103450483 5337
32 3763.76943201479 5467
33 3761.53387697022 5598
34 3759.77880607071 5730
35 3758.31086150561 5862
36 3757.03806520649 5995
37 3755.9740080779 6128
38 3755.13113701624 6260
39 3754.47958813044 6391
40 3753.97312898702 6522
41 3753.57278574612 6653
42 3753.24964294571 6786
43 3752.98111799472 6918
44 3752.74908738557 7049
45 3752.53989902621 7185
46 3752.34459256415 7316
47 3752.15792194138 7450
48 3751.97493988444 7588
49 3751.78542056259 7720
50 3751.57201141091 7852
51 3751.32508747032 7985
52 3751.06979745436 8114
53 3750.85638323615 8245
54 3750.7108907332 8379
55 3750.6225818645 8510
56 3750.56930806777 8642
57 3750.53452687004 8777

0 230358.24383645 1203
1 212078.978841063 1332
2 168060.919951588 1469
3 107472.43110105 1601
4 70610.4283108065 1732
5 54473.4275607243 1863
6 46929.1658811429 1994
7 42324.3467599748 2128
8 38810.9169026857 2261
9 35924.0533962583 2392
10 33547.3501490521 2524
11 31597.003352472 2656
12 29996.1446832515 2786
13 28698.6014298087 2919
14 27636.5895074482 3050
15 26732.8931313181 3180
16 25938.5782013458 3312
17 25222.8537836052 3444
18 24559.0771182774 3572
19 23914.191693639 3705
20 23277.8074491132 3835
21 22639.2951250627 3966
22 21985.8622002578 4098
23 21309.7733242906 4230
24 20603.7745913434 4360
25 19865.3009803068 4493
26 19084.5777979671 4623
27 18266.2626180824 4753
28 17409.5642605021 4886
29 16517.0642350438 5016
30 15580.9574147675 5149
31 14617.9195496879 5282
32 13638.324708419 5411
33 12659.8380993477 5542
34 11698.3153909988 5674
35 10769.7387533346 5806
36 9891.33780243639 5937
37 9079.18747180468 6069
38 8342.17302046463 6200
39 7690.01150613522 6330
40 7122.33110032883 6462
41 6640.60229922394 6595
42 6238.3006418461 6726
43 5898.44942045918 6856
44 5613.88194784938 6987
45 5375.30532962801 7123
46 5174.06703937756 7252
47 5004.52474387746 7383
48 4855.18319044171 7516
49 4726.64682307035 7646
50 4617.78273286756 7776
51 4520.51625716469 7909
52 4434.46234514125 8040
53 4358.36442144579 8170
54 4291.58752050299 8302
55 4231.52898155551 8434
56 4176.20117426225 8568
57 4127.88185132024 8700
58 4086.33143232127 8829
59 4051.37780201476 8959
60 4021.24578146115 9090
61 3993.63312526965 9222
62 3966.78436966786 9356
63 3940.96700570757 9486
64 3918.48285990709 9622
65 3899.46671076347 9756
66 3883.47897454697 9886
67 3869.03655641 10020
68 3856.55715510417 10156
69 3846.36435872785 10287
70 3837.39658003757 10417
71 3828.61171166064 10552
72 3820.62831077522 10686
73 3813.53606788611 10817
74 3805.7442337258 10948
75 3798.68586278883 11083
76 3792.77231024241 11215
77 3788.02871473275 11349
78 3783.82600599795 11479
79 3780.58659624479 11611
80 3778.13784951591 11744
81 3776.05553679894 11874
82 3774.01218927388 12009
83 3772.04193645016 12143
84 3770.2289409228 12272
85 3768.64862293502 12404
86 3767.25426122912 12537
87 3765.97513439976 12670
88 3764.80766306252 12807
89 3763.75735798669 12939
90 3762.83242229803 13070
91 3761.95242382081 13206
92 3760.84434407757 13336
93 3759.74529386712 13469
94 3758.85229781515 13605
95 3757.8218976955 13736
96 3756.87818607645 13869
97 3756.20033949896 14003
98 3755.65380788646 14135
99 3755.00395580902 14269
100 3754.50323695938 14401
101 3754.14487076677 14531
102 3753.87587495688 14666
103 3753.66178661967 14799
104 3753.48492796287 14928
105 3753.33642511966 15059
106 3753.21041107939 15190
107 3753.10114066355 15320
108 3753.00225728109 15451
109 3752.90724765299 15583
110 3752.81051121723 15716
111 3752.70888801512 15848
112 3752.60324660535 15980
113 3752.4987791167 16109
114 3752.4026327561 16243
115 3752.31990174871 16373
116 3752.25102202746 16504
117 3752.19189987756 16636
118 3752.13523473887 16767
119 3752.07099101459 16899
120 3751.98538659697 17031
121 3751.86115410681 17163
122 3751.68878551458 17295
123 3751.49050593129 17428
124 3751.31508347667 17560
125 3751.19189663099 17691
126 3751.1165284755 17823
127 3751.07263854976 17953
128 3751.04686874048 18084

0 233685.823123163 1209
1 223428.578809747 1339
2 199264.152584317 1470
3 148331.65978672 1603
4 95397.6181731362 1735
5 63936.7763075932 1867
6 49249.1768446106 2002
7 41750.4160803218 2133
8 36868.646053466 2265
9 33126.1272789624 2400
10 30101.7347515978 2530
11 27616.565661804 2662
12 25538.0056717589 2794
13 23759.0631258582 2926
14 22208.5298754853 3058
15 20820.3353880825 3191
16 19529.7149519254 3323
17 18297.9728192708 3453
18 17103.3469585441 3586
19 15928.13768632 3717
20 14759.6781532261 3848
21 13602.4460952622 3979
22 12460.0860125867 4110
23 11336.4243182739 4245
24 10248.4037723274 4377
25 9203.83934994435 4509
26 8221.15707226054 4647
27 7316.29938238701 4778
28 6501.39873835533 4910
29 5794.22320953335 5044
30 5190.97632789084 5175
31 4707.17842930566 5308
32 4347.28225227164 5442
33 4090.50097562823 5574
34 3937.05925084237 5705
35 3844.8719944816 5839
36 3796.86491979869 5969
37 3776.96976045789 6102
38 3767.67059700966 6235
39 3762.22419039834 6365
40 3758.71276997447 6497
41 3756.45514212227 6629
42 3755.02111402699 6760
43 3754.10187580385 6892
44 3753.49352381783 7024
45 3753.07562738017 7155
46 3752.77919160978 7295
47 3752.56215423589 7429
48 3752.39759339976 7561
49 3752.26809284269 7696
50 3752.16226997248 7828
51 3752.07255907494 7962
52 3751.99392760843 8100
53 3751.92321357297 8232
54 3751.85877733433 8364
55 3751.80017426651 8499
56 3751.74764915721 8630
57 3751.70148928511 8764
58 3751.66149781675 8897
59 3751.62681815632 9029

0 232287.237445141 1203
1 220480.866755828 1336
2 191254.281788084 1469
3 131583.716488206 1599
4 77203.4307760449 1731
5 51279.0074830265 1862
6 38488.2161367536 1993
7 30015.463192046 2124
8 23681.4192389102 2256
9 19037.9184746922 2386
10 15698.0661001286 2523
11 13256.2024014685 2654
12 11405.0592954639 2787
13 9928.80715727601 2919
14 8723.52145305686 3049
15 7750.36383750947 3179
16 6960.81727277493 3310
17 6319.48111093047 3439
18 5799.5978382065 3571
19 5376.65513814634 3705
20 5029.90096213745 3835
21 4747.93051601238 3967
22 4523.37140053848 4097
23 4347.44641657043 4227
24 4208.80836980289 4357
25 4099.92307167071 4489
26 4015.34223959221 4620
27 3948.73026552098 4751
28 3897.48385289348 4882
29 3860.36255280013 5012
30 3834.22242071168 5148
31 3815.38284729924 5279
32 3800.94434087385 5411
33 3790.46113252948 5543
34 3782.68227375051 5673
35 3776.59162499098 5805
36 3771.55029347065 5939
37 3767.50941391088 6068
38 3764.35915701415 6199
39 3761.91362609955 6332
40 3759.98907707956 6463
41 3758.39716391916 6597
42 3757.00402089306 6728
43 3755.80038604972 6859
44 3754.84829669536 6994
45 3754.157694538 7127
46 3753.67047340439 7257
47 3753.31751474482 7392
48 3753.05062482211 7523
49 3752.84197557755 7654
50 3752.67514492546 7786
51 3752.53882030193 7917
52 3752.4240608703 8050
53 3752.32350860518 8184
54 3752.23136953027 8315
55 3752.14370353207 8446
56 3752.05871488246 8579
57 3751.97643434664 8709
58 3751.89712954717 8841
59 3751.81850883757 8973
60 3751.73284550578 9104
61 3751.6270588506 9235
62 3751.49289343498 9368
63 3751.34571224134 9498
64 3751.21923457243 9630
65 3751.13206172967 9761
66 3751.0784077445 9893
67 3751.04415478843 10026

0 232621.523672852 1210
1 221394.194920288 1342
2 196610.050407216 1473
3 147878.452438321 1607
4 95331.8642341661 1738
5 62708.0069759034 1871
6 47993.7412049492 2004
7 40985.2971868319 2135
8 36989.714572939 2268
9 34356.7997418892 2399
10 32395.400566249 2530
11 30813.6722774344 2662
12 29475.0038311359 2793
13 28298.9041546627 2924
14 27247.1296201383 3055
15 26284.8967301768 3186
16 25385.3073840249 3317
17 24525.4405649718 3450
18 23689.9621970017 3582
19 22862.0738660874 3715
20 22025.9346469313 3847
21 21163.5467586425 3978
22 20267.6542554621 4109
23 19329.4423821726 4243
24 18349.8604910412 4373
25 17329.8018305029 4504
26 16278.6953912849 4638
27 15205.6780015256 4768
28 14116.7590167022 4900
29 13029.2208974053 5038
30 11963.4009661007 5169
31 10939.6466272998 5301
32 9979.71895851766 5433
33 9105.9883872671 5564
34 8341.73359235197 5696
35 7673.19193810683 5829
36 7101.77788383158 5959
37 6614.32408162682 6092
38 6202.87933590104 6223
39 5858.48862822672 6354
40 5568.42507560111 6494
41 5322.84610414592 6627
42 5115.0004345347 6757
43 4938.34630728007 6891
44 4787.1724154996 7023
45 4654.620129489 7155
46 4535.22871695908 7291
47 4432.7036184599 7423
48 4345.9539561908 7554
49 4268.85541863698 7690
50 4197.24863376125 7820
51 4132.16311926093 7953
52 4075.93779411951 8092
53 4027.84526189272 8223
54 3987.85278527405 8353
55 3953.35476681263 8486
56 3921.28498767568 8617
57 3894.01761437582 8748
58 3870.9727803255 8880
59 3851.85511354374 9011
60 3836.76180443046 9143
61 3824.93959044125 9275
62 3814.75115000125 9407
63 3806.41877569598 9543
64 3798.5387991335 9676
65 3791.46067626926 9808
66 3785.10049612948 9941
67 3779.71902688787 10073
68 3775.03368995953 10204
69 3770.98517653068 10339
70 3767.59318768725 10471
71 3764.9560094638 10601
72 3762.77446798844 10740
73 3761.00699148405 10871
74 3759.62298540608 11006
75 3758.41874729407 11139
76 3757.45611112221 11271
77 3756.75282503234 11404
78 3756.21561085073 11541
79 3755.77016391606 11670
80 3755.37193973415 11803
81 3754.99791766893 11938
82 3754.63913882724 12069
83 3754.29175097189 12207
84 3753.94578741729 12342
85 3753.58290586987 12475
86 3753.19941077475 12606
87 3752.83118449765 12738
88 3752.52722961433 12870
89 3752.30364289513 13003
90 3752.14499832349 13134
91 3752.02983978212 13266
92 3751.94271572458 13397
93 3751.87413168249 13531
94 3751.81798747197 13663
95 3751.76993761835 13799
96 3751.72673550716 13931
97 3751.68606852647 14063
98 3751.64658385989 14197
99 3751.60793944784 14329
100 3751.57071177171 14462

0 231696.374381302 1204
1 217008.61748284 1337
2 183613.272046934 1466
3 125627.706926587 1599
4 79205.7218127861 1736
5 57277.6463863261 1867
6 47674.3559326493 2000
7 42751.88093689 2133
8 39749.3123433227 2263
9 37685.0407687629 2394
10 36138.680526679 2525
11 34928.3271953344 2656
12 33937.0800764272 2786
13 33092.7163904217 2917
14 32341.5118837037 3047
15 31655.7368410254 3178
16 31014.0462282043 3309
17 30405.2610215879 3441
18 29818.0761874473 3573
19 29249.7765149222 3705
20 28689.752202366 3837
21 28126.277769913 3975
22 27552.0771038413 4105
23 26957.7476390188 4236
24 26341.5183165849 4368
25 25699.7596543778 4498
26 25027.4179399372 4630
27 24318.5854994983 4765
28 23576.1295051371 4895
29 22799.5143607965 5027
30 21985.9038314122 5158
31 21132.2212891618 5289
32 20246.2063026877 5419
33 19319.4048503897 5550
34 18358.0274689527 5681
35 17367.5425486429 5812
36 16346.1247678471 5943
37 15306.0998697691 6074
38 14249.0200876675 6210
39 13176.8240860453 6341
40 12108.2252484432 6472
41 11050.6687346779 6608
42 10016.6018797573 6738
43 9017.01710013467 6869
44 8067.15336510311 7001
45 7194.180125931 7131
46 6402.65305391167 7263
47 5712.08096152888 7396
48 5133.59483588345 7528
49 4666.50163796653 7661
50 4315.0801781411 7793
51 4069.32810436889 7924
52 3917.19562388293 8056
53 3831.49273471473 8188
54 3786.17474397361 8318
55 3768.05188258029 8450
56 3760.45181512701 8580
57 3756.51466856069 8712
58 3754.24809540126 8845
59 3752.9175137012 8977
60 3752.10485928245 9109
61 3751.57644457557 9239
62 3751.22461342866 9369
63 3750.99235511986 9503
64 3750.83825063473 9634
65 3750.73295479578 9766
66 3750.658057466 9897
67 3750.60267814868 10030
68 3750.56038983646 10160
69 3750.52727544546 10292

0 232020.509527657 1202
1 221875.670988118 1335
2 202382.087991517 1465
3 161789.472811927 1605
4 111161.247104578 1736
5 77521.3258951145 1866
6 58280.4613509717 2002
7 47344.9730556267 2132
8 41365.361729696 2265
9 37936.3312654314 2400
10 35717.1743414587 2531
11 34081.616449478 2662
12 32753.98238346 2795
13 31620.1921111451 2926
14 30641.0958348134 3059
15 29806.7474192107 3192
16 29107.7550016291 3321
17 28522.7044102372 3454
18 28026.9584753803 3586
19 27601.2462931142 3716
20 27232.2314308119 3848
21 26903.5841859936 3980
22 26602.2500718848 4112
23 26321.0505991227 4244
24 26051.1464596536 4376
25 25786.093355235 4509
26 25517.9458144482 4642
27 25243.7663951279 4773
28 24959.6367708772 4904
29 24658.5327777466 5040
30 24336.1069738188 5170
31 23993.1273727584 5301
32 23625.3274482762 5437
33 23225.6128524656 5568
34 22794.1414220009 5698
35 22324.1906117883 5834
36 21816.951225979 5964
37 21267.5969657284 6096
38 20683.0727412675 6228
39 20074.48580585 6359
40 19443.1673851773 6491
41 18784.0123990719 6623
42 18110.9784030001 6755
43 17425.3720839186 6885
44 16736.2758742203 7019
45 16047.651700563 7149
46 15356.9511349805 7284
47 14669.478054171 7417
48 14000.4478613611 7551
49 13349.1956382287 7683
50 12718.4152961284 7821
51 12099.2334263864 7954
52 11503.4504954046 8088
53 10931.8777779367 8219
54 10384.3119073715 8351
55 9867.03310583678 8486
56 9383.73767371155 8617
57 8926.90025598368 8750
58 8490.96975015967 8885
59 8083.64756519183 9016
60 7702.78838863363 9149
61 7352.81862492235 9284
62 7029.48800262805 9416
63 6734.05365103286 9548
64 6458.34510484132 9681
65 6202.5875287037 9812
66 5964.34562773065 9944
67 5751.81873912405 10078
68 5559.30559764074 10210
69 5384.36044828071 10344
70 5223.83175906556 10476
71 5079.09441438863 10606
72 4942.94793409827 10740
73 4820.45025759508 10873
74 4710.77956269511 11007
75 4612.27018453641 11140
76 4524.6612981269 11273
77 4447.55511811091 11405
78 4378.43139700719 11542
79 4312.23878059874 11671
80 4249.87566688344 11805
81 4195.09739473592 11939
82 4147.27403668879 12071
83 4105.50908092862 12202
84 4070.05846317422 12337
85 4037.73282860693 12467
86 4008.29578287746 12600
87 3981.09675870543 12732
88 3955.770149265 12863
89 3932.27769757329 12996
90 3911.78482067634 13132
91 3894.01851006833 13264
92 3879.14704678936 13397
93 3865.72054629744 13531
94 3855.07148593323 13663
95 3844.31286797661 13797
96 3834.56323772429 13933
97 3825.83214516713 14066
98 3817.74767772291 14199
99 3810.63203863381 14336
100 3804.07691824744 14468
101 3798.04825103946 14600
102 3792.63995315849 14735
103 3788.08977933649 14868
104 3783.79019817646 15005
105 3780.5598552932 15140
106 3778.07779130005 15275
107 3775.66247012087 15408
108 3773.31142025087 15540
109 3771.23696915922 15675
110 3769.51381206614 15812
111 3768.03621348961 15945
112 3766.66904382994 16079
113 3765.39235758049 16213
114 3764.23001647899 16347
115 3763.22272179481 16481
116 3762.36623346985 16616
117 3761.48681300834 16751
118 3760.444033969 16882
119 3759.63686436706 17014
120 3758.9315164711 17148
121 3758.03145658784 17281
122 3757.30993385979 17421
123 3756.8008091422 17554
124 3756.29425789838 17694
125 3755.71242128242 17830
126 3755.26031917596 17962
127 3754.88207885629 18097
128 3754.50303849542 18229
129 3754.10208579347 18361
130 3753.73500931752 18496
131 3753.45255299603 18636
132 3753.25017132735 18770
133 3753.10123164117 18900
134 3752.98254039804 19035
135 3752.87830777368 19166
136 3752.7784444762 19297
137 3752.67729099114 19430
138 3752.57340100764 19560
139 3752.46944559205 19693
140 3752.37075468317 19827
141 3752.28207024098 19959
142 3752.20449272915 20091
143 3752.13490490253 20224
144 3752.0676456056 20355
145 3751.99650416998 20487
146 3751.91531010155 20618
147 3751.81616836983 20750
148 3751.68782619799 20882
149 3751.52509770275 21016
150 3751.35060785576 21147
151 3751.20651598194 21279
152 3751.11268545218 21412
153 3751.05927457497 21544
154 3751.02865595703 21678

0 232695.206491812 1207
1 221713.201903488 1337
2 197000.859331955 1470
3 144737.548129552 1605
4 87245.285171062 1736
5 52618.3039673604 1867
6 34427.2611134842 1999
7 23782.2153475047 2129
8 16997.145988778 2260
9 12606.6403645366 2393
10 9768.03674128006 2525
11 7980.5458517805 2663
12 6853.37952487937 2795
13 6115.62001212451 2926
14 5619.95600350026 3059
15 5270.60168038561 3191
16 5006.11359774168 3324
17 4796.90311180068 3458
18 4620.73664179832 3590
19 4469.39632608995 3723
20 4337.42860472656 3854
21 4225.26261853444 3988
22 4131.77210817434 4121
23 4056.51742126465 4253
24 3995.13811084961 4385
25 3944.53045251032 4516
26 3903.60219085293 4652
27 3872.21107154897 4782
28 3848.0660442735 4914
29 3829.89959796906 5049
30 3815.16864017164 5180
31 3803.40263534622 5314
32 3793.91265408942 5451
33 3786.39466783002 5582
34 3780.57273241335 5714
35 3776.05976446981 5847
36 3772.48944996718 5978
37 3769.54436318169 6110
38 3766.9821381931 6243
39 3764.71752834875 6374
40 3762.77819993419 6507
41 3761.17839932284 6641
42 3759.88177204503 6772
43 3758.8253722223 6904
44 3757.94375518526 7036
45 3757.17306659816 7167
46 3756.45567267477 7300
47 3755.77320507053 7431
48 3755.16114003848 7562
49 3754.65810372522 7696
50 3754.26452233496 7826
51 3753.95675892842 7957
52 3753.71110365005 8093
53 3753.51102489164 8224
54 3753.34547661912 8357
55 3753.20627600546 8491
56 3753.08658814274 8624
57 3752.98033881598 8757
58 3752.88213541779 8889
59 3752.78749833401 9019
60 3752.69338088101 9151
61 3752.59886361014 9283
62 3752.50554505782 9413
63 3752.41698071937 9545
64 3752.33713202777 9676
65 3752.26871909371 9807
66 3752.2124190771 9938
67 3752.16704192116 10068
68 3752.13021464886 10200

0 232976.110827823 1207
1 221089.350330488 1340
2 198883.852383876 1470
3 159204.685268691 1601
4 110588.468930703 1734
5 71799.4081513768 1866
6 48288.7421072767 1998
7 34688.4265601915 2133
8 26210.215423445 2265
9 20603.6161172268 2398
10 16806.2804989591 2531
11 14147.1119932942 2662
12 12252.5548422719 2793
13 10853.6384350354 2924
14 9782.07875029748 3055
15 8919.6887080284 3186
16 8199.68090393576 3316
17 7575.51508942163 3452
18 7030.55219271008 3587
19 6558.84078949216 3719
20 6141.73553427592 3850
21 5773.23654127957 3985
22 5454.25102730329 4118
23 5178.45086384112 4249
24 4939.59489560318 4383
25 4734.39272187781 4515
26 4561.33991041566 4647
27 4417.91775104094 4779
28 4300.56582130324 4911
29 4202.63037307298 5046
30 4121.43633838918 5181
31 4054.59099262752 5313
32 3998.74359756275 5444
33 3952.19389474684 5576
34 3913.70050285196 5707
35 3882.88200199653 5837
36 3858.72539490948 5971
37 3839.32277350117 6101
38 3823.43696250518 6233
39 3810.58631398822 6364
40 3800.39041478425 6496
41 3792.27012377472 6630
42 3785.69505604653 6762
43 3780.16259217601 6892
44 3775.37287261686 7026
45 3771.22122464931 7158
46 3767.78998234955 7290
47 3764.93675467176 7423
48 3762.47608455195 7555
49 3760.41116394698 7686
50 3758.72406743369 7823
51 3757.39546060194 7954
52 3756.3650925075 8087
53 3755.55149575253 8222
54 3754.88145353743 8353
55 3754.29542386612 8484
56 3753.7430529266 8617
57 3753.18901767477 8749
58 3752.63682058113 8881
59 3752.13546010839 9013
60 3751.73313560252 9145
61 3751.43686508807 9280
62 3751.22458271308 9413
63 3751.07055336873 9544
64 3750.95576347052 9680
65 3750.86796283187 9812
66 3750.79938619302 9944
67 3750.74495468096 10077
68 3750.70120436343 10208
69 3750.66568154224 10340

0 233022.441850189 1203
1 225594.942421097 1335
2 214167.047873095 1465
3 192908.088757961 1595
4 159378.413698923 1729
5 121784.824745602 1860
6 88895.4012947125 1992
7 63570.4649744788 2122
8 45266.8105400244 2252
9 32922.0074691883 2383
10 24913.0843995483 2515
11 19612.3460346793 2646
12 15960.7599182972 2777
13 13331.7974107338 2907
14 11356.3818574706 3039
15 9834.74305193943 3171
16 8653.06949421338 3302
17 7730.14593188032 3434
18 7006.21813901034 3568
19 6432.04558243938 3698
20 5973.67020486605 3829
21 5601.6938249661 3962
22 5296.36084976635 4092
23 5040.37047316646 4223
24 4823.97733138246 4356
25 4643.33389155925 4487
26 4492.24705016991 4619
27 4367.15795786558 4751
28 4262.85847399906 4880
29 4174.76237921644 5011
30 4101.47727316005 5143
31 4040.84069697046 5275
32 3990.82980405129 5411
33 3949.88613135469 5542
34 3916.46576697255 5674
35 3888.69574415651 5806
36 3865.68294477434 5938
37 3846.62485341829 6068
38 3830.61880015855 6203
39 3817.6604727284 6334
40 3807.07494862286 6466
41 3798.27869131056 6598
42 3790.8597337581 6729
43 3784.58795092884 6861
44 3779.30511931991 6992
45 3774.92846120622 7121
46 3771.23041282734 7255
47 3768.09756613037 7386
48 3765.58371692774 7517
49 3763.57484462532 7650
50 3761.93750168974 7782
51 3760.57827002527 7912
52 3759.43516073363 8044
53 3758.4624371234 8176
54 3757.62505536417 8307
55 3756.89610282821 8438
56 3756.24947083278 8569
57 3755.64888494702 8705
58 3755.04423526891 8838
59 3754.40120678717 8969
60 3753.75767228874 9100
61 3753.20601284644 9231
62 3752.79834998565 9364
63 3752.51865670605 9494
64 3752.32610014302 9626
65 3752.18732040237 9755
66 3752.08174291092 9891
67 3751.99743867465 10025
68 3751.92717908896 10156
69 3751.86623032991 10288
70 3751.81130816352 10418
71 3751.76014133672 10550
72 3751.7113532372 10682
73 3751.66447689992 10812
74 3751.61990642202 10943
75 3751.57860491477 11078
76 3751.54156326586 11210

0 229486.586114766 1212
1 210628.254504811 1342
2 165732.708143742 1473
3 101324.63811031 1604
4 58911.1887408422 1740
5 39382.393978437 1874
6 29729.1206507905 2004
7 24161.8858756353 2135
8 20481.8817519724 2266
9 17775.6600914547 2396
10 15574.1343347955 2528
11 13660.4113061732 2660
12 11938.5866568767 2791
13 10374.8174735342 2922
14 8962.68550997764 3052
15 7732.88088570291 3183
16 6712.41066520843 3314
17 5895.5275508814 3446
18 5266.19768055829 3577
19 4785.75938998153 3710
20 4442.07491941205 3842
21 4206.25694261788 3974
22 4040.93340562421 4106
23 3932.39866216555 4236
24 3864.72590320632 4368
25 3822.37344946932 4502
26 3797.5782434345 4633
27 3782.23462571854 4767
28 3772.24152851452 4899
29 3765.68030752556 5030
30 3761.33001211504 5161
31 3758.45325068726 5294
32 3756.51319290199 5424
33 3755.14064401364 5557
34 3754.1295955541 5691
35 3753.39176508788 5822
36 3752.87185423364 5956
37 3752.51112523308 6089
38 3752.25723978185 6219
39 3752.07272861752 6353
40 3751.93304992514 6483
41 3751.82210505676 6614
42 3751.7289643917 6748
43 3751.6460714912 6878
44 3751.56851638003 7011
45 3751.49397869609 7142
46 3751.422760621 7271
47 3751.35715625668 7406
48 3751.29991386363 7538
49 3751.25260270701 7670
50 3751.21495469013 7802
51 3751.18530693352 7934

0 233847.949547752 1201
1 225769.376901029 1331
2 211027.580807041 1463
3 178740.025636122 1594
4 128542.610791989 1727
5 85701.6127863649 1861
6 58711.7172713241 1993
7 43773.520680237 2126
8 35245.731227525 2262
9 29618.3236444915 2394
10 25567.051971525 2525
11 22542.1102813163 2658
12 20203.6243743677 2790
13 18310.1437306186 2922
14 16693.0490306285 3056
15 15285.0487955617 3187
16 14022.4719403579 3319
17 12872.2782066607 3453
18 11811.9103999445 3587
19 10826.3063481289 3721
20 9926.7077812024 3853
21 9110.46026866551 3985
22 8370.76870912896 4117
23 7695.48388582048 4249
24 7093.45853258093 4381
25 6563.44511009037 4512
26 6089.08223388509 4643
27 5658.85520019938 4775
28 5283.91688454046 4913
29 4967.48099063213 5043
30 4704.79775233099 5174
31 4492.70339543273 5307
32 4325.01090574566 5438
33 4191.71491668368 5570
34 4088.33017086226 5703
35 4006.99225797271 5833
36 3946.42645020303 5965
37 3901.78445998424 6098
38 3868.65544268985 6228
39 3843.24584229993 6361
40 3823.93109050485 6496
41 3808.99792653706 6628
42 3797.22740911999 6759
43 3787.72741537656 6889
44 3780.03205001326 7019
45 3773.83232675143 7150
46 3768.86859042989 7282
47 3764.95979725418 7413
48 3761.93842538411 7544
49 3759.61589760805 7675
50 3757.81596343776 7807
51 3756.40305150418 7943
52 3755.28155286873 8073
53 3754.38423463122 8203
54 3753.66229303423 8335
55 3753.07910550692 8466
56 3752.60652610723 8598
57 3752.22258920941 8730
58 3751.90997978133 8861
59 3751.65495126209 8994
60 3751.446529655 9127
61 3751.27591430154 9258
62 3751.13601998672 9390
63 3751.02112324368 9521
64 3750.9265867011 9654
65 3750.84864256553 9785
66 3750.78422136144 9916
67 3750.73081562504 10049
68 3750.68637083193 10181
69 3750.64919773071 10313

0 233675.042275782 1224
1 222565.775959976 1354
2 201023.542022528 1486
3 159499.776626335 1618
4 105976.760143136 1750
5 66871.0886491952 1880
6 44057.3983823493 2011
7 30822.5274834216 2141
8 23668.1053567147 2274
9 19426.2424918717 2406
10 16458.5578412899 2537
11 14161.3227937774 2670
12 12301.3267738325 2800
13 10813.0916398466 2936
14 9652.92446421665 3068
15 8767.32167939705 3199
16 8090.83097752317 3331
17 7561.74290834076 3463
18 7123.04525617547 3593
19 6743.70169384011 3724
20 6413.08065375901 3856
21 6123.74388146361 3987
22 5868.12345864027 4123
23 5625.88215591052 4254
24 5408.60657294837 4387
25 5220.11115203177 4523
26 5051.2926858645 4655
27 4897.19469877139 4788
28 4758.89434341521 4925
29 4640.92460507875 5057
30 4539.61238237227 5189
31 4451.68597991891 5325
32 4377.56693908136 5457
33 4312.20487210579 5590
34 4253.22442133271 5724
35 4196.997785583 5855
36 4146.66869661194 5987
37 4102.40348521376 6120
38 4062.5059410316 6250
39 4026.40118321003 6381
40 3993.84067185553 6514
41 3965.36893311554 6645
42 3939.09559145042 6779
43 3914.73736636583 6911
44 3893.93625517801 7043
45 3876.20392791285 7177
46 3861.42499129353 7310
47 3849.08923515702 7441
48 3837.27752322112 7577
49 3827.25993692118 7711
50 3818.57664528999 7847
51 3810.24758864211 7983
52 3802.38969987982 8114
53 3794.9115062805 8249
54 3788.59246185228 8386
55 3783.03673589385 8517
56 3778.4927422319 8651
57 3774.96712223727 8788
58 3772.34385432711 8920
59 3770.27828724634 9054
60 3768.3589047986 9191
61 3766.32574067766 9325
62 3764.40706919192 9457
63 3762.77460816631 9591
64 3761.40420549495 9727
65 3760.14301125747 9858
66 3758.92827637012 9994
67 3757.92440677 10128
68 3757.09727979657 10262
69 3756.03443112538 10398
70 3755.15667585754 10530
71 3754.46022339281 10665
72 3753.92909622516 10797
73 3753.52980695416 10930
74 3753.21014010275 11065
75 3752.92019168772 11199
76 3752.62492470352 11330
77 3752.31396018308 11466
78 3752.00902930339 11600
79 3751.74792528036 11732
80 3751.55203892516 11868
81 3751.41715501066 12002
82 3751.32750349298 12136
83 3751.26793634803 12267
84 3751.22746565441 12400
85 3751.1987260011 12533

0 233205.594714752 1207
1 224169.102159888 1338
2 206142.788593917 1470
3 169717.333958128 1599
4 124303.424930322 1730
5 89635.6684885519 1860
6 64420.9706460373 1992
7 45989.8579523088 2124
8 32732.4261079899 2253
9 23194.4551997012 2385
10 16631.0124717331 2517
11 12348.0639547122 2647
12 9628.34745371343 2777
13 7896.90745022433 2911
14 6755.65109528163 3042
15 5982.22911939315 3173
16 5445.85629604678 3302
17 5062.38723357468 3431
18 4779.34441431155 3561
19 4565.58713836492 3691
20 4400.38018168205 3821
21 4271.3618015153 3953
22 4170.11356179912 4083
23 4090.019760071 4214
24 4026.18901383178 4349
25 3974.98155584514 4481
26 3933.52529902882 4612
27 3899.63381255123 4743
28 3872.03619471866 4872
29 3849.53474608112 5002
30 3831.18962788534 5134
31 3816.41048491786 5263
32 3804.5393047079 5394
33 3794.96326634417 5524
34 3787.19816275942 5652
35 3780.8694407071 5785
36 3775.68631796269 5916
37 3771.42020642491 6049
38 3767.88656965831 6181
39 3764.92438512956 6311
40 3762.383533876 6441
41 3760.21034077052 6575
42 3758.43438076174 6706
43 3757.02684761101 6837
44 3755.9196779021 6968
45 3755.04256688062 7099
46 3754.33770194375 7232
47 3753.76221540901 7364
48 3753.28545611203 7493
49 3752.88594787263 7626
50 3752.54931883325 7756
51 3752.26650939097 7885
52 3752.03152263536 8017
53 3751.83911824463 8148
54 3751.68351319205 8279
55 3751.5584042938 8411
56 3751.45763242517 8541
57 3751.37572666845 8673
58 3751.30804366535 8811
59 3751.25054582327 8943
60 3751.19927914668 9074
61 3751.14945635842 9206
62 3751.09393500815 9339
63 3751.02157865025 9471
64 3750.91963512208 9602
65 3750.78781031385 9733
66 3750.65226465116 9864
67 3750.54587868807 9995
68 3750.47833535513 10128
69 3750.43995605188 10259
70 3750.41849638571 10390

0 233178.032242222 1208
1 222208.063141976 1339
2 202683.848445894 1473
3 170553.472509454 1603
4 131544.30114329 1733
5 98018.7167142256 1864
6 75879.587867449 1995
7 60382.2686877611 2126
8 46104.3306109297 2258
9 32492.4643880609 2387
10 22115.5334327458 2520
11 15256.9661255325 2652
12 10952.3491556438 2783
13 8344.48482066377 2915
14 6769.45818698653 3047
15 5802.06352598476 3178
16 5197.41805471274 3311
17 4791.58289537788 3442
18 4510.87579697557 3572
19 4311.89609601783 3709
20 4170.88105409489 3840
21 4068.61595623701 3971
22 3993.60704233924 4106
23 3936.85053555611 4237
24 3893.64699187414 4369
25 3861.17042915893 4502
26 3836.87075929076 4633
27 3818.64665683111 4765
28 3804.85075573218 4898
29 3794.30396072051 5028
30 3786.13095980541 5162
31 3779.69914693999 5295
32 3774.58735482191 5426
33 3770.49961002235 5556
34 3767.20430538284 5689
35 3764.52721991566 5821
36 3762.34911532843 5953
37 3760.58446536687 6085
38 3759.15624787222 6216
39 3757.98183452464 6348
40 3756.96832274193 6479
41 3756.02687416559 6610
42 3755.13350883797 6743
43 3754.35591610894 6874
44 3753.75915340589 7007
45 3753.33594780619 7140
46 3753.03844490201 7270
47 3752.8220289229 7402
48 3752.65737475587 7535
49 3752.52667748643 7667
50 3752.41827169613 7798
51 3752.32283509444 7932
52 3752.23051942123 8063
53 3752.12845647763 8195
54 3752.00126737232 8327
55 3751.84227910385 8458
56 3751.6704955342 8589
57 3751.51904719057 8722
58 3751.40257933548 8853
59 3751.31448327932 8987
60 3751.24434426567 9118
61 3751.18663957985 9251
62 3751.13988568043 9389
63 3751.10363667685 9521

0 232938.82946814 1198
1 221757.79002244 1331
2 198785.676639527 1464
3 154361.327470023 1593
4 102223.256675699 1724
5 66840.2639619635 1856
6 47598.0735831622 1987
7 36450.6367030548 2117
8 28721.5460339546 2250
9 22670.8663101773 2379
10 17900.5703456135 2513
11 14280.4442099818 2646
12 11584.8917665185 2777
13 9594.8367107759 2908
14 8132.7721854186 3038
15 7057.83301570302 3168
16 6270.23944060715 3305
17 5690.92909827371 3435
18 5262.99425504318 3565
19 4942.42013020863 3697
20 4697.80950934059 3828
21 4507.78818833005 3959
22 4358.88845308511 4092
23 4241.11755790768 4224
24 4147.38071647112 4355
25 4072.42393631118 4487
26 4012.26928052975 4615
27 3963.85158148357 4746
28 3924.77387846455 4878
29 3893.14305890171 5009
30 3867.45765697385 5141
31 3846.51284733784 5271
32 3829.30851857884 5401
33 3814.97772248176 5536
34 3802.945267347 5668
35 3793.07794460878 5798
36 3785.14177180199 5930
37 3778.77691261846 6062
38 3773.65324142656 6192
39 3769.49758800962 6324
40 3766.08541577644 6455
41 3763.23925062129 6587
42 3760.84982667079 6718
43 3758.87318455282 6848
44 3757.27610094375 6982
45 3756.00105252068 7113
46 3754.98122466901 7242
47 3754.15985334524 7373
48 3753.4942084034 7505
49 3752.95250583964 7635
50 3752.51048216446 7766
51 3752.14911882633 7896
52 3751.85325386366 8027
53 3751.61068939904 8160
54 3751.41156504353 8289
55 3751.24788658561 8420
56 3751.11315779776 8552
57 3751.00208802649 8682
58 3750.91035852326 8813
59 3750.83443523254 8945
60 3750.77141850659 9074
61 3750.7189222176 9206
62 3750.67497635935 9337
63 3750.63794859908 9468

0 232504.901470753 1205
1 224058.053193685 1340
2 208330.490705002 1469
3 170940.087916693 1601
4 112370.523167579 1734
5 69717.657885958 1865
6 49328.3748582984 1996
7 39151.5456805741 2127
8 33167.7847433829 2256
9 29243.9379763826 2387
10 26546.927174672 2519
11 24484.9146401036 2651
12 22709.5499017355 2783
13 21048.0582255076 2916
14 19408.9548776619 3047
15 17781.762862148 3183
16 16151.2706211735 3314
17 14559.8334554556 3445
18 13025.9193473457 3577
19 11568.2813602298 3708
20 10190.5715183829 3840
21 8901.77866476635 3972
22 7728.7754931753 4104
23 6688.73989715228 4235
24 5814.64199852124 4374
25 5110.53414804904 4504
26 4597.39132554671 4636
27 4265.70841410231 4769
28 4069.47587101721 4899
29 3958.54504577224 5029
30 3895.24358682117 5159
31 3857.17587782534 5289
32 3832.06520342959 5422
33 3814.38424077198 5553
34 3801.58228806397 5684
35 3791.97766532899 5818
36 3784.36446469042 5949
37 3778.21619739327 6080
38 3773.32306035211 6210
39 3769.41724023331 6341
40 3766.2444612798 6472
41 3763.6139028678 6604
42 3761.42541181784 6734
43 3759.63512359724 6864
44 3758.18100856359 6996
45 3756.96652710125 7125
46 3755.90032793553 7258
47 3754.93114865218 7390
48 3754.06639089062 7521
49 3753.35547509441 7653
50 3752.81751574868 7786
51 3752.4198412712 7917
52 3752.11469399109 8047
53 3751.85968819324 8179
54 3751.62086438859 8309
55 3751.38148295469 8441
56 3751.15547548709 8572
57 3750.97170114703 8703
58 3750.84033309577 8837
59 3750.75078158259 8968
60 3750.68842208564 9099
61 3750.64285171004 9234
62 3750.60797650259 9364

0 232013.295416415 1203
1 219669.099032446 1333
2 194137.033463226 1463
3 147352.562716638 1594
4 97081.5240057684 1724
5 65511.6456202398 1857
6 49834.4159419291 1988
7 40687.0879780244 2122
8 33721.2671119491 2253
9 27761.6783921208 2384
10 22597.2477363477 2518
11 18282.9310208057 2649
12 14817.8144388217 2778
13 12112.4613846318 2909
14 10039.6204835051 3042
15 8468.82034656421 3173
16 7275.15742517877 3303
17 6364.23123721357 3433
18 5684.62876993044 3566
19 5186.63468259839 3698
20 4824.52456153662 3827
21 4560.69416866562 3959
22 4368.61106829525 4091
23 4226.51276521781 4222
24 4120.03476381421 4352
25 4039.20487324259 4485
26 3976.01197352681 4618
27 3927.44050939037 4749
28 3890.25723468497 4878
29 3861.65003553033 5015
30 3839.08872225469 5149
31 3821.28766374227 5280
32 3806.82597049959 5410
33 3795.3727938108 5543
34 3786.39846133009 5674
35 3779.3838304034 5806
36 3773.88130398475 5939
37 3769.52579374794 6069
38 3766.0601093001 6201
39 3763.28249849997 6333
40 3761.00638485801 6464
41 3759.10444649916 6595
42 3757.52269790759 6725
43 3756.24946162523 6856
44 3755.26809406839 6987
45 3754.52178131797 7116
46 3753.94161759675 7248
47 3753.4762630283 7379
48 3753.09612834447 7508
49 3752.78607833968 7638
50 3752.53742345317 7774
51 3752.34249283827 7905
52 3752.192496803 8036
53 3752.07788715158 8169
54 3751.98955565991 8300
55 3751.91960641577 8432
56 3751.86132992744 8564
57 3751.80845970072 8695
58 3751.75369244394 8826
59 3751.68618780623 8956
60 3751.5884382342 9088
61 3751.43753176937 9219
62 3751.22271545729 9349
63 3750.97306426488 9481
64 3750.74880915162 9612
65 3750.59096174443 9745
66 3750.49802565233 9877
67 3750.44806418095 10009
68 3750.42147909312 10138

0 230030.96381732 1210
1 214461.946369096 1342
2 178623.582398065 1474
3 122238.288865913 1603
4 77857.1685569358 1736
5 56575.323663974 1869
6 46012.129887783 1999
7 39309.1292918575 2130
8 34488.0998875807 2264
9 30958.9791204934 2397
10 28421.8690012699 2531
11 26538.0435834908 2661
12 25054.0863168846 2789
13 23802.3384123575 2920
14 22685.2286613081 3055
15 21643.9270826648 3194
16 20639.4884536806 3329
17 19642.894264859 3460
18 18637.3927188234 3589
19 17620.9593841192 3721
20 16593.49426828 3851
21 15546.4845272807 3980
22 14482.5007453984 4113
23 13409.2644837052 4242
24 12335.4536069933 4373
25 11274.9638756328 4505
26 10247.3586903365 4636
27 9275.70937244326 4767
28 8374.40988299873 4898
29 7564.61235283946 5028
30 6841.12125888348 5160
31 6238.34112170537 5290
32 5730.7521404007 5422
33 5330.33336762878 5554
34 5024.43581075912 5685
35 4785.4625958282 5817
36 4600.96293815764 5951
37 4456.07998530133 6083
38 4338.06243979028 6217
39 4242.48723325953 6350
40 4164.65081575596 6482
41 4099.84816344 6612
42 4046.16327335697 6745
43 4002.07454946213 6876
44 3964.91336480013 7009
45 3932.08631552433 7140
46 3903.54452152619 7272
47 3879.56406161013 7405
48 3859.31230243806 7537
49 3842.74705057392 7666
50 3829.47087978929 7798
51 3818.67279865945 7930
52 3809.62286643481 8060
53 3801.67055852525 8191
54 3794.32880360028 8323
55 3787.28377417125 8454
56 3781.62076839997 8586
57 3777.28192459774 8717
58 3773.40954519129 8848
59 3769.71667248172 8987
60 3766.88391834084 9120
61 3764.75280846427 9253
62 3762.90435515922 9384
63 3761.29070371855 9523
64 3760.00753621413 9657
65 3758.8753228381 9787
66 3757.71433297854 9919
67 3756.82849261948 10050
68 3756.1249726755 10183
69 3755.53068983781 10314
70 3755.01323934665 10446
71 3754.55478480944 10576
72 3754.1319781446 10707
73 3753.70856067857 10838
74 3753.25104893491 10970
75 3752.76681247277 11102
76 3752.3115746713 11235
77 3751.94254402435 11366
78 3751.67799433496 11500
79 3751.50105518766 11633
80 3751.38369810262 11765
81 3751.30206590097 11896
82 3751.23884172632 12033
83 3751.17996788889 12162
84 3751.11090676584 12294
85 3751.01699329399 12428
86 3750.89486625071 12563
87 3750.76637043718 12698
88 3750.66307934643 12835
89 3750.59658255096 12969
90 3750.55876626276 13106
91 3750.53774539369 13244

0 230639.462420096 1220
1 215776.350312979 1352
2 183187.862850086 1483
3 129390.343136249 1620
4 84398.8191108896 1751
5 62824.9385491909 1886
6 52390.7054587392 2022
7 45069.829921702 2151
8 38014.5776151542 2284
9 30888.4004920074 2419
10 24366.5254082917 2550
11 19012.3950915134 2680
12 14948.1576361328 2813
13 11971.4868353691 2944
14 9811.11137034854 3081
15 8261.28861830476 3213
16 7142.53231011898 3346
17 6330.22922739184 3477
18 5733.67441425425 3608
19 5291.03004806089 3739
20 4958.51591950535 3875
21 4704.56377427087 4006
22 4507.14068991658 4137
23 4354.22569490623 4270
24 4235.05805479593 4400
25 4141.37529877397 4531
26 4067.04944511273 4663
27 4007.58948425546 4792
28 3959.72816525805 4923
29 3920.98737249651 5053
30 3889.59053429799 5183
31 3864.09475827355 5314
32 3843.38984849491 5446
33 3826.64123205155 5575
34 3813.11013252541 5706
35 3802.15097138418 5837
36 3793.23064929473 5967
37 3785.92715027393 6100
38 3779.90833153673 6230
39 3774.92487001521 6361
40 3770.81438271923 6495
41 3767.45928839548 6625
42 3764.73163206338 6756
43 3762.49404433577 6888
44 3760.60351765091 7017
45 3758.89377671513 7148
46 3757.35233261955 7282
47 3756.12701012544 7418
48 3755.20510603694 7553
49 3754.50031252767 7684
50 3753.94595378747 7815
51 3753.50005536616 7948
52 3753.13561590542 8079
53 3752.83392076105 8209
54 3752.58101900657 8340
55 3752.36594512182 8469
56 3752.1798849356 8598
57 3752.0159598466 8730
58 3751.86944844104 8864
59 3751.73808937397 8995
60 3751.62184432206 9127
61 3751.52173618578 9258
62 3751.4382791937 9391
63 3751.37054938582 9522
64 3751.31631596192 9653
65 3751.27274865055 9786
66 3751.23705525549 9919

