0 4759.27774860106 10
1 4558.82152585757 19
2 4607.57295775691 28
3 4232.47674344831 38
4 2948.28948815761 47
5 2814.13695724187 57
6 2050.76996771327 66
7 1859.23709155167 75
8 1666.24513326022 84
9 1520.82581216291 93
10 1483.8843880642 102
11 1443.0646893814 111
12 1426.93711842009 119
13 1421.98056226898 128
14 1420.76043885276 137
15 1420.31654343768 146
16 1420.10299605057 155
17 1420.00162522066 163
18 1419.94752784289 172
19 1419.91824323363 181

0 4765.23805031087 9
1 4603.9619526946 18
2 4185.70329397908 26
3 4171.95006841226 36
4 3022.35218652715 46
5 2611.35012110436 55
6 2040.84065776415 64
7 1847.15188562826 73
8 1620.3686512677 84
9 1526.27884304843 93
10 1481.41277654834 102
11 1437.29669729321 110
12 1424.52212139108 119
13 1420.50492774441 128
14 1419.26865324065 137
15 1418.73320426247 145
16 1418.50453810387 154
17 1418.39763445529 163
18 1418.34207415228 172
19 1418.31171584873 182

0 4875.04085626235 9
1 4730.3418997337 18
2 4982.10527942988 27
3 4436.30273397226 35
4 4109.17143166189 44
5 2616.31988178346 54
6 2175.1391062531 64
7 1859.9283592902 74
8 1619.74606816392 85
9 1536.37441036651 94
10 1484.00880761086 104
11 1448.55993528834 114
12 1433.85168727701 123
13 1429.82317768459 132
14 1428.52710641919 141
15 1428.05243480244 150
16 1427.84830560918 159
17 1427.74172277503 168
18 1427.68696624473 176
19 1427.65728109975 185

0 4605.11448546668 9
1 4540.66037021675 18
2 4656.68130922502 27
3 3856.74230007402 36
4 2871.29253880672 44
5 2383.58364403947 53
6 2190.76669562793 62
7 1867.73919131093 72
8 1664.41507632956 81
9 1540.6322384415 90
10 1511.86218761489 99
11 1453.82523552042 108
12 1439.28826903385 116
13 1434.96349698163 125
14 1433.68971741403 134
15 1433.21567092777 143
16 1433.01889697625 151
17 1432.92059561232 160
18 1432.86987660123 169
19 1432.84226740536 178

0 4965.16001336326 9
1 4842.79536233182 18
2 4441.08909541862 27
3 3826.50562452804 36
4 3484.61280352881 45
5 2684.799510067 54
6 2063.72345472532 63
7 1755.08468794576 72
8 1615.68760975104 80
9 1520.93460947593 90
10 1495.88645303412 99
11 1446.5951687997 108
12 1432.54345394438 117
13 1428.32976588075 126
14 1427.24280881669 135
15 1426.86327542721 143
16 1426.69717780504 152
17 1426.61473334817 161
18 1426.57165730805 170
19 1426.54812887894 179

0 4446.25475741402 9
1 4992.43229261568 17
2 4501.92302552545 26
3 4218.82689851188 35
4 3256.20017046788 44
5 2445.97100268374 53
6 2109.3254636647 64
7 1905.30957236939 72
8 1649.380521874 81
9 1513.23594355346 90
10 1493.06773511529 98
11 1443.40745798027 107
12 1430.41823528622 116
13 1426.22324638616 125
14 1425.04376998064 134
15 1424.63132017295 143
16 1424.44046315923 152
17 1424.34535129986 162
18 1424.29637277015 171
19 1424.26981649856 180

0 4298.86320968432 9
1 4620.01113992476 18
2 4528.69170144711 27
3 3612.84024980813 36
4 3653.7894124507 45
5 2465.70045651553 53
6 2166.99048793345 62
7 1903.71887482297 71
8 1640.92161164009 80
9 1523.88213356128 89
10 1493.90577464234 97
11 1443.18069891608 106
12 1430.53156575521 115
13 1426.61608491038 124
14 1425.46042286339 133
15 1425.03317852193 142
16 1424.84192828437 151
17 1424.74925366304 160
18 1424.69999750918 169
19 1424.67325932499 178

0 4568.4546529061 9
1 4947.00759395259 18
2 3821.80121196109 27
3 3487.95875565666 36
4 3210.48341566193 44
5 2426.03321158892 53
6 2173.96431274868 62
7 1842.10705611461 71
8 1640.85972904874 80
9 1521.88797568577 89
10 1498.15023134293 97
11 1444.04015361512 107
12 1429.51061021371 116
13 1426.08879838791 125
14 1425.05230404312 133
15 1424.62396626269 142
16 1424.45297327859 151
17 1424.37283872514 160
18 1424.33016070512 169
19 1424.30709304305 178

0 4744.30517030043 9
1 4209.35044740828 18
2 4417.13549523549 27
3 4082.01912281184 36
4 3170.46988333279 45
5 2518.86436286173 54
6 2100.6301055501 63
7 1795.8756308658 72
8 1645.46427801298 80
9 1524.04663287206 89
10 1483.59795999512 98
11 1442.81076771284 107
12 1427.97599424187 115
13 1423.09215261182 124
14 1421.80561901715 133
15 1421.30529943689 142
16 1421.08111948403 150
17 1420.96840015162 159
18 1420.90871560741 168
19 1420.87616818654 178

0 4710.93767502932 9
1 4417.77027848843 18
2 4609.33120940402 27
3 4146.69523704557 36
4 4111.27345674909 45
5 2858.95559385501 54
6 2105.07852528462 63
7 1827.3533812337 72
8 1656.7456148282 81
9 1536.40673415228 89
10 1501.03748489292 98
11 1456.24732953497 107
12 1439.54604215442 115
13 1435.87482398491 124
14 1434.71199412736 133
15 1434.2180555367 142
16 1434.00497641293 150
17 1433.89814596304 159
18 1433.8415672024 168
19 1433.8105553139 177

0 4627.13524392315 9
1 5026.57969757343 18
2 5637.21909115732 27
3 3865.04888089062 37
4 3531.4667203247 46
5 2436.25473063285 57
6 2046.18187718841 66
7 1875.95756412472 75
8 1650.35581641602 84
9 1524.07722039441 93
10 1479.06429246204 102
11 1444.33890324785 110
12 1427.96086805699 119
13 1424.68356579624 128
14 1423.49292928836 137
15 1423.04911531382 146
16 1422.84865209786 155
17 1422.74986956697 164
18 1422.69737267147 174
19 1422.66857923525 183

0 4578.02418706907 9
1 3967.47789596512 18
2 4146.9925202185 27
3 3764.50983771258 36
4 2969.11522429647 45
5 2610.74328726762 55
6 2330.95754112285 65
7 1744.79876635622 75
8 1637.27941027825 84
9 1527.71519903618 93
10 1498.54432279829 102
11 1447.37625473363 111
12 1432.66838008651 119
13 1428.71404579713 128
14 1427.39966796562 137
15 1426.88216505585 146
16 1426.65376840365 155
17 1426.53657954943 164
18 1426.4755586322 172
19 1426.44252744488 181

0 4610.57468928806 9
1 4619.38319695787 18
2 3960.80492828938 27
3 3982.94370728766 36
4 3193.21222602558 45
5 2512.58425710024 53
6 2040.28476951211 62
7 1828.90053428657 72
8 1650.59129362532 81
9 1538.86232710193 90
10 1498.81559112873 99
11 1447.97561918572 108
12 1432.42083014061 117
13 1428.75673545553 126
14 1427.4554236928 135
15 1427.01760602151 144
16 1426.83208601159 153
17 1426.7392346788 161
18 1426.69060481414 170
19 1426.66371203814 179

0 4153.60166415633 9
1 4526.2116474827 17
2 3789.46463502417 26
3 3640.61659280144 36
4 2990.77723698249 45
5 2826.92848790666 54
6 2036.81913678281 62
7 1763.36576271248 71
8 1628.61615519681 80
9 1524.71337104344 89
10 1502.75426519601 98
11 1444.01811341487 107
12 1429.70180648825 116
13 1425.09348831017 125
14 1423.98515050527 134
15 1423.56754183435 143
16 1423.38700842766 152
17 1423.29917871166 160
18 1423.25337251396 169
19 1423.22825455699 178

0 4887.56606305428 9
1 4619.62317415787 18
2 4366.91713547377 26
3 4082.03347397643 35
4 3182.25404693891 44
5 2823.55231858171 53
6 2085.90051847409 62
7 1807.75376957512 71
8 1671.87104046895 80
9 1556.39500999646 89
10 1499.39965949854 97
11 1449.38804829722 106
12 1435.48876997078 116
13 1431.98593284651 124
14 1430.90680053832 133
15 1430.42772159812 142
16 1430.21311719765 152
17 1430.10089753008 161
18 1430.04244354247 170
19 1430.01027497474 179

0 5224.28042116659 9
1 4211.58674776084 18
2 3919.01072234694 26
3 3799.24988349642 35
4 3105.06213593008 44
5 2547.66585433707 53
6 2094.10899446428 62
7 1837.01689127347 70
8 1651.7443495292 79
9 1530.68890420329 88
10 1501.65885768365 96
11 1448.43975504571 105
12 1434.5054518932 114
13 1430.37764665162 122
14 1429.12129913198 132
15 1428.6484765495 141
16 1428.44785390466 150
17 1428.34757613498 159
18 1428.29549099688 168
19 1428.26723128293 177

0 5236.57547890023 9
1 5272.11448364609 18
2 4871.70646328331 27
3 3652.72563819969 36
4 3000.15933259728 44
5 2519.69940141843 53
6 2291.05033575277 62
7 1810.53780721426 71
8 1622.81741069842 80
9 1538.75365195597 88
10 1514.16990370232 97
11 1454.60051133776 107
12 1440.50173286727 116
13 1436.5024588616 125
14 1435.36697827931 134
15 1434.97068970773 142
16 1434.79673756791 151
17 1434.71167350784 161
18 1434.66728765437 169
19 1434.64351499778 178

0 4356.54581035591 9
1 4523.9519404949 18
2 4412.08417989025 28
3 3663.01373504365 37
4 3449.71796632266 46
5 2566.94346329232 54
6 2093.90189581727 63
7 1771.49374778122 72
8 1644.45028992289 81
9 1541.87106162752 89
10 1491.99522895506 98
11 1447.83893220686 107
12 1430.679996597 115
13 1426.58109274948 124
14 1425.45481356539 133
15 1425.03296018624 142
16 1424.8416087139 150
17 1424.74583893332 159
18 1424.69506785476 168
19 1424.6675981324 176

0 4547.34535249879 9
1 5094.44211370835 19
2 4534.02359997987 29
3 3890.75072938588 38
4 3410.49254053083 49
5 2442.98765471661 60
6 2106.20274322224 69
7 1828.60677693045 78
8 1686.29059352185 87
9 1524.08896139921 95
10 1490.68566096954 104
11 1451.07585359528 113
12 1434.10794083766 122
13 1430.3075459689 130
14 1429.10704717684 140
15 1428.72162274135 148
16 1428.54724758173 158
17 1428.46067646244 167
18 1428.41592073752 176
19 1428.39124271527 185

0 5245.41924162976 9
1 4753.25052875831 18
2 5058.78390117806 27
3 3942.60953787718 37
4 3066.23354958634 46
5 2962.56706824862 56
6 2209.89416602835 65
7 1825.98939327661 74
8 1617.80605001244 83
9 1545.72989751971 91
10 1488.65314984587 101
11 1440.47113054171 109
12 1426.00989872891 118
13 1422.01573730989 126
14 1421.02774634186 135
15 1420.58678247696 144
16 1420.40500677917 153
17 1420.31147564017 162
18 1420.26291571757 171
19 1420.23645100441 179

0 5207.59344866697 9
1 4484.41779203688 18
2 4552.84088420865 27
3 3691.55648917043 35
4 3332.98913116143 44
5 2747.01154827954 54
6 2236.28117137898 63
7 1772.99983533713 72
8 1639.68770072289 82
9 1525.21100659233 90
10 1474.19868696753 99
11 1439.68116324015 108
12 1426.47149256886 117
13 1423.13563814852 126
14 1421.98681389121 134
15 1421.5566729439 143
16 1421.36255588177 152
17 1421.26744618167 161
18 1421.21880366669 169
19 1421.19229271725 178

0 5424.62548504803 9
1 4182.88249517721 17
2 4005.67368023059 26
3 3479.42349316737 35
4 3169.66794662492 44
5 2446.5563315593 53
6 2052.62102965286 61
7 1836.65695732689 71
8 1670.9857860271 80
9 1540.18687134955 89
10 1503.38154894114 98
11 1448.0009922842 106
12 1433.23301433282 115
13 1429.7070822835 124
14 1428.50514997418 133
15 1428.06935478897 145
16 1427.85894390976 154
17 1427.75442188807 163
18 1427.70050995077 172
19 1427.67123692589 180

0 6113.85658129866 9
1 5102.85286173845 18
2 3911.56335737402 27
3 3794.65194298505 36
4 3016.67575942996 46
5 2510.03503337424 55
6 2101.37526956635 64
7 1814.33818562337 72
8 1638.12649936024 81
9 1534.11912063126 91
10 1492.8248738699 100
11 1449.07938408516 109
12 1433.12972149216 117
13 1428.58169061583 126
14 1427.37206422438 135
15 1426.81932550782 144
16 1426.58496663065 153
17 1426.46588876965 162
18 1426.40219704065 171
19 1426.3674482267 179

0 4899.20374101194 9
1 4689.17367232678 17
2 4197.67900356832 26
3 4241.17489135622 35
4 3417.68164604975 44
5 2708.24388432822 53
6 2197.42023228382 62
7 1823.02490414994 70
8 1641.23169429089 79
9 1538.12432880861 88
10 1481.23535140849 96
11 1441.63652214095 105
12 1427.4380912454 114
13 1423.55309523194 123
14 1422.49278085763 132
15 1422.13265023615 141
16 1421.9600522521 150
17 1421.87462720075 159
18 1421.82990133845 167
19 1421.80549446004 176

0 5394.17864182239 9
1 4662.54813379057 18
2 4289.12109239019 26
3 3738.05897252563 35
4 3334.52119040505 44
5 2594.22833661353 53
6 2165.20116999077 62
7 1805.10865620366 71
8 1660.23036620889 80
9 1531.06214554718 88
10 1509.52374463948 97
11 1452.47736451844 106
12 1436.47091554677 115
13 1432.56258054571 124
14 1431.54795785671 133
15 1431.11760027727 142
16 1430.92905206656 151
17 1430.83511048317 160
18 1430.7862353285 170
19 1430.75968173795 179

0 5033.70529186422 9
1 5410.17117405799 18
2 4731.75536313375 26
3 3741.68547443454 35
4 3424.15231314095 44
5 2407.39051062256 53
6 2110.81952894208 62
7 1809.60658444354 71
8 1630.3472089415 79
9 1525.782631204 88
10 1485.1831844496 97
11 1445.62419650736 105
12 1431.71082650517 114
13 1427.73220630309 123
14 1426.64672704782 131
15 1426.23839573862 140
16 1426.06146402687 149
17 1425.97591599035 157
18 1425.93020102363 167
19 1425.90519985248 176

0 4528.0268477616 9
1 4753.0443957508 18
2 4936.86787621231 28
3 4244.76545554176 37
4 3117.00989610478 46
5 2870.71819855065 55
6 2291.4612360724 64
7 1805.06549975913 73
8 1714.82447241935 82
9 1543.75664887066 91
10 1497.86378599364 99
11 1452.19092238245 108
12 1438.11228527766 117
13 1432.97878893456 126
14 1431.68554676762 135
15 1431.21480457347 143
16 1430.99525430409 152
17 1430.88555274 161
18 1430.82706321982 170
19 1430.79524341398 179

0 5980.04132101137 9
1 6844.17492018054 18
2 4471.4896146086 28
3 4231.05515243129 37
4 3631.03914679581 45
5 2478.84957856519 54
6 2226.31895029811 63
7 1885.1840648316 72
8 1660.08284571849 80
9 1533.56594030277 89
10 1502.25860866253 98
11 1450.64162461001 106
12 1437.39176953432 115
13 1432.93864929401 124
14 1431.33933874505 132
15 1430.84520419011 142
16 1430.62500985765 152
17 1430.5157751612 160
18 1430.45776839531 169
19 1430.42610650785 178

0 5279.78841912953 9
1 4110.21859622894 18
2 4454.71827775588 27
3 4046.31102139618 36
4 3070.10315749838 46
5 2636.09644213417 55
6 2056.67048470295 64
7 1886.26626915749 73
8 1661.59043996085 82
9 1526.23451849446 91
10 1496.51422629987 100
11 1453.11206236134 109
12 1436.29291039929 118
13 1432.21541813864 126
14 1431.03900679769 135
15 1430.55943542295 144
16 1430.35043095707 153
17 1430.24355787074 161
18 1430.18726338549 170
19 1430.15660527169 179

0 4593.28082742934 9
1 4860.07334191362 17
2 3968.95370485808 26
3 4039.2851626465 35
4 3037.02344715235 44
5 2779.56842916009 54
6 2245.46797149477 63
7 1796.6018798179 72
8 1645.21851252439 81
9 1532.58536383542 90
10 1493.07650246569 99
11 1454.67828077175 108
12 1437.68720189777 116
13 1433.28691194679 125
14 1431.92769303436 134
15 1431.45430281925 142
16 1431.23989129019 151
17 1431.13518368952 160
18 1431.081184415 169
19 1431.05155257516 178

0 5300.21270869038 9
1 4608.9838568112 18
2 4353.47377048315 27
3 4120.3143631512 36
4 3370.59541655576 44
5 2772.93445929131 53
6 2117.72414398699 62
7 1806.18824389396 71
8 1665.59580851614 81
9 1544.87122343004 90
10 1502.32841385121 99
11 1454.85624183926 108
12 1438.16255632579 117
13 1434.06755912579 126
14 1432.79458930113 135
15 1432.35472488282 144
16 1432.16086843439 153
17 1432.06269993428 162
18 1432.0108163152 170
19 1431.98260045215 179

0 5098.10024601495 9
1 4884.04827804888 17
2 4675.21449976203 26
3 4023.48097050609 35
4 3273.34394951913 44
5 2552.65526816868 53
6 2042.04740317236 61
7 1775.04122075997 70
8 1626.70733595605 79
9 1526.73266547188 87
10 1485.52492106602 97
11 1438.15434060372 105
12 1426.88243516236 114
13 1422.28424302913 124
14 1421.15145971304 134
15 1420.73861755776 143
16 1420.56114376707 154
17 1420.4707935304 163
18 1420.4240850177 172
19 1420.39895762755 181

0 4722.6095795372 9
1 4250.47610750058 18
2 4186.21551630079 27
3 4182.08533075145 36
4 3227.5561013662 45
5 2708.82945791723 54
6 2103.28617301439 63
7 1821.0142185212 72
8 1642.35359784992 81
9 1532.37882598715 89
10 1501.99115747155 98
11 1443.31954765801 107
12 1427.93099156294 117
13 1424.37296769487 126
14 1423.04663297584 136
15 1422.58439560538 145
16 1422.35588728553 154
17 1422.24746352208 163
18 1422.19027715081 172
19 1422.15886062771 181

0 4500.01158290039 9
1 4833.78668706559 17
2 4182.13062435268 26
3 4555.76046610764 35
4 3277.720886018 44
5 2505.06684824257 52
6 2428.7250150372 61
7 1818.25366839832 71
8 1657.32410843202 80
9 1538.83299090577 89
10 1515.49168824045 97
11 1459.1309002586 106
12 1444.56776052353 115
13 1440.64989895427 123
14 1439.54082885351 132
15 1439.10375255118 141
16 1438.91150153104 150
17 1438.81396588958 160
18 1438.76211564571 169
19 1438.73392905243 178

0 4530.50319705179 9
1 4682.39523328595 18
2 4798.41902708259 27
3 4159.58479935404 36
4 3209.20635472085 45
5 2629.39893627508 54
6 2139.27636392503 63
7 1801.01021218681 72
8 1633.93337641256 81
9 1533.4633892678 90
10 1489.04588150641 99
11 1441.66254661674 108
12 1425.56591780093 116
13 1421.59459363193 125
14 1420.50570457752 134
15 1420.07192533764 143
16 1419.89961064725 152
17 1419.81338903119 160
18 1419.76833344918 170
19 1419.7440921958 180

0 4501.97494975852 9
1 4402.73675098298 18
2 4217.93237244737 27
3 3666.63724240733 36
4 3028.82710294879 45
5 2631.24600190465 54
6 2186.19456722201 63
7 1800.66760366668 72
8 1683.41823499942 80
9 1547.00547294534 89
10 1499.84295629423 98
11 1454.9563635466 106
12 1435.35996771744 115
13 1430.18599199871 124
14 1429.05753335656 133
15 1428.60538617001 141
16 1428.39978557701 150
17 1428.29899897919 159
18 1428.24585302033 168
19 1428.21692648653 176

0 4886.08620072427 9
1 4236.59053642702 19
2 4787.82375892232 28
3 4203.39089396272 37
4 3474.86121375406 46
5 2640.12935828617 55
6 2194.71614537306 64
7 1888.05401500911 73
8 1667.63597204638 82
9 1544.60064755327 91
10 1508.84375401514 99
11 1448.54817071645 108
12 1433.74322525365 117
13 1429.28082002225 126
14 1428.08377435366 135
15 1427.65477457855 143
16 1427.45792938048 152
17 1427.35899936498 161
18 1427.30734384914 169
19 1427.27946377077 178

0 4783.83130859718 9
1 4030.73174054314 17
2 4447.4758855355 26
3 3739.9508461097 35
4 3561.82496180159 44
5 2555.2462148775 53
6 1988.50438550435 63
7 1825.91384965021 72
8 1669.81727740056 80
9 1550.9998658456 89
10 1507.19779191359 98
11 1452.77141583473 107
12 1438.98546041214 115
13 1434.88938911751 124
14 1433.552894874 133
15 1433.06355483463 141
16 1432.85809286208 150
17 1432.75348888567 159
18 1432.69949455028 167
19 1432.67026630966 176

0 4770.60894354533 9
1 4374.24480733849 18
2 4352.22018029744 26
3 3916.86375109091 35
4 3378.28553871509 44
5 2763.18414184028 54
6 2103.94641297543 63
7 1907.96313227929 72
8 1644.22682787068 81
9 1565.4871290137 91
10 1507.69314304776 101
11 1462.93016977826 110
12 1446.10967504961 119
13 1442.51514687926 128
14 1441.24851107151 137
15 1440.78887216478 146
16 1440.57966336625 155
17 1440.47384141934 164
18 1440.4179991288 174
19 1440.38735351394 183

0 4536.46937286537 9
1 4671.18161088521 18
2 4423.84634116142 26
3 3836.59639243741 35
4 3245.27838614713 44
5 2708.11348984699 53
6 2201.33580023365 62
7 1751.20407762833 71
8 1592.2186628822 80
9 1514.45204643233 89
10 1482.6124769497 98
11 1441.19622114519 107
12 1424.61837448754 116
13 1420.40867350034 125
14 1419.15820443977 134
15 1418.71758785143 142
16 1418.51860344934 151
17 1418.42196718805 160
18 1418.37196207028 169
19 1418.34465504268 178

0 4710.02600827858 9
1 4658.25679882064 18
2 4112.45295948374 26
3 4107.49472348346 35
4 3154.06296233023 44
5 2761.28449188873 53
6 2094.77763376288 62
7 1830.36173816366 72
8 1613.48341910051 81
9 1521.02250354832 90
10 1491.97188508857 100
11 1444.56226975557 109
12 1427.13120051413 119
13 1423.79967013536 128
14 1422.71430397151 138
15 1422.31879296126 147
16 1422.14602626648 156
17 1422.05957055634 165
18 1422.01451537239 174
19 1421.99009285818 183

0 4620.4460118917 9
1 4932.02169731111 18
2 4664.5201108107 27
3 4209.90953009785 35
4 3378.82672458669 44
5 2696.48898663691 53
6 2304.51315282926 62
7 1899.18814083249 71
8 1684.67603996352 79
9 1612.2144979491 88
10 1555.40261295895 97
11 1506.00409241241 106
12 1491.25187648523 115
13 1486.23399499993 123
14 1485.20635818957 132
15 1484.81766968218 141
16 1484.63903307552 150
17 1484.54971548969 159
18 1484.50354938842 168
19 1484.47838858863 177

0 4746.0442108231 9
1 4298.20381157556 18
2 4287.45230526341 27
3 3706.26222718342 36
4 2918.10527697975 45
5 2474.32411381054 54
6 2250.80856135016 63
7 1804.79323114574 71
8 1605.05492068783 80
9 1522.00878624015 89
10 1490.1768182398 98
11 1442.63612536084 106
12 1426.64125847295 115
13 1422.69071899732 124
14 1421.69128844533 133
15 1421.33005385618 142
16 1421.17380572931 151
17 1421.09723553539 160
18 1421.0567263036 171
19 1421.03474035299 181

0 4191.57393558845 9
1 4851.22095655594 18
2 4550.2969733092 27
3 4319.83132014201 37
4 2885.79855910304 46
5 2699.02459891717 55
6 2209.76173140515 63
7 1822.52183189323 72
8 1628.35725980048 81
9 1516.82237211136 90
10 1490.4537705725 100
11 1435.78758749489 109
12 1423.86443816159 118
13 1420.54768585028 126
14 1419.36601291423 135
15 1418.99935681279 144
16 1418.83091409113 153
17 1418.74707819418 162
18 1418.70387083508 171
19 1418.68039293181 180

0 5396.0206721717 9
1 5546.81078768171 18
2 5051.98679778723 27
3 4214.09032621584 36
4 3210.26326692721 45
5 2731.0264660052 54
6 2118.16439145411 63
7 1938.67082453333 72
8 1717.85782010445 80
9 1637.04763928418 90
10 1594.22320113501 99
11 1546.27035897699 108
12 1530.84474481112 117
13 1526.12610507454 126
14 1524.74278745932 135
15 1524.23418033022 144
16 1524.00064542385 153
17 1523.88427749761 162
18 1523.82265190649 171
19 1523.78901306594 180

0 4500.58679246288 9
1 4601.84194103439 18
2 4620.1397900988 28
3 3828.08427338723 37
4 3224.50315999506 50
5 2795.00445462537 59
6 2037.90687389253 68
7 1789.90250894226 77
8 1653.49910438437 86
9 1541.16870368072 95
10 1495.90068403083 104
11 1445.00415523508 112
12 1429.13442766622 121
13 1425.11571022696 130
14 1423.74448855678 139
15 1423.21819448642 147
16 1422.9803181426 156
17 1422.86121567479 166
18 1422.7982371579 175
19 1422.76342736937 185

0 4606.86359997402 9
1 3983.21709792685 22
2 4194.16855135996 34
3 4273.10949969774 48
4 3210.94611641791 57
5 2589.27848358598 66
6 2172.43417723536 76
7 1818.29271948902 85
8 1660.10283034308 95
9 1531.39055822129 104
10 1476.03590665671 113
11 1439.23954337471 122
12 1424.27533951598 131
13 1420.24079144117 140
14 1418.98809624532 149
15 1418.59348137451 158
16 1418.41364677115 167
17 1418.32505319682 176
18 1418.2784881641 184
19 1418.25336461727 193

0 4919.02814823814 9
1 4074.19448178684 18
2 4967.05094702467 27
3 4331.4351219545 36
4 3498.98760715079 45
5 2375.26274569657 55
6 2226.8968715735 64
7 1758.43110496156 74
8 1643.33023789338 82
9 1541.35773426173 91
10 1488.77129543683 100
11 1447.933839516 109
12 1433.49354403912 118
13 1429.81372936557 127
14 1428.4559434075 135
15 1427.94732200903 144
16 1427.72457617712 153
17 1427.61482372976 162
18 1427.55741169739 171
19 1427.52609442489 180

0 4848.08865499666 9
1 4699.18336851546 18
2 4702.80025072256 27
3 4506.93441708649 36
4 3388.62626480963 45
5 2717.04543507139 54
6 2041.7833611437 63
7 1800.7412853717 72
8 1651.20894862915 82
9 1532.71416978407 91
10 1496.16581809985 100
11 1443.4349284032 109
12 1431.0654443201 118
13 1427.1962396527 126
14 1426.21650853387 135
15 1425.87188167854 144
16 1425.71453264103 153
17 1425.63764673979 162
18 1425.59678280773 170
19 1425.574662955 179

0 4521.3054965679 9
1 4566.63211112873 18
2 5109.25761871452 26
3 3694.94933231547 35
4 3316.23390668388 44
5 2855.94923821717 53
6 2104.84711679502 62
7 1833.09628762251 71
8 1652.63715316876 80
9 1545.60483824108 89
10 1494.65879005689 99
11 1452.40876258515 108
12 1437.35260368231 117
13 1433.80096139222 126
14 1432.59119267497 135
15 1432.17805611523 145
16 1431.99660459055 153
17 1431.90258994123 162
18 1431.85265888687 171
19 1431.8257637125 180

