0 497.951947478096 0
1 433.919015671571 1
2 512.505748107379 2
3 282.856854253481 3
4 409.816289956043 4
5 311.828261336092 5
6 287.385027224942 6
7 256.969794407954 7
8 231.36422774649 8
9 160.482009927386 8
10 148.856252882019 9
11 133.251651467617 10
12 111.943431906911 11
13 107.682997927264 12
14 96.6716463916216 13
15 86.7015228936244 13
16 80.0754407850431 14
17 80.6807845875851 15
18 77.1866125879296 16
19 76.1083449136598 17
20 76.6765526239278 17
21 76.077016730002 18
22 74.8026701471451 19
23 74.1797365503376 20
24 74.019642666017 21
25 73.9281291135208 21
26 73.8019956666853 22
27 73.745696447341 23
28 73.7274376155615 24
29 73.6992685612025 25
30 73.6994694586127 25
31 73.6881952151494 26
32 73.6787096695881 27
33 73.6753923310561 28
34 73.6715842229803 29
35 73.6643035752263 29
36 73.6634967293821 30
37 73.6629963118967 31
38 73.6621055655534 32
39 73.6588639381279 33
40 73.6582154228993 34

0 334.208741115791 0
1 366.176996743414 1
2 436.257102952497 2
3 417.736919651865 3
4 441.46185179513 4
5 417.912256988985 4
6 337.627749035881 5
7 237.245153454442 6
8 285.185306594962 7
9 158.053790952187 8
10 171.397420510269 8
11 118.419474387053 9
12 115.790926048257 10
13 96.0945905675031 11
14 96.8145919611306 12
15 82.2733157016418 12
16 83.6212484398699 13
17 80.2868226139893 14
18 78.4320347282667 15
19 76.8644795525226 16
20 75.9012083624114 16
21 75.7950617989818 17
22 74.5963300844276 18
23 74.0801474788411 19
24 73.8560150628391 20
25 73.7165082490523 21
26 73.6870533740674 22
27 73.6587674386298 23
28 73.6423682514236 24
29 73.6209696630029 24
30 73.5878028033284 25
31 73.5816905285349 26
32 73.5744472489801 27
33 73.5728994263533 28
34 73.5647340093733 29
35 73.563937623183 29
36 73.5631438286229 30
37 73.5615962462386 31
38 73.5568981414989 32
39 73.5571992160457 34

0 876.867779369746 0
1 344.305661562195 1
2 411.799799821268 2
3 362.965582705479 3
4 336.319948086641 4
5 375.380889742114 5
6 296.157554152328 6
7 316.429952573421 7
8 185.737596698037 7
9 184.552378412182 8
10 141.317556416961 9
11 119.070024835235 10
12 116.079584675601 11
13 105.553655173268 12
14 90.7031036802596 12
15 85.5519954468261 13
16 81.5612462739009 14
17 79.7304088023287 15
18 78.4019399883847 16
19 77.3527529278405 17
20 75.8706121888826 17
21 76.3959707064096 18
22 74.6692326148742 19
23 74.160502317887 20
24 73.9455237376322 21
25 73.8272929056993 22
26 73.7985585893345 22
27 73.7470921972252 23
28 73.7237874485137 24
29 73.7228709619485 25
30 73.6931393096919 26
31 73.6885553086117 27
32 73.6792732841487 27
33 73.6752231036413 28
34 73.6762061111711 29
35 73.669305812975 30
36 73.6607530042631 31
37 73.6629129712546 32
38 73.6613974978738 32
39 73.6613940252209 33

0 2749.26435493676 0
1 391.007761652467 1
2 293.229266241389 2
3 341.375737353998 3
4 373.576993340502 4
5 262.209223974058 4
6 302.543703486275 5
7 264.422025987951 6
8 296.746848988387 7
9 164.319634009568 8
10 149.199565036466 8
11 120.967452836636 9
12 104.171749163463 10
13 99.8476872566964 11
14 91.5237678716854 12
15 85.0753390491358 13
16 84.2482851515762 13
17 81.5107987225905 14
18 78.7378450037665 15
19 77.4372213628151 16
20 76.8986767066153 17
21 75.8992455026198 17
22 74.584582610359 18
23 74.2189401482627 19
24 73.9170409900219 20
25 73.9132736889042 21
26 73.7801730425272 22
27 73.7413486844968 22
28 73.7220255622269 23
29 73.7025057886955 24
30 73.6845966528074 25
31 73.6912477524016 26
32 73.6857607295856 27
33 73.6800898975698 27
34 73.6725654492773 28
35 73.6738457489623 29
36 73.6700555395659 30
37 73.6678406480558 31
38 73.6649616110857 32
39 73.6649066951555 32
40 73.6626752199502 33

0 448.983279831689 0
1 552.540343134004 1
2 406.064991644857 2
3 329.844621144597 3
4 319.561071709893 4
5 262.018589476153 4
6 265.232757233684 5
7 243.903881601306 6
8 197.978732732048 7
9 160.506015868594 8
10 128.369888534109 8
11 114.540099963504 9
12 116.506243740764 10
13 103.355055843627 11
14 87.7251894088421 12
15 87.7442638240823 12
16 85.7475783017763 13
17 80.0447959500844 14
18 78.5235030063978 15
19 76.3267674477387 16
20 76.3002427045791 16
21 76.6770013762983 17
22 74.6742043608179 18
23 74.1628081749052 19
24 73.9024717592443 20
25 73.7262361780748 21
26 73.7044399844636 22
27 73.6477283580233 22
28 73.6112741878745 23
29 73.6011769607291 24
30 73.59829706798 25
31 73.5909825726125 25
32 73.5732690587385 26
33 73.5710004958912 27
34 73.5653333913626 28
35 73.5609742606864 29
36 73.5593137544696 30
37 73.5576035807361 30
38 73.5565293983814 31
39 73.555903416685 32

0 2631.61009302274 0
1 460.265004451058 1
2 305.859736011857 2
3 374.598341826801 3
4 401.916931524242 4
5 305.100902801166 5
6 300.3852764753 5
7 236.463329087009 6
8 201.150527200236 7
9 204.753060400601 8
10 151.285799517209 9
11 118.110064023213 10
12 111.846165817723 10
13 98.4438720064539 11
14 90.2324163323853 12
15 87.7946355748833 13
16 80.9420828831391 13
17 78.7837627673873 14
18 77.3396120113527 15
19 76.6684212391818 16
20 75.9852738869903 17
21 75.7615087688515 18
22 74.6445042797987 19
23 74.0998205846338 19
24 73.9426454747824 20
25 73.8320048320867 21
26 73.6694371995287 22
27 73.6581211837589 23
28 73.6309464311253 23
29 73.6078566032677 24
30 73.5938065732819 25
31 73.5905736330846 26
32 73.5802956106688 27
33 73.5677035257914 28
34 73.5623864198276 28
35 73.5593074040337 29
36 73.5566643897192 30
37 73.555614516062 31
38 73.5523504610834 32
39 73.5517168958941 33

0 400.438431573997 1
1 329.236782168113 2
2 440.840248537119 3
3 372.466508769397 3
4 267.379077582923 4
5 386.93406695136 5
6 295.177681312319 6
7 225.899676490363 7
8 210.701993180609 7
9 165.240415969267 8
10 134.470399736527 9
11 134.613570432847 10
12 103.956607857418 11
13 99.6842164841487 12
14 91.4558490217534 12
15 86.8285258722597 13
16 83.3299956833173 14
17 79.4992275165665 15
18 77.4551739521007 16
19 76.1481668797742 17
20 76.5841731826938 17
21 75.8895760203552 18
22 74.7833718225193 19
23 74.0337663091447 20
24 73.8697598499975 21
25 73.7414980986511 22
26 73.7158549241057 23
27 73.6601636154625 23
28 73.6334363482278 24
29 73.6059743801571 25
30 73.5976704578938 26
31 73.5790821373347 27
32 73.5825541961947 28
33 73.5787644899041 28
34 73.5712240796592 29
35 73.5651466838244 30
36 73.5614310773199 31
37 73.5582280532636 32
38 73.5539947786882 33
39 73.5534059536417 33

0 627.765100978569 0
1 353.61836571989 1
2 357.833354614374 2
3 300.169173786211 3
4 296.308021574595 4
5 497.682668251952 4
6 274.775571785489 5
7 341.38961190701 6
8 229.033757966956 7
9 157.830986742527 8
10 145.686391796448 8
11 118.980913412592 9
12 109.035580723418 10
13 100.24615460551 11
14 88.0190762292671 12
15 84.177357327787 13
16 87.5907769170088 13
17 81.33952377546 14
18 78.2742325745799 15
19 77.2660348072039 16
20 75.9135176738878 17
21 76.0121502707443 18
22 74.9546252187327 19
23 74.0989643462297 19
24 73.9249150297156 20
25 73.7148479505823 21
26 73.6987438067239 22
27 73.6486227772102 23
28 73.6126588505602 24
29 73.6123239147996 24
30 73.6040818536512 25
31 73.595512321759 26
32 73.5846788797045 27
33 73.5692293061101 28
34 73.566442627138 29
35 73.5678915016818 30
36 73.565250832987 31
37 73.565801322832 31
38 73.5599840367805 32
39 73.5559443569555 33

0 368.283658639427 0
1 418.32994206196 1
2 396.427760130473 2
3 371.287148268645 3
4 247.986310203855 4
5 372.916615810921 5
6 264.051386289286 5
7 243.937993147459 6
8 196.451069108348 7
9 189.281113985403 8
10 146.302602596459 9
11 123.129947621405 10
12 113.843301801456 11
13 96.9591482903749 12
14 88.3599275976439 12
15 84.2184826586977 13
16 84.9040533829723 14
17 79.9387225619027 15
18 78.0327013996994 15
19 77.5909865678067 16
20 75.8674506193705 17
21 75.9374905221785 18
22 74.60681088444 19
23 74.2843816983953 20
24 73.9391067911999 21
25 73.8056211276458 21
26 73.821216165869 22
27 73.7843379385628 23
28 73.7222661974197 24
29 73.7145137965707 25
30 73.7010558206848 25
31 73.6928391690423 26
32 73.6821261365066 27
33 73.6720287490985 28
34 73.6746441842004 29
35 73.6676095330759 30
36 73.6657729975403 30
37 73.6631825354582 31
38 73.6617384303133 32
39 73.658831288834 33
40 73.6581131837918 34

0 527.251498773107 0
1 318.374418202712 1
2 397.274110548005 2
3 307.650454728433 3
4 327.09366255951 4
5 382.446150607475 4
6 343.635594007838 5
7 235.732524325091 6
8 226.090605486278 7
9 172.459986530995 8
10 145.537418539327 9
11 123.403111883902 9
12 110.987651168575 10
13 93.9649923430051 11
14 95.3089848357654 12
15 86.9538361443194 13
16 81.698625173069 13
17 78.8502269123552 14
18 76.979555931739 15
19 77.4557944094619 16
20 76.2488267460446 17
21 75.9395327339552 18
22 74.7408078320047 18
23 74.065095706655 19
24 73.914273653001 20
25 73.7122404737811 21
26 73.6758334077484 22
27 73.6466682661134 22
28 73.6155548651025 23
29 73.6011267538003 24
30 73.5855005050126 25
31 73.584463705044 26
32 73.5691731345068 26
33 73.5711506480293 27
34 73.5635538480635 28
35 73.5615089926476 29
36 73.5595901019061 30
37 73.5535286787743 31
38 73.5515229938569 31
39 73.5502373633477 32

0 739.701848498588 0
1 597.446444578058 1
2 388.834239607906 2
3 401.102619991363 3
4 466.301670840721 4
5 276.894972872218 5
6 332.916848664386 5
7 184.825638546816 6
8 212.195264618532 7
9 190.862394419379 8
10 148.715638596521 9
11 123.084031064736 10
12 110.786519109066 10
13 100.310701012863 11
14 97.0189303105188 12
15 88.5873660715293 13
16 84.5395863355788 14
17 79.8508042007949 14
18 78.533078820763 15
19 76.7146157775544 16
20 76.0333330370284 17
21 75.5380788305331 18
22 74.6216532467198 19
23 74.2761420846425 20
24 74.0802078195716 20
25 73.8914974843142 21
26 73.8184553979834 22
27 73.7288658300383 23
28 73.7440596773778 24
29 73.7181199673945 25
30 73.6933759201124 25
31 73.68859241152 26
32 73.6779859752597 27
33 73.6774340876246 28
34 73.6694022654572 29
35 73.666662476583 29
36 73.6652358286938 30
37 73.6624470187524 31
38 73.6600800952669 32
39 73.6595352282288 33
40 73.6575001423407 34

0 418.861045538639 0
1 367.232259015283 1
2 428.423828108305 2
3 382.99111143478 3
4 415.592311629933 4
5 290.446022687394 4
6 334.363952491431 5
7 260.138327867228 6
8 206.447933551297 7
9 170.002997482386 7
10 175.33110764258 8
11 121.847540854548 9
12 113.086401983084 10
13 102.278925249293 11
14 96.2194498381817 11
15 88.7271630766887 12
16 87.5448668868547 13
17 82.039133581863 14
18 77.9584730766125 15
19 76.9762212432825 16
20 76.41799446556 16
21 75.9383380667581 17
22 74.5701678407514 18
23 74.2626616168482 19
24 74.0091503759951 20
25 73.8780468813434 20
26 73.8030535895761 21
27 73.7631194716805 22
28 73.7462617861178 23
29 73.7328348614025 24
30 73.7019570884402 25
31 73.6847001608997 25
32 73.6812660759452 26
33 73.6852650654796 27
34 73.6738207101009 28
35 73.6695878005156 29
36 73.6696487684612 29
37 73.6646919191372 30
38 73.6623195488344 31
39 73.660419401946 32

0 582.37568854186 0
1 351.718938869399 1
2 350.001260021909 2
3 459.774402815433 3
4 368.992301823791 4
5 338.908272273485 4
6 289.642981529115 5
7 236.375654928042 6
8 202.377548704679 7
9 158.123998374826 8
10 148.010690100622 9
11 120.78115298979 10
12 105.510225127412 11
13 102.49897313678 12
14 88.5524089999556 16
15 84.9966359385868 17
16 84.4536072977567 18
17 80.8609118851815 20
18 78.4223351525845 21
19 76.1289618973525 22
20 76.4406596043221 23
21 76.8059073130476 24
22 74.6147074084049 24
23 74.079310732911 25
24 73.7975072422264 26
25 73.7309236137384 27
26 73.6566127766394 28
27 73.6430326805568 29
28 73.6232765283669 29
29 73.6236539258248 30
30 73.6057841589628 31
31 73.5861539016618 32
32 73.5761621867111 33
33 73.5677849693413 34
34 73.566083926467 34
35 73.566064801442 35
36 73.5585445195799 36
37 73.5571165357484 37
38 73.5570183197536 38
39 73.5548077145819 39

0 361.577107950944 0
1 328.665461209155 1
2 357.405870223198 2
3 334.88872899994 3
4 408.739995256059 4
5 382.63653722541 4
6 284.743792195113 5
7 275.699094488552 6
8 220.88745059856 7
9 154.542692376271 8
10 170.756342597642 9
11 130.71837686398 10
12 119.694644739844 11
13 95.0763115575317 12
14 94.5007048989821 13
15 85.7757879431491 14
16 85.3098229288052 15
17 80.7635258261816 16
18 77.8994245378823 16
19 76.6201484850616 18
20 75.4148361299881 18
21 76.3105120963774 19
22 74.7187975494705 20
23 74.1184019877284 21
24 73.9621795643116 23
25 73.8316096047562 24
26 73.7448008364329 25
27 73.7291255619445 26
28 73.717841485036 27
29 73.7057164181107 28
30 73.7030040101713 29
31 73.6856100126283 30
32 73.6805164723637 31
33 73.6719730149267 32
34 73.6684068606139 33
35 73.6669458478699 33
36 73.6647107573584 34
37 73.6642953460646 35
38 73.6606080807484 36
39 73.6600116722077 37
40 73.6575264950746 38

0 303.135451676356 0
1 372.924245672665 1
2 373.400731719967 2
3 305.995499109562 4
4 414.622529139691 5
5 356.639606425406 6
6 228.679594643293 6
7 263.614705672615 7
8 233.67330403506 8
9 176.891105087047 9
10 137.438270929322 10
11 117.371712355523 11
12 106.07253230087 12
13 99.8729018365506 13
14 91.571813655075 14
15 88.3809825479279 15
16 85.8409566579283 16
17 80.9003423033817 17
18 77.7323322778868 18
19 76.7646896836283 19
20 75.9560775067693 20
21 76.1199301640108 21
22 74.6900745001998 22
23 74.2407806921798 22
24 73.9543535910313 23
25 73.8674830359815 24
26 73.8306483767489 25
27 73.7778576088849 26
28 73.7215572392783 27
29 73.7309532924667 28
30 73.7033613413956 29
31 73.6933713452863 29
32 73.6792720821741 30
33 73.6774032436291 32
34 73.6726046222724 33
35 73.6679291264281 34
36 73.6687378257346 35
37 73.6670914208988 36
38 73.6636867135029 37
39 73.6632020790075 37
40 73.6604410673185 38

0 1940.76721505847 0
1 428.078506361857 1
2 406.997156252307 2
3 381.81156234401 3
4 284.743185695125 4
5 298.827870200864 5
6 309.464276302856 6
7 243.723573720874 7
8 202.80973256438 8
9 175.346070570197 9
10 146.479884700664 10
11 125.316353931309 11
12 113.433602090765 12
13 97.9013543846081 12
14 93.7243917489722 13
15 85.2087272316833 14
16 83.0582208320316 15
17 80.9276781905638 16
18 77.171011741594 17
19 76.8724400268412 18
20 75.9881631997726 18
21 75.4281176944326 19
22 74.6575986132847 20
23 74.1525515996401 21
24 73.8738625817143 22
25 73.7126051705883 23
26 73.7027454420795 24
27 73.6713373467449 25
28 73.6229772857052 26
29 73.6056125207237 27
30 73.5838486146442 28
31 73.5797548004614 29
32 73.5705449496944 30
33 73.5657468029688 31
34 73.5618227291761 31
35 73.5631855180837 32
36 73.5596719656528 33
37 73.5564800590878 35
38 73.5536772013302 36
39 73.5542458938779 37

0 398.449767554044 1
1 433.257144699356 2
2 359.63512639107 2
3 502.125574599493 4
4 351.307805978972 5
5 247.696552294869 5
6 305.441405628664 6
7 348.897316969634 7
8 200.045497994814 8
9 167.06116369074 9
10 154.342123123075 10
11 128.684540297287 11
12 109.590523211328 12
13 99.8086922510183 13
14 92.8269412357068 14
15 88.2856935741831 15
16 86.0091840271108 16
17 79.8914546187479 17
18 77.1653185011018 18
19 77.2401739032404 19
20 77.082890008619 20
21 75.8113719874613 20
22 74.4870492056448 21
23 74.252039981381 22
24 73.9317960860554 23
25 73.8080356418479 23
26 73.7892653133864 25
27 73.7522880566452 25
28 73.7109351667024 26
29 73.7031105469474 27
30 73.6895944103704 28
31 73.6792275729596 29
32 73.6797054193664 30
33 73.6774262152073 31
34 73.6696923991963 32
35 73.6645363369934 33
36 73.6676886295568 34
37 73.6614023493184 35
38 73.6596342516342 36
39 73.6573783191868 36
40 73.6562738050603 37

0 3574.73635138898 0
1 553.293399576671 2
2 381.434132098152 2
3 330.034935228214 4
4 295.950212058273 4
5 314.531438160666 5
6 294.548869778204 6
7 237.635421753587 7
8 233.555412480261 8
9 179.889829550934 9
10 144.030657533464 10
11 130.278454702544 10
12 114.250455764926 11
13 102.190393167482 12
14 91.433631467016 13
15 85.3376558644362 14
16 84.8806580628216 15
17 79.94309955143 16
18 78.5510208363215 16
19 77.6470716005643 17
20 76.4013103191017 18
21 75.8567897413481 19
22 75.0805529301647 20
23 74.1780653030338 20
24 73.9454976348237 21
25 73.8667256370658 22
26 73.786982389213 23
27 73.7462445772309 24
28 73.7015134804984 25
29 73.6994256872258 26
30 73.685183599661 27
31 73.6816428017291 28
32 73.6852560435048 29
33 73.6807178784623 30
34 73.6694203258794 31
35 73.6692111151962 32
36 73.6619723919477 33
37 73.6620824261319 34
38 73.6588026530147 34
39 73.6579005242749 35

0 412.451706722899 1
1 349.8576138622 1
2 571.762403649292 2
3 321.877724909324 3
4 268.524133196418 4
5 324.651778650541 5
6 302.600880539371 5
7 269.59918026827 6
8 249.474488893845 7
9 175.040996909992 8
10 166.314552999136 9
11 115.928254653492 9
12 111.563665190287 10
13 95.8425591932739 11
14 94.8904605165012 12
15 84.6654234479877 13
16 85.9500706400497 13
17 80.1131746018581 14
18 78.2039554758814 15
19 76.2274325389537 16
20 76.3935593564026 17
21 76.0812046599706 18
22 74.7323090149706 19
23 73.9661301910114 20
24 73.8548246520767 21
25 73.752766170627 21
26 73.6735103835244 22
27 73.6437405840568 24
28 73.6154222687036 25
29 73.6091716754148 26
30 73.5996720401904 26
31 73.5874786233231 27
32 73.5843375042618 28
33 73.5697526349962 29
34 73.5653349130516 30
35 73.5627440281831 31
36 73.5608285343742 32
37 73.5578425535191 33
38 73.5558103736902 34
39 73.5548894479594 35

0 2166.43940316331 0
1 414.209384868982 1
2 637.062936578989 2
3 438.05698748815 3
4 367.726929255114 4
5 292.863997040352 6
6 261.576738428118 7
7 282.023607276443 8
8 209.72663360736 9
9 188.441188378308 9
10 182.167420977813 10
11 117.55444320863 11
12 118.885705953503 13
13 99.4298085927993 14
14 93.0321695790562 15
15 91.3443726889022 16
16 84.6733550151711 17
17 81.6523632491456 18
18 77.8226416239934 20
19 77.0876013115313 20
20 75.0290394452309 21
21 76.1196784630192 22
22 74.6745490459459 23
23 74.1784181902524 24
24 74.0834822212055 24
25 73.856083181852 25
26 73.8167377693459 26
27 73.7735234690523 27
28 73.7310183212836 27
29 73.7026987214077 28
30 73.708241759761 29
31 73.6798659975758 30
32 73.6871245832333 31
33 73.6756532700519 31
34 73.6708056441924 32
35 73.6694809350725 33
36 73.6656298070374 34
37 73.6656054569042 35
38 73.6640911078626 35
39 73.660606730079 36
40 73.6584963083548 37

0 482.759126665037 0
1 673.146007965529 1
2 309.243924673205 2
3 360.467202800315 3
4 377.532125920068 3
5 319.721773981429 4
6 289.97666803373 5
7 305.006668970838 6
8 216.607491191751 7
9 235.581447722457 7
10 134.462304903852 8
11 124.930589924447 9
12 118.375957154988 10
13 98.2017516426716 11
14 95.0284851671432 11
15 89.1163116680255 12
16 83.9223073230385 13
17 80.1538162630049 14
18 77.7916329771378 15
19 77.75854608807 16
20 76.2532938190879 16
21 75.7486496349128 17
22 74.904211142134 18
23 74.1163406867392 19
24 73.8995035795515 20
25 73.8688899326526 21
26 73.7953496579861 22
27 73.7646731182462 23
28 73.7217877897636 23
29 73.7113258558051 24
30 73.6884608670656 25
31 73.6774243263533 26
32 73.6756016287812 27
33 73.6724137534376 28
34 73.6642037878227 28
35 73.6667447788965 29
36 73.6612019983283 30
37 73.6617875093103 31
38 73.660195892902 32
39 73.6595894135282 33

0 451.224040682383 0
1 375.837405918725 1
2 411.941242532689 2
3 435.471184863778 3
4 364.116875270421 4
5 496.543064641525 5
6 272.451210588064 6
7 315.879021551462 6
8 172.364303780127 7
9 179.197346425186 8
10 148.266205906088 9
11 117.167481381354 10
12 111.598872440724 10
13 101.045851542287 11
14 93.8965611058872 12
15 88.164883207232 13
16 83.9050254741571 13
17 79.6415918093478 14
18 77.1732161175065 15
19 77.4293450247092 16
20 76.5580289173331 16
21 75.9185613574717 17
22 74.7448713734277 18
23 74.1715345868718 19
24 74.0310811269484 20
25 73.7980714393795 21
26 73.7875213954545 22
27 73.7192248716245 22
28 73.7399070049155 23
29 73.6954096486949 24
30 73.6874427883459 25
31 73.6758810708441 25
32 73.6802787693915 26
33 73.6749873895006 27
34 73.6783959479989 28
35 73.6757662748417 29
36 73.6702280720413 29
37 73.6694661939267 30
38 73.6624580879962 31
39 73.6599578612715 32

0 1259.45571686109 0
1 363.367418717062 1
2 412.611767399105 2
3 306.765691555194 3
4 379.975020261049 3
5 346.297157524898 4
6 359.741598622922 5
7 356.37284998215 6
8 163.049347269623 7
9 168.629684168809 7
10 149.083211394637 8
11 112.635685107634 9
12 111.038973396119 10
13 108.072477518582 11
14 88.6077900061311 11
15 85.8604095104382 12
16 82.7391601911215 13
17 78.2854601099077 14
18 78.2727982463499 15
19 76.8443359133064 15
20 75.890681247717 16
21 76.0607731974738 17
22 74.880127950771 18
23 74.2713588364436 18
24 74.0338956047417 19
25 73.8829545264452 20
26 73.7802370956387 21
27 73.7472499460707 21
28 73.7397531816944 22
29 73.7314516351096 23
30 73.6947379958788 24
31 73.6831377651278 25
32 73.6815311162846 26
33 73.6757208594085 26
34 73.6740664062337 27
35 73.6692549322456 28
36 73.665608685945 29
37 73.6613030323273 30
38 73.657681380881 30
39 73.6579880244169 31
40 73.6571893356498 32

0 338.836134297925 0
1 334.1963648064 1
2 381.145491636299 2
3 445.650115237665 3
4 349.777779436536 4
5 373.926269672984 5
6 324.997685555413 6
7 308.426706759149 6
8 221.685791245901 7
9 166.390860514566 8
10 142.714732429562 9
11 114.66158902096 10
12 108.220438895435 10
13 98.294776011144 11
14 95.1341252783994 12
15 86.2436567155793 13
16 83.4804335492695 14
17 80.1951560825361 15
18 78.1472849922253 16
19 76.5863943372404 16
20 76.5148236084409 17
21 75.8069202165019 18
22 74.7438241907389 19
23 74.3850433828046 20
24 73.9255226562522 20
25 73.8377416696183 21
26 73.8379959105156 22
27 73.755099152905 23
28 73.7329482400339 24
29 73.7239869139098 24
30 73.6904998661169 25
31 73.6893445269998 26
32 73.6860128338189 27
33 73.6767234823069 27
34 73.6769522532446 28
35 73.6661852177307 29
36 73.6641077721898 30
37 73.6625395740377 31
38 73.6627149505627 32
39 73.6600269810306 33
40 73.6596619205534 34

0 568.710244039446 0
1 368.658250033151 1
2 315.939240904697 2
3 324.374139795119 3
4 392.570054336857 4
5 376.434632028355 4
6 303.358158422142 5
7 283.860866352125 6
8 242.616254416867 7
9 145.555969589541 8
10 140.109156149191 8
11 145.745111647346 9
12 110.848453433935 10
13 102.544015398929 11
14 92.8584754629614 12
15 85.6742435834839 12
16 83.0252849281538 13
17 81.1259908281573 14
18 78.8023535532254 15
19 76.1051534702227 16
20 76.3512897392263 16
21 76.5533932065195 17
22 74.6391309638406 18
23 74.2479401283417 19
24 74.0276290217978 20
25 73.827312011808 21
26 73.8221381186193 21
27 73.7690442445788 22
28 73.7288422825143 23
29 73.7075049063964 24
30 73.6940460729175 25
31 73.684979271423 25
32 73.6793850546399 26
33 73.6680101810157 27
34 73.6658047798147 28
35 73.6649296455132 29
36 73.667111007285 29
37 73.6640293464981 30
38 73.660902668665 32
39 73.6602820082711 33
40 73.6596293961231 34

