0 3260.34707618181 33
1 3180.72886960887 65
2 2976.22909203148 97
3 2595.19007650316 126
4 2512.42601898758 156
5 2226.29885692136 184
6 2091.06987128003 216
7 1879.7269979334 246
8 1711.68585955303 276
9 1579.05847859006 307
10 1519.84601571085 337
11 1424.23768502704 365
12 1385.99849997672 395
13 1375.0209397911 426
14 1371.86679339022 456
15 1370.93211086441 492
16 1370.56033092706 523
17 1370.38696368967 552
18 1370.30030118297 581
19 1370.2550420689 612

0 3489.95936654712 30
1 3324.07119440709 59
2 3160.40284951017 88
3 2935.989871347 121
4 2477.3376426919 153
5 2294.59908044492 185
6 2041.78536611601 220
7 1936.95428880077 248
8 1749.58289997293 276
9 1553.28933511711 305
10 1520.88852898657 333
11 1428.82913037991 362
12 1384.6688189045 391
13 1373.73466696096 420
14 1370.97465255508 454
15 1370.0036503934 486
16 1369.62945636764 514
17 1369.459374222 542
18 1369.37400557232 570
19 1369.32935123778 603

0 3386.51461434271 29
1 3202.40188373892 62
2 3045.35094071064 91
3 2758.46952648583 123
4 2401.47250895408 156
5 2278.60224902505 188
6 2032.72628204931 219
7 1796.14903457883 247
8 1725.92965774368 276
9 1549.31683147181 303
10 1533.44231142131 332
11 1417.94417020569 360
12 1383.97016521447 390
13 1373.30323426743 423
14 1370.51575181401 455
15 1369.63667411228 486
16 1369.2801430623 520
17 1369.11417840909 548
18 1369.03035253946 576
19 1368.98661752302 607

0 3251.57026752753 29
1 3216.65832640068 58
2 2906.74782639499 88
3 2734.21968082988 120
4 2442.96183869292 155
5 2234.23264722658 187
6 2064.36789678976 220
7 1790.60555003604 255
8 1724.70100268946 285
9 1582.37945191235 314
10 1529.12945361307 342
11 1444.1187441779 370
12 1384.81108894108 399
13 1374.35873127689 430
14 1371.39179932922 462
15 1370.49004681621 490
16 1370.12037506988 520
17 1369.94847457134 548
18 1369.86169669006 577
19 1369.81631473046 606

0 2981.02391459481 36
1 3287.27609712783 68
2 2983.2107191707 98
3 2753.05736464164 127
4 2540.94766832731 156
5 2219.06116822245 186
6 2089.91216813432 221
7 1901.5241135413 250
8 1747.71509494528 277
9 1581.82148100384 304
10 1516.62033620111 333
11 1427.1546599275 362
12 1385.76899915902 389
13 1374.12577307076 420
14 1371.76082088762 450
15 1370.90635150352 476
16 1370.55165349041 503
17 1370.38366364247 531
18 1370.30056748332 559
19 1370.2570974035 587

0 3452.94144738134 29
1 3243.52811266031 59
2 3039.14142205768 90
3 2889.85284260333 119
4 2461.57698495678 148
5 2416.04864015993 178
6 1999.17447238698 207
7 1770.69161310281 236
8 1718.65574929712 264
9 1572.05777579915 294
10 1504.88781637218 322
11 1427.59276323531 349
12 1386.98837881308 379
13 1374.84610864588 408
14 1371.71081981338 439
15 1370.73003110153 468
16 1370.32728241219 497
17 1370.13680957894 525
18 1370.04021785149 553
19 1369.9897969793 582

0 3295.40869522562 28
1 2990.0944933549 58
2 3154.2729137317 89
3 2698.0943054349 118
4 2340.29673952907 147
5 2261.89283985581 174
6 1991.75129127656 203
7 1809.97824147997 231
8 1725.09961367634 264
9 1564.2647361072 296
10 1510.10649246772 323
11 1422.80239043244 350
12 1384.57118639344 378
13 1373.94365356218 407
14 1370.99599641836 435
15 1370.10872294145 463
16 1369.73756929819 492
17 1369.56400373719 522
18 1369.47812446747 550
19 1369.43325583942 578

0 3216.10517133018 28
1 3251.99909062667 57
2 3081.65151334897 89
3 2628.04424171671 119
4 2428.89578757648 149
5 2304.67060385568 178
6 2100.23601492548 207
7 1809.95604746421 235
8 1791.73343031027 262
9 1569.26066952065 292
10 1528.57472416045 321
11 1432.63044709907 348
12 1384.94251772668 379
13 1375.09706247331 408
14 1372.24479350323 438
15 1371.35346278469 467
16 1370.99055046081 497
17 1370.8181312255 526
18 1370.73236522869 554
19 1370.68733436058 583

0 3191.88945106084 31
1 3301.84598452268 60
2 2972.31368017596 90
3 2856.08022538909 121
4 2558.25159943467 148
5 2276.78776805942 175
6 1989.39607073691 203
7 1904.80064230081 233
8 1693.55540934185 263
9 1554.44158455367 292
10 1521.40518726034 324
11 1425.26739893303 352
12 1384.03834101858 379
13 1373.4919574419 408
14 1370.50715858235 437
15 1369.55494948438 465
16 1369.16988536333 494
17 1368.98721483319 526
18 1368.89626214758 555
19 1368.84850953732 583

0 3240.35896028974 28
1 3301.23679512405 59
2 2945.47767658513 90
3 2872.00878076267 120
4 2499.46770599925 152
5 2306.72766873462 182
6 2045.33534062387 211
7 1916.68778322124 241
8 1715.81957034689 269
9 1541.28749178415 297
10 1502.27932248014 330
11 1436.70931950546 361
12 1386.78938448553 394
13 1374.87684045559 424
14 1371.65305535163 454
15 1370.70295945623 482
16 1370.31127329476 511
17 1370.13191692357 544
18 1370.04275343262 573
19 1369.99708055475 602

0 3034.61882045553 28
1 3243.71820279832 58
2 2932.17606830519 88
3 2704.76835484016 118
4 2403.94351304275 150
5 2259.12328346951 181
6 1980.29359751648 210
7 1825.98556586477 239
8 1688.77781794568 268
9 1555.02195732437 296
10 1495.25949921434 326
11 1430.06999175673 357
12 1385.17739088105 388
13 1373.81046245099 418
14 1371.07967425187 445
15 1370.16766817245 473
16 1369.80946585561 501
17 1369.64573981001 532
18 1369.56294237164 562
19 1369.51984148178 594

0 3351.62277285486 30
1 3248.33242986407 58
2 2961.04505346884 87
3 2726.86057879909 115
4 2558.72451840439 145
5 2328.82300474144 177
6 1954.70554979533 205
7 1799.45292081754 231
8 1751.75630586974 258
9 1541.90896601559 285
10 1525.64384911058 310
11 1431.65497108318 338
12 1385.94010832651 366
13 1374.54239835816 392
14 1371.42749750053 417
15 1370.48182794754 443
16 1370.08462970596 469
17 1369.90644901994 494
18 1369.81654375714 521
19 1369.7697646095 547

0 3102.08299950451 27
1 3077.56054534432 55
2 3040.17287312122 81
3 2797.54132705329 107
4 2622.5880515821 133
5 2283.33192070037 160
6 2074.65390392048 187
7 1801.11890462772 214
8 1712.64602156798 241
9 1577.1823085679 267
10 1504.01886275292 293
11 1428.15407406092 318
12 1387.18782113041 345
13 1375.82810507774 373
14 1372.7359413281 401
15 1371.70639761929 430
16 1371.31125623566 458
17 1371.12653138574 486
18 1371.03451344476 513
19 1370.98626578521 539

0 3217.62312766977 27
1 3197.20501045046 53
2 3017.35732219079 81
3 2764.16941585682 108
4 2386.93286410935 134
5 2295.33412153503 160
6 2152.96180125711 186
7 1884.59800561507 211
8 1736.5848129403 237
9 1552.18250095893 264
10 1513.98036670172 292
11 1430.36084288615 318
12 1385.07968059265 343
13 1373.8066100662 369
14 1371.1419673261 394
15 1370.25702115435 421
16 1369.90868117232 447
17 1369.74546644924 477
18 1369.66353684158 508
19 1369.62108477396 534

0 3160.79662026622 26
1 3149.16359521923 53
2 2918.44656365266 78
3 2889.52501569724 105
4 2533.36025141038 132
5 2288.15350595891 159
6 2109.75643467188 187
7 1824.56595531793 212
8 1732.16108050778 238
9 1556.54140444376 264
10 1528.08154677786 291
11 1426.70615451764 317
12 1385.03984245312 344
13 1373.99400188136 371
14 1371.13542931939 398
15 1370.22158307228 425
16 1369.83559437354 452
17 1369.65713914029 481
18 1369.56847534968 507
19 1369.52235850142 536

0 3329.16816329231 28
1 3070.11224693191 55
2 3073.15222330822 83
3 2690.95417025065 110
4 2427.95975788346 136
5 2373.24643645962 162
6 1979.65832879555 188
7 1776.246312206 220
8 1736.33422719388 249
9 1566.93475530634 276
10 1515.12272365462 302
11 1425.88610059842 331
12 1385.33206056759 360
13 1374.83435554204 388
14 1371.86898499484 416
15 1370.91722894223 445
16 1370.50532744969 473
17 1370.3203664609 501
18 1370.22636837696 528
19 1370.17734335424 556

0 3454.85970244098 27
1 3038.74883663341 55
2 3008.1000889519 86
3 2684.53879685615 117
4 2734.16983398442 145
5 2274.59978023975 174
6 1999.26974983109 203
7 1822.86547910393 231
8 1735.6165511846 263
9 1551.52964194533 295
10 1503.50867376981 324
11 1429.01859234164 351
12 1383.89760095998 378
13 1373.25331007886 405
14 1370.2325997764 433
15 1369.30028072758 464
16 1368.91743706829 493
17 1368.74191684409 521
18 1368.65387566492 549
19 1368.60817411566 578

0 3213.01764674549 26
1 3126.81945786465 55
2 3043.31876483968 85
3 2845.66426394101 114
4 2452.84150026575 143
5 2350.06321205161 170
6 2005.64177438923 199
7 1809.38278676125 227
8 1707.3336642642 256
9 1558.94895820784 286
10 1526.91966200876 317
11 1431.13256527684 344
12 1384.77451472131 373
13 1374.42006309921 401
14 1371.47196139355 431
15 1370.54930951353 459
16 1370.18296392765 489
17 1370.01286521956 519
18 1369.92937203596 549
19 1369.88594273522 577

0 3239.25257842331 29
1 3276.97559495573 58
2 2983.43806909257 87
3 2823.17893939337 115
4 2466.84768757674 145
5 2208.86867537506 171
6 1965.82288620263 199
7 1865.67979900874 225
8 1718.2643947755 252
9 1548.12470319804 281
10 1541.09196768254 310
11 1424.51997628035 338
12 1386.42394380236 365
13 1374.16289120765 392
14 1371.14198339986 420
15 1370.21121964121 448
16 1369.83974019537 478
17 1369.66654075548 506
18 1369.58038716002 540
19 1369.53524951899 570

0 3475.88869253598 30
1 3109.30377529149 57
2 3246.44382319013 86
3 2886.77180891738 114
4 2521.44382065287 142
5 2238.07229577652 174
6 1961.29257072836 201
7 1766.43001663611 227
8 1701.67380224536 253
9 1564.35929792465 279
10 1515.83990515483 305
11 1436.74977703307 333
12 1387.12481369765 367
13 1374.67939681903 398
14 1371.86379897759 427
15 1370.88471793352 454
16 1370.46732123369 482
17 1370.27520012508 509
18 1370.18011789724 536
19 1370.130636168 565

0 3312.39808491307 30
1 3364.04805104116 59
2 2990.9404653263 86
3 2793.64021475289 115
4 2467.65186162075 145
5 2215.1254965554 175
6 2012.80239121216 206
7 1840.34920772515 235
8 1742.3672758851 262
9 1571.62802098971 291
10 1500.28907671959 319
11 1422.63870650891 348
12 1383.41942271642 376
13 1372.80813984966 408
14 1369.89345365525 437
15 1368.94536192508 465
16 1368.56084609011 494
17 1368.38311888363 522
18 1368.29435977994 551
19 1368.24826973742 581

0 3051.10917616623 33
1 3087.910246313 64
2 2869.73012723876 94
3 2721.01009050661 124
4 2417.13321529743 152
5 2308.8581520397 181
6 2038.27265823047 211
7 1907.89206542549 244
8 1741.53586930134 273
9 1570.71566775925 302
10 1515.24270546516 331
11 1431.99290892632 358
12 1385.67009409142 388
13 1373.8657358177 416
14 1371.10860783447 446
15 1370.22342913329 475
16 1369.8751242903 503
17 1369.71593849319 531
18 1369.63734633195 559
19 1369.59666295009 587

0 3169.55230337383 29
1 3176.42538305711 59
2 2998.15871322905 87
3 2821.4436342562 113
4 2519.07778353663 141
5 2195.78705206581 170
6 1945.41397041254 199
7 1899.21225422636 228
8 1764.29927009702 258
9 1568.0085235874 286
10 1509.77178790197 314
11 1426.8463014902 340
12 1385.08372928089 366
13 1373.98147762653 395
14 1371.13772507053 421
15 1370.25691818254 451
16 1369.88095818103 479
17 1369.70491760234 505
18 1369.61700916303 530
19 1369.57098763633 557

0 3104.89343892096 26
1 3245.15499569858 52
2 3076.47483299556 79
3 2817.26596960796 108
4 2600.58713330234 135
5 2276.4558494984 162
6 1987.10458068871 188
7 1782.15863002545 214
8 1754.09563408289 241
9 1565.02216322245 267
10 1509.73576969377 294
11 1430.22708549789 321
12 1385.35349687823 347
13 1374.26438542061 372
14 1371.50914333612 398
15 1370.61163554643 423
16 1370.25257310994 449
17 1370.08328518579 476
18 1369.9988991838 507
19 1369.95470678588 534

0 3346.79416359286 26
1 2927.22915483853 52
2 3093.00495311243 78
3 2937.23921947373 104
4 2547.99700859193 130
5 2223.87033340337 158
6 1974.14532091269 185
7 1837.51318774109 212
8 1756.62083174207 238
9 1563.41876077032 264
10 1527.20378797167 290
11 1438.69829887211 316
12 1387.40985576586 342
13 1375.33825852573 369
14 1372.47111251807 397
15 1371.5079286863 423
16 1371.11605016805 448
17 1370.93617600778 474
18 1370.84580904497 499
19 1370.79880168115 525

0 3062.52778569531 28
1 3117.23522740896 58
2 3096.95833932491 86
3 2677.60022925264 114
4 2608.83890452686 141
5 2201.92946625329 168
6 2023.24508240281 196
7 1879.11516974458 225
8 1719.3686271511 256
9 1546.97220439059 286
10 1508.46724795341 314
11 1426.27378700122 341
12 1384.30684612959 368
13 1373.36969839587 395
14 1370.58585017972 422
15 1369.65417412495 452
16 1369.27452138896 481
17 1369.10025030969 508
18 1369.01369514612 534
19 1368.96853778555 561

0 3207.24606263729 26
1 3197.14563077863 52
2 3077.07855693531 79
3 2849.97077886674 107
4 2565.48016879561 133
5 2227.21198774383 159
6 2038.02203380819 185
7 1971.54698238065 211
8 1696.89857234191 238
9 1577.43260196284 265
10 1515.8164422094 295
11 1429.33199676894 325
12 1383.87439235086 351
13 1373.03898809696 377
14 1370.36900182766 402
15 1369.52507687597 428
16 1369.18882926622 453
17 1369.03633013115 481
18 1368.9600059955 507
19 1368.92030971451 535

0 3284.19265018225 27
1 3344.31439460922 53
2 3113.67815150513 79
3 3121.56782222391 106
4 2394.2528538252 133
5 2192.76665490043 160
6 1999.77529861406 186
7 1805.3954201942 212
8 1718.54504328272 238
9 1567.40597761009 263
10 1498.53280542849 289
11 1437.30548432469 314
12 1386.30529360773 340
13 1374.76833126747 368
14 1371.66062128559 394
15 1370.65245583626 420
16 1370.25600055448 445
17 1370.0719329888 471
18 1369.98065219883 505
19 1369.93305077723 530

0 3234.37760640619 29
1 2934.9144573449 56
2 2995.50435878288 82
3 2823.56882324854 108
4 2425.21968136136 134
5 2205.29935192846 160
6 1990.13703307664 186
7 1879.20295810826 212
8 1776.03202837047 240
9 1553.88956381159 266
10 1540.15690417443 292
11 1429.47828800085 317
12 1385.14196993515 343
13 1373.27114349693 368
14 1370.50233129595 394
15 1369.67246499854 421
16 1369.31590545863 448
17 1369.14990673118 476
18 1369.06673690457 501
19 1369.02350168575 527

0 3034.05251657993 26
1 3062.94851707162 52
2 2973.46277453652 78
3 2606.21603832198 106
4 2506.42833000001 136
5 2234.93041390775 165
6 2095.57924544503 190
7 1847.64531514465 216
8 1717.62707233542 242
9 1590.45454186767 269
10 1512.81507808032 295
11 1429.21730284014 322
12 1382.36917005131 349
13 1372.80795326026 375
14 1369.87509254851 401
15 1368.91595941012 427
16 1368.52472045905 452
17 1368.34925519375 478
18 1368.26208659732 505
19 1368.2160866025 532

0 3107.8120929223 27
1 3080.66441086936 55
2 2936.23137816245 81
3 2690.15636906282 107
4 2587.7114120522 133
5 2163.18991085844 159
6 1924.44904928811 187
7 1894.11303485633 215
8 1734.85303083166 241
9 1566.09792893556 267
10 1525.54071398338 293
11 1431.4860764807 319
12 1386.71794694266 344
13 1374.28265071527 371
14 1370.98294884016 399
15 1369.91869643484 426
16 1369.50968681351 451
17 1369.32283678882 477
18 1369.22953718176 503
19 1369.18089063607 529

0 3103.70883797044 27
1 3107.19985844492 54
2 3007.59214494857 82
3 2816.62017812409 108
4 2495.17977753514 134
5 2186.24185237869 160
6 1995.75586846494 186
7 1901.6794957602 211
8 1699.38912160026 237
9 1553.63084890051 264
10 1498.81874684605 290
11 1424.54590894189 317
12 1385.33896734226 344
13 1374.40610114775 370
14 1371.45610853911 396
15 1370.53953808005 421
16 1370.16509614613 448
17 1369.99207619547 481
18 1369.90595109985 508
19 1369.86106736775 535

0 3178.37689030025 26
1 3236.29761666489 52
2 3027.2191100486 78
3 2867.20893102178 104
4 2648.94800135526 131
5 2255.59816484747 157
6 2070.40926893711 183
7 1912.70278559147 209
8 1795.68499368937 235
9 1540.41520475459 261
10 1497.95805077298 286
11 1430.41702697578 313
12 1387.76978577798 339
13 1375.36133242095 365
14 1372.33084044123 391
15 1371.28571132884 417
16 1370.88500014721 443
17 1370.69943875144 469
18 1370.6067031838 495
19 1370.5583253855 521

0 3285.52625875979 27
1 3291.80683147253 53
2 3010.14366431523 80
3 2855.82202757202 106
4 2540.67865231647 132
5 2210.24269983153 158
6 2029.11733310484 184
7 1857.45495025218 211
8 1706.45131833321 238
9 1547.42074830971 264
10 1524.23977576298 291
11 1433.76302468941 318
12 1385.42592683052 343
13 1373.17322942667 369
14 1370.39947382406 394
15 1369.49891581945 422
16 1369.13568956317 449
17 1368.96983450641 476
18 1368.88661226123 501
19 1368.84349096144 527

0 3371.12841322813 26
1 3246.88407750918 52
2 2954.72678235442 79
3 2813.5939114027 106
4 2457.54461603066 132
5 2323.64104762845 158
6 2007.01551746505 184
7 1973.43717388572 210
8 1673.18604532885 236
9 1580.58346817252 261
10 1506.67957857126 289
11 1421.68897667419 321
12 1386.88320628168 348
13 1374.48284303744 373
14 1371.63960408388 399
15 1370.63753398534 425
16 1370.24238112742 451
17 1370.06163239104 477
18 1369.97032962403 504
19 1369.92273349716 531

0 3242.52180346106 28
1 3233.62572799368 54
2 3048.96015709569 79
3 2860.702291317 105
4 2478.36669373542 131
5 2235.05278410415 158
6 2022.45549016811 185
7 1799.56430841908 211
8 1667.90974885537 237
9 1555.06370575712 262
10 1510.56634073924 288
11 1428.42244744278 314
12 1384.87087217177 340
13 1374.25669407509 366
14 1371.15578797628 395
15 1370.25544841209 421
16 1369.88200774848 447
17 1369.71325499886 473
18 1369.6283851672 499
19 1369.5844038906 524

0 3176.97143260086 26
1 3119.62709623176 54
2 3013.95994669453 81
3 2806.47908684221 107
4 2570.4456987503 133
5 2311.88989703194 159
6 2111.01783738965 185
7 1793.43612421489 210
8 1735.3498372169 237
9 1554.35095529376 264
10 1512.24776113277 291
11 1429.5112712618 316
12 1385.60459680631 342
13 1374.57330720139 368
14 1371.63367056181 393
15 1370.58946923308 419
16 1370.15407130445 446
17 1369.95204795258 473
18 1369.84918442234 500
19 1369.79502715266 526

0 3058.56454154621 26
1 3248.39657611006 52
2 3035.25225640104 78
3 2852.16708137385 104
4 2610.29772442527 134
5 2353.900207934 164
6 1978.46559407342 191
7 1880.47207812061 217
8 1775.93311696991 243
9 1539.10007939162 268
10 1509.74990523788 294
11 1422.56032092037 321
12 1385.94458265558 350
13 1373.60348986692 376
14 1370.63212114229 402
15 1369.73131544314 427
16 1369.3537842631 453
17 1369.18118461543 478
18 1369.0957388332 505
19 1369.05076475205 532

0 3332.46563573144 27
1 3014.16692371415 53
2 3195.00252480903 79
3 2783.22842517506 106
4 2521.25146825462 132
5 2244.33246473142 158
6 2014.28655889787 185
7 1970.22363430562 211
8 1728.0281296942 238
9 1571.75053802511 263
10 1534.24061316151 289
11 1424.84965517143 315
12 1384.44619803875 341
13 1373.63197639153 367
14 1370.76128741762 393
15 1369.96186741948 422
16 1369.61866908275 448
17 1369.45967997928 473
18 1369.38056482803 499
19 1369.33957093966 524

0 3052.70102724446 26
1 3156.21409558984 52
2 3200.8688768306 79
3 2733.21934029111 107
4 2541.12399333523 140
5 2262.58677587239 166
6 2041.97417695745 192
7 1834.94938466106 217
8 1654.6850661523 243
9 1579.93485517116 269
10 1510.36089237449 298
11 1428.81012725927 324
12 1385.72305214884 350
13 1375.33345267525 376
14 1372.43089520402 402
15 1371.4631225889 427
16 1371.06462462103 455
17 1370.87921735019 482
18 1370.7860096467 513
19 1370.73709294268 539

0 3150.81571359747 27
1 3084.08094842754 54
2 2875.38860066344 79
3 2925.15288040635 105
4 2644.71968499165 131
5 2302.10235182741 159
6 1963.0100495909 185
7 1956.25147554667 211
8 1726.31287985441 237
9 1574.39572991392 263
10 1493.77012984762 289
11 1432.12843273981 314
12 1386.79602542676 341
13 1374.70888484974 368
14 1371.95507222167 394
15 1371.0515971091 419
16 1370.67744360015 445
17 1370.50751990115 471
18 1370.42337062688 496
19 1370.3796116162 522

0 3233.28819123268 28
1 3148.37723455825 54
2 3214.00686250375 81
3 2858.34167930658 107
4 2522.82484605035 133
5 2316.80985578593 158
6 2181.41692336764 184
7 1843.91947258217 210
8 1692.53038911058 239
9 1538.21058133603 266
10 1506.37934626758 292
11 1426.94819336895 318
12 1383.52909887226 344
13 1373.10864560077 371
14 1370.40950258469 397
15 1369.59445625955 423
16 1369.24456900342 451
17 1369.08557582637 479
18 1369.00676805498 507
19 1368.96580368344 533

0 3306.52825297152 27
1 3115.667415665 53
2 3025.23488090311 79
3 2801.56453444721 108
4 2568.67371133384 137
5 2130.06440622156 164
6 1977.47242109309 191
7 1823.08950339063 218
8 1760.67749547164 244
9 1561.09887616002 271
10 1491.20089740056 301
11 1435.0327827517 330
12 1384.88948256309 356
13 1373.68031257917 381
14 1370.85184378835 407
15 1369.94003201273 433
16 1369.57313458156 458
17 1369.4027695643 484
18 1369.31718653725 511
19 1369.27290023809 538

0 3087.31604212382 27
1 3191.44889050877 52
2 3174.38360367426 78
3 2829.25993151718 105
4 2477.27690880251 131
5 2262.97878444768 157
6 2024.12800076169 185
7 1919.70000440926 213
8 1759.2754157367 238
9 1563.68888684503 264
10 1511.87992840507 290
11 1432.02128717357 317
12 1386.50902773708 343
13 1375.85922384675 369
14 1372.60665071634 396
15 1371.53446998824 422
16 1371.11044477487 448
17 1370.91819210238 474
18 1370.82178566481 499
19 1370.77162477406 525

0 3033.28341357135 27
1 3128.4966340308 54
2 2988.70717952713 81
3 2850.81147646098 108
4 2522.03282923424 134
5 2274.52024303124 159
6 2031.64807604236 185
7 1827.03081444207 211
8 1735.6927014488 238
9 1556.6492724433 265
10 1501.82719274536 291
11 1423.40509061581 316
12 1383.56622552492 342
13 1373.78195120954 367
14 1370.96367454542 393
15 1370.08614755804 419
16 1369.75042610989 446
17 1369.59427104125 476
18 1369.5161160881 502
19 1369.47537994333 528

0 3062.56953223031 26
1 3373.24881514266 52
2 2944.81952831846 79
3 2782.67054104119 105
4 2435.83451671724 135
5 2233.99260250158 162
6 1969.96031185338 188
7 1785.60430188981 214
8 1739.35579837868 240
9 1568.77897093728 265
10 1530.76443483299 291
11 1429.85565637294 317
12 1385.80263374987 344
13 1374.27666353469 371
14 1371.43622936058 396
15 1370.53601946029 422
16 1370.16516658629 448
17 1369.99724260959 474
18 1369.91179109236 501
19 1369.86761160959 527

0 3352.59697717797 27
1 3191.85496370023 54
2 3120.90274014091 80
3 2912.39875538447 106
4 2479.81101860158 132
5 2165.05134985775 159
6 2074.39665146925 185
7 1875.39958924382 212
8 1728.29701724278 238
9 1540.73999851106 265
10 1531.37664830706 290
11 1423.06373139713 316
12 1386.52018753757 342
13 1374.40182399865 367
14 1371.53536249053 393
15 1370.59802275215 420
16 1370.22777611268 447
17 1370.05720313596 473
18 1369.97107110847 501
19 1369.9267868515 526

0 3246.13146434998 27
1 3170.85318771407 53
2 3026.9835388147 80
3 2806.20599190467 108
4 2636.59342385361 134
5 2219.88128438671 162
6 1975.24014179575 187
7 1974.60562520909 213
8 1692.86162563547 239
9 1565.52792591503 265
10 1522.36318310414 293
11 1434.35799106414 324
12 1385.77234182168 350
13 1374.23869809771 375
14 1371.42432407805 401
15 1370.48592406708 427
16 1370.09467412432 454
17 1369.91397394408 480
18 1369.82420277996 508
19 1369.77717976401 535

0 3598.82547188688 28
1 3355.08275888723 53
2 2963.56638513882 79
3 2809.08056922533 105
4 2644.15345282113 132
5 2268.07288359406 159
6 2120.68662850989 187
7 1851.37841333972 212
8 1765.14786436275 238
9 1536.58092675968 264
10 1512.01546252514 290
11 1427.53246606989 316
12 1385.73077448742 342
13 1373.65772244647 369
14 1370.95990970713 395
15 1370.02676270806 421
16 1369.67230194724 448
17 1369.50814366305 474
18 1369.42702545893 499
19 1369.38499432692 525

0 3395.51767353854 27
1 3169.29553399931 56
2 2988.42577202001 82
3 2861.24069314361 110
4 2630.54143487728 136
5 2142.63421343378 162
6 2067.1617164005 187
7 1857.68509422756 213
8 1722.30898249606 239
9 1537.61743855243 266
10 1519.48105676305 293
11 1439.49154829504 318
12 1385.08479695922 344
13 1374.20689610742 370
14 1371.10775681963 396
15 1370.08882322301 421
16 1369.69974613529 448
17 1369.51804605139 477
18 1369.42891339771 503
19 1369.3826256969 529

