0 709.993935414105 1
1 587.129568187275 1
2 466.438056323876 3
3 345.765639909877 3
4 249.133201502628 9
5 190.573411459425 9
6 163.144533000473 10
7 146.342224337107 10
8 135.143060637906 11
9 128.091695680413 11
10 123.073735480888 12
11 118.899119825456 12
12 114.216270375347 13
13 107.957740347687 13
14 102.156207692954 14
15 98.5201572432652 14
16 96.3973249766549 15
17 94.1864852102577 16
18 91.8006346099261 16
19 89.5584999562661 17
20 87.6230095815384 17
21 85.9169576479329 18
22 84.3673525197247 18
23 82.8028008701522 19
24 81.1786952069735 20
25 79.5666749593684 20
26 77.897166430962 21
27 76.0852191627925 22
28 73.4251110221726 22
29 70.0672918911053 23
30 66.4204274882019 23
31 62.3428350053052 24
32 57.7642619668116 24
33 52.5610501878571 25
34 46.2709568123275 25
35 39.9503883693858 26
36 35.2442403246564 26
37 32.0871929384913 27
38 30.005152271458 27
39 28.5245223194113 28
40 27.3716003616182 29
41 26.4193666249935 29
42 25.6001265995327 30
43 24.8686357762247 31
44 24.1918459452689 31
45 23.519293055126 32
46 22.7786699937393 32
47 21.9534612850023 33
48 20.9259321685366 33
49 19.8791722154303 34
50 19.1355336969082 35
51 18.6506439173022 35
52 18.3373657188708 36
53 18.1362329749621 36
54 17.9991075150413 37
55 17.8903665928434 37
56 17.7915343958593 38
57 17.6981198207972 38
58 17.6119172362892 39
59 17.5353374456279 39
60 17.4702672766994 40
61 17.4181337884013 41
62 17.3791634363208 41
63 17.3519485882803 42
64 17.3339969437371 42
65 17.3226420123755 43
66 17.3156510905177 43
67 17.3114081107336 44
68 17.3088442133549 44
69 17.307290372748 45
70 17.3063409795931 45
71 17.3057540856252 46
72 17.3053861688663 46
73 17.3051519491163 47
74 17.3050004180842 48

0 682.741564098766 1
1 410.383805150284 1
2 254.068222798165 2
3 193.155286313934 2
4 160.654739357671 3
5 143.816010263752 3
6 131.870571905808 4
7 121.251135724631 4
8 112.561086595799 5
9 103.914944094592 5
10 93.7377035960464 6
11 83.7043413481336 6
12 74.9039868338538 7
13 67.5755660145588 7
14 61.9355094379122 8
15 57.0954790830526 9
16 53.0144408959547 9
17 49.5668514970683 10
18 45.4973525246463 10
19 41.274692294042 11
20 36.8645125239999 11
21 33.1617111572422 12
22 30.8130400251619 12
23 29.2682188365783 13
24 27.7478610313951 13
25 26.253256950521 14
26 25.0231823095913 14
27 23.5312625194867 15
28 21.5996094332164 15
29 20.0285720546799 16
30 19.0603073102705 17
31 18.4510434398292 17
32 18.0497622745634 18
33 17.7874742517731 18
34 17.6181514577574 19
35 17.5074744109421 19
36 17.4341801767571 20
37 17.3859890161491 20
38 17.3550089794036 21
39 17.3355830096478 21
40 17.3236300836751 22
41 17.3163503962712 22
42 17.3119267299781 23
43 17.3092279965205 23
44 17.3075682023037 24
45 17.3065365337016 25
46 17.305887678909 25
47 17.3054745950183 26
48 17.3052084299932 26
49 17.3050349274667 27
50 17.304920567365 27

0 757.45811304266 1
1 618.034987796712 1
2 482.922928812631 2
3 380.080164242054 2
4 294.675177331436 3
5 228.658612287136 3
6 183.407477177842 4
7 152.753343172666 4
8 133.07610679243 5
9 120.938140678198 5
10 112.974958752026 6
11 107.496281954319 6
12 103.452822569246 7
13 100.157908397935 7
14 97.4449132975719 8
15 95.12045157036 8
16 93.4065191153247 9
17 92.2784953808054 9
18 91.5070393599943 10
19 90.9339709714706 11
20 90.480718857044 11
21 90.1056927652929 12
22 89.7833725641367 12
23 89.4959902001478 13
24 89.2291799545854 13
25 88.9679654566743 14
26 88.6909055017023 14
27 88.3621805404902 15
28 87.9363719902933 15
29 87.4150659798723 16
30 86.8913507859138 16
31 86.4429098343505 17
32 86.0730321750638 17
33 85.7537296102907 18
34 85.4494962539109 18
35 85.1259020495595 19
36 84.7548307820918 20
37 84.3260878293567 20
38 83.8563306509909 21
39 83.3676953154046 21
40 82.8291826053095 22
41 82.0480734243996 22
42 81.0766755393763 23
43 80.2027805969413 23
44 79.2374116176154 24
45 78.1349604943952 25
46 77.4071992343778 25
47 76.9662666563393 26
48 76.6851483318965 26
49 76.4988788832709 27
50 76.3690333002217 27
51 76.2702689866797 28
52 76.186213744507 28
53 76.1062577717185 29
54 76.0229718034234 29
55 75.9308198468152 30
56 75.8265501768973 30
57 75.7110677435852 31
58 75.5907790142067 32
59 75.4750591461691 32
60 75.3704132487265 33
61 75.2774276763898 33
62 75.193178000596 34
63 75.1149787465942 34
64 75.0418398912803 35
65 74.9738108537877 35
66 74.91086589181 36
67 74.8523329442365 36
68 74.796887848877 37
69 74.7427562938917 38
70 74.6878886576102 38
71 74.6300849798591 39
72 74.5671724943007 39
73 74.4973853386065 40
74 74.420036652525 40
75 74.3362631135207 41
76 74.2491337970641 41
77 74.1625848046202 42
78 74.079872992614 42
79 74.0027769402207 43
80 73.9316995696923 43
81 73.8659902342028 44
82 73.8040314511294 44
83 73.7430064039687 45
84 73.6782989843441 46
85 73.602464447608 46
86 73.5040477388337 47
87 73.3668888480692 47
88 73.1707725194316 48
89 72.8998094408574 48
90 72.5659038841492 49
91 72.2154832330704 49
92 71.89812167796 50
93 71.6467307400233 50
94 71.4665083426263 51
95 71.3413932781577 51
96 71.2510749995347 52
97 71.1770912368067 52
98 71.1029538796596 53
99 71.0224448605263 54
100 70.9441728160376 54
101 70.8770603095042 55
102 70.823824485769 55
103 70.7831982587098 56
104 70.7525254779897 56
105 70.7291964480691 57
106 70.7111431490329 57
107 70.6968674630956 58
108 70.6853223460101 58
109 70.6757826524182 59
110 70.6677437983429 59
111 70.6608503384397 60
112 70.6548476264468 60
113 70.6495495350342 61
114 70.6448169200106 61
115 70.6405431682025 62
116 70.6366443925884 62
117 70.6330526702348 63
118 70.629711264665 63
119 70.6265711259678 64
120 70.6235881837961 64
121 70.6207210824787 65
122 70.6179290792153 65
123 70.6151698488055 66
124 70.612396914413 66
125 70.6095563461672 67
126 70.6065822182347 67
127 70.6033900539804 68
128 70.599867059062 68
129 70.595857261086 69
130 70.5911386601867 69
131 70.5853881899538 70
132 70.5781292888708 70
133 70.568658593203 71
134 70.5559598609316 72
135 70.5386510258352 72
136 70.5150950592156 73
137 70.4839085646533 73
138 70.4450088984095 74
139 70.4007031793739 74
140 70.3555458886821 75
141 70.3144103922695 75
142 70.2803079061367 76
143 70.2537639862401 76
144 70.2336355543792 77
145 70.2181791348407 77
146 70.2056824260672 78
147 70.1946424366679 78
148 70.1836850824687 79
149 70.1713757523734 79
150 70.1560158587679 80
151 70.1355707106785 80
152 70.1080423651467 81
153 70.072616077166 81
154 70.0311099439962 82
155 69.9880006696527 82
156 69.9481876257003 83
157 69.9145738255392 83
158 69.8876282762249 84
159 69.8664258358213 84
160 69.8496994744321 85
161 69.8363454001698 85
162 69.8255346653772 86
163 69.8166727512004 86
164 69.8093328959598 87
165 69.8032023756841 87
166 69.7980461248815 88
167 69.7936832969564 88
168 69.789972111674 89
169 69.7867997813849 89
170 69.78407556503 90
171 69.7817258062557 90
172 69.7796902810587 91
173 69.7779194450276 91
174 69.7763723206312 92
175 69.7750148529741 92
176 69.7738186160407 93
177 69.7727597856142 93
178 69.7718183177609 94
179 69.7709772874354 94
180 69.7702223528715 95
181 69.7695413195146 95

0 793.289400731196 1
1 690.930173550268 1
2 546.620949164387 2
3 388.467509443508 2
4 254.714513709377 3
5 167.830779715159 3
6 118.666749002768 4
7 90.6640838166984 4
8 70.7366929350502 5
9 53.318748166338 5
10 38.5058374604436 6
11 28.1691603132955 6
12 23.4224938622012 7
13 21.0402743289372 7
14 19.673255276656 8
15 18.8343866116351 8
16 18.3015427777617 9
17 17.9579773572444 9
18 17.7352083285162 10
19 17.5903261155905 10
20 17.4957273944672 11
21 17.4335962022396 11
22 17.3924803684176 12
23 17.3650385762312 12
24 17.3465587036524 13
25 17.3340013947154 13
26 17.3253921627412 14
27 17.3194377154518 14
28 17.3152837061477 15
29 17.3123609902293 15
30 17.3102873062949 16
31 17.3088038636378 16
32 17.3077340923687 17
33 17.3069565901126 17
34 17.3063872423157 18
35 17.3059673193621 18
36 17.3056554974883 19
37 17.3054224739278 19
38 17.3052473086325 20
39 17.3051149223915 20

0 764.855725853935 1
1 636.920690917107 1
2 499.23198725718 2
3 394.677198442396 2
4 321.845165960392 3
5 258.646388302533 3
6 208.774540688493 4
7 170.26931971806 4
8 141.644426624234 5
9 120.551573986906 5
10 101.754433398253 6
11 85.1822474532386 6
12 70.5343977650855 7
13 58.1603297907385 7
14 47.9879886758249 8
15 40.7761712359364 8
16 35.806268341489 9
17 32.1582938673778 9
18 29.6904490116375 10
19 27.9699124959473 10
20 26.4642863025243 11
21 24.7558041681642 11
22 22.5928766091255 12
23 20.2398724347336 13
24 18.7822432110818 13
25 18.1798884857223 14
26 17.9002088679098 14
27 17.7319803160453 15
28 17.6191753871224 16
29 17.5399772925006 16
30 17.4828093279321 17
31 17.4407137223718 17
32 17.409249646272 18
33 17.3854639976372 18
34 17.3673272426755 19
35 17.353406231095 19
36 17.3426664537455 20
37 17.3343479624442 20
38 17.3278847277843 21
39 17.3228505369236 22
40 17.3189216811613 22
41 17.3158506160757 23
42 17.3134470041204 23
43 17.3115638512628 24
44 17.3100872351564 24
45 17.3089286120474 25
46 17.3080190038171 25
47 17.3073045735788 26
48 17.3067432379119 26
49 17.306302060038 27
50 17.3059552357734 27
51 17.3056825322815 28
52 17.3054680745125 29
53 17.3052993997878 29

0 731.719775103669 1
1 510.692438870513 1
2 314.17413487262 2
3 230.899258454776 2
4 192.157454664448 3
5 172.38373011706 3
6 157.409953622274 4
7 143.67093889271 4
8 128.951995189448 5
9 113.548306886759 5
10 98.2690118143335 6
11 83.8653059677743 6
12 70.7503250618213 7
13 59.5753281959994 8
14 51.0239606839409 8
15 44.8990512338093 9
16 40.4500286433786 9
17 36.8369603111619 10
18 33.3241749884388 10
19 30.2824302249724 11
20 28.0609319165359 11
21 26.3643004095031 12
22 24.8763081107561 12
23 23.652047826725 13
24 22.7647934879311 13
25 22.135818513173 14
26 21.6534026047069 14
27 21.0977358432877 15
28 20.1674978015806 15
29 18.8480168344974 16
30 17.8857564486531 16
31 17.5210589975197 17
32 17.405468008731 17
33 17.3618365279562 18
34 17.3411536058149 18
35 17.329698217258 19
36 17.3226651092358 20
37 17.3180126515804 20
38 17.3147622358035 21
39 17.3124021717407 21
40 17.3106432431513 22
41 17.3093095175846 22
42 17.3082867219642 23
43 17.3074965332962 23
44 17.3068830338794 24
45 17.3064051186257 24
46 17.3060319553346 25
47 17.3057400983295 25
48 17.3055115526355 26
49 17.3053324189041 26
50 17.3051919138145 27

0 714.575353325941 1
1 570.72357299601 1
2 423.064730365828 2
3 298.120975400701 2
4 219.450331253431 3
5 170.412759207967 3
6 143.128709980871 4
7 128.33107804196 4
8 119.683322607193 5
9 113.332726081581 5
10 108.61443937113 6
11 104.901371775685 6
12 101.755368434675 7
13 99.0682701675845 7
14 96.7543638486714 8
15 94.7090679141537 8
16 92.8325755338332 9
17 91.0677387224822 9
18 89.3680316770616 10
19 87.7121050596601 10
20 86.1191938649405 11
21 84.6767907656676 11
22 83.5303822153127 12
23 82.6472513866453 12
24 81.9545226496882 13
25 81.3974962005565 13
26 80.9327182749168 14
27 80.5303121348393 15
28 80.1725997117059 15
29 79.8496075523126 16
30 79.5554716626513 16
31 79.286405948359 17
32 79.0396787104227 17
33 78.8131079004888 18
34 78.6048121568262 18
35 78.4130913926322 19
36 78.2363743888597 19
37 78.0731994110007 20
38 77.9222082754274 20
39 77.7821429509204 21
40 77.651839395457 21
41 77.5302167577809 22
42 77.4162618898095 22
43 77.3090099679532 23
44 77.2075226290584 23
45 77.1108661883415 24
46 77.018095138729 24
47 76.9282510424779 25
48 76.8403936213113 26
49 76.753684602748 26
50 76.6675337928658 27
51 76.5817779428763 27
52 76.4968075972318 28
53 76.4135407578916 28
54 76.3332136099845 29
55 76.2570708814474 29
56 76.1860881999055 30
57 76.1208190255998 30
58 76.0613838372816 31
59 76.0075604974095 31
60 75.9589131675953 32
61 75.9149097450541 32
62 75.8750047381623 33
63 75.8386864701673 33
64 75.805497684441 34
65 75.7750399254756 34
66 75.7469695468314 35
67 75.7209901436385 36
68 75.6968438784451 36
69 75.6743026944404 37
70 75.6531595349898 37
71 75.6332191172339 38
72 75.6142872900079 38
73 75.5961573142459 39
74 75.5785902698509 39
75 75.5612848519831 40
76 75.5438286496833 40
77 75.5256186556377 41
78 75.5057361907703 42
79 75.4827744515486 42
80 75.4546870010035 43
81 75.4189182137137 43
82 75.373305355906 44
83 75.317859130294 44
84 75.255987985185 45
85 75.1932028720708 45
86 75.134185957255 46
87 75.0810799386492 46
88 75.0336970155494 47
89 74.9903051458619 47
90 74.9479409206732 48
91 74.9020960776747 48
92 74.8465711968913 49
93 74.7758148933349 49
94 74.6907024954235 50
95 74.600418631784 50
96 74.5149603938515 51
97 74.4383806625627 52
98 74.3693395378995 52
99 74.303857090479 53
100 74.2360857723244 53
101 74.1574510794231 54
102 74.0588396888966 54
103 73.9395030555947 55
104 73.8089647457259 55
105 73.6779431299243 56
106 73.5538011613501 56
107 73.4398306036863 57
108 73.3347553010544 57
109 73.2332980737293 58
110 73.1271214178312 58
111 73.0052792423138 59
112 72.8546534976632 59
113 72.6620824348549 60
114 72.4204489927443 60
115 72.1389717918711 61
116 71.850793837743 61
117 71.6015521668544 62
118 71.4187984831163 62
119 71.2986940352958 63
120 71.2221871489174 63
121 71.1720326117938 64
122 71.1373501915816 65
123 71.1120431530704 65
124 71.0926900832186 66
125 71.0772476676329 66
126 71.0643860846955 67
127 71.0531527058999 67
128 71.0427834748541 68
129 71.0325715478716 68
130 71.0217442882948 69
131 71.0093141303035 69
132 70.9938760811098 70
133 70.9733567286821 70
134 70.9448540713212 71
135 70.9050568507545 71
136 70.8520871786971 72
137 70.7886299192647 72
138 70.7230374069043 73
139 70.6650730019439 73
140 70.6201486143271 74
141 70.5882123268625 75
142 70.5664260039699 75
143 70.5516715173702 76
144 70.5415506333714 76
145 70.5344562530011 77
146 70.5293646933462 77
147 70.5256284806885 78
148 70.5228320267353 78
149 70.5207021650588 79
150 70.5190546806858 79
151 70.5177623356919 80
152 70.5167353884022 80
153 70.5159094055727 81
154 70.5152374188136 81

0 705.160912321969 1
1 521.606236372975 1
2 346.587407741804 2
3 242.24381309669 2
4 179.46852084736 3
5 140.99431448787 3
6 120.996990545994 4
7 107.691910686672 4
8 96.4356479623611 5
9 87.3690570850953 5
10 82.079759570416 6
11 79.5362761950399 6
12 78.0620116433355 7
13 76.9719471453152 7
14 76.1567849600755 8
15 75.5481600377026 8
16 75.0971994184265 9
17 74.7607882055311 10
18 74.5064572984395 10
19 74.3099715947295 11
20 74.1513659902791 11
21 74.0108072851928 12
22 73.8637470264089 12
23 73.6854501826726 13
24 73.4634179267653 13
25 73.183474664144 14
26 72.8137867444196 14
27 72.3920733801447 15
28 72.0169470249963 15
29 71.7372935203952 16
30 71.5457792911413 16
31 71.4123786307913 17
32 71.3100694158367 17
33 71.2196294368746 18
34 71.1319472541925 18
35 71.0488395980896 19
36 70.9756346644163 20
37 70.9151290857292 20
38 70.8670755322366 21
39 70.8295537362089 21
40 70.8002340166547 22
41 70.7770462840903 22
42 70.7583791838754 23
43 70.7430529199785 23
44 70.7302249545927 24
45 70.719296720488 24
46 70.7098405186918 25
47 70.7015470550221 25
48 70.69418912697 26
49 70.6875968152621 26
50 70.6816405636106 27
51 70.6762195884999 27
52 70.6712538777979 28
53 70.6666786103713 28
54 70.6624402160696 29
55 70.6584935527694 30
56 70.6547998472043 30
57 70.6513251584296 31
58 70.6480391965524 31
59 70.6449143774748 32
60 70.641925024983 32
61 70.6390466495585 33
62 70.6362552416352 33
63 70.6335265167796 34
64 70.6308350410348 34
65 70.6281531442796 35
66 70.6254494933934 35
67 70.6226871372714 36
68 70.6198207386371 36
69 70.616792550573 37
70 70.6135264420769 37
71 70.6099188699963 38
72 70.6058250544942 38
73 70.6010376571387 39
74 70.5952539951355 40
75 70.5880267154065 40
76 70.5786938795612 41
77 70.5662936783809 41
78 70.5495009762821 42
79 70.5266986857321 42
80 70.49640272603 43
81 70.4582210847428 43
82 70.4139947275116 44
83 70.3679405990041 44
84 70.3249943530498 45
85 70.2885445564436 45
86 70.2594866201695 46
87 70.2368307582366 46
88 70.2187586338426 47
89 70.2033157850923 47
90 70.1886260682616 48
91 70.1728165534167 49
92 70.1538739041284 49
93 70.12969011635 50
94 70.0986344790474 50
95 70.0607466140591 51
96 70.0186787064273 51
97 69.9769148544586 52
98 69.9394682207494 52
99 69.9082431546132 53
100 69.8831861613958 53
101 69.8632990141986 54
102 69.847435893794 54
103 69.8346373872877 55
104 69.8241843337615 55
105 69.8155540851572 56
106 69.8083645982415 56
107 69.8023308949541 57
108 69.7972354907131 58
109 69.7929090160019 58
110 69.789217404769 59
111 69.7860531781909 59
112 69.7833293086915 60
113 69.7809747606869 60
114 69.7789311632134 61
115 69.7771502752912 61
116 69.7755920241961 62
117 69.7742229682407 62
118 69.7730150802147 63
119 69.7719447766621 63
120 69.7709921378261 64
121 69.7701402768707 65
122 69.7693748268852 65
123 69.7686835214494 66

0 774.907270946979 1
1 645.922621591245 1
2 491.098839056166 2
3 321.425099173864 2
4 215.625395869244 3
5 166.396885471485 3
6 140.399118643625 4
7 127.397723296669 5
8 120.137132288632 6
9 114.341702844525 6
10 109.671312610488 7
11 105.494161465841 7
12 101.976651855415 8
13 99.1684021095573 9
14 96.5473613123966 9
15 94.1047073880771 10
16 92.049318344035 10
17 90.424782771097 11
18 89.1755651920788 11
19 88.2392121625348 12
20 87.563649548454 12
21 87.075837099776 13
22 86.4127916011145 13
23 85.3885434600194 14
24 84.5054555053279 14
25 83.6797706130083 15
26 82.9973158721582 15
27 82.5738536478528 16
28 82.3298985973866 16
29 82.1670795463353 17
30 82.0396575038616 17
31 81.9318235672639 18
32 81.8392308933751 19
33 81.7607269905371 19
34 81.6950813790304 20
35 81.6402849218184 20
36 81.5939822217227 21
37 81.5540322399223 21
38 81.5187833584838 22
39 81.4870825908831 22
40 81.4581647578178 23
41 81.4315270232767 23
42 81.4068309438651 24
43 81.3838374677073 25
44 81.3623674180617 25
45 81.342278596913 26
46 81.3234527983738 26
47 81.3057884335139 27
48 81.2891962408491 27
49 81.2735966717787 28
50 81.2589181876483 28
51 81.2450960635068 29
52 81.232071485907 29
53 81.2197908329716 30
54 81.2082050770156 30
55 81.1972692765504 31
56 81.1869421380171 32
57 81.1771856345127 32
58 81.1679646724642 33
59 81.1592467992884 33
60 81.1510019463775 34
61 81.1432022026693 34
62 81.1358216147521 35
63 81.1288360100273 35
64 81.1222228399286 36
65 81.1159610406146 36
66 81.1100309088992 37
67 81.104413991487 37
68 81.0990929858481 38
69 81.0940516512868 38
70 81.0892747289511 39
71 81.0847478697003 39
72 81.0804575688863 40
73 81.0763911072303 40
74 81.072536497086 41
75 81.0688824334633 41
76 81.0654182492787 42
77 81.0621338743586 42
78 81.0590197977873 43
79 81.0560670332395 43
80 81.0532670869869 44
81 81.0506119283051 44
82 81.0480939620401 45
83 81.0457060031278 45
84 81.0434412528785 46
85 81.0412932768702 46
86 81.0392559843023 47
87 81.0373236086881 47
88 81.0354906897722 48
89 81.0337520565768 48
90 81.0321028114838 49
91 81.0305383152785 49
92 81.029054173082 50
93 81.0276462211093 50
94 81.0263105141936 51
95 81.0250433140287 51
96 81.0238410780772 52
97 81.0227004491058 52
98 81.0216182453031 53
99 81.0205914509494 53
100 81.0196172075983 54
101 81.0186928057438 54
102 81.017815676944 55
103 81.0169833863702 55
104 81.0161936257626 56

0 772.395943611555 1
1 675.695811558556 1
2 564.308863611088 2
3 455.550534848231 2
4 374.236517053044 3
5 321.418214652084 3
6 283.769083941762 4
7 251.922047096851 4
8 220.304465378655 5
9 188.534020347933 5
10 158.82006674643 6
11 135.086106777356 6
12 115.804613053635 7
13 99.0585168812086 7
14 84.7070502980278 8
15 72.2174940159207 8
16 61.8691280000826 9
17 54.2185987922685 9
18 47.7266663601444 10
19 41.923371011228 11
20 36.8344379560951 11
21 33.1445189872864 12
22 30.1014077659964 12
23 26.9716919455021 13
24 24.56689696171 13
25 22.8530672608444 14
26 21.6517256825355 14
27 20.8391272750762 15
28 20.2332435334548 15
29 19.5722053339348 16
30 19.0559837739575 16
31 18.7455598650429 17
32 18.5596526553236 17
33 18.4387889764357 18
34 18.354232241762 18
35 18.292279741248 19
36 18.2454802589134 20
37 18.2091178744216 20
38 18.1797850612399 21
39 18.1547118402669 21
40 18.131403279856 22
41 18.1074655307722 22
42 18.0806139970148 23
43 18.0488404136818 23
44 18.0105977569602 24
45 17.9648195566562 24
46 17.9108591987806 25
47 17.8487370134923 26
48 17.7797093462945 26
49 17.7064472258775 27
50 17.6324465755931 27
51 17.5613981985935 28
52 17.4969665662153 28
53 17.4423247740885 29
54 17.3992411053505 29
55 17.3675553722614 30
56 17.3455764159222 30
57 17.3309796399726 31
58 17.3215560756205 31
59 17.3155631073037 32
60 17.3117689474064 32
61 17.3093588480264 33
62 17.3078144127429 33
63 17.306812444924 34
64 17.3061530064876 35
65 17.3057123109488 35
66 17.305413213048 36
67 17.3052071344885 36
68 17.3050630950301 37

0 675.759273828176 1
1 480.287573187987 1
2 323.485017132942 2
3 237.135054510612 2
4 195.257726422078 3
5 169.395594305163 3
6 152.130153238779 4
7 138.39907744786 4
8 125.769554791275 5
9 112.447278734196 5
10 100.666003988868 6
11 93.5191089798456 6
12 87.7824499603712 7
13 83.4698937027438 7
14 80.2063238350249 8
15 77.8005434342028 8
16 76.1851753087088 9
17 75.1333776652476 9
18 74.4152306145405 10
19 73.8802819161116 10
20 73.4396860543057 11
21 73.0510219194217 11
22 72.7001119986239 12
23 72.3685542344298 12
24 72.0358651216521 13
25 71.7109440615628 13
26 71.4143289964627 14
27 71.1504364036633 15
28 70.9073957533409 15
29 70.6380476464419 16
30 70.3216340718718 16
31 70.0249119454096 17
32 69.7571743930151 17
33 69.5037775681206 18
34 69.2458258290777 18
35 68.9570277468735 19
36 68.5941364591338 20
37 68.0951995196186 20
38 67.4233970486337 21
39 66.6291346112826 21
40 65.7959110241911 22
41 64.9917823361316 22
42 64.2447197729513 23
43 63.5080618935798 23
44 62.7098205116498 24
45 61.7771269496321 24
46 60.6012539952242 25
47 59.0946182258329 25
48 57.3414938691586 26
49 55.4528790334656 27
50 53.3839331842913 27
51 51.1376684082815 28
52 48.4578102693336 28
53 45.7150112860839 29
54 43.1785278643147 29
55 40.7771193654083 30
56 38.395501176792 30
57 35.8703020770303 31
58 33.256001965558 31
59 30.5512471942372 32
60 27.9445628268373 32
61 25.6827662998659 33
62 23.7802414018787 33
63 22.5643553918744 34
64 21.8432812450725 34
65 21.2078090286955 35
66 20.3762697804549 35
67 19.6619214548786 36
68 19.0960526340494 37
69 18.5540053047751 37
70 18.0528511590425 38
71 17.7226057547766 38
72 17.5380512816289 39
73 17.4385957299449 39
74 17.384695044423 40
75 17.3546010727981 40
76 17.3370618641308 41
77 17.3263643959801 42
78 17.3195665077136 42
79 17.3150981120943 43
80 17.3120818280363 43
81 17.3100033429236 44
82 17.3085477045359 44
83 17.3075148387045 45
84 17.306773878874 45
85 17.3062372559394 46
86 17.3058453218139 46
87 17.305556864677 47
88 17.3053430724261 48
89 17.305183595416 48

0 803.936350618905 1
1 703.691008136453 1
2 597.102654899974 2
3 519.88835937409 2
4 456.260273728869 3
5 390.057863703847 3
6 329.474158375618 4
7 285.208083098671 4
8 240.470977967765 5
9 198.105039613324 5
10 162.153658745969 6
11 130.929612308513 6
12 102.236701774724 7
13 76.4320037189881 7
14 56.7325578989704 8
15 42.0361803595513 8
16 29.9987386562713 9
17 22.9635228932596 9
18 20.1144808629264 10
19 18.9145753088886 10
20 18.3132898901384 11
21 17.9712800399429 11
22 17.7612247797261 12
23 17.6257314915405 12
24 17.5352035102376 13
25 17.4730198858035 13
26 17.4293176494506 14
27 17.3980074246017 14
28 17.37520850693 15
29 17.3583794751759 15
30 17.3458151080349 16
31 17.3363459094759 16
32 17.3291537959111 17
33 17.3236563052887 17
34 17.3194322168586 18
35 17.3161727498036 18
36 17.3136488897874 19
37 17.3116890883202 19
38 17.3101637640334 20
39 17.308974349376 20
40 17.3080454308421 21
41 17.307319031615 21
42 17.3067504023792 22
43 17.3063048899339 22
44 17.3059555866194 23
45 17.3056815523293 23
46 17.3054664609164 24
47 17.3052975640833 24

0 838.88438907843 1
1 775.819441802912 1
2 682.914985780021 2
3 547.461391365937 2
4 408.04791642659 3
5 288.906530158307 3
6 206.307606083107 4
7 160.793842863517 4
8 136.194827118693 5
9 120.904326391833 5
10 112.621119281536 6
11 107.173675053378 6
12 103.042383226214 7
13 99.7596220371714 7
14 96.805311203276 8
15 93.8949307043916 8
16 91.0044140806731 9
17 88.5406906561292 9
18 86.9013543534822 10
19 85.3350943570319 10
20 84.167818652561 11
21 83.1535930763706 11
22 82.1713524762603 12
23 81.4787080101126 12
24 81.0905474599665 13
25 80.8762861924935 13
26 80.7466618441484 14
27 80.659292186621 14
28 80.5939905418272 15
29 80.5403083702127 15
30 80.4923015785964 16
31 80.4461284131919 16
32 80.3987973633744 17
33 80.3474430027522 17
34 80.2889528952253 18
35 80.2201103171028 18
36 80.1386084484466 19
37 80.0446476015112 19
38 79.9414142188613 20
39 79.8331894724499 20
40 79.7225657782747 21
41 79.6092438073414 21
42 79.4918848409479 22
43 79.3720761397946 22
44 79.2552558152196 23
45 79.1469709866431 23
46 79.0496133875877 24
47 78.9601666957719 25
48 78.8591806550302 25
49 78.7069447873552 26
50 78.5315795725655 26
51 78.3770765060543 27
52 78.2519636865771 27
53 78.1515007423119 28
54 78.0695293656476 28
55 78.0013146197596 29
56 77.9435365565302 29
57 77.8938370766829 30
58 77.8504637063324 30
59 77.8120381469722 31
60 77.7773995876055 31
61 77.7454821595497 32
62 77.715197803998 33
63 77.6852969272535 33
64 77.6541680310561 34
65 77.6195148748879 34
66 77.5778399572127 35
67 77.5238018190323 35
68 77.4502046476184 36
69 77.3508070205671 36
70 77.2272225407256 37
71 77.0925491047922 37
72 76.961174481417 38
73 76.8337962500091 38
74 76.6971328148522 39
75 76.5436096729099 39
76 76.3839945903523 40
77 76.2338738847758 40
78 76.1017729636448 41
79 75.9874141500343 41
80 75.8844066083585 42
81 75.7819190024997 42
82 75.665368554395 43
83 75.5251790796485 43
84 75.3689208783681 44
85 75.2098415497705 44
86 75.0508130153059 45
87 74.8863390461487 45
88 74.7101357321664 46
89 74.5198199723772 46
90 74.3165198621345 47
91 74.1004715487084 47
92 73.867786641545 48
93 73.6106474075447 48
94 73.3193566489498 49
95 72.9847623490868 49
96 72.5990900780091 50
97 72.1505268453034 50
98 71.6050701631751 51
99 70.8927930336862 52
100 69.9875998431402 52
101 68.9145355068315 53
102 67.6769664512377 53
103 66.183784958037 54
104 64.3003609166207 54
105 62.3040187361724 55
106 60.3718845523084 55
107 58.4756797111657 56
108 56.5874814218027 56
109 54.7182454391446 57
110 52.7067662185116 57
111 50.2548662766431 58
112 47.7523110336503 59
113 44.8013521162403 59
114 41.2944900225301 60
115 37.8214800967383 60
116 34.7973855112332 61
117 32.0313254950323 61
118 28.2587832060779 62
119 24.4708048966522 62
120 21.1227278366767 63
121 19.5582425130916 63
122 18.6012763459117 64
123 18.023377472071 64
124 17.7130027377162 65
125 17.5452968921756 65
126 17.4509162454395 66
127 17.3957730224505 66
128 17.3625219839793 67
129 17.3419479062408 68
130 17.328956631963 68
131 17.3206252741338 69
132 17.3152197220412 69
133 17.3116816747069 70
134 17.3093504849042 70
135 17.3078064799023 71
136 17.3067795320804 71
137 17.3060940496341 72
138 17.3056350437526 72
139 17.3053267846695 73
140 17.3051191755097 73
141 17.3049789558264 74

0 790.404117710933 1
1 642.193216160212 1
2 438.508866509565 2
3 281.542103210742 2
4 211.160300640767 3
5 177.267522034145 3
6 158.477272691201 4
7 145.916413959394 4
8 135.235012667949 5
9 126.815503962269 5
10 120.488556096747 6
11 115.325813403668 6
12 110.890160919848 7
13 106.833955187564 7
14 102.256625021172 8
15 97.1530630829614 8
16 91.4075519018861 9
17 85.2514530727418 10
18 79.612644457613 10
19 74.1414146939416 11
20 67.8663001709572 11
21 60.3182974660534 12
22 52.918597143687 12
23 45.903382714254 13
24 40.1825127320625 14
25 34.6194847241689 14
26 30.2972929685175 15
27 27.2070041318888 15
28 25.3681871092831 16
29 24.2662933909293 16
30 23.505697565931 17
31 22.7931911180119 17
32 21.9922736529478 18
33 21.1401465973591 18
34 20.3949193495244 19
35 19.810750505073 20
36 19.2803509264931 20
37 18.7966290886568 21
38 18.4118517692936 21
39 18.1348125710913 22
40 17.932215252959 22
41 17.7739359053042 23
42 17.6477520137085 23
43 17.5484490881372 24
44 17.4717367480439 24
45 17.4145221962081 25
46 17.374120483476 25
47 17.3472531768523 26
48 17.3302884595425 27
49 17.3199702359769 27
50 17.3138341365794 28
51 17.3102196536466 28
52 17.308088773177 29
53 17.306821542568 29
54 17.3060568782239 30
55 17.3055867486599 30
56 17.3052914170562 31
57 17.3051015516299 32
58 17.3049765639589 32

0 770.154183936041 1
1 662.344733201027 1
2 534.254079915281 2
3 416.617923568438 2
4 307.146576945384 3
5 215.851253982681 3
6 160.784909262207 4
7 125.215008641078 4
8 99.922928826939 5
9 81.0295428179149 5
10 67.2112547103457 6
11 56.6282718426191 7
12 48.0085194229164 7
13 40.2785968469714 8
14 33.9192211638255 8
15 29.0833923688199 9
16 25.272908740323 9
17 22.709962071978 10
18 21.1311945036593 10
19 19.9034910721891 11
20 18.8766031871365 12
21 18.1536710836152 12
22 17.7610652243861 13
23 17.5713671131748 13
24 17.4739820673936 14
25 17.4183313597993 14
26 17.3838430921664 15
27 17.3612937875893 15
28 17.3459870335412 16
29 17.3352961917737 17
30 17.327657092941 17
31 17.3220959118603 18
32 17.317984993616 18
33 17.3149078592022 19
34 17.3125810169465 19
35 17.3108070650116 20
36 17.3094457459669 20
37 17.3083956240379 21
38 17.3075822099691 22
39 17.3069500889777 22
40 17.3064575879017 23
41 17.3060730871918 23
42 17.3057724208713 24
43 17.305537011096 24
44 17.3053525087323 25
45 17.3052077891609 25

0 691.688675343974 1
1 493.959771701916 1
2 338.718428612636 2
3 253.190335605762 2
4 206.802455985593 3
5 180.526633202111 3
6 163.15163673485 4
7 151.432831984377 4
8 143.465641987489 5
9 136.297180039864 5
10 129.85275426623 6
11 123.611866203227 6
12 116.986862639746 7
13 110.326703183104 8
14 103.989825000353 8
15 97.695604059384 9
16 92.3352835317102 9
17 87.6317628881627 10
18 83.5521026836277 10
19 79.6613642043154 11
20 74.9534703875263 11
21 69.7488652948497 12
22 64.1695288315804 12
23 58.2073795188221 13
24 50.8619148712839 13
25 43.8353865523112 14
26 38.3594567318714 15
27 34.3491376867322 15
28 31.0403612587169 16
29 27.7210857573048 16
30 25.4440724374955 17
31 23.7805770680386 17
32 22.6070806903469 18
33 21.5020707902858 18
34 20.3622732463763 19
35 19.4091738476539 19
36 18.776907708431 20
37 18.3966055971697 20
38 18.1548417730114 21
39 17.980456417014 22
40 17.8401518466147 22
41 17.721849993967 23
42 17.6213670437423 23
43 17.5366053916571 24
44 17.4670046064768 24
45 17.4128298675532 25
46 17.3735033711142 25
47 17.3468813483017 26
48 17.3298871576534 26
49 17.3194988943338 27
50 17.31332691259 27
51 17.3097190691902 28
52 17.3076251291613 29
53 17.306410834834 29
54 17.3057043066563 30
55 17.3052907915512 30
56 17.3050469857246 31
57 17.3049020701596 31

0 725.025492436275 1
1 546.252771263097 1
2 355.107126768765 2
3 235.858095778384 2
4 180.454923428166 3
5 148.848816078881 3
6 128.73269468792 4
7 110.871034780159 4
8 92.4095457625087 5
9 72.6994759158444 5
10 59.0429799546874 6
11 50.7862506133966 6
12 45.0876112835357 7
13 39.8121299006257 8
14 34.0879960956717 8
15 29.7288044430575 9
16 26.9927463389182 9
17 24.797672630111 10
18 22.5103365559069 10
19 20.8904006732351 11
20 19.9404843610766 11
21 19.3678060896089 12
22 18.9914527614792 12
23 18.7187117753087 13
24 18.5032639358795 13
25 18.3213216153159 14
26 18.1606837449767 15
27 18.0158103227986 15
28 17.8849131398928 16
29 17.7679329081385 16
30 17.6655850318615 17
31 17.5789263505598 17
32 17.5086023931958 18
33 17.4540397083841 18
34 17.4133172189001 19
35 17.3837387548571 19
36 17.3625560325708 20
37 17.3474286920605 21
38 17.3365687629623 21
39 17.3286944891614 22
40 17.3229170172045 22
41 17.3186275246239 23
42 17.3154083539216 23
43 17.3129700743441 24
44 17.3111091565683 24
45 17.3096801388942 25
46 17.3085774018642 25
47 17.3077231480917 26
48 17.3070593606179 27
49 17.3065423249134 27
50 17.3061388242165 28
51 17.3058234464619 28
52 17.3055766444577 29
53 17.305383316957 29
54 17.3052317570098 30

0 684.871042603486 1
1 438.862542580562 1
2 269.045358291948 2
3 191.676904165242 2
4 157.152271291919 3
5 138.620411451474 3
6 125.498961434215 4
7 116.354862303656 4
8 108.9327020585 5
9 102.19050648527 5
10 96.9968910140799 6
11 93.7862129065389 6
12 91.861498220443 7
13 90.6428053315111 8
14 89.8166933022952 8
15 89.219249064435 9
16 88.7623710096281 9
17 88.3907067968606 10
18 88.0596812671791 10
19 87.7285491609942 11
20 87.3617058989724 11
21 86.9409927990793 12
22 86.4889012574501 12
23 86.0539138207771 13
24 85.6565224294937 14
25 85.2996778132845 14
26 84.993897561047 15
27 84.7382358809253 15
28 84.4949007416032 16
29 84.1060966487667 16
30 83.4735333816644 17
31 82.9822762544147 17
32 82.718958722088 18
33 82.546979031145 18
34 82.3250236233578 19
35 81.8452694714613 20
36 81.0738093774504 20
37 80.4957506283166 21
38 80.2486712855764 21
39 80.1481620120515 22
40 80.0957743066889 22
41 80.0622062105199 23
42 80.0385211924559 23
43 80.0210294653951 24
44 80.0076912215408 25
45 79.9972037058003 25
46 79.9886971956476 26
47 79.9815878726713 26
48 79.9754853462879 27
49 79.9701290347569 27
50 79.9653442334531 28
51 79.9610124079637 29
52 79.9570515534026 29
53 79.9534034339551 30
54 79.9500253854381 31
55 79.9468850776488 31
56 79.943957168277 32
57 79.9412211551413 32
58 79.9386599846754 33
59 79.9362591378127 33
60 79.9340060184306 34
61 79.9318895349638 34
62 79.9298998066836 35
63 79.928027951589 36
64 79.9262659286836 36
65 79.9246064172704 37
66 79.9230427220626 37
67 79.9215686967715 38
68 79.9201786812922 38
69 79.9188674491611 39
70 79.9176301629814 39
71 79.9164623361639 40
72 79.9153597997829 40
73 79.9143186736359 41
74 79.9133353408162 41
75 79.912406425244 42
76 79.9115287717228 42
77 79.9106994281571 43
78 79.9099156296385 43

0 777.652056282272 1
1 655.6641970398 1
2 538.613116699546 2
3 457.441804274344 2
4 398.418400102732 3
5 351.266899776121 3
6 306.845450961881 4
7 264.230853472499 5
8 224.640201157334 5
9 190.567278030867 6
10 164.470652279552 6
11 145.295868371892 7
12 130.459941085711 7
13 118.942000169941 8
14 108.031529791774 8
15 98.0686921868678 9
16 88.8854465241751 9
17 80.3356480990843 10
18 72.2542956867182 11
19 64.852134662195 11
20 58.0477975798533 12
21 51.8792574228694 12
22 46.4682023739198 13
23 41.8801822862171 13
24 38.0765549961086 14
25 34.9679580280311 14
26 32.453323314394 15
27 30.4244711415219 15
28 28.7292255667236 16
29 27.151340168469 17
30 25.7200115348846 17
31 24.5374653802762 18
32 23.5612248895013 19
33 22.734370889187 19
34 22.009252567359 20
35 21.1525207193342 20
36 19.7802627748682 21
37 18.6490902315358 21
38 18.0983152977051 22
39 17.8426551013472 22
40 17.6985864650356 23
41 17.6031698252924 23
42 17.5345728246619 24
43 17.4832651739991 25
44 17.4440848789417 25
45 17.413814426751 26
46 17.3902672379104 26
47 17.3718745249232 27
48 17.3574715942734 27
49 17.3461750566767 28
50 17.3373059068166 28
51 17.3303378972108 29
52 17.3248610526411 29
53 17.3205549308065 30
54 17.3171685410927 31
55 17.3145050205884 31
56 17.312409818975 32
57 17.3107615279603 32
58 17.3094647325212 33
59 17.308444422401 33
60 17.3076416150776 34
61 17.3070099231946 34
62 17.3065128602848 35
63 17.3061217246724 35
64 17.3058139367343 36
65 17.305571731961 36
66 17.3053811334287 37
67 17.3052311437938 38

0 749.437177559453 1
1 624.193711252306 1
2 495.974032635576 2
3 372.976106024347 2
4 271.430449168127 3
5 213.251384461952 3
6 182.842690250241 4
7 165.182439576503 4
8 153.374670061553 5
9 143.625170530917 5
10 135.543759107043 6
11 127.540033164787 7
12 119.284065462923 7
13 110.100186943592 8
14 102.31715942859 8
15 96.1271054635031 9
16 91.2778010283798 10
17 87.1996474981292 10
18 84.1306813213434 11
19 81.8995330667387 11
20 79.9473988206694 12
21 78.1735466097954 12
22 76.7399433499465 13
23 75.5644008873306 13
24 74.556595803906 14
25 73.6636017851527 14
26 72.8396698469056 15
27 72.059940473246 16
28 71.3102454414655 16
29 70.5817126150228 17
30 69.8627326072525 17
31 69.1336998376821 18
32 68.3626794931055 18
33 67.506182762988 19
34 66.4968261071305 19
35 65.1864934922956 20
36 63.3781115185124 20
37 60.8910129799723 21
38 57.6536536123634 21
39 53.8445035734061 22
40 49.9649579481154 22
41 46.6339885094252 23
42 43.8371349124173 24
43 41.4332305979853 24
44 39.3561260366239 25
45 37.590597650808 25
46 35.7599056820445 26
47 32.9630077892119 26
48 28.9289521392588 27
49 25.4720315976654 27
50 23.4744946661327 28
51 22.3281532209317 28
52 21.3596603105939 29
53 20.4356108012742 30
54 19.5839996104275 30
55 18.7387676772896 31
56 18.0292285148956 31
57 17.6569921235529 32
58 17.4955107946192 32
59 17.417571407077 33
60 17.3748935692498 33
61 17.3497515035593 34
62 17.3342862850153 34
63 17.324481413246 35
64 17.3181182341812 35
65 17.3139108715745 36
66 17.3110865936566 36
67 17.3091670036402 37
68 17.3078485248708 37
69 17.3069345913685 38
70 17.3062958340227 39
71 17.3058459767658 39
72 17.3055268532462 40
73 17.3052988862671 40
74 17.3051349296922 41

0 768.011180677865 1
1 571.254301212356 1
2 352.350433145287 2
3 237.355200503767 2
4 193.722634766887 3
5 174.555966089771 3
6 159.978648505524 4
7 148.861779630924 4
8 139.634979350391 5
9 131.966400331967 5
10 125.157499876274 6
11 119.09081109077 6
12 113.678957897352 7
13 108.632752304513 7
14 103.719361715965 8
15 98.9935806856807 9
16 94.4405943383089 9
17 90.0825217389046 10
18 85.6762271516486 10
19 80.8262026040185 11
20 75.8084153279622 11
21 71.5054577420678 12
22 67.8905311850378 12
23 64.4625079851882 13
24 60.7374553422993 13
25 56.6987815195317 14
26 52.8015608822279 14
27 49.2562637987767 15
28 46.038012758635 15
29 43.0447432754672 16
30 40.021602995906 16
31 36.8913528836492 17
32 33.4045819224448 18
33 28.5436370893335 18
34 24.1234930707618 19
35 20.9383430341166 19
36 19.3182622438441 20
37 18.5565959449217 20
38 18.1450842387898 21
39 17.8913111610509 21
40 17.723234824333 22
41 17.6077527154932 22
42 17.5266485560371 23
43 17.4688017123013 23
44 17.427034400004 24
45 17.3965609081872 24
46 17.3741215858917 25
47 17.357460925126 25
48 17.3449980592689 26
49 17.3356124591927 27
50 17.3285016899322 27
51 17.3230855659139 28
52 17.3189407814013 28
53 17.3157558511122 29
54 17.3132997436594 29
55 17.311399838678 30
56 17.3099262911844 30
57 17.3087808384191 31
58 17.3078887144212 31
59 17.3071927581796 32
60 17.3066490841153 33
61 17.306223875332 33
62 17.3058909908938 34
63 17.3056301683587 34
64 17.3054256651582 35
65 17.3052652260029 35

0 787.418056892668 1
1 671.397483190747 1
2 537.388204241236 2
3 415.553545677403 2
4 314.942211445183 3
5 247.763655939575 3
6 197.307361174258 4
7 163.968436671516 4
8 143.892445407505 5
9 132.555055826703 5
10 124.635342956397 6
11 118.30446080045 6
12 113.140815864888 7
13 108.7328277658 7
14 104.847873283586 8
15 101.424045314386 8
16 98.3955823358919 9
17 96.4137445051778 10
18 95.1766046768966 10
19 94.2569985076802 11
20 93.5166861176088 11
21 92.899025430142 12
22 92.303305024067 12
23 91.7354309939561 13
24 91.2307263311413 13
25 90.7653750782752 14
26 90.3050821678981 14
27 89.8115069943082 15
28 89.2834932134289 15
29 88.7458065211854 16
30 88.2193742272317 16
31 87.7238838136269 17
32 87.2778538741116 17
33 86.8885124251346 18
34 86.5496866142332 18
35 86.2475125490462 19
36 85.9637373829935 20
37 85.6756237779733 20
38 85.3603482514672 21
39 84.9984355026103 21
40 84.5619267758353 22
41 84.0219450659132 22
42 83.4054809001271 23
43 82.79183676557 23
44 82.2400457755615 24
45 81.7979931070818 24
46 81.4645740947345 25
47 81.1908112885017 25
48 80.9348605970188 26
49 80.6819692274813 26
50 80.4352497032999 27
51 80.2010762728615 28
52 79.9823644262264 28
53 79.7789722431691 29
54 79.5897826725269 29
55 79.4139470808588 30
56 79.2511277343806 30
57 79.1012318016615 31
58 78.9640850467032 31
59 78.8392565425592 32
60 78.7260403568878 32
61 78.623516709098 33
62 78.5306234474304 33
63 78.446199691671 34
64 78.3689720538891 34
65 78.2973975044995 35
66 78.2289641942537 36
67 78.1573677121287 36
68 78.0690731599751 37
69 77.959592840293 37
70 77.8391964878223 38
71 77.7132127157904 38
72 77.5811352134205 39
73 77.4423327859765 39
74 77.3007063506808 40
75 77.1638598895391 40
76 77.034300271843 41
77 76.8686446288299 41
78 76.5374795645782 42
79 76.1170684245532 43
80 75.7178422648687 43
81 75.3552924288929 44
82 74.9141841909254 44
83 74.4535845283787 45
84 74.0161483134605 45
85 73.5786103386988 46
86 73.1139759515596 46
87 72.6211898968026 47
88 72.0954449394939 47
89 71.5366994598801 48
90 70.9523893209784 48
91 70.3164863851622 49
92 69.4455733130451 49
93 68.3521718045877 50
94 66.8070696200463 50
95 65.0312918335444 51
96 63.173538662045 52
97 61.3254189961798 52
98 59.5611542949516 53
99 57.8866520721582 53
100 56.2823392145733 54
101 54.7521016086504 54
102 53.2390054927015 55
103 51.4523078109824 55
104 49.1370046996469 56
105 46.3985709929218 56
106 43.4926583777261 57
107 40.71191258214 58
108 37.8103062888237 58
109 34.6971562561949 59
110 31.7157770288277 59
111 28.827940692159 60
112 25.2360201851302 60
113 21.1283898040765 61
114 18.8812555303999 61
115 18.0485471128983 62
116 17.7156206326935 62
117 17.5489760835893 63
118 17.4543654099664 63
119 17.397862004046 64
120 17.3633389720011 64
121 17.3419565720378 65
122 17.3285756721971 66
123 17.3201269195323 66
124 17.3147482438302 67
125 17.3112970892713 67
126 17.3090657161109 68
127 17.307612012783 68
128 17.3066576613024 69
129 17.306026193557 70
130 17.305604959453 70
131 17.3053215786598 71
132 17.3051292480663 71
133 17.3049975103661 72

0 716.490172613004 1
1 561.183922755923 1
2 386.210601218384 2
3 251.141940399099 2
4 173.957277760275 3
5 129.192869018637 4
6 107.344071400886 4
7 96.1924761812577 5
8 89.6387249115673 5
9 85.8206548489732 6
10 83.3685353104302 7
11 81.6642245779334 7
12 80.3664431284097 8
13 79.222175534862 8
14 78.1097858870971 9
15 77.1543638722798 9
16 76.5042345013287 10
17 76.112728166275 10
18 75.8766810529093 11
19 75.7278224410168 12
20 75.6294764054862 12
21 75.561917270361 13
22 75.5138533028054 13
23 75.4783472991998 14
24 75.4508684173257 14
25 75.4282787678781 15
26 75.4082290096675 16
27 75.3887360918717 17
28 75.3678382302543 18
29 75.3432977313951 18
30 75.3124512454607 19
31 75.2725558376173 20
32 75.2221200049585 20
33 75.1628713185041 21
34 75.1001835446373 21
35 75.0404114908821 22
36 74.9875821426909 23
37 74.9424987534541 23
38 74.9038235453497 24
39 74.8693369294515 25
40 74.8366450119434 25
41 74.8034980075791 26
42 74.7680651821509 26
43 74.7293447337878 27
44 74.6875193233994 27
45 74.6437988041911 28
46 74.5996379190701 28
47 74.5558654006639 29
48 74.512227337202 30
49 74.4672532613919 30
50 74.4180636637965 31
51 74.3599786290864 31
52 74.2866279727975 32
53 74.1927367947619 32
54 74.0804309854793 33
55 73.9615377336228 34
56 73.849228525492 34
57 73.7498349167466 35
58 73.6633165275832 35
59 73.5869045821064 36
60 73.5172397034547 36
61 73.4508910403912 37
62 73.3840609640847 37
63 73.3118222280184 38
64 73.2268067845023 39
65 73.1171455929454 39
66 72.9653214286252 40
67 72.7548582564138 40
68 72.4838821000186 41
69 72.1719544762463 41
70 71.8620024928587 42
71 71.6044162799731 42
72 71.4233728371302 43
73 71.3087956805378 43
74 71.2381975870908 44
75 71.1935090204685 44
76 71.1639067734264 45
77 71.1434611156115 45
78 71.1288829283947 46
79 71.1182419512234 46
80 71.1103316670013 47
81 71.1043581260823 47
82 71.0997797017211 48
83 71.096218122456 48
84 71.0934051843884 49
85 71.0911487851943 49
86 71.0893102887255 50
87 71.0877889964931 50
88 71.0865113033864 51
89 71.0854230442475 51
90 71.0844840585191 52
91 71.0836643149747 52
92 71.0829411409182 53
93 71.0822972360906 53

0 744.996333287618 1
1 569.980733607418 1
2 382.497751220291 2
3 251.979396754716 2
4 179.463984811838 2
5 139.680942661384 3
6 118.242372142742 3
7 101.443596048153 4
8 87.9187106751818 4
9 76.5780839220609 5
10 66.5774942052952 6
11 58.6745170877718 6
12 52.686241757496 7
13 48.1689498774807 7
14 44.2553364138522 7
15 41.4000198681655 8
16 38.9894746927349 9
17 36.7781925609574 9
18 34.8821480122194 10
19 33.3074833717546 10
20 31.9698563930131 11
21 30.7212503958772 11
22 29.5112039195102 12
23 28.3864049247682 12
24 27.3792498498074 13
25 26.4192006275064 13
26 25.2015674385216 14
27 23.6194261698907 14
28 21.9023548180615 15
29 20.4817826718108 15
30 19.5957605256189 16
31 18.9662250722385 16
32 18.4763084481891 17
33 18.1060449859808 17
34 17.8366126318755 18
35 17.6512115361816 18
36 17.5299982203319 19
37 17.4510935196562 19
38 17.3991880339263 20
39 17.3652669878914 20
40 17.343497432576 21
41 17.3297475504775 21
42 17.3211206288526 22
43 17.3156865774208 22
44 17.3122189717069 23
45 17.3099628322843 23
46 17.3084606650423 24
47 17.3074359671379 24
48 17.3067203679858 25
49 17.3062097996968 25
50 17.3058386341895 26
51 17.3055645114286 26
52 17.3053594076061 27
53 17.305204322101 27

0 776.961761063554 1
1 650.109106709858 1
2 516.22862952431 2
3 400.665606628763 2
4 297.271002236836 3
5 211.857169306577 3
6 146.708761546146 4
7 101.733539963237 4
8 70.4948652428335 5
9 48.4037837994355 5
10 35.629349989829 6
11 28.7089240070267 6
12 24.859768833903 7
13 22.5054820581999 7
14 20.8871611689506 8
15 19.746900544713 8
16 18.9695982702889 9
17 18.4580173311186 9
18 18.1225948808971 10
19 17.8973327570098 10
20 17.7412942054619 11
21 17.6303150913334 11
22 17.5497987117775 12
23 17.4905192899207 12
24 17.44638859401 13
25 17.4132492046373 13
26 17.3881886687158 14
27 17.3691272875488 14
28 17.3545580014928 15
29 17.3433758359369 15
30 17.3347627659302 16
31 17.3281082438056 16
32 17.3229533773639 17
33 17.3189511603501 17
34 17.3158377997908 18
35 17.3134118305379 18
36 17.3115187642778 19
37 17.3100397156068 19
38 17.3088829141605 20
39 17.3079773296237 20
40 17.3072678559905 21
41 17.3067116549104 21
42 17.3062753663636 22
43 17.3059329722555 22
44 17.3056641541883 23
45 17.3054530270919 23
46 17.305287159971 24

