0 11692.1815588242 30
1 11953.5389089895 59
2 10975.3194955936 88
3 10257.0838663233 118
4 10140.276360981 149
5 8785.90489789527 177
6 7996.47765085785 206
7 6648.40526266641 235
8 6009.68029242334 264
9 5738.12434588757 292
10 5564.53067950821 322
11 5393.75778321406 353
12 5335.23930800143 382
13 5317.50910102987 411
14 5311.07162894512 439
15 5308.84642715355 468
16 5307.87663427893 496
17 5307.41811396048 527
18 5307.18170465974 556
19 5307.0531159986 585

0 12569.6035720214 30
1 11906.1176869028 59
2 11452.7281866446 88
3 12190.5527304048 117
4 10654.2294000017 149
5 8673.89462554866 178
6 7668.61268345097 207
7 6819.06861460101 236
8 6007.10252782627 265
9 5753.62427702817 294
10 5588.2080192753 324
11 5392.15503263491 354
12 5336.20859291733 386
13 5318.03159469216 415
14 5311.67698106908 444
15 5309.56740055666 473
16 5308.73124706145 502
17 5308.318139135 531
18 5308.10933718086 565
19 5307.99435508282 595

0 12880.081227224 30
1 12424.1044301806 59
2 11555.3380272221 88
3 11247.247087565 117
4 10137.5419676197 147
5 9076.94492174381 177
6 7866.71186267946 206
7 6654.76491570774 235
8 6062.10908909155 264
9 5746.11505959459 293
10 5608.1580452059 322
11 5410.2079299299 352
12 5338.00015618665 383
13 5317.18767907132 411
14 5311.51796523363 440
15 5309.38607588044 470
16 5308.45956840548 498
17 5308.02417676756 527
18 5307.79755267782 557
19 5307.67381827918 589

0 11521.4964317751 30
1 11700.7171531111 59
2 10763.5837260343 88
3 12000.9274939568 117
4 10441.8211489007 146
5 8957.65249496936 176
6 7831.73203367215 206
7 6748.29192418902 235
8 6068.17886761187 264
9 5736.63113598614 292
10 5599.29813070869 321
11 5428.05804681315 349
12 5345.59978882033 381
13 5325.16159136006 411
14 5318.68482089102 440
15 5316.49147214163 468
16 5315.55125463735 497
17 5315.08353978592 525
18 5314.83319080838 555
19 5314.69554093336 589

0 11686.6179636757 30
1 10965.8372458737 59
2 10999.8499095279 88
3 11072.3015639624 117
4 10061.2121765128 146
5 9145.90786811802 175
6 7388.9874443027 205
7 6688.35634302494 235
8 6001.53997544327 264
9 5723.26425559033 293
10 5587.74725866795 321
11 5411.36948457829 350
12 5341.79365890484 380
13 5320.70483630048 412
14 5314.25766152171 442
15 5311.77217412051 470
16 5310.79230081663 500
17 5310.31175123734 528
18 5310.06121969866 557
19 5309.92295787327 586

0 12126.9118153224 31
1 11343.5721782491 60
2 11239.6002261281 89
3 10979.0382482925 118
4 10988.2420400743 147
5 8972.63659366935 176
6 7544.68412407998 208
7 6806.66875832977 240
8 6053.66593190288 270
9 5759.5430016166 300
10 5574.02395927851 329
11 5405.56355082256 357
12 5336.9750381182 386
13 5318.4244705661 417
14 5312.61286287591 447
15 5310.56360031702 477
16 5309.69199654818 506
17 5309.28759828929 535
18 5309.07647552788 563
19 5308.96157934619 591

0 12179.8364514703 32
1 12007.5839591178 61
2 10979.0557052845 91
3 11681.2465878921 120
4 10228.3116946038 150
5 9304.77501164782 178
6 7946.05535208315 209
7 6586.62437122755 245
8 6063.68312614041 275
9 5732.96544152527 303
10 5563.93584126197 332
11 5402.30578449995 361
12 5338.82576932683 389
13 5318.00825901441 420
14 5312.05824837254 452
15 5310.03519088462 481
16 5309.17303156321 509
17 5308.74947395828 538
18 5308.52988240645 567
19 5308.41004244237 596

0 11630.1870241583 32
1 11421.6569065086 62
2 11320.9907428924 92
3 12056.8639086275 121
4 11012.8142979202 150
5 8685.73616179229 179
6 7536.48968743113 207
7 6743.02510509882 237
8 6062.94707881237 267
9 5766.15350135551 297
10 5588.67386216776 326
11 5398.81464949611 354
12 5335.98740626165 382
13 5317.21804475657 411
14 5311.53967170155 441
15 5309.56060507915 471
16 5308.66410384804 501
17 5308.23913304578 529
18 5308.01610596662 558
19 5307.89318166474 587

0 12574.0439562291 31
1 12083.9318074698 62
2 10143.3569711835 93
3 11422.5710050733 122
4 11323.3257802769 151
5 9008.37065796296 180
6 7411.15568266338 209
7 6536.22442582833 238
8 6080.94667173138 269
9 5754.16893680935 298
10 5597.8214108001 327
11 5404.74005168931 356
12 5336.17707581905 384
13 5316.89611875565 413
14 5310.83676777419 443
15 5308.82572986722 478
16 5307.94760072602 508
17 5307.52342030108 536
18 5307.29834849013 567
19 5307.17459979317 595

0 12272.2902377181 30
1 12972.6623041518 60
2 11371.2673059164 91
3 10469.2650289856 121
4 10335.2846700137 150
5 8584.21650930088 179
6 8078.99671333258 208
7 6667.77547094018 236
8 6053.34187394803 266
9 5734.94664333572 296
10 5577.27776514763 326
11 5408.51869163739 355
12 5340.08398418379 384
13 5318.68967928572 413
14 5312.46569744878 444
15 5310.32493919448 474
16 5309.42909725636 504
17 5308.98675848184 533
18 5308.7533397571 562
19 5308.62626181972 591

0 12410.9726381998 30
1 11683.7056144648 59
2 10831.1020911779 89
3 11355.9269833762 119
4 10756.0088284932 148
5 9115.26002461236 177
6 7651.85299956866 206
7 6701.85061447791 234
8 6104.86190633409 263
9 5724.31771131442 293
10 5549.13997209269 323
11 5399.39385853116 352
12 5334.48641807068 382
13 5316.99485614653 411
14 5311.63780113859 439
15 5309.64356539294 468
16 5308.79820597508 499
17 5308.40135586508 528
18 5308.19270635727 557
19 5308.07867015313 586

0 12662.3348595052 30
1 11641.269696473 59
2 11944.4164655217 90
3 11223.4514648084 125
4 9684.73016244007 155
5 9099.97493529328 184
6 7655.92175829696 213
7 6712.22070696236 241
8 5984.48394375702 270
9 5736.11708715507 301
10 5563.93088635879 332
11 5403.8464332922 361
12 5336.67251621606 390
13 5317.44427226466 418
14 5311.54644260469 447
15 5309.46705769589 475
16 5308.57622584753 505
17 5308.14394620941 535
18 5307.91586262018 564
19 5307.7901170863 592

0 11828.252033092 30
1 11773.6976611431 59
2 11505.523648295 87
3 11567.9176599836 118
4 10748.8281807641 148
5 8829.78436931714 177
6 7890.27887138548 208
7 6806.50813487453 237
8 6080.3984920243 266
9 5775.47908811482 295
10 5570.12249485059 326
11 5400.26138230742 356
12 5342.36739792216 385
13 5321.73836012323 413
14 5315.48564685379 442
15 5313.21589121436 471
16 5312.24275555888 499
17 5311.7699414253 529
18 5311.52154085424 560
19 5311.38452251959 589

0 11609.8912923027 30
1 11973.8655739305 59
2 10855.6998138348 88
3 10261.3413530005 118
4 10461.8686472729 150
5 8991.8334111125 179
6 7711.33156708468 210
7 6664.42994144348 239
8 6004.72775989476 268
9 5737.35521688409 296
10 5562.11984585239 326
11 5401.48852244795 361
12 5340.34091774361 391
13 5320.1262272376 420
14 5313.29606588281 449
15 5310.90739664595 477
16 5309.91375188489 506
17 5309.4234291427 537
18 5309.16410817697 566
19 5309.02353423903 595

0 12710.7337611901 32
1 11864.6147830281 60
2 10842.5018178995 90
3 10471.667524624 119
4 10267.0194362909 149
5 8765.28203008057 179
6 7760.4075805936 208
7 6763.05900263147 236
8 6106.51710059762 265
9 5733.54127871459 294
10 5580.38989441193 324
11 5404.82273522447 354
12 5343.53460859784 384
13 5323.02707143721 413
14 5317.70202433058 441
15 5315.41837191891 470
16 5314.41870479578 498
17 5313.91889958548 528
18 5313.6543873553 561
19 5313.50927184036 592

0 11789.9615952398 30
1 11600.6761770583 59
2 10898.8604086687 88
3 10703.7030550663 118
4 10388.8569719584 147
5 9230.65276508669 179
6 7627.81546777965 210
7 6758.01732081093 239
8 6078.25371182956 268
9 5728.1531559303 297
10 5573.75361569877 326
11 5405.86738490342 355
12 5336.77243082831 386
13 5318.75767527588 415
14 5312.62678297841 443
15 5310.40362358362 472
16 5309.49036276518 500
17 5309.0427629403 529
18 5308.80796087603 559
19 5308.67893393286 594

0 11328.9343518115 30
1 12344.744793499 59
2 10451.0963480595 87
3 11900.6368649646 117
4 10205.238175179 145
5 8925.70309777787 179
6 7744.94524078526 210
7 6668.84025976165 239
8 6038.4151611013 268
9 5750.46988648167 297
10 5579.19958323593 326
11 5407.24402646917 355
12 5342.76373170167 387
13 5320.61685869593 417
14 5314.41471219715 445
15 5312.27461126913 477
16 5311.37706645046 506
17 5310.93564829851 535
18 5310.71105157274 564
19 5310.58804794461 594

0 13113.4887080812 31
1 13408.6218537305 60
2 11379.4793492721 89
3 11574.032224509 119
4 10573.7452033152 148
5 8863.31507319114 178
6 7684.63742899322 209
7 6764.78056491172 238
8 6071.08785479093 266
9 5753.41311870788 295
10 5588.85761052928 323
11 5404.173539209 352
12 5338.18613875638 382
13 5318.38861914911 412
14 5312.64405886837 441
15 5310.58466928753 470
16 5309.67616691418 499
17 5309.23091493301 528
18 5309.00189871487 557
19 5308.87541094414 586

0 11179.0413632458 31
1 10951.640359577 60
2 11613.0618637528 90
3 11620.9600836982 119
4 11154.8229502949 148
5 8825.04602964514 176
6 7959.72600194659 208
7 6626.67336785292 241
8 6122.11577025702 270
9 5686.05350573853 299
10 5566.98092964505 327
11 5401.36399674976 356
12 5337.5029023651 385
13 5317.44877986143 417
14 5311.44907550959 449
15 5309.05020182855 478
16 5308.0638001086 507
17 5307.58859206206 535
18 5307.33820741922 564
19 5307.20151685587 593

0 11594.3852266683 32
1 12682.8364768825 62
2 11523.1319641522 91
3 11178.2938492185 120
4 10208.9510388861 149
5 8869.93366681919 178
6 7680.44933064206 208
7 6634.38411441414 239
8 6039.97364108943 269
9 5708.76556648876 297
10 5602.810641627 326
11 5402.93757223807 354
12 5338.32155547005 383
13 5318.52103924156 413
14 5312.76970914354 444
15 5310.70901556328 473
16 5309.73712105147 502
17 5309.27142780653 531
18 5309.02923305853 559
19 5308.89617385525 588

0 11548.5441418127 31
1 11834.7924956063 62
2 11447.1982520446 92
3 10514.8698632274 122
4 10521.2125243902 151
5 8930.52151350793 180
6 7686.00960109465 209
7 6590.14207498456 239
8 6087.67712412266 271
9 5749.00555492247 300
10 5557.67123013709 329
11 5398.89339432611 357
12 5344.74944376497 386
13 5322.98841902166 414
14 5316.36374501934 446
15 5313.74748147864 480
16 5312.60710083567 509
17 5312.05970586464 538
18 5311.77268684068 566
19 5311.61557417815 595

0 11279.4925813783 30
1 11573.2744041414 63
2 12445.4598387529 93
3 10462.1309606783 123
4 10190.3678168311 152
5 8900.89034280509 182
6 7703.41221112601 210
7 6787.79282572734 240
8 6072.47151207837 271
9 5727.40987613258 300
10 5560.65720115518 329
11 5410.4284551467 357
12 5338.65091746027 386
13 5318.58017265708 415
14 5312.20965098704 445
15 5310.13349829136 475
16 5309.2490040767 506
17 5308.83317149455 535
18 5308.61216456057 563
19 5308.49234395093 592

0 12349.3157398243 30
1 12752.7246779382 60
2 10966.4725954203 92
3 11931.5451456436 121
4 10190.5064949385 151
5 8813.35100821029 179
6 7826.36728655617 208
7 6871.91787371245 239
8 6001.16210922872 268
9 5728.18305366184 298
10 5574.56126962193 327
11 5404.73072816394 356
12 5337.02589619229 384
13 5318.37047120412 414
14 5312.54734338373 442
15 5310.30205875042 472
16 5309.34981449874 502
17 5308.89241787478 531
18 5308.65761954364 560
19 5308.52893313546 589

0 12397.7566279057 30
1 12341.7863442079 60
2 10784.6816710789 93
3 11232.2293818423 124
4 9922.52780490028 153
5 8918.89868561634 182
6 7950.79985112539 211
7 6687.34693128879 240
8 6043.39352908142 270
9 5798.37624596436 304
10 5566.0643799476 334
11 5408.90249844782 363
12 5337.44020340855 392
13 5317.0723549917 421
14 5311.37776338346 449
15 5309.22001901913 479
16 5308.29245529642 509
17 5307.83302429271 539
18 5307.59247357297 567
19 5307.45960863317 596

0 11366.6627223754 30
1 11974.9583137909 59
2 11681.7874645991 89
3 11712.2981483037 119
4 10524.3301128232 148
5 8724.24139528889 177
6 7763.36204287095 207
7 6865.12649121587 236
8 6124.0038883384 264
9 5800.86330470512 294
10 5568.0358217396 324
11 5398.66805886058 353
12 5336.26095905328 382
13 5316.15780711373 411
14 5310.11243458622 439
15 5307.99018987108 468
16 5307.07238914428 500
17 5306.64032983894 530
18 5306.41493025066 560
19 5306.29179444567 590

0 11990.1473205824 30
1 13002.8140211255 59
2 11384.8042977284 87
3 11633.6672053381 121
4 10105.8209721939 152
5 8668.09071519834 182
6 7679.80114417092 211
7 6811.25650040469 240
8 6146.22331005954 269
9 5703.38056844069 298
10 5562.55545984547 332
11 5410.54674171996 364
12 5338.49260592507 393
13 5319.28509824968 421
14 5312.73371066066 450
15 5310.60714533196 479
16 5309.65879288472 508
17 5309.19810109354 539
18 5308.95742949419 567
19 5308.82511780748 596

0 12025.3484352673 30
1 12414.3550600431 59
2 12038.7500984951 88
3 12185.5131677988 119
4 9880.45231697973 149
5 8655.66899093853 178
6 7710.94929762159 207
7 6819.43972720729 236
8 6067.19106864468 266
9 5731.44730470828 294
10 5579.92702671554 325
11 5410.42260894996 355
12 5339.04543617468 383
13 5318.16832004259 412
14 5312.09122598933 441
15 5309.93762929783 470
16 5308.96455739859 498
17 5308.51129754017 529
18 5308.27186540421 560
19 5308.1401221449 589

0 11721.3384728711 30
1 10917.1528271457 59
2 10902.1250022018 88
3 10895.4239894837 118
4 11461.5837231662 148
5 8623.87891305826 178
6 7764.85537804769 206
7 6756.21307582021 236
8 6130.35314199953 264
9 5793.58091764454 292
10 5577.56005865076 322
11 5403.22910900288 352
12 5334.76741318654 381
13 5317.07477396227 410
14 5311.10477962387 439
15 5308.98429725725 468
16 5308.08629100627 497
17 5307.6621592952 525
18 5307.44062983379 561
19 5307.32011208584 590

0 12011.5857159807 30
1 11290.266040965 59
2 11126.657653805 89
3 10452.9140103839 119
4 9989.91963198826 149
5 8873.1277202089 181
6 8088.10332273739 211
7 6808.85520861713 240
8 6140.50085645001 269
9 5762.69959694877 297
10 5583.45262414427 326
11 5396.47420712606 357
12 5341.5616891591 386
13 5320.33349331144 416
14 5313.87581776877 444
15 5311.52310662769 473
16 5310.55235011679 501
17 5310.06382727456 530
18 5309.80455212132 560
19 5309.66333834036 590

0 11347.5363788396 30
1 12479.7832654726 59
2 12228.9069353353 88
3 10977.6183656165 117
4 10362.092180483 145
5 9101.88523972158 176
6 7603.20013655297 205
7 6865.43350035217 234
8 6060.29982963564 263
9 5769.62732845921 292
10 5589.61411330779 321
11 5394.34360197775 350
12 5336.26051183806 381
13 5317.35078121176 410
14 5311.87497624428 439
15 5309.82208835106 468
16 5308.93475679342 497
17 5308.50946863556 525
18 5308.2867036567 555
19 5308.16451591502 585

0 12782.7224708909 31
1 11741.0973983844 61
2 11926.2316613299 91
3 10579.6210444991 121
4 10719.5779734659 151
5 9100.56187740726 181
6 7530.99954202143 218
7 6663.12293985615 249
8 6058.60585873753 278
9 5702.99358348127 308
10 5593.75556411304 337
11 5403.52218651722 366
12 5340.32436180091 398
13 5318.7425505907 431
14 5312.38293743804 462
15 5310.06830354274 491
16 5309.07904914459 521
17 5308.60055781503 550
18 5308.35398476875 580
19 5308.21830599828 612

0 13797.4857652518 30
1 11645.0714205157 59
2 10973.1802954678 88
3 10855.4460216334 117
4 10727.3206713782 145
5 9151.83742977318 175
6 7550.49172378809 206
7 6694.4016944835 236
8 6009.05600058518 264
9 5759.30037090269 293
10 5562.14956155738 322
11 5403.22124771882 350
12 5336.75756623508 379
13 5317.94740187254 410
14 5312.62731008009 439
15 5310.58517189266 468
16 5309.67441398404 496
17 5309.23826881513 525
18 5309.00706602718 553
19 5308.88136465839 583

0 12170.5950070045 31
1 11652.1466163552 60
2 12097.9378893086 89
3 11408.6035707583 118
4 10767.9726848261 147
5 9198.37970352894 176
6 7505.0751742132 206
7 6763.02250198228 237
8 6067.45556710154 266
9 5697.69021000739 294
10 5560.00240579606 323
11 5409.43271924709 351
12 5340.40903191227 380
13 5319.67493416229 410
14 5313.8980578091 444
15 5311.50400976001 474
16 5310.55492477762 503
17 5310.07159763351 531
18 5309.8139672099 559
19 5309.67300740501 588

0 12519.8232567648 32
1 12335.2465283675 65
2 11103.0302120136 95
3 11530.3082163304 124
4 10299.634358421 153
5 8963.70073537255 182
6 7787.6002364448 211
7 6880.63240404338 241
8 5999.84876274146 271
9 5749.12832038577 299
10 5582.78820311855 328
11 5404.87244060038 357
12 5339.31811115702 386
13 5320.75730552166 415
14 5314.26808220327 447
15 5311.9250967762 476
16 5310.92018398221 506
17 5310.42945299549 534
18 5310.17427956562 563
19 5310.03422875979 591

0 12889.6768844069 31
1 11613.8467957426 61
2 10928.8011605066 91
3 10549.1925103902 120
4 9656.08534522627 149
5 9028.9800952165 178
6 7670.2570645572 207
7 6611.35865864327 237
8 6050.59676301087 269
9 5685.96314312024 300
10 5585.69106933536 329
11 5394.82687160216 358
12 5335.39433062557 387
13 5317.96280427065 415
14 5312.44416079189 446
15 5310.55723363377 477
16 5309.73211117513 506
17 5309.34554046177 535
18 5309.1437409875 563
19 5309.03344781195 592

0 12237.4006797981 30
1 12538.599052404 61
2 11926.3631706537 94
3 10246.4215442462 123
4 10463.6672740297 152
5 8860.08930008109 181
6 7564.32117044618 210
7 6740.80167565404 239
8 6065.97103283132 272
9 5730.85119975406 303
10 5601.86269996863 332
11 5411.33980488382 362
12 5334.82759970765 390
13 5316.58423233743 419
14 5310.21511297939 448
15 5307.96416934743 478
16 5307.0467575488 509
17 5306.60073501006 538
18 5306.36740508096 566
19 5306.24100256836 596

0 12403.0857175449 30
1 11499.9578068648 60
2 10736.0156467925 91
3 11561.2729792723 120
4 10142.7279677814 149
5 8689.60427121716 180
6 7550.29702510739 208
7 6778.37259626558 237
8 6084.1407899273 267
9 5749.92469771421 298
10 5579.56746351243 328
11 5412.14519655723 357
12 5340.78876134439 385
13 5320.12683850021 414
14 5313.56775776293 445
15 5311.41243784078 476
16 5310.48186844433 506
17 5310.03789350314 535
18 5309.8048650514 564
19 5309.67727823739 592

0 12211.7965296125 30
1 10765.703611609 59
2 11354.2560895522 90
3 10636.3894448393 120
4 10716.3962497646 150
5 8828.67413713359 179
6 7895.46358426751 207
7 6660.49367789026 236
8 6078.64868187922 265
9 5706.56968004894 296
10 5604.47676103072 328
11 5414.40045456533 358
12 5342.00846844978 386
13 5321.00678900548 415
14 5314.47659738749 443
15 5312.11120282078 472
16 5311.13167384312 505
17 5310.63678292723 535
18 5310.37710886464 564
19 5310.23616294184 593

0 12664.003509692 30
1 11421.0571511368 59
2 11361.9744891019 89
3 11005.6856220018 120
4 10224.4113401166 149
5 9274.82438561387 178
6 7591.72166919939 207
7 6655.89756075189 235
8 6084.44248129095 264
9 5728.40272445191 294
10 5600.23299778481 325
11 5408.12338152541 354
12 5341.85972697311 383
13 5321.68954979564 412
14 5315.27628932675 441
15 5313.04882731872 469
16 5312.04866303483 499
17 5311.55125952362 529
18 5311.28344882882 558
19 5311.13553870661 588

0 12662.9713224204 30
1 12333.1859986013 59
2 10949.4097341637 88
3 10997.0844342278 118
4 10431.8594396376 148
5 8799.98340020638 178
6 7781.22713583054 207
7 6821.05344975517 236
8 6079.24709099355 265
9 5779.0949407867 294
10 5586.56990343271 324
11 5401.6993483171 354
12 5337.60402125825 383
13 5317.04890758709 412
14 5310.86708162001 440
15 5308.82228879915 469
16 5307.98069357736 499
17 5307.5718697503 530
18 5307.35975960882 564
19 5307.24369217769 593

0 12225.5914128796 30
1 11505.1207667361 59
2 11750.955979895 88
3 11896.2736861282 118
4 10179.7929916619 149
5 8669.60005344629 179
6 7971.28486618461 210
7 6842.7294903628 239
8 6116.08558718537 268
9 5763.87473902885 297
10 5590.2040674854 327
11 5405.99946825909 358
12 5338.20828771702 387
13 5318.08375959826 417
14 5312.22593955229 445
15 5310.08804827195 474
16 5309.17078573861 503
17 5308.72096804094 533
18 5308.4861456741 564
19 5308.35754517051 593

0 11577.7666475758 30
1 10738.0234343527 59
2 11916.492410879 88
3 11655.2649341979 117
4 9599.01055158716 149
5 8976.50792664758 178
6 7927.18552372445 207
7 6805.64463042676 236
8 6005.09097615968 265
9 5747.45709826374 294
10 5588.54203647598 324
11 5411.40873107473 354
12 5337.83340395682 383
13 5319.89097148641 412
14 5313.40200659777 441
15 5311.02200070836 469
16 5310.04309206982 498
17 5309.55598441109 527
18 5309.30105232375 558
19 5309.15948419535 587

0 12726.489377558 30
1 11966.9638864181 59
2 12056.0899815465 88
3 11548.2506088912 116
4 10254.8133761859 147
5 9042.78492909796 183
6 7626.69485455218 213
7 6663.00996805286 242
8 6129.19550182534 270
9 5760.27748208178 299
10 5590.19292018411 327
11 5410.40800866302 357
12 5342.31726789849 390
13 5320.88481043883 418
14 5314.33015019252 447
15 5311.84242563528 475
16 5310.79423315186 504
17 5310.2757422148 532
18 5309.99602280221 562
19 5309.84478436862 594

0 12011.3921484411 30
1 11866.0941690556 59
2 12147.529231526 90
3 11293.300193543 119
4 10008.1196948671 148
5 9375.37390264359 179
6 7918.99249687579 209
7 6725.58773209975 238
8 6007.49969215892 267
9 5758.90867716148 296
10 5547.0934316675 324
11 5409.29319301471 353
12 5339.85610629744 383
13 5317.43804329873 413
14 5311.33497445567 442
15 5309.31591262854 471
16 5308.4050333328 500
17 5307.96373658231 528
18 5307.7311179183 557
19 5307.60336711411 588

0 12119.8120729881 30
1 12322.2531093943 59
2 11709.8691779712 88
3 11898.3858564395 117
4 10037.080003156 146
5 8869.23639813866 176
6 7618.82288031159 208
7 6644.8414909218 239
8 6055.42090843195 268
9 5745.95113843185 297
10 5568.49092720934 326
11 5409.4705244878 355
12 5340.51693575727 385
13 5320.2067634085 420
14 5314.09469425284 451
15 5311.92497853062 483
16 5310.96520794728 511
17 5310.50498742177 540
18 5310.26328920468 569
19 5310.13099666107 599

0 11903.6854980918 31
1 12462.0546139551 61
2 12248.6877598891 91
3 10872.6216268456 120
4 10376.2867941935 149
5 8858.95567091961 179
6 7891.68742801131 209
7 6836.54009086375 240
8 6003.73277078132 269
9 5716.35694262854 298
10 5574.86800798089 327
11 5416.66114745131 356
12 5343.26961879956 385
13 5321.80991922449 417
14 5315.41368491904 446
15 5313.20188621392 475
16 5312.26880225816 505
17 5311.81387154645 534
18 5311.5754025667 563
19 5311.44468714745 592

0 10720.9245244083 31
1 12444.4897326209 60
2 10799.4257059153 89
3 11631.631995422 118
4 10745.0792575454 147
5 9391.28097235184 176
6 7509.48901711184 206
7 6607.23773221685 237
8 6084.99372515852 267
9 5736.45403935249 297
10 5571.38697617394 326
11 5405.48890619235 355
12 5337.01825189305 384
13 5317.37736435955 414
14 5311.77395812013 446
15 5309.6945091775 475
16 5308.75842936205 504
17 5308.30479730094 532
18 5308.07188306765 561
19 5307.94527780909 589

0 13300.3374053799 33
1 12913.644056702 64
2 10180.6116843991 93
3 11373.9263178807 123
4 10518.9973973995 152
5 9372.05598106722 181
6 7510.0993077028 211
7 6644.01295497114 241
8 6121.43516504199 272
9 5769.00612644436 301
10 5573.43214938869 330
11 5401.93602659824 358
12 5337.43770258898 387
13 5319.61079951477 416
14 5313.40757681896 446
15 5311.18415214121 476
16 5310.2578431136 504
17 5309.79512395313 533
18 5309.55973122463 561
19 5309.42898535342 590

0 11941.1138256488 30
1 13036.2405183504 61
2 11536.3002158304 91
3 11055.8093687128 120
4 9724.38387357176 149
5 9156.61077769687 178
6 7597.95018252952 207
7 6822.03822861454 237
8 6009.47369928693 268
9 5742.08585080701 297
10 5570.76649885255 325
11 5406.88594576784 354
12 5336.06604999896 382
13 5318.31323948593 411
14 5312.20209895084 440
15 5310.06301637584 471
16 5309.18110337545 500
17 5308.74014049874 529
18 5308.50985769251 557
19 5308.382156564 586

0 12002.6870016714 30
1 11675.5378546063 62
2 10738.3079124896 96
3 11406.1167532148 125
4 10032.8229886557 154
5 8590.15840284651 183
6 7558.00865732645 212
7 6937.47255890607 240
8 6095.83903157734 272
9 5745.84646211186 302
10 5556.34804139778 331
11 5404.05183266324 359
12 5337.66744942103 388
13 5317.27495799493 417
14 5311.59864455673 445
15 5309.49154501053 475
16 5308.59138160441 504
17 5308.14673902824 534
18 5307.91384637246 562
19 5307.78471823895 591

