0 1040.97979421449 4
1 953.415671771665 9
2 1020.90519499648 13
3 887.460626195492 18
4 742.211765112499 22
5 703.376101495431 26
6 577.991116540342 31
7 487.422950653398 35
8 438.448723432479 40
9 419.395770797913 45
10 403.697558715324 50
11 369.100295933621 54
12 349.816216556327 58
13 329.477218322559 63
14 295.34973051467 67
15 264.666182648535 72
16 250.560199812291 76
17 248.449555724776 80
18 228.393407760111 84
19 228.913700734126 88
20 225.401615656729 92
21 222.46451026683 96
22 211.599491266751 102
23 205.052104853357 106
24 202.010033048375 111
25 200.137466270884 115
26 199.30574506701 121
27 198.789872784554 125
28 198.416249817643 130
29 198.05352179273 135
30 198.001978334107 139
31 197.785351919652 144
32 197.712074029531 148
33 197.562443070205 152
34 197.498543653471 156
35 197.453743097573 160
36 197.392513712343 164
37 197.363976136767 168
38 197.365583730518 172
39 197.353176666683 176
40 197.323412977709 180
41 197.310055714957 184
42 197.288085906681 188
43 197.283217556761 192
44 197.276547147309 196
45 197.267956882942 200
46 197.26157375925 204
47 197.255642608542 208
48 197.246473164264 212
49 197.239243526111 216
50 197.237948758721 220
51 197.234374947497 224

0 992.94869605002 4
1 953.313740795947 8
2 971.648206562902 12
3 853.247836823746 16
4 733.948394093665 21
5 593.480128723711 25
6 580.677186005327 29
7 466.843376115287 34
8 442.515689857609 38
9 434.88845068514 42
10 357.612885095554 46
11 400.099202845487 50
12 376.684777993085 54
13 326.353987935031 58
14 293.761470018355 62
15 287.408919190141 66
16 269.789755302617 71
17 247.707420124395 75
18 234.040157107031 79
19 230.37475903968 84
20 222.609668798892 88
21 222.608382479626 92
22 211.523996421022 96
23 205.194308170386 101
24 202.561210093021 105
25 200.057465876578 111
26 199.32932047639 115
27 198.804519820851 119
28 198.51651298941 123
29 198.056121283086 128
30 197.865025676694 133
31 197.790339452853 137
32 197.72016354639 141
33 197.608360910642 145
34 197.513590758973 149
35 197.518327074867 153
36 197.407460524396 158
37 197.369696270102 162
38 197.36881406656 166
39 197.356782348982 170
40 197.325312521455 174
41 197.303299189972 179
42 197.311527382728 183
43 197.288634165591 187
44 197.280165612485 192
45 197.267378731728 196
46 197.263875635687 200
47 197.253729897641 204
48 197.248599031773 208
49 197.25279178221 213
50 197.240198936612 217
51 197.237760371259 221
52 197.238230057597 225

0 1074.61549205354 4
1 965.170008736802 8
2 994.064173695018 12
3 953.240698054818 16
4 797.617881131805 20
5 608.966963451759 25
6 574.18717651568 29
7 499.898413259502 33
8 462.097496068167 37
9 420.167263383133 41
10 391.512411959697 46
11 358.177883571852 50
12 380.766757742645 55
13 314.233485767604 59
14 279.657415398505 63
15 269.567191784734 67
16 261.686198887623 71
17 253.252299391841 75
18 231.059985307609 79
19 227.539723687692 84
20 224.834535038019 88
21 223.709928197034 92
22 211.985893689683 96
23 207.22957230275 100
24 202.474096341449 105
25 200.579865743484 109
26 199.607785772462 113
27 198.776456299627 117
28 198.245735732469 121
29 198.101587689922 126
30 197.820877490187 130
31 197.805421599813 134
32 197.653878539757 138
33 197.527540810541 142
34 197.51766225339 146
35 197.449635902863 151
36 197.425618377313 155
37 197.394296922081 159
38 197.371984930375 163
39 197.328208790549 167
40 197.285312132617 171
41 197.299691478857 176
42 197.296804619115 180
43 197.288542489852 184
44 197.278271464952 188
45 197.26809940737 192
46 197.269720115861 197
47 197.268649789948 201
48 197.259442770491 206
49 197.252072142675 210
50 197.243487769723 214
51 197.244807137077 218

0 898.562466825863 4
1 997.106980130034 8
2 1034.0350283778 12
3 938.214781533041 16
4 788.594968700379 21
5 609.291020398191 25
6 594.289118736903 29
7 483.761929552728 33
8 491.8164919412 37
9 440.300868806497 42
10 379.717394088109 46
11 360.552673508506 51
12 404.866813802327 55
13 306.341713802164 59
14 282.109955729315 64
15 261.552424676701 68
16 263.388553129082 72
17 244.648957179609 76
18 227.478604406975 81
19 223.809772497336 85
20 223.957956556395 89
21 221.517318840498 95
22 209.770541991259 99
23 204.98939319357 103
24 201.665390548546 107
25 200.643556958981 111
26 199.398532984392 115
27 198.782719043741 119
28 198.555314588289 123
29 198.030435814162 127
30 197.885273524824 132
31 197.734883087346 136
32 197.63432947002 140
33 197.576361978163 144
34 197.557507950597 148
35 197.443833358643 152
36 197.422710715927 157
37 197.377873062839 161
38 197.342492784873 165
39 197.316989483773 169
40 197.344641276486 173
41 197.294015785144 177
42 197.288323738129 181
43 197.272946078492 185
44 197.287525657548 189
45 197.268430001226 193
46 197.261629135049 197
47 197.254458645449 201
48 197.25289061532 205
49 197.252262076293 210
50 197.243896603334 214
51 197.243770823443 218
52 197.238211703873 222

0 995.664122156419 4
1 1024.33499757644 8
2 1127.14883303421 12
3 921.254700795818 16
4 739.207671315523 20
5 686.256362852259 25
6 580.150737966132 29
7 525.585197686573 33
8 427.744359755772 38
9 408.73263003132 42
10 347.260593837214 46
11 351.691444175997 50
12 314.256852376161 54
13 331.412491663955 58
14 285.529282439482 63
15 263.542804895557 67
16 256.417658205775 71
17 241.140849570995 75
18 227.661302210411 79
19 222.974467484197 83
20 222.773656202296 88
21 218.301226980597 92
22 213.790637051393 96
23 205.194434765838 101
24 202.093612287772 105
25 200.612070415322 109
26 199.43072102599 113
27 198.607859039924 117
28 198.341050274796 122
29 198.007487247357 126
30 197.831318124013 130
31 197.837723878891 134
32 197.655909787638 138
33 197.576185378132 144
34 197.527813283304 148
35 197.449606583669 152
36 197.426547634919 156
37 197.392526443108 160
38 197.341176022237 164
39 197.34217994361 168
40 197.310527274981 172
41 197.289826517801 177
42 197.279589904122 181
43 197.266272163032 185
44 197.278928659056 190
45 197.27197027503 196
46 197.263199750096 202
47 197.258335741364 206
48 197.257629349481 210
49 197.254727254783 214
50 197.244293868388 218
51 197.234839608089 222
52 197.236151766624 226

0 919.639805344866 4
1 894.754952509989 8
2 964.360148549546 12
3 966.630460232725 16
4 751.965999836614 21
5 619.854396449314 26
6 514.208254216838 32
7 445.405133281733 38
8 456.64249326258 43
9 411.200386411488 47
10 405.179866943945 51
11 348.669097550356 56
12 323.971687476341 61
13 316.664823365002 65
14 288.381417717181 69
15 310.104369520747 74
16 271.814972194792 78
17 280.848233802843 82
18 239.075101385485 85
19 236.12524506918 89
20 234.036966286114 93
21 233.180030328776 97
22 219.921520742456 101
23 211.547145661711 105
24 208.498038029381 109
25 206.914669580056 113
26 205.738790663 117
27 204.970652916404 122
28 204.407550914396 126
29 203.969612209278 130
30 203.680433713517 134
31 203.567514227482 138
32 203.234233124425 142
33 203.014557395556 146
34 202.92537898309 150
35 202.804323440333 154
36 202.748153019451 158
37 202.685404401728 162
38 202.588200567684 166
39 202.489214861098 170
40 202.422626839683 174
41 202.359892934314 178
42 202.313377706885 182
43 202.272049125068 186
44 202.239352792199 190
45 202.224026804624 195
46 202.210798543695 199
47 202.191207114083 203
48 202.171050616681 207
49 202.155105256016 211
50 202.12535051375 215
51 202.09988299558 220
52 202.070388051975 224
53 202.008837965924 228
54 201.938363054567 232
55 201.846103890687 236
56 201.73571342734 240
57 201.611762419228 245
58 201.494421083558 249
59 201.373870190902 253
60 201.259455079835 257
61 201.146095471866 261
62 201.020273665658 265
63 200.913737297762 269

0 1030.15031744466 4
1 1019.20652297236 8
2 873.075374237313 12
3 873.44002943086 15
4 738.633455654687 19
5 705.867042368069 23
6 643.469553743598 28
7 499.858949165635 32
8 417.093760014005 36
9 411.000679836779 40
10 419.366195403135 44
11 343.819570461124 48
12 333.237002353236 52
13 336.690738821627 56
14 300.285630928746 60
15 286.090733102694 64
16 283.086729954333 68
17 251.476742260535 72
18 231.769817080553 76
19 228.26481581645 81
20 224.429600690972 85
21 219.9376146712 89
22 210.819133350413 93
23 205.607491482052 97
24 202.158614148632 101
25 200.260560097475 105
26 199.404608474109 109
27 199.029453224486 114
28 198.20042380751 118
29 198.187183648329 122
30 198.037780498451 126
31 197.749718771318 130
32 197.648262938028 134
33 197.534732257551 139
34 197.473200643587 143
35 197.463067587686 147
36 197.381900123018 151
37 197.374505600646 155
38 197.336759397489 160
39 197.325633355572 164
40 197.313092250688 169
41 197.305607124627 173
42 197.297210179055 177
43 197.276532583027 181
44 197.284044542899 185
45 197.260597157034 189
46 197.252793549983 194
47 197.242878164193 198
48 197.248485968339 202
49 197.243176123091 206
50 197.241829794662 210
51 197.243602103228 214
52 197.237680189309 218

0 1020.92340162956 4
1 1033.85473646751 8
2 1069.82986760507 12
3 842.35248462334 16
4 710.411011888563 20
5 643.495351713604 24
6 566.433420356066 28
7 493.668529684013 32
8 472.997013491908 37
9 385.764800855719 41
10 365.365609065839 45
11 332.600409696902 49
12 321.721012048014 53
13 317.487840260357 58
14 282.861176105652 62
15 259.723061117931 66
16 244.410512747303 70
17 243.302232726983 74
18 230.222232528912 78
19 218.050872669552 82
20 224.544415140857 86
21 218.299147872818 90
22 212.39021824676 95
23 206.916466337352 99
24 202.010411635953 103
25 200.828392833565 107
26 199.127197918055 111
27 198.871312836299 116
28 198.309235072239 120
29 198.210896235668 125
30 197.846505086914 129
31 197.703307124369 133
32 197.650444246392 138
33 197.635597113985 142
34 197.570487908031 147
35 197.463047298024 151
36 197.437807932738 155
37 197.398177365248 159
38 197.364292809154 163
39 197.347582301552 168
40 197.317145507894 173
41 197.296071926515 178
42 197.30138607725 182
43 197.285564390004 186
44 197.274139434357 190
45 197.263013030087 194
46 197.253125239152 198
47 197.257038160572 202
48 197.258564183109 206
49 197.247476403045 210
50 197.244319696862 214
51 197.241694379913 218

0 987.483774552887 4
1 973.815752936723 8
2 882.302804402691 12
3 962.233262275938 16
4 686.996951437088 21
5 544.976378378889 25
6 605.498133252987 30
7 537.338707671645 34
8 426.078517166166 38
9 457.576369803969 44
10 394.521650828373 48
11 363.910882805997 53
12 332.061405879713 57
13 303.433656074308 61
14 306.572416736476 66
15 264.411249936149 70
16 263.041872846659 74
17 238.596439266683 78
18 230.407516333091 82
19 223.579214279904 87
20 225.06903381744 91
21 221.253810461389 95
22 210.24790734151 100
23 206.150800622142 105
24 201.750739270526 109
25 200.570781653483 114
26 199.094742763526 118
27 198.668308006517 123
28 198.33853363832 128
29 198.216847381295 132
30 197.971253995351 136
31 197.838125238775 141
32 197.689540833841 145
33 197.551974671429 150
34 197.478769208848 154
35 197.457486774295 159
36 197.407439935551 163
37 197.341783098548 168
38 197.355563819464 173
39 197.351512484458 177
40 197.309497108327 182
41 197.308879953505 186
42 197.301943054964 190
43 197.283411166965 194
44 197.268868932846 199
45 197.267263340132 204
46 197.261398675948 209
47 197.262847990647 213
48 197.261874052595 217
49 197.25200016619 221
50 197.242937864213 225
51 197.237916159948 238

0 1052.72758941198 5
1 994.864129871494 9
2 946.996692287017 13
3 898.139853524039 18
4 794.881784870199 22
5 677.302123854677 27
6 593.466183221184 31
7 461.183260249623 36
8 429.022701918114 40
9 407.894877260249 45
10 352.626286211285 49
11 347.987809392637 53
12 353.536415757924 57
13 311.99445882244 61
14 298.788603369183 65
15 270.874340285308 70
16 262.404694168848 74
17 242.080750116128 79
18 230.124991999763 83
19 223.081126773333 87
20 224.948359609898 92
21 223.580954713454 96
22 213.386711401971 100
23 204.372756290919 104
24 201.718724812733 109
25 200.297773285747 113
26 199.448908742909 117
27 198.703513368914 122
28 198.528224682829 126
29 198.00972957045 131
30 197.809280721265 135
31 197.790431671867 139
32 197.694655702399 143
33 197.572078299757 148
34 197.518061128198 152
35 197.467902623258 156
36 197.413696020155 161
37 197.375165760528 165
38 197.340223819478 169
39 197.343500461195 174
40 197.321022209677 178
41 197.296243360948 182
42 197.283068566811 186
43 197.273444260365 191
44 197.275200526151 195
45 197.267626102762 199
46 197.253600596474 203
47 197.251112033432 207
48 197.250711265236 212
49 197.240982234226 216
50 197.247775269399 220
51 197.242747506659 225
52 197.238695250712 229
53 197.229881954036 233

0 1043.70764619362 4
1 1150.61353910169 8
2 1041.55794050735 12
3 893.832307640035 17
4 796.808092597153 21
5 627.006380140881 26
6 659.86486056429 30
7 483.577156786479 34
8 462.729572612486 38
9 399.467099693174 43
10 348.122334988932 47
11 348.173028446665 51
12 352.95748618765 56
13 300.217539782743 60
14 300.349305243099 64
15 272.830948231355 69
16 250.447905971301 73
17 246.427803242923 77
18 235.141074933143 82
19 228.728367558126 85
20 219.918646794217 90
21 222.184134388044 94
22 212.062605307956 98
23 204.869626647354 102
24 201.745993816702 107
25 200.446310832651 111
26 199.501741526716 115
27 198.753374802058 120
28 198.289914402981 124
29 198.095858150193 129
30 197.878606147953 133
31 197.673973089347 137
32 197.655871811988 141
33 197.572485264764 146
34 197.515371446561 150
35 197.440530510493 155
36 197.397655386791 159
37 197.396642376422 164
38 197.361729000681 169
39 197.353806411921 174
40 197.306522563225 178
41 197.313438620021 182
42 197.298729530701 187
43 197.28126318215 191
44 197.279476225854 195
45 197.27052559346 199
46 197.260367018266 204
47 197.248870622887 208
48 197.24870006821 212
49 197.243919749766 217
50 197.247581305354 221
51 197.242734320907 225
52 197.236729068437 229

0 1045.23030655245 4
1 1102.56781685296 8
2 877.610804415735 13
3 865.924585257323 18
4 755.309856788814 22
5 615.023078699144 26
6 529.931491839029 31
7 485.617054087374 36
8 412.714187557922 40
9 417.419172178252 45
10 375.644436784935 49
11 360.352760767301 54
12 331.35158900228 58
13 305.231310013181 63
14 305.700263130416 67
15 275.016778802304 71
16 256.66806499407 75
17 247.054649462974 79
18 229.93725607685 83
19 224.785496179597 88
20 222.204158242489 92
21 228.499532167151 96
22 211.602908313252 100
23 204.259075143928 104
24 202.530159864061 109
25 200.602537108432 113
26 199.379456147588 117
27 198.684384771749 122
28 198.606399458926 126
29 198.032527658692 130
30 197.895178168911 135
31 197.774326353578 139
32 197.608734247515 143
33 197.548017155201 147
34 197.551044348562 152
35 197.464285751267 156
36 197.427199813595 160
37 197.400147384208 165
38 197.358589282326 169
39 197.339508517959 173
40 197.315080486332 178
41 197.31019677745 182
42 197.293976730182 187
43 197.284940491239 192
44 197.285926457873 196
45 197.27238047898 201
46 197.252946571552 205
47 197.258196743094 210
48 197.251206716574 214
49 197.246213262199 218
50 197.243727262696 223
51 197.244904684885 227
52 197.238647142501 231

0 1033.86212940766 4
1 1013.40063329141 8
2 889.433293983515 12
3 915.631933785353 17
4 803.737382344961 21
5 621.584854393604 26
6 547.913003590988 30
7 513.273853166356 34
8 475.456480510898 38
9 393.628864525554 43
10 383.401952865633 47
11 376.662658617187 51
12 327.874582294253 56
13 360.257610527439 60
14 342.073454810923 64
15 296.325549330377 68
16 262.353502902922 73
17 258.609113904295 77
18 245.101878717652 81
19 227.523323692154 86
20 223.998657600225 90
21 221.958947143076 94
22 212.464677486411 99
23 205.67252449289 103
24 202.710162823351 108
25 200.150841571964 112
26 199.491410888236 116
27 198.756281757115 120
28 198.383056101808 125
29 198.232111292627 129
30 197.863073667789 134
31 197.748760531995 138
32 197.658433164931 142
33 197.526414959476 147
34 197.459103763664 151
35 197.473193034238 156
36 197.414899767036 160
37 197.37904660827 164
38 197.360147078413 169
39 197.352577174657 173
40 197.356361785317 178
41 197.3272136532 183
42 197.305614358741 187
43 197.282838734825 192
44 197.282071185289 196
45 197.268746068415 201
46 197.265003928437 205
47 197.259817978498 210
48 197.252068912436 214
49 197.246826147967 218
50 197.241220797319 223
51 197.243159979499 227
52 197.245057697585 232
53 197.240051671493 236

0 1112.25633210503 4
1 883.711220072565 8
2 902.335783101024 14
3 983.575159163802 18
4 775.194715764149 23
5 609.37759933212 27
6 589.176198162225 32
7 549.091581346653 36
8 499.576310805098 40
9 419.749651479115 44
10 382.613566903773 48
11 346.110884752446 53
12 357.880023982686 57
13 300.345379834059 61
14 300.665092735521 65
15 286.57176299025 69
16 258.607385065023 74
17 243.430705438478 78
18 230.688324848137 82
19 226.601258168417 86
20 227.832831321102 91
21 220.395107764185 95
22 212.11909710449 99
23 205.40593979351 104
24 202.82973472042 108
25 200.372414838406 112
26 199.031725499799 116
27 198.905067707029 121
28 198.398095963759 125
29 198.222350246149 130
30 197.89422761202 134
31 197.809929041127 138
32 197.663532813204 143
33 197.55012551391 147
34 197.49503768845 151
35 197.413790547872 156
36 197.435387531864 161
37 197.396423956864 165
38 197.339377094893 170
39 197.331803768435 174
40 197.328626007996 179
41 197.3214643752 183
42 197.3007336374 187
43 197.28157897225 192
44 197.277447585714 196
45 197.270066729872 200
46 197.256672867972 204
47 197.25472532393 209
48 197.255482104786 213
49 197.24225024661 217
50 197.244995408141 221
51 197.241695293186 226

0 1083.05199526097 4
1 1051.12499000176 8
2 913.321553190108 12
3 868.458314722196 16
4 786.306210016713 21
5 636.56136068467 25
6 558.473898601778 29
7 506.025833132758 33
8 495.114193189664 38
9 423.427839690493 42
10 381.468673901318 46
11 332.527792531018 51
12 315.193795912313 55
13 331.603521654495 59
14 286.464631692716 63
15 266.188346287323 68
16 271.318203377087 72
17 242.717591188164 76
18 229.624990468591 81
19 223.222244439146 85
20 222.586742829766 89
21 221.790049027266 93
22 211.220160288457 98
23 204.863761484752 102
24 202.363408343337 106
25 200.174786437926 111
26 199.500008034045 115
27 199.001074327396 120
28 198.351704277796 124
29 197.969195244943 128
30 197.842436284774 133
31 197.690399124877 137
32 197.67003589383 142
33 197.600413002487 146
34 197.49077555524 151
35 197.429582557801 155
36 197.413505555816 160
37 197.407425667585 164
38 197.388125341102 168
39 197.357377537242 173
40 197.336971990899 177
41 197.313829502991 181
42 197.290305607415 185
43 197.286693240226 190
44 197.286442672276 194
45 197.264775992387 198
46 197.263690709829 203
47 197.25698560435 207
48 197.25281839321 211
49 197.248926534538 216
50 197.247307344065 220
51 197.240442449306 224

0 1022.71857586645 4
1 983.450635113969 8
2 878.887210950979 12
3 892.234090736118 16
4 774.679644800846 21
5 627.74355716781 25
6 591.965289865266 29
7 506.482939215953 33
8 428.499114041364 38
9 431.821332690262 42
10 404.284124206242 46
11 339.099245828666 51
12 336.364773231118 55
13 337.732621602183 60
14 289.454902228845 64
15 262.666125025444 68
16 257.317896935135 72
17 243.667154390128 77
18 229.777533895807 81
19 228.589177875793 86
20 223.833324287126 90
21 224.089216554024 94
22 212.345045862538 98
23 206.657100781551 102
24 201.743972076328 107
25 201.006893867881 112
26 199.485064460283 116
27 198.722948848474 121
28 198.27072692241 125
29 198.036807425377 130
30 197.838612096491 134
31 197.767180484777 138
32 197.702032107647 143
33 197.608550960162 147
34 197.475967983848 151
35 197.438335997707 156
36 197.428511513281 160
37 197.391925942113 164
38 197.362232213039 168
39 197.344880152017 173
40 197.325297125621 177
41 197.307963957923 181
42 197.303809822785 186
43 197.281120656401 190
44 197.279541281826 194
45 197.266310060051 199
46 197.2641013325 203
47 197.256359788696 207
48 197.247891261173 212
49 197.24461220545 216
50 197.238071625348 221
51 197.236982873055 225
52 197.24126898614 229

0 895.552234592195 4
1 1054.41026232495 8
2 1001.29779570448 13
3 851.342911462051 17
4 747.155778460771 21
5 742.727904169767 26
6 534.223590609799 30
7 466.487058001497 35
8 448.007718957157 39
9 392.613256523353 43
10 378.577968200721 48
11 364.495221832769 52
12 337.135508312915 57
13 324.505921124335 62
14 296.411250066514 66
15 275.240614967174 71
16 286.03514424022 77
17 253.719185774299 81
18 236.272958393893 85
19 226.060232226379 89
20 227.030261603081 94
21 225.178136967117 98
22 211.883766247087 103
23 204.833832924317 107
24 201.968606861171 111
25 200.459658254552 115
26 199.305474963739 120
27 198.710822737695 124
28 198.542054656407 128
29 198.07778114228 133
30 197.972384284352 137
31 197.771210136811 141
32 197.611616585556 146
33 197.57046080871 150
34 197.51391978493 154
35 197.517803465308 158
36 197.415143202113 163
37 197.392065705044 167
38 197.360490647784 172
39 197.339426740053 176
40 197.31771721641 181
41 197.321920548036 185
42 197.285106388205 189
43 197.29112350267 193
44 197.28711526328 197
45 197.269277610848 202
46 197.265853047864 206
47 197.251645414852 211
48 197.248240722583 215
49 197.240911787806 220
50 197.241452582126 224
51 197.240349111957 228

0 933.919424652143 4
1 950.553385253694 8
2 803.239061088855 12
3 888.774874437881 17
4 825.754271373495 21
5 627.675196856647 25
6 561.645803694434 30
7 537.017143720551 34
8 466.121192054864 39
9 405.37068512824 43
10 405.579788201148 49
11 390.484821075098 53
12 339.894311027872 57
13 343.257114499046 62
14 269.9360293102 67
15 282.47664406664 71
16 268.496886189138 76
17 247.976592527432 81
18 237.597253542307 85
19 232.591494872552 89
20 237.30471782616 94
21 234.582320921628 99
22 220.380998676216 103
23 213.935714388751 108
24 209.312809281567 112
25 207.671738463955 117
26 206.235863432576 121
27 205.808604819287 125
28 205.234859147651 130
29 204.850110035182 134
30 204.813170149723 138
31 204.572957437186 142
32 204.616560609741 146
33 204.537690592055 151
34 204.427900815753 155
35 204.335430097271 159
36 204.303827489401 163
37 204.26320976103 168
38 204.232682532541 172
39 204.197595390846 176
40 204.17426127118 181
41 204.199797842448 185
42 204.176258430867 189
43 204.145249041535 194
44 204.140044595665 198
45 204.146207524295 202
46 204.123696580228 207
47 204.116264216381 211
48 204.110941833448 215
49 204.111345936717 220
50 204.111020822329 224
51 204.100605365964 228
52 204.097540063714 233
53 204.095710803099 237
54 204.093098904578 242
55 204.092465686456 246
56 204.092494474942 250
57 204.09246834062 255
58 204.09045501074 259

0 880.405425660369 4
1 1010.59366333905 9
2 861.498370590566 13
3 820.87519906703 18
4 695.280060530311 22
5 682.274040289908 26
6 606.891257172055 31
7 482.473291699396 35
8 454.456194054044 39
9 432.371526443779 44
10 394.327256376212 48
11 345.125116229825 52
12 359.799015747124 57
13 318.146111259957 61
14 298.674589762444 66
15 269.651963280308 70
16 255.411659669147 74
17 246.523521338654 78
18 231.663719034695 82
19 222.138650123792 87
20 221.477217804455 91
21 224.183565265741 95
22 213.045238134091 99
23 205.101626023278 103
24 202.558619820389 108
25 200.49053112514 112
26 199.754135199323 116
27 198.830566499861 121
28 198.490951088648 125
29 198.173955868157 129
30 197.952387764375 133
31 197.736098783229 138
32 197.654313075261 142
33 197.587890741581 146
34 197.509294207394 151
35 197.459605296858 155
36 197.428124129174 159
37 197.375160820308 164
38 197.345158292403 168
39 197.356278333122 172
40 197.327328285897 177
41 197.330063759134 181
42 197.309290219324 185
43 197.282174740473 190
44 197.276162314723 194
45 197.263356701838 198
46 197.260698495251 203
47 197.26022924294 207
48 197.246275130046 212
49 197.244521066523 216
50 197.238728375525 220
51 197.237727517457 225
52 197.233407933364 229

0 994.069879230299 4
1 892.332617248692 8
2 1111.17581180917 12
3 949.257071351599 16
4 775.882847548275 20
5 667.05668407552 25
6 564.720177063894 29
7 521.501013502043 33
8 482.004038128132 37
9 401.063067870817 41
10 409.928847313398 45
11 391.361310523787 49
12 312.680026201592 53
13 295.554827495992 57
14 311.617858099947 62
15 279.584549282575 66
16 259.720866591284 70
17 248.321103423041 74
18 233.893083834451 78
19 224.270376011832 82
20 222.82317548225 87
21 228.093986558317 91
22 210.854558484077 95
23 204.0978099142 99
24 201.945482585035 103
25 200.294817070203 108
26 199.591272121092 112
27 198.799130841605 116
28 198.371896293196 120
29 198.073630393071 125
30 197.763591209923 129
31 197.746324704002 133
32 197.635262480808 137
33 197.532299331723 142
34 197.505573547688 146
35 197.432596758502 150
36 197.408644287903 154
37 197.381286909402 159
38 197.35244083846 163
39 197.330555736914 167
40 197.299783067031 171
41 197.303946834068 176
42 197.301138802661 180
43 197.290447357657 184
44 197.275806123422 188
45 197.27034243538 192
46 197.267047505866 196
47 197.259132788317 200
48 197.242766050589 205
49 197.241141491309 209
50 197.244249277299 213
51 197.240654763431 217
52 197.234998187204 221

0 1047.91306213633 4
1 1086.29122238118 8
2 1012.51770341935 12
3 894.987746941855 16
4 839.192171054767 20
5 580.754868909223 24
6 547.446047127332 28
7 545.646208532669 33
8 474.311267502169 37
9 425.457108584223 41
10 366.829164322267 45
11 367.490945148675 49
12 331.589799669122 53
13 315.999316108756 57
14 287.779731735232 61
15 276.326026580068 65
16 271.195957473272 69
17 241.444282483068 74
18 230.642158692827 78
19 228.906723678393 82
20 220.769373533116 86
21 225.495619383962 90
22 213.286563110414 95
23 205.557250077314 99
24 202.070933066689 103
25 200.735133693947 107
26 199.339079007453 111
27 198.705722184596 115
28 198.256186156999 120
29 198.114025405145 124
30 197.849552925306 128
31 197.680548738819 132
32 197.62543235675 137
33 197.55701887888 141
34 197.500905723082 145
35 197.484392769718 150
36 197.436490305292 154
37 197.390196461331 159
38 197.359041823838 163
39 197.345908021595 168
40 197.332034563663 172
41 197.315326726948 176
42 197.29012354457 180
43 197.289577388979 185
44 197.291571073669 189
45 197.274141080222 193
46 197.268750211235 197
47 197.256839302756 202
48 197.250714699649 206
49 197.247814885679 210
50 197.242631631214 214
51 197.238270945106 219

0 1175.65909904731 4
1 923.834112446745 8
2 936.06888961659 12
3 853.201473077383 16
4 715.194722302965 20
5 618.385569180447 24
6 564.809392724121 29
7 528.958594122021 33
8 448.311451306288 38
9 392.485962620962 42
10 411.435317605919 46
11 350.734836533001 50
12 356.660057657007 54
13 312.103819803628 58
14 319.841486691253 62
15 264.820151626625 66
16 276.694788033036 70
17 250.97375519815 74
18 239.005446047902 78
19 225.70019642073 83
20 221.80765402224 87
21 221.237254620467 91
22 210.71618025746 95
23 203.524130126143 99
24 202.777602059045 104
25 200.592694301359 108
26 199.206415111212 112
27 198.665829290811 116
28 198.432429800252 121
29 198.08869042487 125
30 197.911131129719 129
31 197.809249903472 134
32 197.687578815253 138
33 197.608793683577 143
34 197.536499554684 147
35 197.467809138585 151
36 197.46245710752 155
37 197.389102482884 159
38 197.375179808296 164
39 197.333935522241 168
40 197.319863198257 172
41 197.298721020861 176
42 197.293362421849 180
43 197.285943480051 185
44 197.27641624724 189
45 197.268596972023 193
46 197.262805820436 197
47 197.264341407019 201
48 197.256744541676 205
49 197.247850622583 210
50 197.244360470623 214
51 197.236638675495 218
52 197.234659734877 223
53 197.232661460168 227

0 1073.42853979087 4
1 1005.28449594918 8
2 989.819869671525 12
3 885.334739585801 16
4 859.833483530825 20
5 751.857965310234 24
6 585.355061897228 29
7 478.097581652382 33
8 454.876239448229 37
9 415.692213766936 41
10 368.185978340231 45
11 348.860919845993 49
12 324.683429050685 53
13 302.090745065237 57
14 285.772519438784 61
15 263.808671460839 66
16 259.844718935967 70
17 246.591543371374 74
18 227.598047362787 78
19 224.260764107066 82
20 220.103485529875 86
21 228.600608077795 90
22 211.824854133677 94
23 205.254688863807 98
24 202.348552665444 103
25 200.883329943284 107
26 199.509990044626 111
27 198.904794624677 116
28 198.17446791762 120
29 198.063953586817 124
30 197.725236802545 128
31 197.730610831229 133
32 197.679833372053 137
33 197.566399117451 141
34 197.505387527525 145
35 197.452448908848 149
36 197.402206310604 153
37 197.41271671072 157
38 197.380605760565 161
39 197.351727782215 165
40 197.325069032762 169
41 197.321332219741 173
42 197.29415901843 178
43 197.289356216141 182
44 197.277825637874 186
45 197.27238327868 190
46 197.269324938727 194
47 197.264243745015 198
48 197.255576315898 202
49 197.246486329788 206
50 197.237146119058 211
51 197.240426568586 215

0 977.94996377499 4
1 953.824205579573 8
2 941.062785815511 12
3 982.45432495045 16
4 762.789030785918 20
5 712.682682053018 25
6 542.897183380094 29
7 498.602710057441 33
8 433.885359071138 37
9 377.766575544139 41
10 354.652170171498 45
11 352.797815705376 49
12 351.548061973876 53
13 310.044427540648 57
14 279.25751706957 61
15 284.689263291523 65
16 262.265836821653 70
17 241.737604783079 74
18 232.402317790636 78
19 226.675771263695 83
20 231.910464568637 87
21 224.122001384442 92
22 211.60290923828 96
23 206.109238172334 100
24 202.252536571463 105
25 200.266852187751 110
26 199.681822061535 114
27 198.786239862064 118
28 198.299399777427 123
29 198.021036622145 127
30 197.891093137596 131
31 197.755236956418 136
32 197.627231570869 140
33 197.548600480671 144
34 197.478142160248 148
35 197.498896332112 152
36 197.4141752861 156
37 197.372723784924 160
38 197.365734028894 164
39 197.326671737705 168
40 197.316046958434 173
41 197.306141687675 177
42 197.29818532707 181
43 197.296757261119 185
44 197.281832885966 189
45 197.276148642884 193
46 197.258573605953 197
47 197.260208258318 202
48 197.256225904537 206
49 197.253998552289 210
50 197.246771404475 214
51 197.238105403779 218
52 197.232478550599 222
53 197.227040053775 226

0 1128.18800428752 4
1 1044.75269121453 8
2 1001.36156499321 12
3 872.747724968414 17
4 834.664838911607 21
5 610.369557915532 25
6 594.716040304187 29
7 570.756397689856 33
8 440.751577291222 38
9 406.260938551328 42
10 391.330557668696 46
11 333.622242341536 50
12 359.469362079804 54
13 338.16421360108 58
14 284.652453955665 63
15 284.718082823305 67
16 266.957511888685 71
17 251.098770016171 75
18 227.407872599861 79
19 222.374204643323 84
20 224.072022550718 88
21 221.94040031111 92
22 211.659315534422 96
23 204.855199778423 100
24 202.067209680275 104
25 200.452578989582 108
26 199.666457048485 112
27 198.632235906082 117
28 198.365008830781 121
29 198.353817571045 125
30 197.906012514226 129
31 197.76136384514 134
32 197.63904199189 138
33 197.618848209699 142
34 197.460259596817 146
35 197.441920792369 150
36 197.433723694351 154
37 197.385926870585 159
38 197.375093941684 163
39 197.362243364271 168
40 197.306298422747 172
41 197.314285029408 176
42 197.298747071649 180
43 197.28182730114 184
44 197.270279880503 188
45 197.279506585194 193
46 197.262115196521 197
47 197.256803241916 201
48 197.253308900692 205
49 197.249525842047 209
50 197.242480730059 213
51 197.243071134141 218

