0 73407.8233362569 256
1 66237.1229792574 459
2 64081.9555065362 678
3 66215.6672467254 870
4 64239.0439904069 1067
5 68058.5206105457 1262
6 55513.2939329582 1456
7 50985.6046646571 1664
8 43791.9725862556 1861
9 34947.2444380576 2065
10 31123.6155687937 2267
11 25403.428306649 2482
12 24093.3765294063 2683
13 20317.0223095182 2892
14 18234.9028616318 3092
15 17036.776827013 3296
16 16040.3135661967 3493
17 15109.4030697571 3698
18 14670.4310091139 3887
19 14217.1867324353 4088
20 13915.1911433128 4294
21 13952.7616660915 4499
22 13832.1524319967 4715
23 13624.1222811102 4916
24 13496.7042873429 5120
25 13418.4386749514 5321
26 13395.9715188022 5521
27 13345.2968411657 5728
28 13305.2104919101 5936
29 13291.1906809053 6140
30 13277.329710663 6344
31 13264.0109951623 6545
32 13257.2924003811 6748
33 13248.0090796781 6954
34 13238.6956721148 7150
35 13234.7259555459 7362
36 13230.7998779974 7564
37 13228.6954599225 7762
38 13225.1081620482 7966
39 13222.306325177 8166
40 13218.7000484047 8367
41 13217.541060418 8568
42 13215.3436786457 8775
43 13214.7692619471 8983
44 13213.2786150076 9179
45 13212.4049194534 9379
46 13211.2625430709 9580
47 13210.6704267678 9784
48 13209.078626002 9985
49 13208.1654272528 10191
50 13207.8452314249 10396
51 13206.997951901 10596
52 13206.5770923529 10797
53 13205.6965405111 10997
54 13205.7796723931 11194
55 13205.3122533439 11394
56 13204.6691121339 11598
57 13204.1766670815 11805
58 13203.649446083 12010
59 13203.2418579366 12211
60 13202.9911557235 12413
61 13202.7270645651 12615
62 13202.6172666135 12815
63 13202.4426911775 13023
64 13202.2868374482 13226
65 13202.0128251772 13433
66 13201.8793720382 13640
67 13201.6227003241 13840
68 13201.6878053964 14040
69 13201.4444774698 14241
70 13201.3396056392 14447
71 13201.4075804009 14650
72 13201.246758963 14838
73 13201.0757079235 15041
74 13201.0565996411 15241
75 13200.9533139335 15441
76 13201.0468597674 15642
77 13200.9769809179 15848
78 13200.8098927279 16044
79 13200.7618304834 16244
80 13200.657493188 16444
81 13200.5684186385 16645
82 13200.6284734839 16848
83 13200.5328816882 17052
84 13200.4445817445 17254
85 13200.3794918157 17454
86 13200.4084431686 17653
87 13200.3318109631 17855
88 13200.2902604036 18057
89 13200.2468382973 18256
90 13200.2246992681 18461
91 13200.2340149901 18673
92 13200.1926313495 18875
93 13200.1082261316 19074
94 13200.1300475487 19279
95 13200.1136853335 19479
96 13200.0851969398 19679
97 13200.0718056965 19882
98 13200.0375073829 20087
99 13200.0377809523 20286
100 13200.0304782384 20484
101 13199.9984341907 20686
102 13199.9923064363 20888
103 13200.0020681519 21088
104 13199.9670368466 21290
105 13199.9683770375 21501
106 13199.9139926371 21701
107 13199.926428726 21903
108 13199.9086487597 22110

0 71151.9920756947 200
1 64572.6384362773 399
2 59860.5384236275 599
3 71459.0892841487 806
4 61295.3286756954 1011
5 68294.6583742712 1210
6 62848.7652412892 1410
7 62147.5922007079 1609
8 42018.8342084542 1814
9 33502.0697721701 2015
10 29681.9261417348 2217
11 26825.7062728941 2423
12 21551.6030581967 2622
13 19788.1269579664 2822
14 18431.4442606793 3021
15 16568.5961873716 3220
16 15525.3659016449 3422
17 15228.013635448 3625
18 14560.1014180444 3827
19 14176.2008186071 4026
20 14101.2653581794 4227
21 13902.4500923933 4427
22 13877.3576601624 4629
23 13660.3636718637 4833
24 13514.2332125724 5037
25 13448.5064093922 5242
26 13377.7898731397 5445
27 13344.0360989223 5650
28 13313.925889084 5856
29 13303.9093350499 6060
30 13287.0328281153 6262
31 13259.9907101564 6466
32 13256.5505790651 6670
33 13245.3932704059 6873
34 13247.9248463984 7080
35 13237.3644076969 7281
36 13231.7186114495 7482
37 13230.1791277525 7683
38 13226.3241635743 7890
39 13223.9197319918 8092
40 13219.754893951 8293
41 13217.9608716853 8498
42 13217.9500691578 8701
43 13215.8890702034 8906
44 13214.3867529244 9105
45 13213.1722008372 9310
46 13211.7690349487 9515
47 13210.0401131774 9717
48 13209.4224195663 9920
49 13208.9783582639 10127
50 13208.6436469116 10329
51 13208.0126426018 10530
52 13207.3847240924 10734
53 13206.2490792111 10939
54 13206.0816355091 11138
55 13205.4216056959 11339
56 13205.148652446 11543
57 13204.7785459974 11745
58 13204.1554784805 11949
59 13203.9370301249 12153
60 13203.2901311559 12356
61 13203.0067200258 12557
62 13202.8115759737 12758
63 13202.7423933962 12961
64 13202.5265390853 13161
65 13202.3668227666 13362
66 13202.1105100196 13566
67 13202.2109936017 13772
68 13201.7521994251 13971
69 13201.6267697417 14171
70 13201.6028194592 14371
71 13201.4622574207 14573
72 13201.3107490128 14774
73 13201.0342070183 14980
74 13201.0671378426 15181
75 13201.0507940654 15381
76 13200.9405547645 15584
77 13200.8001613047 15788
78 13200.7666295696 15990
79 13200.7113192491 16192
80 13200.6355310217 16396
81 13200.518678864 16598
82 13200.4934371879 16798
83 13200.5050404274 17002
84 13200.4426718626 17203
85 13200.4166847532 17406
86 13200.3805582364 17610
87 13200.332935421 17816
88 13200.3205940694 18019
89 13200.2379891581 18218
90 13200.1927737886 18419
91 13200.1513003266 18622
92 13200.1732024387 18824
93 13200.1686083863 19027
94 13200.1200626982 19232
95 13200.0994392447 19434
96 13200.0903333473 19632
97 13200.0652648866 19834
98 13200.0594945398 20040
99 13200.0437795265 20240
100 13200.0237227331 20442
101 13200.0307957459 20652
102 13199.9891044976 20844
103 13199.9747712899 21041
104 13199.9413513185 21241
105 13199.9281849 21442
106 13199.9195637187 21642
107 13199.9367225461 21844
108 13199.9023601101 22053
109 13199.8796471224 22254
110 13199.8688765748 22454
111 13199.8720250139 22656

0 22016.5085893336 207
1 23293.3805363404 411
2 21842.5013475339 613
3 22956.561071245 814
4 21361.8539236726 1016
5 20367.2438930693 1219
6 18521.4810019514 1421
7 16280.7360488465 1622
8 13183.1884506492 1822
9 11764.6008027988 2026
10 10744.4536788008 2230
11 9009.38645754133 2434
12 8023.40309206783 2632
13 7411.51740302885 2831
14 6916.50039157581 3031
15 6529.35114422104 3229
16 6208.10961978122 3431
17 6048.34366509964 3631
18 5915.55383626835 3829
19 5828.55687863992 4029
20 5808.36344640759 4229
21 5773.84555645911 4424
22 5782.32061496769 4626
23 5639.59084664158 4828
24 5607.86033489334 5024
25 5528.91705914274 5217
26 5502.72583444335 5416
27 5486.426441792 5612
28 5476.40964988972 5808
29 5451.61779058701 6005
30 5444.38796343985 6207
31 5436.17567474097 6407
32 5428.85931769568 6605
33 5424.19444204133 6804
34 5421.56286790459 7002
35 5417.79769327055 7205
36 5414.59759638687 7408
37 5411.70887377768 7608
38 5409.40146079906 7817
39 5407.589755604 8020
40 5405.33572716654 8220
41 5404.78775721631 8419
42 5403.44310162976 8617
43 5402.55175023713 8816
44 5401.02252253857 9016
45 5400.05975584095 9224
46 5399.21203340771 9427
47 5398.57112259442 9626
48 5397.89348044054 9826
49 5397.42750640461 10023
50 5397.02343642367 10225
51 5396.6870790759 10434
52 5396.45989353864 10647
53 5395.94961300571 10845
54 5395.56631582697 11045
55 5395.23541617809 11247
56 5394.92989027455 11445
57 5394.65764079754 11647
58 5394.4390297205 11850
59 5394.21873926746 12063
60 5394.0408518757 12267
61 5393.88059647203 12472
62 5393.78652073506 12671
63 5393.51385137694 12873
64 5393.31243425489 13089
65 5393.27440393001 13275
66 5393.14478562574 13472
67 5393.09740990655 13680
68 5392.97329575461 13880
69 5392.81867159275 14079
70 5392.77659108281 14281
71 5392.75706385489 14479

0 23592.8561008123 203
1 23716.333203803 407
2 23095.0960468809 603
3 21869.46921475 800
4 20918.3018111304 997
5 20604.2007634632 1194
6 17775.8158049377 1394
7 16691.786521943 1592
8 13970.7429874943 1796
9 11931.5188328607 1999
10 10420.0618226326 2200
11 9026.33388771576 2399
12 7951.76899467042 2598
13 7427.95103278724 2797
14 6887.02528571266 2997
15 6491.84986941659 3203
16 6261.65153620656 3402
17 6115.07113028516 3599
18 5971.21755225521 3802
19 5793.50537399972 4001
20 5776.7268129523 4199
21 5759.53836385654 4404
22 5824.16040002232 4608
23 5656.18320171589 4813
24 5560.53686705165 5015
25 5541.64378029068 5220
26 5518.26676892954 5423
27 5484.48701563763 5625
28 5467.2322137718 5827
29 5457.38342103625 6033
30 5442.13515238656 6238
31 5437.58516579742 6439
32 5426.98805162761 6641
33 5426.73530847879 6849
34 5423.11494273005 7054
35 5417.82444290013 7257
36 5415.76321265819 7463
37 5411.36555986529 7657
38 5409.92028481158 7864
39 5408.72324440976 8075
40 5406.04461529752 8283
41 5404.63652772519 8484
42 5404.0586164312 8686
43 5402.6148487547 8891
44 5401.04306439522 9092
45 5400.41033544564 9288
46 5399.5432955369 9494
47 5398.71151625119 9696
48 5398.08101955723 9900
49 5397.70504244066 10100
50 5397.07391824597 10308
51 5396.60459765374 10511
52 5396.55057522146 10712
53 5395.83096459037 10913
54 5395.38714689313 11113
55 5394.98922484958 11314
56 5394.9369549043 11515
57 5394.56304825707 11724
58 5394.36530915337 11924
59 5394.17358752522 12126
60 5393.87126378678 12326
61 5393.7734280888 12526
62 5393.62011871398 12729
63 5393.58935489202 12930
64 5393.37222806777 13135
65 5393.34346498159 13331
66 5393.23191321805 13534
67 5393.07500370152 13736
68 5392.91295953297 13937
69 5392.8493376323 14144
70 5392.76486138491 14351
71 5392.67946570953 14556

0 24013.7831493035 205
1 22858.5544967348 403
2 21776.387044571 601
3 21527.1698247337 802
4 21302.3941280679 1003
5 20011.7061727966 1211
6 18823.5719636242 1412
7 15579.3013204333 1615
8 14057.8768084758 1819
9 11905.054876016 2018
10 10254.1778856758 2220
11 8977.05428089973 2420
12 8038.02065306136 2623
13 7384.9637052763 2825
14 6859.72657532151 3027
15 6521.41464639038 3226
16 6226.40165275779 3425
17 6069.87627808605 3624
18 5888.5180227291 3825
19 5758.37244815298 4026
20 5871.30697900683 4224
21 5876.77309155081 4422
22 5782.51799244636 4624
23 5640.70562951908 4833
24 5571.16120304822 5034
25 5537.90859739749 5238
26 5504.47246991413 5442
27 5481.32668527101 5645
28 5460.15755903134 5847
29 5451.19332074645 6047
30 5444.38033518629 6249
31 5436.14358526039 6449
32 5431.77814136808 6652
33 5424.24976308603 6860
34 5422.51658610897 7062
35 5417.20012798926 7268
36 5414.47010571389 7473
37 5411.1106378264 7677
38 5409.16066975971 7879
39 5406.96822038643 8086
40 5404.84427939777 8293
41 5404.47567388667 8492
42 5402.86596928866 8703
43 5402.25344255989 8908
44 5400.94774274 9110
45 5400.43963544991 9312
46 5399.44816426526 9518
47 5398.84867120786 9721
48 5398.22411274338 9924
49 5398.18504779687 10128
50 5397.20931334228 10329
51 5396.69136390452 10530
52 5396.14486363545 10733
53 5395.84533102298 10938
54 5395.49543775945 11130
55 5395.05238937708 11328
56 5394.87270457585 11529
57 5394.89383078399 11728
58 5394.50754812512 11930
59 5394.36166355555 12131
60 5394.16129182748 12338
61 5393.89024934276 12541
62 5393.83861429316 12742
63 5393.69564557402 12946
64 5393.6431749155 13148
65 5393.4342284652 13350
66 5393.16629578281 13556
67 5393.06095103544 13758
68 5393.00369020356 13960
69 5392.91082615183 14160
70 5392.79738918482 14361
71 5392.73150152118 14561

0 23163.6972931098 203
1 22635.6964041641 406
2 22000.0230497042 603
3 21667.1091233416 799
4 20911.0862952389 994
5 19917.9544331806 1191
6 18299.2691482139 1385
7 15448.3536481455 1578
8 13864.9807203389 1771
9 12012.516564678 1961
10 10179.0435044111 2151
11 8778.16799201235 2339
12 8083.76008357668 2515
13 7369.13007100019 2691
14 6846.16137991529 2860
15 6509.38406850813 3038
16 6268.43117367614 3206
17 6047.78499658697 3374
18 5889.80365925074 3542
19 5835.50998606413 3710
20 5782.28905031261 3877
21 5830.21020666943 4059
22 5787.46040524288 4236
23 5640.29897011783 4410
24 5582.30550912764 4586
25 5538.78944882072 4766
26 5495.59124523427 4946
27 5487.3840417924 5124
28 5472.93867119395 5305
29 5454.33170969625 5484
30 5438.29748826809 5667
31 5435.28368415393 5844
32 5433.28023824454 6019
33 5425.63154739614 6193
34 5421.83599571102 6367
35 5417.47021828335 6534
36 5414.30938545486 6712
37 5411.55656641571 6888
38 5409.03184474299 7067
39 5407.66870468533 7244
40 5405.02484587468 7430
41 5404.01936598604 7606
42 5402.12517323692 7788
43 5401.79442187292 7969
44 5400.78081034334 8147
45 5400.5398043494 8331
46 5399.62906826872 8514
47 5398.91625012248 8694
48 5398.3040857581 8861
49 5397.35418580102 9033
50 5397.31083485085 9216
51 5396.98952958225 9396
52 5396.29997593834 9577
53 5396.03608687576 9759
54 5395.51888765666 9942
55 5395.38051119245 10123
56 5395.1185233069 10315
57 5394.78806816408 10514
58 5394.59351408841 10706
59 5394.4960767958 10894
60 5394.12552380735 11086
61 5393.93720928782 11283
62 5393.84376048077 11476
63 5393.5980526292 11673
64 5393.54420830996 11869
65 5393.30263691729 12066
66 5393.18627341379 12264
67 5393.17654505966 12460
68 5392.97677916849 12662
69 5392.92599388208 12861
70 5392.82649385159 13060
71 5392.70686489817 13259

0 23265.1967926005 199
1 23255.9684101481 393
2 23428.0991489829 589
3 21889.1450411159 789
4 21803.1326988972 975
5 20526.2018517883 1161
6 17837.9120477795 1354
7 15597.9712221398 1536
8 13521.4372740219 1718
9 11742.0375775928 1910
10 10200.8567942183 2107
11 9138.33787339595 2301
12 7968.22107604688 2495
13 7509.40882615928 2690
14 6844.67955123806 2878
15 6508.796876673 3067
16 6225.0570812916 3259
17 6058.02706971125 3461
18 5893.02478417701 3655
19 5859.28028267456 3849
20 5782.57172332629 4044
21 5794.1689327989 4244
22 5748.59948910581 4440
23 5697.35224759897 4638
24 5584.64539649632 4837
25 5551.17716966589 5037
26 5508.89685628233 5230
27 5493.01505106806 5423
28 5458.97682097752 5616
29 5451.61203290103 5802
30 5450.34489712021 5996
31 5438.77282489574 6177
32 5429.60397731087 6367
33 5427.41258417488 6551
34 5420.53291278722 6729
35 5417.88378852413 6911
36 5414.73221725443 7101
37 5411.84179960764 7294
38 5408.06687547199 7479
39 5406.93647173772 7668
40 5406.49026677035 7855
41 5405.04144021845 8040
42 5402.87916208969 8239
43 5401.88169508984 8446
44 5400.94026726486 8647
45 5400.63976105159 8848
46 5399.74573955012 9047
47 5398.50547703717 9249
48 5398.12964404911 9443
49 5397.75588785034 9641
50 5397.31070613292 9842
51 5396.84619807122 10044
52 5396.07207017743 10240
53 5395.82572387704 10437
54 5395.54022653908 10630
55 5395.2156554456 10820
56 5394.99989584075 11011
57 5394.81433468889 11191
58 5394.41133880782 11380
59 5394.15117782105 11562
60 5394.12637767571 11746
61 5393.7363484431 11937
62 5393.65918713157 12127
63 5393.56166997867 12315
64 5393.50850088605 12512
65 5393.41321535374 12725
66 5393.16314593747 12927
67 5393.10102872917 13127
68 5392.93091066364 13328
69 5392.90478506955 13534
70 5392.7879577607 13731
71 5392.6749934765 13929

0 23031.7884383913 209
1 21399.9992598519 396
2 24024.7710505082 579
3 22529.584088973 768
4 21860.0117749092 964
5 19482.7237508856 1163
6 18473.3903589031 1360
7 15856.0590297213 1558
8 13637.555919661 1742
9 11957.4229623309 1939
10 10124.1337886616 2121
11 8987.32433478079 2308
12 8176.83290279074 2516
13 7428.71403085397 2711
14 6903.48255735699 2910
15 6481.77639750748 3113
16 6241.02316516964 3309
17 6139.00694846737 3504
18 5945.27895618891 3701
19 5825.15154965955 3896
20 5812.60927838723 4092
21 5849.80327457353 4292
22 5816.93877681278 4498
23 5646.38556816772 4697
24 5579.27867923006 4895
25 5547.3360118775 5096
26 5507.41798664001 5294
27 5477.72599976148 5496
28 5472.92380367303 5706
29 5450.81049987982 5905
30 5439.57788053073 6106
31 5438.38674161698 6306
32 5432.22479854351 6508
33 5425.06330592299 6710
34 5421.78657553233 6907
35 5417.70547798611 7113
36 5414.85990532176 7303
37 5411.45264316601 7506
38 5410.53118920903 7707
39 5407.81705290564 7907
40 5405.74342209762 8111
41 5404.22268679388 8312
42 5402.93495154191 8516
43 5402.11329490365 8716
44 5401.56192103939 8915
45 5400.03764271333 9117
46 5399.33815490788 9316
47 5398.50516559909 9519
48 5398.24463950604 9721
49 5397.61395745512 9923
50 5396.93111313822 10125
51 5396.64020474864 10324
52 5396.08254190431 10528
53 5395.75015702004 10728
54 5395.48716480114 10927
55 5395.20743570362 11129
56 5394.81561533657 11331
57 5394.50607050044 11531
58 5394.27936532747 11732
59 5394.1273515506 11927
60 5394.07357026208 12125
61 5393.84751073352 12316
62 5393.66641044935 12515
63 5393.43488526516 12713
64 5393.31191330478 12907
65 5393.24671851884 13098
66 5393.135629808 13285
67 5393.08573817733 13483
68 5392.96212178772 13680
69 5392.86464900859 13874
70 5392.77860504595 14074
71 5392.76319368934 14280

0 22540.8913130219 202
1 23124.1585457809 387
2 21462.8736516363 567
3 22367.9236889793 765
4 21749.9598431624 966
5 20023.1176604303 1150
6 18601.5757599292 1337
7 16125.0643396415 1534
8 13618.3700120868 1735
9 11444.009914325 1922
10 10270.0178713595 2110
11 9004.55655761923 2301
12 8009.18133872585 2493
13 7459.56752794363 2670
14 6846.80112439399 2861
15 6546.84621370962 3039
16 6189.28628821461 3221
17 6085.06557429885 3400
18 5874.85538876247 3591
19 5802.66497318975 3773
20 5751.33848569537 3965
21 5826.18060400434 4168
22 5795.94090164241 4353
23 5664.05946161804 4538
24 5578.11044625249 4725
25 5543.83053883939 4902
26 5511.81213267111 5087
27 5488.95066887943 5269
28 5467.72662813904 5463
29 5458.0082712893 5652
30 5445.95050073239 5848
31 5439.48767918265 6029
32 5431.74629176968 6229
33 5425.47915126209 6427
34 5421.64478653247 6626
35 5418.49639389729 6831
36 5414.6848617564 7018
37 5411.56273952631 7209
38 5408.74661518668 7407
39 5407.81208443237 7605
40 5406.09546100251 7812
41 5403.91165479493 7996
42 5403.12794133282 8187
43 5401.79549063252 8384
44 5401.04717990058 8580
45 5400.32390200118 8780
46 5399.53302035759 8976
47 5398.41761671195 9173
48 5398.09070694368 9367
49 5397.57229482759 9564
50 5396.88175583059 9752
51 5396.59675823821 9942
52 5395.93234562469 10141
53 5395.86322382861 10339
54 5395.77483852401 10538
55 5395.19494212339 10739
56 5395.02655424449 10938
57 5394.7999279483 11144
58 5394.42609350773 11341
59 5394.29057859795 11538
60 5394.16185836258 11738
61 5393.9213411391 11935
62 5393.7741081401 12136
63 5393.68966607474 12331
64 5393.52047695182 12534
65 5393.42053265635 12734
66 5393.22368802444 12927
67 5393.13724713424 13110
68 5393.05045067145 13296
69 5392.92557975881 13477
70 5392.91193615496 13659
71 5392.74965306852 13855

0 23553.2687786204 189
1 21794.4647569981 385
2 22258.8536337604 574
3 22211.2653514366 769
4 20790.5891775447 969
5 20709.203462867 1165
6 17476.9087044998 1367
7 16295.7677156686 1565
8 13845.4283101277 1757
9 11979.5364204501 1958
10 10205.2165904917 2151
11 9008.97931142948 2344
12 7933.83216848601 2543
13 7384.29721654141 2738
14 6833.29702341188 2939
15 6554.26555537339 3134
16 6243.51511515663 3325
17 6052.00606698388 3517
18 5849.81719932142 3714
19 5795.43999860421 3916
20 5835.78974380324 4112
21 5777.60366820102 4311
22 5850.85228278549 4515
23 5632.64698712729 4716
24 5571.58702409995 4917
25 5531.18530051407 5120
26 5498.15222818667 5320
27 5489.56741673989 5521
28 5470.12318166051 5727
29 5449.77329280981 5930
30 5440.04651719356 6131
31 5433.71690707447 6338
32 5430.7744695514 6532
33 5424.89178442464 6732
34 5421.20749332775 6936
35 5417.00449797622 7137
36 5414.89943911434 7320
37 5411.60537961652 7510
38 5409.69030151149 7704
39 5407.60273501504 7901
40 5405.72382667753 8093
41 5403.80596472039 8290
42 5402.73147831381 8487
43 5402.21303002965 8681
44 5400.90582435779 8878
45 5399.7347866205 9081
46 5399.75087741134 9262
47 5398.87324611414 9450
48 5398.03702326031 9640
49 5397.55394444683 9832
50 5397.01923885664 10021
51 5396.64415568784 10216
52 5396.1460097464 10418
53 5395.81127992968 10617
54 5395.36024872592 10817
55 5395.13405292798 11017
56 5394.84298645143 11217
57 5394.66588213067 11421
58 5394.38680999155 11621
59 5394.17894289173 11819
60 5393.96481696328 12019
61 5393.80468540086 12219
62 5393.58719748104 12420
63 5393.41225673123 12624
64 5393.20552205041 12827
65 5393.22243447611 13033
66 5393.07309466411 13238
67 5393.01252506719 13436
68 5392.9350859133 13636
69 5392.8391630995 13838
70 5392.74047743423 14042
71 5392.67146755951 14226

0 23135.6285925299 193
1 23595.1787992581 384
2 22244.0990615772 579
3 21633.544532285 776
4 20973.3311918534 977
5 20553.7774741911 1172
6 18925.0664652266 1371
7 16198.9655284098 1557
8 13242.3391534719 1754
9 11685.4917004349 1947
10 10521.4411930507 2143
11 9010.15953477082 2335
12 8034.75070698874 2535
13 7483.75031938529 2734
14 6831.42174205505 2927
15 6489.46315160254 3129
16 6236.77359083233 3325
17 6065.59538815205 3518
18 5909.45726537675 3713
19 5811.30303743582 3912
20 5841.64988348106 4110
21 5881.37554999979 4307
22 5769.163574874 4507
23 5658.63503820027 4708
24 5580.84634579392 4913
25 5530.56202958599 5109
26 5511.12977601897 5302
27 5488.85221017653 5501
28 5459.59473399692 5694
29 5456.02107727016 5883
30 5445.57251752605 6083
31 5441.46250277025 6281
32 5433.64555256702 6479
33 5424.79926266703 6680
34 5422.63231850988 6881
35 5417.39486676766 7080
36 5415.305527387 7280
37 5411.57362941386 7475
38 5410.1727575312 7671
39 5407.99923892534 7867
40 5406.16783021484 8067
41 5404.76217263678 8267
42 5403.11970952836 8458
43 5401.93517655232 8651
44 5400.72298159648 8849
45 5399.57623716258 9049
46 5399.30333715295 9239
47 5398.63330359297 9434
48 5398.30018725079 9631
49 5397.53235314305 9828
50 5396.86214110387 10022
51 5396.52644662352 10222
52 5396.36566976473 10422
53 5395.78949210646 10615
54 5395.65679601672 10815
55 5395.3321810463 11023
56 5395.01549560945 11220
57 5394.67412494445 11417
58 5394.51042910812 11617
59 5394.25174056286 11817
60 5393.97536697699 12018
61 5393.8553466785 12219
62 5393.7364325933 12422
63 5393.66171292074 12625
64 5393.5632349118 12819
65 5393.36209108874 13018
66 5393.24050860364 13218
67 5393.28775714491 13418
68 5393.16069008069 13618
69 5393.0237720696 13821
70 5392.95295284118 14026
71 5392.81836124364 14223

0 23327.458310222 207
1 23339.2720107835 405
2 23328.6671420078 607
3 22371.2316026106 803
4 21712.482412506 989
5 20642.4282354812 1176
6 17719.4345669448 1360
7 16072.7584703058 1550
8 14027.6584370293 1735
9 11713.2669543062 1930
10 10240.9714753074 2121
11 9115.03156467576 2313
12 8215.33351129388 2512
13 7397.81545247288 2707
14 6841.3665204147 2905
15 6455.83389398163 3104
16 6335.72376271557 3302
17 6059.71195519066 3499
18 5911.7031593786 3692
19 5809.03089756161 3904
20 5827.3256419764 4103
21 5801.4916461339 4298
22 5794.18903414929 4494
23 5646.88992760338 4689
24 5598.03966917222 4889
25 5537.13727635997 5086
26 5518.93445349694 5289
27 5476.54985658671 5489
28 5466.61096081399 5692
29 5459.58337660391 5886
30 5448.03823174017 6081
31 5437.61357256718 6279
32 5426.33859970252 6477
33 5427.04370493153 6679
34 5420.6463222347 6884
35 5417.73386749269 7085
36 5415.26525653624 7285
37 5412.67176248361 7487
38 5409.51757887658 7686
39 5407.07508778079 7887
40 5404.94321422646 8091
41 5404.36011719658 8291
42 5403.16448828792 8492
43 5402.1304553364 8693
44 5401.23466201881 8897
45 5399.74530652477 9096
46 5399.09225479494 9295
47 5398.7348686282 9498
48 5397.91729653259 9698
49 5397.54397593068 9899
50 5397.09049763289 10096
51 5396.51369346571 10293
52 5396.10271867519 10488
53 5395.9270164233 10685
54 5395.41962434248 10875
55 5395.10856903083 11067
56 5395.03239450125 11260
57 5394.70627052959 11453
58 5394.41398169819 11649
59 5394.27841989241 11845
60 5394.0883148869 12039
61 5393.9995562084 12237
62 5393.76662737811 12443
63 5393.71722840362 12643
64 5393.53595205503 12843
65 5393.31654813345 13047
66 5393.22016206419 13245
67 5393.11412584051 13443
68 5392.9173027952 13639
69 5392.9580050207 13841
70 5392.81207969442 14043
71 5392.76154274496 14238

0 22865.4234389025 190
1 21169.0606820687 388
2 22632.2000022885 589
3 22150.7024848738 787
4 21443.5627251512 991
5 19581.543890266 1193
6 17720.7521181619 1393
7 16436.8828113118 1593
8 13791.7192005379 1792
9 11586.2062518626 1983
10 10138.3676965018 2180
11 8905.6723814144 2380
12 8040.70691816756 2580
13 7444.32671704838 2779
14 6886.25586935007 2975
15 6502.2070525673 3173
16 6248.1144609607 3373
17 6092.64600347197 3570
18 5897.30668286556 3772
19 5823.60069571316 3957
20 5817.74111881105 4149
21 5789.08893424704 4340
22 5766.14618535817 4534
23 5684.46093028848 4733
24 5581.51144728622 4930
25 5532.22861466957 5127
26 5515.35773503231 5322
27 5489.13337921085 5512
28 5466.17207120813 5713
29 5456.91090057745 5913
30 5448.11534751258 6113
31 5438.02660889028 6313
32 5431.41132679768 6512
33 5426.6756464449 6699
34 5421.60318406256 6892
35 5417.63303903356 7084
36 5413.55625851261 7283
37 5411.35861760213 7475
38 5408.64946595959 7668
39 5408.19948112885 7864
40 5405.68868282629 8064
41 5404.22064769517 8251
42 5403.19388350477 8444
43 5401.50383848204 8630
44 5401.19050302437 8822
45 5399.75452336943 9020
46 5399.61333196494 9216
47 5398.42922442854 9416
48 5398.19642262814 9612
49 5397.16818011772 9801
50 5397.2571339969 9997
51 5396.91750338801 10197
52 5396.12915647072 10380
53 5395.93572137885 10578
54 5395.58686585962 10774
55 5395.29994021721 10970
56 5395.20378793475 11156
57 5394.9168277134 11358
58 5394.6461622407 11550
59 5394.40290980253 11743
60 5394.25842125697 11936
61 5393.99504613597 12140
62 5393.86725803751 12338
63 5393.67533291749 12532
64 5393.51419450637 12723
65 5393.41091626448 12920
66 5393.29996348434 13115
67 5393.17437089186 13303
68 5393.10956440357 13489
69 5392.94868989282 13684
70 5392.9137733988 13881
71 5392.86631490776 14075

0 23900.7078434287 182
1 24024.8218243279 375
2 21775.7392432913 574
3 21421.097067487 773
4 20603.6521538779 972
5 21077.7728749433 1170
6 18273.2898542027 1368
7 16822.6300537457 1572
8 13422.9267538037 1770
9 12024.6779106891 1971
10 10220.2396767404 2171
11 9015.52465521823 2367
12 8100.62724968853 2573
13 7400.7609814362 2758
14 6863.35601304768 2945
15 6527.15507018447 3142
16 6250.0011069371 3339
17 6085.92733285869 3535
18 5991.80685624201 3733
19 5873.66711910985 3935
20 5758.32535701192 4134
21 5822.83207137515 4328
22 5800.61132087997 4529
23 5646.94340955855 4730
24 5626.49645804015 4932
25 5551.30887403919 5131
26 5518.55848689017 5332
27 5491.79718189824 5534
28 5471.66706705175 5734
29 5452.37040592705 5935
30 5443.5907674789 6135
31 5439.40444253433 6335
32 5430.49581175678 6535
33 5424.87795742136 6737
34 5421.23187289848 6934
35 5417.55706647166 7126
36 5413.47580937952 7320
37 5411.18640260192 7506
38 5408.83326352203 7687
39 5407.98789244953 7879
40 5405.45574217245 8066
41 5404.23205499189 8266
42 5402.7441740087 8466
43 5401.89421336252 8662
44 5400.6165166013 8863
45 5399.90010367299 9065
46 5399.49113774662 9265
47 5398.17927436542 9464
48 5398.35816399835 9673
49 5397.77139856317 9870
50 5397.18990087794 10073
51 5396.72759072743 10282
52 5396.14705726476 10486
53 5395.79533240971 10690
54 5395.56101410256 10888
55 5395.09798710316 11096
56 5394.99701070794 11302
57 5394.86529202522 11503
58 5394.55295004788 11705
59 5394.37301988464 11903
60 5394.11167762868 12109
61 5394.0112647769 12308
62 5393.88928580552 12510
63 5393.79827788996 12700
64 5393.51790709365 12893
65 5393.49913411936 13088
66 5393.20048256237 13282
67 5393.0823028217 13477
68 5393.04960650622 13674
69 5393.00039942829 13868
70 5392.8802893446 14067
71 5392.80006450318 14254

0 22303.4162458506 192
1 23232.1862296338 375
2 21426.1085361457 555
3 21686.6306196167 741
4 22001.675365647 931
5 20928.7401559579 1112
6 17797.0220169719 1303
7 16293.0815517252 1486
8 13491.8173481631 1680
9 11686.8515980609 1880
10 10096.0909989253 2077
11 8944.43442553453 2274
12 8194.79908530991 2472
13 7422.01705754094 2664
14 6857.75551488639 2850
15 6522.58856521862 3032
16 6258.98757366721 3210
17 6029.93045682496 3404
18 5997.25277476638 3588
19 5836.92991379757 3783
20 5865.10132297012 3964
21 5792.90716445798 4150
22 5771.62852385294 4338
23 5684.25965652532 4528
24 5584.07440607548 4716
25 5528.68916866059 4914
26 5513.89519444084 5112
27 5487.31059622486 5319
28 5476.25628600021 5516
29 5456.10991606248 5714
30 5441.90518475753 5914
31 5441.68157565548 6112
32 5429.412025029 6311
33 5424.54523408088 6515
34 5421.72330585326 6719
35 5417.90315770133 6908
36 5414.08544640156 7096
37 5412.23425650581 7294
38 5409.04109838024 7496
39 5407.85703238683 7698
40 5406.00828771034 7900
41 5404.60606549914 8103
42 5402.61890884606 8301
43 5401.5769615376 8494
44 5400.69908840051 8678
45 5400.17884645448 8858
46 5399.44403052092 9038
47 5398.65663645459 9229
48 5398.24279594942 9430
49 5397.65968193381 9627
50 5397.11200773452 9819
51 5396.67616255174 10021
52 5396.05935313034 10218
53 5395.54265307597 10410
54 5395.3033194366 10590
55 5395.28702755863 10787
56 5394.95244826069 10989
57 5394.7406372703 11173
58 5394.54992145318 11366
59 5394.29296250321 11551
60 5394.02519637212 11750
61 5393.87236615917 11951
62 5393.75535260095 12147
63 5393.66431428754 12348
64 5393.61584201296 12551
65 5393.42997350223 12747
66 5393.36448634256 12946
67 5393.2799880503 13151
68 5393.08180342411 13343
69 5393.02578647893 13548
70 5392.92708413566 13750
71 5392.87433787323 13934

0 22462.4646936048 197
1 23349.8535068465 392
2 22378.5577984502 592
3 21719.0905847664 791
4 22260.9232256777 996
5 20170.9971981275 1209
6 18217.1186067317 1411
7 16767.778997893 1617
8 14071.2154090178 1812
9 12083.7475968747 2015
10 10107.2410315613 2217
11 8864.75311990277 2419
12 8119.53356020606 2621
13 7390.00240597075 2828
14 6820.2307847663 3035
15 6564.54290554002 3236
16 6212.74307261898 3440
17 6049.31927110983 3642
18 5952.83058374302 3845
19 5911.17992062864 4050
20 5761.43983807991 4253
21 5820.16600983507 4435
22 5776.86189368411 4630
23 5679.54844777812 4807
24 5574.08470331947 5008
25 5553.94208075509 5209
26 5506.08862875569 5410
27 5487.2747010273 5612
28 5477.97887444603 5817
29 5455.0028397721 6016
30 5443.09843770939 6217
31 5434.48179326262 6414
32 5437.17242094768 6616
33 5426.34906327839 6803
34 5421.93930696461 6999
35 5419.81152908756 7197
36 5414.42733780585 7394
37 5412.31002133108 7593
38 5408.34288016583 7791
39 5407.69964549767 7993
40 5405.55173181794 8194
41 5404.49763492315 8402
42 5402.72846734971 8604
43 5402.26201352355 8804
44 5400.57864232137 9004
45 5400.06381078992 9207
46 5399.20427580646 9411
47 5398.88711867053 9614
48 5398.18819958984 9808
49 5397.65484772775 10003
50 5397.18823775936 10192
51 5396.62492081484 10385
52 5396.27432590052 10583
53 5396.00966744656 10782
54 5395.4661065274 10980
55 5395.19889571562 11181
56 5394.89803809073 11383
57 5394.63142759202 11582
58 5394.41094429674 11776
59 5394.36969193386 11975
60 5394.16720382284 12170
61 5393.89326381897 12368
62 5393.73240231886 12565
63 5393.49881451934 12748
64 5393.46103683715 12931
65 5393.24426044446 13128
66 5393.22538444818 13327
67 5393.19845119922 13525
68 5393.08805281204 13721
69 5392.95146065091 13921
70 5392.88476799442 14122
71 5392.78011525289 14327

0 22061.8821800709 195
1 22175.6950246774 377
2 22587.4088175935 565
3 21496.6639152339 753
4 20507.2535581578 943
5 19530.9154702984 1129
6 18301.1068895906 1316
7 15709.3849857695 1514
8 13916.3497432763 1714
9 11607.6538430678 1913
10 10438.3670286114 2109
11 9226.99522748688 2306
12 7919.73165471201 2503
13 7463.44722031244 2702
14 6800.17092116996 2896
15 6485.01366790881 3089
16 6176.58835739781 3282
17 6041.10763716574 3473
18 5948.76332136836 3669
19 5826.81438414934 3872
20 5755.8598176045 4079
21 5813.45768919478 4273
22 5792.73965426434 4475
23 5644.51026630903 4669
24 5612.15580454971 4864
25 5535.23058845093 5068
26 5516.17022551284 5287
27 5481.00863057384 5474
28 5468.49280456085 5669
29 5457.91105018017 5860
30 5446.79692069961 6066
31 5437.79456801069 6264
32 5430.85969442354 6461
33 5424.2199775672 6668
34 5420.88424472863 6868
35 5418.0166333633 7069
36 5414.12488617869 7268
37 5411.17357636199 7466
38 5409.94164334524 7665
39 5407.63590081399 7864
40 5405.40416110651 8068
41 5404.73060454608 8262
42 5403.26890447129 8463
43 5402.56713381111 8661
44 5400.2896261746 8859
45 5400.12978881965 9061
46 5399.26381967307 9263
47 5398.78508229658 9467
48 5398.27989853936 9665
49 5397.18441454323 9865
50 5396.93403465331 10069
51 5396.7444446797 10274
52 5396.09621735159 10462
53 5395.77521595935 10668
54 5395.67296169746 10857
55 5395.3448912324 11044
56 5394.83025678127 11242
57 5394.67048424734 11437
58 5394.46553551688 11634
59 5394.3766303276 11829
60 5394.09112560308 12028
61 5393.75561731203 12221
62 5393.7192531039 12403
63 5393.6075625719 12601
64 5393.47061143417 12798
65 5393.46086649124 12997
66 5393.37568413316 13198
67 5393.26774807584 13397
68 5393.1147345503 13596
69 5393.01430206719 13795
70 5392.94139070227 13995
71 5392.8686469373 14198

0 66800.232626664 201
1 63661.6080683049 396
2 65754.4853119625 591
3 66029.7673000872 788
4 58972.3725366214 990
5 60399.8565939422 1183
6 54616.154549115 1373
7 50159.6120433728 1568
8 41561.2986932724 1765
9 39012.9197859329 1977
10 30106.9263376122 2179
11 25427.0494884803 2378
12 23016.7436333645 2576
13 20741.6442851714 2772
14 18058.6332348749 2971
15 17096.4877041316 3169
16 15883.8105952474 3368
17 15122.2047627381 3572
18 14551.8402458414 3772
19 14190.4344171402 3971
20 13977.3270846593 4170
21 13951.3194462466 4367
22 13870.1557828578 4567
23 13647.607871795 4766
24 13518.4906644652 4970
25 13458.7559884848 5168
26 13380.2889615253 5363
27 13351.5545840481 5562
28 13314.8898566031 5757
29 13300.4400609177 5954
30 13275.5388924005 6154
31 13264.9398319521 6336
32 13258.487937117 6526
33 13246.2825831122 6720
34 13241.1923035455 6916
35 13236.1645348434 7120
36 13232.6695406138 7332
37 13227.4101645976 7532
38 13224.6540932616 7734
39 13225.1061533751 7936
40 13221.0285069675 8128
41 13219.4965568879 8329
42 13217.0651182367 8526
43 13215.5479905343 8729
44 13214.6709860548 8930
45 13212.9672278822 9134
46 13212.4714613717 9337
47 13210.5898335081 9548
48 13210.0885322624 9744
49 13209.3853660448 9945
50 13208.7922240779 10145
51 13208.3919047007 10344
52 13207.9906158928 10543
53 13207.6775813825 10739
54 13206.7956724042 10924
55 13205.9818540207 11125
56 13205.67798907 11325
57 13205.3250832218 11526
58 13204.7714156602 11723
59 13204.708679054 11923
60 13204.1275295447 12127
61 13203.7278599681 12322
62 13203.4284005529 12522
63 13203.0109935631 12721
64 13202.7033006218 12924
65 13202.4729258356 13122
66 13202.3638373415 13318
67 13202.2364581641 13525
68 13201.9902629594 13728
69 13201.7700346914 13930
70 13201.5283441449 14131
71 13201.5598099134 14331
72 13201.3707505914 14530
73 13201.4262900639 14729
74 13201.1882070538 14930
75 13201.0207748892 15118
76 13201.0647331514 15303
77 13200.9434055104 15487
78 13200.9450833714 15681
79 13200.8378777708 15875
80 13200.7962138427 16069
81 13200.7522197267 16261
82 13200.6009263497 16454
83 13200.6051998678 16641
84 13200.5884264466 16830
85 13200.586033904 17027
86 13200.5345866129 17226
87 13200.5240497143 17423
88 13200.4219485576 17620
89 13200.3627536543 17824
90 13200.3187086523 18027
91 13200.2726809012 18223
92 13200.2852577607 18421
93 13200.2338469155 18618
94 13200.1929190092 18818
95 13200.1878966969 19016
96 13200.1254842302 19218
97 13200.1019188886 19406
98 13200.0950586895 19604
99 13200.0967509935 19801
100 13200.0829268037 20000
101 13200.057812833 20198
102 13200.056384064 20396
103 13200.0008686188 20599
104 13199.9698271397 20784
105 13199.9483134943 20975
106 13199.9325250843 21169
107 13199.935120245 21349
108 13199.9298227238 21545
109 13199.916998338 21739

0 24090.6296150143 200
1 22769.741891692 404
2 22145.3643615317 598
3 22416.6957958516 795
4 21147.2417985622 991
5 20269.0832259951 1191
6 19088.262374446 1394
7 16106.7913124401 1592
8 13681.512594287 1799
9 11989.6357732704 1996
10 10040.1035968012 2195
11 9010.37678299052 2396
12 8085.89917513248 2592
13 7511.6350160047 2790
14 6931.17222665667 2984
15 6556.57947538537 3181
16 6221.66221837843 3376
17 5999.25902883832 3574
18 5943.10907261239 3772
19 5806.80692640436 3975
20 5771.9100384809 4179
21 5803.03301679568 4380
22 5755.90542960255 4579
23 5651.75286172932 4778
24 5579.02230091479 4980
25 5540.27427171966 5180
26 5495.2000612269 5381
27 5484.46195054197 5580
28 5466.21552305614 5785
29 5450.67315095213 5986
30 5445.74274899277 6189
31 5440.23696581193 6389
32 5431.77368214462 6593
33 5422.19350092198 6793
34 5422.60503311202 6991
35 5418.4076292489 7197
36 5414.45471702718 7400
37 5411.92566555813 7600
38 5409.64478168564 7801
39 5406.89836706058 8004
40 5405.93496484705 8210
41 5404.76917708704 8409
42 5402.86097183021 8615
43 5401.94234115427 8816
44 5400.87765382916 9017
45 5400.27408725462 9216
46 5399.35558061345 9415
47 5398.64312791162 9611
48 5398.30284645601 9799
49 5397.6881036262 10001
50 5397.15321453688 10201
51 5396.82580097646 10399
52 5396.16066303615 10599
53 5395.82267106352 10799
54 5395.72529981799 10998
55 5395.50913891472 11197
56 5395.27952806362 11400
57 5394.89161984095 11596
58 5394.71862169829 11792
59 5394.4433858236 11987
60 5394.31816136411 12189
61 5394.17965228786 12386
62 5393.9635506562 12582
63 5393.85917391674 12778
64 5393.48436647182 12976
65 5393.47575012809 13177
66 5393.3279871143 13375
67 5393.21978654467 13570
68 5393.08120613811 13767
69 5393.03586723263 13963
70 5392.85000520859 14162
71 5392.79797877184 14368

0 23339.5414697006 210
1 21950.1533294945 409
2 22588.2405266487 605
3 21235.654754373 803
4 21170.9870149091 1001
5 20207.050453716 1198
6 19054.6358965939 1404
7 15867.1988413087 1607
8 13283.5561285449 1805
9 12055.2854992156 2007
10 10287.1903943403 2210
11 9238.3031687022 2412
12 8106.93560974736 2607
13 7319.67515518535 2812
14 6925.00860091562 3010
15 6563.89337069014 3207
16 6258.74132640029 3409
17 6106.36269357368 3607
18 5954.41692030693 3807
19 5854.14182437867 4004
20 5759.66301414828 4204
21 5819.72239901469 4407
22 5772.36999986858 4607
23 5666.4652211047 4808
24 5566.96261374519 5008
25 5518.53667556584 5213
26 5512.86294879534 5405
27 5497.18034235203 5607
28 5469.2949498749 5810
29 5456.01279313627 6009
30 5451.09331571398 6208
31 5439.28268693121 6410
32 5428.7680670127 6612
33 5422.93164746295 6817
34 5420.38789747793 7018
35 5416.58010669305 7217
36 5413.70427670312 7419
37 5411.29818938798 7617
38 5409.56650199055 7816
39 5408.09786218211 8016
40 5406.93544238785 8213
41 5405.20093127217 8415
42 5402.95417755407 8609
43 5402.12301760021 8807
44 5401.24090859839 9002
45 5400.39382539973 9207
46 5399.9353269971 9405
47 5398.78601703495 9597
48 5398.29403873107 9793
49 5397.9483528257 9990
50 5397.20736154986 10192
51 5396.65814384098 10377
52 5396.05489251825 10561
53 5395.9379820077 10760
54 5395.61437410048 10954
55 5395.24701046284 11152
56 5395.07841386797 11349
57 5394.7597579544 11536
58 5394.39735813576 11733
59 5394.41705853106 11933
60 5394.17682596204 12133
61 5393.99071499603 12334
62 5393.82154062673 12535
63 5393.5309250464 12742
64 5393.39434352172 12946
65 5393.37244945173 13145
66 5393.24090854898 13351
67 5393.20116629553 13552
68 5393.04812005672 13755
69 5392.89597921496 13956
70 5392.84943380281 14164
71 5392.78717955551 14367

0 22386.2384468023 203
1 22743.2694464618 404
2 21781.7490211107 607
3 22184.4607851711 804
4 21454.3828403773 994
5 20549.9642990087 1198
6 18049.3764247146 1402
7 15921.4412872463 1601
8 13443.951621616 1801
9 12051.3765361213 2002
10 10267.2030679996 2204
11 8954.17087467141 2409
12 8185.99231539956 2611
13 7659.12644148291 2813
14 6895.99813375989 3013
15 6505.72871796221 3214
16 6169.8130275874 3416
17 6084.81662916032 3615
18 5893.26047576204 3811
19 5832.37664692993 4013
20 5843.77191882132 4213
21 5796.20251346148 4412
22 5801.50054761311 4611
23 5640.38448606163 4808
24 5584.74388268293 5009
25 5546.98478546119 5210
26 5505.57842384399 5410
27 5488.49830427078 5608
28 5463.45814565966 5805
29 5453.1193177029 6002
30 5445.19501219909 6190
31 5437.69691864886 6387
32 5427.71100609438 6583
33 5424.48222798965 6778
34 5420.31871608509 6980
35 5416.66141185358 7182
36 5414.08496465234 7384
37 5413.62577555428 7583
38 5409.64888151106 7780
39 5407.62918851396 7980
40 5406.36357128575 8179
41 5403.8430570587 8387
42 5403.04377422141 8588
43 5402.04177831536 8786
44 5401.02074013676 8984
45 5399.99561885342 9184
46 5399.59013475042 9384
47 5398.52872791446 9585
48 5397.94313482755 9793
49 5397.61786482279 9996
50 5397.00250267474 10200
51 5396.75401329377 10398
52 5396.39089180992 10598
53 5396.04550673638 10803
54 5395.60352777391 11017
55 5395.16708828409 11249
56 5395.08632238931 11434
57 5394.78206554571 11633
58 5394.48988905407 11830
59 5394.33337455588 12030
60 5394.15621396794 12229
61 5394.06504870229 12426
62 5393.75451793171 12633
63 5393.65986722971 12837
64 5393.4946395392 13036
65 5393.48737454388 13235
66 5393.25289158651 13435
67 5393.12714419657 13637
68 5393.06213699147 13836
69 5392.85038430651 14043
70 5392.82030189074 14248
71 5392.74947491199 14451

0 22801.0063812606 200
1 22435.0432774004 400
2 22086.1131940678 598
3 22405.7807729073 796
4 21073.4628764536 997
5 19884.3309973523 1198
6 18792.8737433081 1398
7 15705.0773522009 1593
8 13872.6104414585 1789
9 11420.9597047339 1989
10 10140.2722804945 2190
11 8995.06263857475 2395
12 7959.0947098407 2597
13 7432.49356859043 2795
14 6956.35360355387 2993
15 6494.78825406621 3196
16 6209.91959768235 3392
17 6073.13572401243 3589
18 5915.60759413016 3793
19 5812.27267679134 3993
20 5818.57544370411 4192
21 5759.018359466 4389
22 5797.6302280492 4589
23 5658.10137680855 4789
24 5566.67892960641 4993
25 5548.68007676761 5199
26 5509.81028336039 5404
27 5492.73873216778 5604
28 5458.75216234304 5807
29 5458.87092656876 6011
30 5445.82517489318 6208
31 5435.57352366565 6408
32 5430.20801679245 6615
33 5425.31669625422 6810
34 5420.37716148097 7016
35 5416.17902516672 7218
36 5412.83886510285 7421
37 5412.47892623997 7624
38 5410.15012866429 7825
39 5408.23413988565 8036
40 5405.44520872686 8233
41 5404.74843263215 8432
42 5403.00586928411 8633
43 5402.47261676126 8830
44 5401.75241296943 9026
45 5399.95298150996 9218
46 5399.54035270064 9418
47 5398.45606005502 9611
48 5397.95270436613 9811
49 5397.5596604162 10012
50 5396.86258440719 10215
51 5396.47985608328 10413
52 5395.81576525232 10612
53 5395.53116696854 10813
54 5395.41372487052 11014
55 5395.210962418 11211
56 5394.92686217902 11405
57 5394.70286519844 11604
58 5394.35604830457 11784
59 5394.32706604397 11981
60 5393.99116609374 12180
61 5393.80601171865 12386
62 5393.64797988774 12582
63 5393.56776476675 12777
64 5393.47710794683 12975
65 5393.28981408869 13174
66 5393.1446875795 13369
67 5393.13937550621 13564
68 5393.00901176007 13763
69 5392.89298080873 13962
70 5392.80661975105 14164
71 5392.65696666673 14362

0 22592.2573339776 202
1 23457.9043864408 403
2 21665.1685049083 602
3 22424.888414317 803
4 21846.6749726549 1005
5 20211.6149575056 1207
6 18588.8774285888 1409
7 16241.8694971025 1608
8 13509.0835332345 1808
9 11938.761584251 2005
10 10213.5086415808 2212
11 8824.22630941739 2391
12 8019.70892291699 2575
13 7390.24578966723 2775
14 6814.53752864439 2975
15 6507.91730254918 3175
16 6245.38268372543 3372
17 6065.11583125093 3579
18 5858.44027548024 3765
19 5880.0010443866 3941
20 5783.84098689593 4126
21 5799.14274026159 4314
22 5748.84672684987 4513
23 5654.89260111309 4712
24 5626.63897198519 4914
25 5536.04763875262 5118
26 5503.31424223036 5316
27 5481.34091781141 5517
28 5474.62109174125 5717
29 5455.97948938898 5917
30 5449.39064095389 6114
31 5438.70107131626 6319
32 5428.88558702156 6530
33 5426.31891788405 6727
34 5419.52734968131 6909
35 5418.17337376647 7097
36 5412.47646827526 7293
37 5412.27933183031 7474
38 5409.9537130888 7680
39 5407.07639166393 7882
40 5406.11599248394 8082
41 5404.39755954951 8281
42 5403.77462979522 8465
43 5402.44136466699 8661
44 5400.70521590332 8864
45 5400.30670705004 9054
46 5399.71734032639 9239
47 5398.84579884897 9430
48 5398.14704517421 9627
49 5397.53054626852 9822
50 5397.01303163832 10016
51 5396.40497163382 10213
52 5396.04996394005 10411
53 5395.89476565175 10611
54 5395.37970001592 10806
55 5395.12487550613 11002
56 5394.74611620883 11200
57 5394.62764348639 11397
58 5394.56279096452 11598
59 5394.37845879959 11806
60 5394.04081180502 12008
61 5393.90767391454 12213
62 5393.77145305214 12398
63 5393.57809056719 12602
64 5393.49515685538 12801
65 5393.40973600561 13000
66 5393.26700474078 13201
67 5393.17459476305 13403
68 5393.04333268593 13601
69 5392.98132336625 13798
70 5392.90820613488 13997
71 5392.78712268128 14193

0 23267.9010353589 197
1 23405.2315119565 397
2 23034.067390167 596
3 23044.0293033082 793
4 21427.2304407856 991
5 20406.5071558334 1189
6 18179.7537334794 1388
7 16002.8629323716 1586
8 13512.843217939 1793
9 12105.9438412983 1988
10 10266.5900071767 2188
11 8981.55667889342 2387
12 8080.71852063837 2585
13 7411.99453204699 2784
14 6868.33286664399 2979
15 6553.71402382162 3172
16 6240.35734749583 3349
17 6077.3826345735 3533
18 5938.95622035002 3724
19 5831.42769365113 3916
20 5864.76356159839 4107
21 5832.51075789465 4299
22 5765.56781468912 4497
23 5646.85951054811 4701
24 5596.41603432804 4906
25 5545.10056077442 5105
26 5514.95473692564 5302
27 5483.9905404021 5500
28 5463.32794570656 5697
29 5451.94760846766 5897
30 5444.41113109944 6096
31 5439.60874620575 6297
32 5430.14723958218 6497
33 5425.65889188206 6694
34 5421.95105988998 6896
35 5418.15236341215 7095
36 5414.10427423881 7295
37 5412.24041613137 7497
38 5410.10722084034 7700
39 5408.93439376958 7902
40 5406.82810917023 8104
41 5405.14905247181 8294
42 5403.03534503332 8494
43 5401.7567452422 8696
44 5401.1411056557 8900
45 5400.21057559484 9101
46 5399.69353481781 9301
47 5399.11593666082 9500
48 5398.4963274254 9700
49 5397.38671970972 9902
50 5396.93522511395 10102
51 5396.72236851375 10307
52 5396.09764983087 10507
53 5395.7199309775 10709
54 5395.53446286442 10912
55 5395.13939678511 11111
56 5394.62225666817 11311
57 5394.83079447291 11513
58 5394.55046240597 11718
59 5394.34514305426 11919
60 5394.18370749576 12118
61 5393.97037278175 12318
62 5393.69188178148 12517
63 5393.50668151645 12715
64 5393.50446200046 12918
65 5393.34076269058 13126
66 5393.23447047017 13312
67 5393.12566239246 13511
68 5393.07727369611 13709
69 5392.8961120846 13909
70 5392.92856902086 14106
71 5392.7508775674 14303

0 65890.1968849999 202
1 75293.0933147635 396
2 65353.5329814806 590
3 65354.0680114047 786
4 71205.3969243155 978
5 64892.7573213392 1175
6 54091.6795371707 1373
7 46527.8069586408 1578
8 42955.4851112271 1774
9 35280.2857118621 1981
10 31278.5302059439 2178
11 27520.5149223032 2374
12 23063.1209975826 2574
13 20794.1428569981 2775
14 17948.7921037934 2978
15 17141.7864946042 3174
16 15867.6722537684 3366
17 14950.3080596507 3563
18 14718.9548179922 3759
19 14210.6489700105 3953
20 13999.5512944611 4149
21 13998.0519150595 4350
22 13841.0108202638 4553
23 13617.1997931824 4755
24 13503.5007085898 4955
25 13425.8838771362 5154
26 13377.3324625001 5355
27 13332.1061759267 5556
28 13328.1372706731 5761
29 13287.0955889523 5960
30 13283.2030595401 6160
31 13267.8411031632 6363
32 13251.1181210784 6562
33 13248.9449648268 6764
34 13242.124038143 6963
35 13237.1233329765 7168
36 13234.3577532828 7369
37 13227.9647107444 7568
38 13228.663708442 7772
39 13222.562164854 7969
40 13220.9296320623 8167
41 13219.8733090385 8365
42 13217.9505106857 8564
43 13217.0529543113 8759
44 13215.9856192621 8947
45 13213.3911137876 9127
46 13212.4174642106 9310
47 13211.6470957394 9500
48 13210.7849828903 9694
49 13210.136111556 9889
50 13208.9305467608 10087
51 13209.2788819447 10285
52 13207.8863515167 10482
53 13207.143287587 10685
54 13206.7794475942 10883
55 13206.1109331445 11083
56 13206.1756897782 11284
57 13205.4403727154 11488
58 13205.0430784209 11683
59 13204.7703501259 11884
60 13204.2835583357 12084
61 13204.0189650614 12282
62 13203.7116608513 12480
63 13203.3697709285 12679
64 13203.3210991204 12881
65 13203.0417370801 13082
66 13202.8937607514 13281
67 13202.8146971255 13499
68 13202.5121750387 13697
69 13202.4564652394 13908
70 13202.3491069363 14096
71 13202.176243517 14290
72 13202.0726707475 14474
73 13202.0263015232 14661
74 13202.0331966612 14864
75 13201.9159107781 15065
76 13201.8319901884 15267
77 13201.6138145597 15471
78 13201.5420850793 15672
79 13201.4928733208 15872
80 13201.393444262 16069
81 13201.3825778471 16261
82 13201.3836401149 16456
83 13201.2980619522 16654
84 13201.2774316151 16851
85 13201.1937329819 17046
86 13201.1713762402 17241
87 13201.1466430098 17437
88 13201.1144840028 17635
89 13201.0818163915 17832
90 13201.029548776 18029
91 13200.9953478299 18226
92 13200.9901465107 18429
93 13200.9849398586 18632
94 13200.9793518804 18832
95 13200.9475491414 19033
96 13200.9206171468 19232
97 13200.8806042968 19431
98 13200.8530891526 19635
99 13200.8199616971 19846
100 13200.8086341668 20046
101 13200.7617295655 20243
102 13200.7614211808 20442
103 13200.7483710613 20640
104 13200.7453796724 20838
105 13200.7112425406 21035
106 13200.7063641919 21238
107 13200.7199192547 21438
108 13200.7262572858 21635
109 13200.693807501 21836
110 13200.7055708976 22037
111 13200.6686312912 22235
112 13200.6547948206 22431

