0 12045.3754904427 67
1 12193.6686845047 132
2 11359.8313061246 202
3 10651.004927666 267
4 9654.66499174798 333
5 9432.50869880811 403
6 8997.17726973364 468
7 8177.89616812859 533
8 7646.70269374794 603
9 7573.78324650612 669
10 7144.32678370982 733
11 6844.02433052085 802
12 6666.62293203052 867
13 6580.98178526743 931
14 6544.19873705462 1002
15 6531.08840352661 1068
16 6526.71629122828 1133
17 6524.93257187694 1205
18 6524.12207948038 1272
19 6523.69517581342 1337

0 12261.7458611409 73
1 11970.271344382 138
2 11421.5165012977 203
3 10859.8064084334 274
4 9777.26942632763 339
5 9061.39635235367 403
6 8798.39916693432 473
7 7998.20723321933 539
8 7533.81728001897 604
9 7621.57587600725 676
10 7176.87560410604 742
11 6845.77168314324 809
12 6658.06876660347 878
13 6577.55908479441 945
14 6545.08657825809 1008
15 6531.17393862656 1077
16 6527.49206366842 1143
17 6525.8811869668 1208
18 6525.10374783294 1288
19 6524.72594506152 1355

0 11537.5510137914 68
1 11670.0042298584 140
2 11663.7255238733 207
3 10736.4698341857 276
4 9636.44312877372 345
5 9218.57800380391 410
6 8750.94424268925 476
7 8065.50600183616 545
8 7729.57289298508 610
9 7556.28695535023 675
10 7122.68365013273 746
11 6836.83058104742 812
12 6665.71238891201 876
13 6575.29409772026 946
14 6545.35647525842 1011
15 6532.658452381 1074
16 6528.19245295048 1144
17 6526.44765475319 1208
18 6525.59681397704 1274
19 6525.17719992781 1349

0 12022.67918034 67
1 11829.3426817462 131
2 11659.5018480451 204
3 10851.1121635534 270
4 9823.96327874494 334
5 9320.19513924872 404
6 8700.98839179957 470
7 8268.17656728339 535
8 7643.54021695701 605
9 7482.59203190238 670
10 7206.48869230362 734
11 6848.0872231686 803
12 6670.10709931988 868
13 6581.91644872216 933
14 6545.26375442054 1004
15 6532.43920618307 1069
16 6527.40135064996 1134
17 6525.53710314467 1202
18 6524.64037783166 1269
19 6524.22430016581 1332

0 12040.6065554797 77
1 11617.5210679637 144
2 11808.3699803471 209
3 10626.7313848595 283
4 9785.48394454149 349
5 9252.72322966609 417
6 8913.29242103212 486
7 8109.65325028186 551
8 7671.11210800654 615
9 7594.95306252108 687
10 7179.87342084188 755
11 6848.93966541502 820
12 6644.06046110862 891
13 6580.29378348728 958
14 6543.94761373834 1023
15 6532.65490598226 1094
16 6527.91780683852 1160
17 6526.00852120258 1225
18 6525.16553070216 1296
19 6524.73832637999 1363

0 11748.9323804206 68
1 11748.4755678068 143
2 11394.2724250866 211
3 10490.3236663749 279
4 10088.4018972196 351
5 9400.80305905101 416
6 8814.37791631683 482
7 8101.8238002982 553
8 7647.16115364917 617
9 7537.87803305353 684
10 7180.33216488471 758
11 6869.87944307647 825
12 6654.70533315789 891
13 6578.50660368033 963
14 6544.30862737384 1028
15 6531.88657885927 1094
16 6528.16658287564 1164
17 6526.32816157042 1230
18 6525.51140155016 1297
19 6525.11110286913 1368

0 11991.1295797538 69
1 11990.4033328905 141
2 11467.4674111941 222
3 10875.2706943763 294
4 10021.6172555201 364
5 9194.15622914482 435
6 9055.68299269991 500
7 8187.12705963893 570
8 7631.4722720302 640
9 7569.48561030961 705
10 7178.55624898984 773
11 6861.96461924783 840
12 6651.93531255971 903
13 6576.56867777573 973
14 6544.94836544834 1041
15 6533.13417766962 1106
16 6528.80819047953 1175
17 6526.89242060755 1241
18 6525.99038018968 1306
19 6525.54246970849 1375

0 11795.0412450726 68
1 12080.5995804181 132
2 11532.3548265599 206
3 11078.3446795895 276
4 9959.81079118696 342
5 9252.85305330263 410
6 8713.75510660086 477
7 8052.88222051992 540
8 7735.15781139034 608
9 7631.08285057615 677
10 7158.33702605343 743
11 6864.48501662963 811
12 6670.11370588137 877
13 6575.56158474285 944
14 6543.70443098796 1012
15 6531.07755107907 1079
16 6526.69676377828 1144
17 6524.90043945364 1212
18 6524.11699931619 1281
19 6523.73958485268 1345

0 11754.7449585212 69
1 12080.0297668768 138
2 11353.3802777689 204
3 10552.197755114 278
4 10273.7844181008 345
5 9044.96073967263 409
6 8988.07305206039 480
7 8041.62670786353 548
8 7627.86126058984 613
9 7484.20021450254 680
10 7191.86711977433 747
11 6829.73580518297 810
12 6666.45529882267 877
13 6578.16669833453 943
14 6543.95702179498 1006
15 6531.00738750454 1072
16 6526.80706016007 1138
17 6525.08776968501 1201
18 6524.28642789521 1268
19 6523.88961512909 1337

0 11670.8792301109 67
1 11942.6520856536 133
2 11200.9495270015 202
3 10636.6296987692 267
4 9790.13463744185 334
5 9308.43153165733 406
6 8928.4921507437 470
7 8193.31137553823 535
8 7682.14863889518 607
9 7677.28716554629 671
10 7208.76271698356 739
11 6848.98766021097 807
12 6670.08965348323 871
13 6581.24177443646 937
14 6546.94794291242 1007
15 6534.21392112987 1072
16 6529.69279995562 1138
17 6527.83094484607 1206
18 6526.9878094304 1270
19 6526.56062427234 1335

0 12233.8549800377 70
1 12034.9076193102 134
2 11364.3151975193 199
3 10282.3202380527 271
4 9659.66894592934 335
5 9392.23441101336 400
6 8922.90562088367 476
7 8058.18236548063 542
8 7728.66383066006 609
9 7571.40696614383 685
10 7150.29013215039 752
11 6826.95074137876 817
12 6654.49427741804 889
13 6576.30243832393 955
14 6543.41660811277 1019
15 6532.53343029349 1088
16 6528.18868294181 1151
17 6526.34826482702 1216
18 6525.60204460342 1285
19 6525.1966824183 1348

0 12086.527858855 67
1 11965.7295978035 137
2 11756.5855615578 204
3 10581.9566205844 272
4 9865.93792150288 341
5 9058.29674902039 407
6 9100.34543412144 472
7 8154.82244172438 548
8 7560.72274250952 614
9 7578.55789616767 679
10 7172.5950439625 749
11 6804.41382458568 813
12 6662.77425623904 877
13 6577.73856813055 946
14 6544.9394187086 1010
15 6532.91423286527 1074
16 6528.2088739113 1143
17 6526.27617919653 1209
18 6525.41221396054 1275
19 6524.98493182554 1346

0 12067.392489657 67
1 11748.4867468752 132
2 11216.9159959824 203
3 10678.1166324391 270
4 9604.66848186317 337
5 9069.0284114752 407
6 8749.45982726557 473
7 8011.88969855185 539
8 7597.32442093367 616
9 7480.80871700941 682
10 7128.70130219783 746
11 6875.11016947389 817
12 6669.49784411034 883
13 6577.72765456487 947
14 6543.79693930034 1017
15 6531.40842677673 1083
16 6527.30238590058 1147
17 6525.36612790359 1218
18 6524.61572087667 1283
19 6524.26152269937 1347

0 11982.4669086117 73
1 11802.7896550739 138
2 11403.0954167431 203
3 10574.3655902638 274
4 9889.44718735824 343
5 9286.69284764334 407
6 9024.35096817026 479
7 8132.1090057717 544
8 7720.20731304494 609
9 7591.91852829615 688
10 7182.32126273762 755
11 6835.86764512854 820
12 6674.04664576713 891
13 6578.42026074289 955
14 6543.29655340195 1020
15 6531.68331147656 1089
16 6527.22969612888 1153
17 6525.43213012942 1217
18 6524.60728704278 1288
19 6524.21650388712 1354

0 12151.3968883268 67
1 12330.9578050631 137
2 11694.8203510718 201
3 10759.0340928336 266
4 9758.24407920246 338
5 9491.1879878817 403
6 9150.60995117871 468
7 8128.56376826621 536
8 7625.00279239266 603
9 7633.98447452523 669
10 7191.74136367207 746
11 6825.86979958144 812
12 6668.04445747253 876
13 6574.95449557364 948
14 6544.91240226654 1014
15 6531.93663163478 1077
16 6527.50736403838 1152
17 6525.6082941458 1219
18 6524.73623892671 1284
19 6524.30900163897 1359

0 12205.3804279696 66
1 12141.0734761288 130
2 11035.2411527812 201
3 10683.1531601828 266
4 9815.79058912316 331
5 9061.51603169092 402
6 8951.97558227243 466
7 8200.84572381 531
8 7811.85037483637 602
9 7629.62970459568 668
10 7169.52827486944 734
11 6857.11357259958 811
12 6660.68853810879 877
13 6576.16386767227 943
14 6544.73691309652 1013
15 6532.93173302752 1077
16 6528.05996976188 1142
17 6526.22660632346 1213
18 6525.34622031776 1278
19 6524.91800133754 1341

0 12500.71677721 71
1 11602.7842813468 134
2 11271.4427795252 199
3 10882.1911118709 269
4 9799.36745541962 337
5 9190.44270151579 402
6 8890.90881596919 471
7 8022.61377707225 536
8 7645.22869486335 602
9 7664.55642334431 673
10 7123.05701042715 739
11 6837.73201787173 803
12 6663.03235049948 880
13 6571.87042722924 946
14 6545.86043656408 1011
15 6532.16796671302 1080
16 6527.86834905869 1144
17 6526.21415466723 1209
18 6525.42288784819 1279
19 6525.01383394012 1346

0 11659.4582660868 69
1 11744.270594211 139
2 11733.5846138316 205
3 10748.5167486746 273
4 9643.58828683292 345
5 9148.70117780965 409
6 8901.21485569011 474
7 8130.69906802639 544
8 7605.57887533953 609
9 7571.57312582548 674
10 7191.45409095431 746
11 6840.92696812169 812
12 6658.6161900759 877
13 6580.15922827656 950
14 6545.66396333106 1015
15 6532.97829287076 1081
16 6528.02045062525 1152
17 6526.11367641768 1219
18 6525.30254516261 1284
19 6524.91087745328 1355

0 11963.9556098495 67
1 11444.9039410952 131
2 11279.2915610395 202
3 10748.28689425 268
4 10018.2445586614 333
5 9071.87194447994 402
6 8765.27327152544 468
7 8024.22899133306 531
8 7651.32998069741 601
9 7642.66348106469 667
10 7150.28325053429 732
11 6871.08646623708 809
12 6670.0968306343 874
13 6580.84461818193 939
14 6546.16813621278 1011
15 6532.94290959707 1076
16 6528.81468306627 1140
17 6526.94362239028 1209
18 6526.11641745533 1275
19 6525.69755834492 1339

0 11620.9492991937 72
1 11906.7071657734 141
2 11747.1373105312 205
3 10357.7106847144 276
4 10024.3956204077 345
5 9281.55563702108 410
6 8812.99974009246 481
7 7998.24601048863 548
8 7597.68104211889 613
9 7557.45852495565 685
10 7149.083792022 749
11 6893.46294459915 814
12 6664.79806254702 891
13 6580.24416661964 957
14 6543.59946451371 1021
15 6532.51886338746 1090
16 6527.95383526528 1157
17 6526.1520083632 1221
18 6525.28300022585 1290
19 6524.85435274728 1355

0 11599.9619541732 67
1 12010.7238230019 136
2 11624.7696193233 202
3 10762.8979241867 268
4 9838.61746966465 341
5 9205.87082335703 406
6 8663.93316261133 470
7 7960.77254232245 542
8 7568.03252378211 608
9 7470.3973765512 671
10 7155.32005513128 740
11 6834.57642909515 805
12 6670.30132700049 870
13 6579.36039357105 944
14 6543.80217652135 1010
15 6531.68378075162 1075
16 6527.8587802661 1147
17 6526.08031874137 1214
18 6525.3251086939 1280
19 6524.9393936345 1352

0 11732.9881274309 67
1 12129.5026263082 131
2 11825.7366992773 201
3 10705.1475305383 268
4 9814.84748211675 332
5 9224.18257344038 402
6 9145.04860985779 468
7 8072.05253581489 534
8 7645.11317012631 604
9 7467.07568304273 671
10 7128.88290812118 734
11 6834.72777205867 803
12 6665.12132596847 869
13 6576.64372777032 934
14 6544.54819679106 1011
15 6532.3843353293 1077
16 6527.92868033004 1143
17 6526.07391171025 1216
18 6525.20089554723 1283
19 6524.78493213996 1348

0 11929.8289828601 72
1 11877.4716741798 138
2 12168.0689990248 203
3 10570.0023718964 276
4 9788.9881946355 342
5 9170.531684191 408
6 8919.9525398958 477
7 8042.19895388647 545
8 7695.13810083454 610
9 7617.74330965586 680
10 7167.78558056281 745
11 6847.07562905908 810
12 6655.75515086439 879
13 6576.15819229951 943
14 6544.45174693534 1006
15 6531.9517066755 1082
16 6527.84784320234 1148
17 6526.04647636622 1213
18 6525.29000815967 1284
19 6524.89752863963 1349

0 12060.3526383778 67
1 11753.787675041 137
2 11144.3199450759 202
3 10834.380366841 270
4 9966.04336477493 341
5 9322.70799476262 409
6 8805.77982073635 475
7 8082.47072434605 549
8 7599.41803681608 615
9 7577.20605801588 680
10 7185.88784490927 752
11 6841.55412132585 818
12 6664.1874207013 883
13 6575.39142041195 954
14 6545.01467978089 1018
15 6533.71707891506 1082
16 6528.94556342641 1160
17 6527.08042220674 1227
18 6526.21927262391 1292
19 6525.77218300669 1363

0 11647.6385204716 67
1 11711.8979985755 132
2 11360.4625343375 201
3 10782.9969712573 272
4 9859.84638206319 338
5 9096.18681651132 408
6 8795.71971962537 474
7 8189.90626841354 539
8 7693.54921655892 610
9 7751.84772003246 675
10 7169.80302562972 740
11 6850.89024608225 810
12 6679.2069375428 876
13 6575.60784052554 940
14 6545.22248578322 1011
15 6531.77395856461 1076
16 6527.24779573024 1142
17 6525.57913210044 1216
18 6524.81968302763 1280
19 6524.43469300359 1344

0 11668.8886705597 71
1 11839.2661606046 137
2 11547.3735686653 203
3 10585.6273597415 275
4 9689.63918815496 340
5 9153.89050159283 405
6 8770.64655562752 478
7 8133.71234737912 546
8 7668.51358793836 610
9 7630.27880636692 681
10 7193.69966561045 745
11 6866.28228426874 809
12 6656.59689060599 879
13 6585.30578737336 943
14 6541.75757226028 1007
15 6531.32683303338 1077
16 6526.61569227408 1144
17 6525.13178234513 1207
18 6524.35883343146 1280
19 6523.9917832878 1347

0 12138.9489533686 67
1 11913.3002413422 141
2 11349.9307594765 211
3 10920.5484985162 278
4 10021.5446665022 347
5 9305.47564059809 412
6 8847.72045675874 478
7 8025.82805284075 554
8 7603.78740901771 619
9 7525.92098251377 683
10 7195.29854036095 751
11 6792.83556644848 816
12 6650.05890754471 881
13 6577.07548215205 953
14 6544.99406260852 1017
15 6533.60226936976 1091
16 6528.57686737375 1164
17 6526.69469979647 1230
18 6525.79605228479 1299
19 6525.36765647339 1370

0 11911.4507260617 66
1 11680.3993658419 132
2 11350.1429529734 202
3 10534.8963500044 267
4 9541.89272748727 332
5 9216.72816316779 404
6 8842.57625153528 470
7 8109.79278206826 536
8 7560.03531467617 604
9 7632.26899466388 668
10 7159.38585325154 733
11 6850.51043093028 806
12 6666.66868992095 872
13 6581.52661126609 938
14 6546.33943130773 1008
15 6532.06461935611 1077
16 6527.52108878702 1142
17 6525.64728704744 1210
18 6524.7746424645 1274
19 6524.3687348412 1342

0 12147.0341189333 74
1 11634.2904839693 139
2 11212.9001165432 204
3 10608.2766737295 276
4 10229.2086642462 346
5 9099.58960217449 414
6 8825.68165406964 484
7 8312.92123617155 548
8 7724.95109297813 615
9 7643.82372333395 685
10 7168.53898618105 751
11 6810.35888873602 816
12 6660.66031766286 885
13 6578.6928735951 950
14 6544.06502063111 1014
15 6531.75632651051 1084
16 6527.48123221669 1150
17 6525.68842227365 1214
18 6524.88546345503 1282
19 6524.499230234 1350

0 12094.6099733673 68
1 12125.7011396266 141
2 11578.1470849375 207
3 10743.0103694915 274
4 10113.2401636623 346
5 9254.71044137408 411
6 8944.36762768678 476
7 8092.25011807504 548
8 7696.92550033591 614
9 7604.06518509747 680
10 7158.14126847531 751
11 6851.18685103677 817
12 6669.30285785251 883
13 6576.41200625592 952
14 6545.27254749667 1018
15 6533.13294781271 1083
16 6527.84602767035 1153
17 6526.06891034316 1217
18 6525.22125796043 1281
19 6524.82657680476 1351

0 11475.3343158575 66
1 11905.7112658284 131
2 11468.5378789533 210
3 10785.2241642232 279
4 9748.72758969177 348
5 9150.02937370524 416
6 9060.97057145468 481
7 8139.20356519138 547
8 7536.53405178062 616
9 7694.69099450527 684
10 7168.75622836707 749
11 6833.67306635204 819
12 6678.97975320738 883
13 6580.10472856324 949
14 6543.93996584911 1023
15 6531.86383363856 1096
16 6527.56572208096 1168
17 6525.54523389589 1235
18 6524.69742366646 1299
19 6524.30802282798 1365

0 11708.5085569943 69
1 11794.4985550724 136
2 11260.0132714301 217
3 10765.6019884103 289
4 10138.4610092088 364
5 9205.09831603628 440
6 8928.68004027994 513
7 8055.09839857648 590
8 7680.88003670524 666
9 7710.146504487 735
10 7146.14260816618 811
11 6869.08815185032 885
12 6671.58533323446 958
13 6583.9081207055 1035
14 6547.7300189594 1111
15 6534.18711964915 1187
16 6529.54706061415 1267
17 6527.60895172045 1343
18 6526.7390424596 1420
19 6526.29738439337 1501

0 11824.0713446138 70
1 12030.8216612106 147
2 11114.7989765961 221
3 10524.4860006792 296
4 9858.04732598682 376
5 9190.62819074012 450
6 8798.4172517567 526
7 8193.47366213177 602
8 7720.90422295136 674
9 7544.47359874917 748
10 7159.55087025864 819
11 6831.59886772086 890
12 6669.37878434386 966
13 6578.32280200878 1035
14 6543.1407700452 1103
15 6532.41093558932 1173
16 6527.76892275375 1237
17 6526.03085922985 1301
18 6525.2537785759 1378
19 6524.86106149155 1443

0 12101.184797362 69
1 11952.6225465628 147
2 11692.359600109 217
3 10508.7789593898 286
4 9956.79201524115 357
5 8983.37030205225 423
6 8931.31890777279 488
7 8153.41696350829 557
8 7708.62500254838 621
9 7504.9565067443 688
10 7211.23320373891 757
11 6862.48322529217 822
12 6660.67126902492 897
13 6578.26951134121 972
14 6546.47154114957 1044
15 6532.24043848076 1120
16 6527.83025444934 1195
17 6526.03199158835 1263
18 6525.20111394375 1346
19 6524.79669216984 1422

0 11510.478412872 74
1 11583.6985896162 150
2 10906.2555310648 225
3 10454.5443863616 303
4 10042.7308940737 372
5 9235.94852267756 436
6 8917.35523445266 503
7 8048.30789538436 571
8 7659.9861626567 637
9 7546.19648892623 703
10 7209.02412522516 773
11 6854.18229207647 837
12 6655.24986272502 902
13 6572.93797847452 971
14 6542.10589988258 1038
15 6531.38798161922 1105
16 6526.89239896751 1172
17 6524.94667547735 1237
18 6524.14034887004 1309
19 6523.75391718774 1378

0 12209.4409997508 69
1 11748.2902443692 136
2 11525.9292808335 205
3 10392.8877842271 272
4 9951.84422706209 340
5 8982.53030264333 411
6 8810.99952589042 476
7 8085.05450854217 544
8 7732.19144221256 614
9 7629.57114620431 679
10 7189.95522707098 746
11 6849.96697832425 814
12 6665.75195412676 879
13 6586.33952205263 946
14 6548.25969833128 1014
15 6533.53317613465 1078
16 6527.97631204431 1146
17 6526.18503917196 1217
18 6525.4503068675 1285
19 6525.06144881822 1358

0 11805.3500296913 72
1 12376.8551466246 137
2 11310.5077505558 205
3 10911.8796856 274
4 9627.14561453082 339
5 9139.74947081554 406
6 9108.35548749499 475
7 8108.15613403186 539
8 7639.2123207471 608
9 7646.63247278149 676
10 7237.20442522579 740
11 6859.5779699301 808
12 6665.23612708298 875
13 6583.97289226574 940
14 6545.99285056548 1007
15 6532.59372004209 1075
16 6527.4114447463 1139
17 6525.49394616151 1205
18 6524.67211850869 1274
19 6524.26346141392 1338

0 12379.1264228397 73
1 11851.3095173054 143
2 11501.7771401563 208
3 10414.9128995903 276
4 9823.63634347912 345
5 9273.86068713562 409
6 8887.49368577524 476
7 8039.97440825876 543
8 7622.0973231911 608
9 7558.93468386042 674
10 7155.28892220492 745
11 6844.45399848086 809
12 6675.92438231908 876
13 6580.54378612847 945
14 6546.05925530997 1010
15 6533.27990879808 1076
16 6528.67604517607 1146
17 6526.81151385634 1210
18 6526.01702146365 1276
19 6525.61546632167 1344

0 12471.7712993494 66
1 11766.9331186862 134
2 11823.0338543431 206
3 10307.8730790132 273
4 9929.14365583972 340
5 9350.62688445933 413
6 8738.16648040089 477
7 7995.01137095862 543
8 7676.15370149913 613
9 7505.38464027364 678
10 7109.33576773019 750
11 6832.8408360645 818
12 6657.46115124128 881
13 6579.83302349596 950
14 6543.85618527973 1019
15 6531.92260502592 1085
16 6527.66434193165 1150
17 6525.83013844014 1220
18 6524.9991614498 1285
19 6524.58669951896 1350

0 11710.6327637705 67
1 11524.0204792384 133
2 11264.7183806533 202
3 10883.3817056041 273
4 10118.0350558162 337
5 9327.65814572545 403
6 8865.73423010579 473
7 8151.70034814284 538
8 7674.66882936497 606
9 7612.95502559372 675
10 7158.78081347692 739
11 6848.28507230487 804
12 6660.63732943271 876
13 6578.84178632321 941
14 6544.377360894 1006
15 6531.75850200125 1074
16 6527.35769111172 1138
17 6525.50042169242 1205
18 6524.65884771514 1275
19 6524.26430433749 1339

0 11948.4638300425 68
1 11349.3812449985 137
2 11694.064987233 202
3 10620.0664207054 268
4 9852.24886299998 351
5 9284.73395037988 424
6 8773.63728734779 510
7 8127.13329019012 587
8 7601.9902489772 659
9 7712.23238398817 735
10 7141.88215426661 808
11 6845.31682986224 880
12 6671.50411338912 957
13 6582.88684427933 1030
14 6544.60427545585 1106
15 6532.3092615313 1179
16 6527.6905397667 1250
17 6525.87744636217 1329
18 6525.07283841776 1401
19 6524.655637368 1474

0 11959.6793009418 80
1 11696.8960594335 154
2 10976.2398735968 231
3 10541.2390283594 312
4 9852.40058298161 388
5 9525.56266703681 465
6 8860.47282708295 539
7 7987.34776361658 613
8 7648.45835389295 690
9 7549.25555456008 764
10 7162.37242678531 842
11 6871.67572414048 917
12 6650.17672550297 989
13 6579.26974864897 1070
14 6543.87678699491 1138
15 6530.75356491667 1205
16 6527.08269255266 1274
17 6525.35854589865 1341
18 6524.5268917998 1407
19 6524.12235471063 1476

0 11927.3002798738 67
1 12217.6367565922 131
2 11360.6018112364 205
3 10651.850549595 272
4 9898.55911274697 336
5 9112.04769777177 411
6 8732.26764363366 478
7 7993.33186989042 542
8 7679.5647751745 610
9 7578.3572603304 679
10 7115.17665119032 743
11 6842.75441399874 812
12 6675.64224075879 882
13 6586.35141172075 946
14 6548.64517464793 1017
15 6532.58134779619 1089
16 6528.31071140488 1153
17 6526.65663125903 1220
18 6525.83816422698 1285
19 6525.43907089879 1350

0 12208.2960224036 71
1 11519.313454734 136
2 11537.8063767147 201
3 10657.875904177 277
4 10188.6925526089 348
5 9132.16297413764 412
6 8965.50230991273 482
7 8097.14300420064 551
8 7583.8553282302 616
9 7593.44513635872 686
10 7164.46798604047 754
11 6821.93809961017 818
12 6651.73030380266 888
13 6575.64203705124 953
14 6548.09966986223 1018
15 6532.46577570315 1090
16 6527.67878506912 1155
17 6525.85407027044 1220
18 6525.04405334168 1291
19 6524.63624497881 1359

0 11808.0135213522 67
1 11833.269797091 137
2 11137.2060759431 205
3 10654.6597530785 271
4 9860.47320700858 345
5 8850.66021900549 412
6 9051.98922527739 477
7 8208.6288985196 553
8 7652.88977299086 620
9 7532.76650187231 688
10 7186.11611582856 758
11 6832.77831112467 823
12 6652.72886885202 887
13 6577.55623171854 957
14 6545.24150324927 1021
15 6532.82683319982 1085
16 6527.99437498314 1156
17 6526.15076339863 1222
18 6525.32753924362 1286
19 6524.91137291016 1366

0 11877.8240034592 66
1 11724.723570126 132
2 11794.5826837608 200
3 10914.8997189742 264
4 9871.85776937886 329
5 8949.14334487497 409
6 8658.22707174072 478
7 8072.92160633138 544
8 7637.34179815878 614
9 7663.12060648564 677
10 7141.18533846635 742
11 6839.71655429807 813
12 6673.33987431429 878
13 6576.73418251712 943
14 6545.01816413993 1013
15 6531.58076300582 1076
16 6527.11779627182 1140
17 6525.44676168438 1210
18 6524.70925283162 1274
19 6524.36162098468 1338

0 11890.5948147493 72
1 11695.2476329443 137
2 11403.0208271207 201
3 10379.1143690475 271
4 9920.22220551189 337
5 9315.06265014026 403
6 8964.52270190662 483
7 8188.59049927931 550
8 7756.12918470608 614
9 7668.33207495486 685
10 7246.26567447386 751
11 6829.48538848981 818
12 6652.66575849155 886
13 6580.46039263833 950
14 6543.29857601592 1014
15 6532.16251154883 1086
16 6527.18988300173 1150
17 6525.472716691 1214
18 6524.6825712511 1283
19 6524.29743786838 1347

0 11655.248498158 68
1 11625.8496925909 139
2 11065.5564213498 205
3 10835.3832514541 270
4 9875.95327043086 340
5 9009.87813728291 406
6 8972.27924958756 471
7 7944.15012598429 548
8 7763.92449236525 615
9 7545.09910351622 681
10 7202.52232989085 754
11 6852.21545903203 819
12 6655.98988605965 883
13 6580.86844087391 954
14 6544.12770511183 1018
15 6532.56449997938 1083
16 6527.80491217571 1154
17 6526.00015317279 1219
18 6525.13315363527 1283
19 6524.70728624023 1352

0 11639.1341716479 67
1 11791.6680184845 131
2 11306.7572651517 201
3 10591.9084636591 268
4 9611.80597715347 333
5 9274.70858036655 403
6 8901.07485179217 469
7 8149.492108054 533
8 7693.88684418795 610
9 7602.52145725608 677
10 7191.01346725971 742
11 6882.71369551575 817
12 6672.35788222884 884
13 6577.68977395005 948
14 6545.78529670799 1022
15 6532.55455995732 1088
16 6528.17719334999 1153
17 6526.2468031076 1222
18 6525.40386547164 1287
19 6524.98852750183 1352

0 11876.0417876702 71
1 11933.4883648918 136
2 11755.4819536105 202
3 10462.5497365163 273
4 9745.70846486557 338
5 9142.76195019379 403
6 9042.56699922351 476
7 8076.72471397088 542
8 7699.80549065119 607
9 7552.41258699104 684
10 7242.16530860722 750
11 6838.51589507477 815
12 6659.83619252624 884
13 6576.31224067567 948
14 6546.03360910938 1015
15 6532.8976925024 1086
16 6528.18286617044 1151
17 6526.37383918242 1215
18 6525.53943200617 1284
19 6525.12788072414 1349

