0 11855.5727357809 118
1 11793.1394556148 233
2 11613.6277960477 350
3 12052.1520084943 463
4 11680.126690167 582
5 10813.1714698772 693
6 10527.3238399629 809
7 9881.3367049192 918
8 9372.52111769159 1032
9 8242.29395450633 1152
10 8113.3509595724 1266
11 7449.11984031378 1387
12 7111.79588984098 1498
13 6946.31232897381 1615
14 6897.39840923395 1728
15 6881.95243263284 1842
16 6876.87517440474 1953
17 6875.01591014424 2064
18 6874.21814362628 2182
19 6873.82041042085 2296

0 12482.6821411924 126
1 12298.8962413809 241
2 11782.169732655 356
3 11290.1501658913 476
4 11202.6986839966 592
5 10927.7674658565 719
6 10689.0676617612 836
7 9540.43848462721 966
8 9084.11945723311 1081
9 8121.04394613089 1196
10 8005.58696676067 1312
11 7344.23822695192 1426
12 7007.42674421007 1546
13 6869.71169506116 1661
14 6810.46687439113 1777
15 6796.49161415568 1893
16 6791.97332720171 2007
17 6790.1885556939 2122
18 6789.39125946095 2233
19 6789.00194806434 2354

0 12443.8147163018 119
1 12644.1409532886 234
2 12602.7255660132 351
3 11770.6744103641 467
4 10865.7394048722 594
5 10824.5105040939 710
6 10715.8036937295 827
7 10159.3625688126 944
8 9229.57304424486 1059
9 8112.83750978531 1178
10 8173.20494234266 1290
11 7362.05873913384 1411
12 7102.15072473124 1521
13 6931.8683987322 1641
14 6878.60596654286 1755
15 6863.65507354395 1868
16 6859.18844774439 1992
17 6857.43240772489 2107
18 6856.6403062729 2225
19 6856.26250230016 2336

0 12470.9812243095 115
1 12204.5089884978 229
2 12166.5674223802 345
3 12408.1222163656 458
4 11019.7428682756 570
5 10662.8699650716 688
6 11031.0458420065 800
7 9820.21498231983 916
8 9012.36607803439 1030
9 8271.95513230119 1144
10 8039.18041665668 1257
11 7363.11791902863 1369
12 7029.07428166036 1485
13 6874.79887290345 1596
14 6812.0862725685 1722
15 6798.06944575529 1840
16 6793.31113712377 1955
17 6791.63083724469 2070
18 6790.85518993401 2181
19 6790.48388893565 2296

0 12881.463163272 111
1 13144.4914083735 233
2 12512.9573540101 349
3 12070.6836048492 466
4 11011.9888148544 584
5 11222.1404774466 699
6 10781.8055964053 816
7 9656.62839335521 930
8 9320.12643800605 1048
9 8159.01207453802 1160
10 7996.02545206029 1275
11 7434.5899349044 1386
12 7137.30908004221 1499
13 6965.06839614744 1623
14 6908.73645307429 1735
15 6892.13322086518 1852
16 6886.83470968587 1959
17 6884.89713346993 2074
18 6884.04121105563 2183
19 6883.62217836825 2295

0 11519.6605126221 125
1 11465.3302348127 239
2 11694.0290292969 358
3 11186.152591573 470
4 10566.6102687133 584
5 9810.75862614148 704
6 9818.10183766305 816
7 8915.57650113096 936
8 8424.28881742859 1045
9 7685.48842175391 1165
10 7699.98917607535 1280
11 6957.60921193783 1395
12 6633.48699715037 1512
13 6482.47142316677 1624
14 6431.24523946371 1738
15 6416.63584420533 1849
16 6411.82422789729 1982
17 6409.97817081831 2108
18 6409.18003677078 2224
19 6408.79157666836 2346

0 13760.0984304457 153
1 13627.7781099552 271
2 13175.299494826 396
3 11618.6905875843 526
4 11322.5081239796 679
5 10931.0449390575 818
6 10793.5762449762 948
7 9741.62084016967 1075
8 9144.94209079043 1208
9 8137.34362424938 1323
10 7938.49401471583 1443
11 7399.00098387707 1555
12 7025.25458147817 1672
13 6873.85920344841 1785
14 6824.87545637763 1897
15 6809.10784618957 2011
16 6804.31931007917 2121
17 6802.37029984559 2236
18 6801.50147447393 2348
19 6801.08644346412 2465

0 12437.9058289029 111
1 12820.0478694512 232
2 12813.6104801934 345
3 11503.6611685084 460
4 11745.1937524599 580
5 11284.7194630142 689
6 10509.2014128226 803
7 9945.05040525131 914
8 9097.34893897768 1024
9 8424.25602514004 1133
10 7950.86781169403 1243
11 7477.29804253653 1351
12 7097.67002820713 1462
13 6932.56028271756 1584
14 6875.71189685068 1697
15 6858.96470465433 1816
16 6853.77770886475 1931
17 6851.84570800934 2050
18 6850.98334610898 2157
19 6850.5555546048 2272

0 11288.2196100796 119
1 11598.9736050345 230
2 11413.0460826284 348
3 11079.3666104876 465
4 10544.784464407 593
5 9991.88058954965 714
6 9325.46890883589 827
7 8856.9284794668 942
8 8448.26254544411 1055
9 7650.40796580864 1171
10 7576.54682579696 1282
11 6914.39864782303 1398
12 6584.07149688005 1505
13 6407.73687662359 1618
14 6356.9468542806 1738
15 6342.69257448294 1855
16 6338.28183950587 1975
17 6336.62684149211 2087
18 6335.92637020305 2203
19 6335.58692344779 2313

0 12357.1793525443 111
1 11979.3095763593 223
2 12150.2856159542 337
3 12051.2861611875 455
4 11260.3893968112 566
5 10996.2059413859 682
6 10816.1529146739 795
7 9863.03190286192 916
8 9368.9896172298 1031
9 8393.23610830638 1145
10 8112.99611485454 1258
11 7454.44909177235 1369
12 7094.3727634047 1485
13 6955.39768120988 1596
14 6904.03029118208 1713
15 6887.46458068498 1821
16 6882.49770131072 1935
17 6880.49737196378 2048
18 6879.5857444591 2160
19 6879.13715393836 2282

0 12806.8668100511 110
1 11595.5505913769 228
2 11555.1491116158 341
3 11324.5341860026 458
4 10477.72024453 569
5 9452.8780879009 688
6 9380.81503412377 806
7 8826.8699459629 917
8 8317.17968549653 1036
9 7728.28506014558 1150
10 7642.70226279194 1266
11 6881.5035738636 1381
12 6544.94587351102 1496
13 6407.31513464114 1612
14 6360.93542924982 1723
15 6345.28763499732 1842
16 6341.15718239334 1954
17 6339.62148242448 2071
18 6338.92471268916 2183
19 6338.59108746554 2297

0 12836.0991440928 118
1 12783.0280308831 230
2 12054.3858005713 345
3 12240.660846558 459
4 11142.2629676859 589
5 10632.3155862517 706
6 10452.3850494093 818
7 9862.18694582554 932
8 9035.9205133188 1044
9 8327.69507425126 1160
10 8052.12403957576 1271
11 7363.88486002123 1389
12 7013.35227430253 1504
13 6866.43723191346 1628
14 6813.92641047645 1743
15 6797.7082555537 1852
16 6792.99269021268 1971
17 6791.25236640998 2082
18 6790.48248861877 2202
19 6790.10117982363 2312

0 12316.119983214 111
1 12145.8445888347 225
2 11805.9356042683 340
3 11943.5834984304 454
4 11784.5504598534 568
5 10811.4248284341 687
6 10667.6224607622 801
7 10031.1191130721 916
8 9244.97694359872 1029
9 8296.65173803868 1143
10 7984.46387502866 1268
11 7443.47958375744 1380
12 7117.00647228044 1498
13 6941.07185998929 1606
14 6885.69563988968 1720
15 6870.76430834236 1831
16 6866.06588260997 1945
17 6864.28674469444 2059
18 6863.48427433529 2169
19 6863.09971555125 2286

0 11513.6144460436 111
1 11492.0777867433 235
2 11509.4805039955 347
3 10862.9247142238 466
4 10470.1592685083 581
5 9741.69066803357 694
6 9339.85552895111 808
7 8651.17548553213 921
8 8548.1006698586 1039
9 7584.87977538018 1149
10 7482.08838280225 1261
11 6904.65201672399 1371
12 6580.95701869804 1482
13 6405.16358300861 1599
14 6358.31457478213 1713
15 6344.00313011353 1839
16 6339.49692862697 1954
17 6337.73625103662 2076
18 6336.97185693617 2194
19 6336.60572330787 2307

0 11644.3528070165 118
1 11156.4350384063 230
2 11709.9046180065 349
3 11002.2036724428 462
4 10783.1848193363 580
5 10122.6571931626 699
6 9451.55546364103 815
7 8773.83288472981 933
8 8377.45032210954 1046
9 7551.26410022691 1165
10 7565.64296479337 1273
11 6939.88936831479 1388
12 6548.49778720143 1498
13 6415.45122488286 1613
14 6358.51311122503 1727
15 6343.71918955738 1839
16 6339.40913713951 1956
17 6337.68123624182 2067
18 6336.9379571859 2190
19 6336.57602987472 2300

0 12445.2017627574 112
1 13011.13879494 223
2 12266.4085296882 336
3 11917.2369293407 456
4 11088.4176991571 569
5 11690.8414987048 687
6 11207.6630623357 797
7 9885.81346424929 913
8 8873.15610547496 1022
9 8057.39983978159 1136
10 8014.79284730144 1258
11 7421.81574750656 1370
12 7002.9903946326 1491
13 6865.43170692649 1600
14 6813.38836027447 1715
15 6798.63317800235 1821
16 6794.01270983514 1935
17 6792.10005096029 2047
18 6791.28227753247 2157
19 6790.88173626304 2268

0 13020.3489504053 111
1 12822.0843469759 238
2 12960.837937954 353
3 11913.8368155833 469
4 11285.4100190931 583
5 10898.9738947551 701
6 10690.0066515219 819
7 9523.01475374682 931
8 9229.88315551603 1046
9 8212.7805390903 1158
10 8150.26831491042 1272
11 7444.18493728626 1381
12 7006.35531381537 1493
13 6865.13891722523 1611
14 6815.12097780293 1724
15 6800.87997685473 1840
16 6795.95751595754 1953
17 6793.98986129623 2072
18 6793.14458513794 2185
19 6792.73178680333 2298

0 11372.2684148851 116
1 11482.3582063741 227
2 11426.9511091508 341
3 10789.6629007829 451
4 10561.7459645244 571
5 10278.9603768736 683
6 9562.96857388464 797
7 9111.24480444376 908
8 8540.93993529071 1021
9 7713.51933702516 1134
10 7679.77410667099 1247
11 6999.79759199604 1361
12 6630.40875275381 1472
13 6483.58520238755 1588
14 6431.06736034854 1695
15 6416.01105565175 1806
16 6411.38936323354 1918
17 6409.65013704917 2029
18 6408.88214320665 2138
19 6408.51315896242 2247

0 13229.8770730491 114
1 13837.0201176129 222
2 12990.6264384272 336
3 13157.0092686334 447
4 12394.6809479971 562
5 12284.0357340306 671
6 11782.8456157638 784
7 11003.926564097 896
8 9979.1222877631 1006
9 9061.39095295573 1125
10 8713.82575390653 1238
11 8005.90062676314 1353
12 7631.67689289348 1463
13 7458.72593840611 1581
14 7410.94213313598 1693
15 7396.05681978411 1806
16 7390.14080084617 1920
17 7388.06121844612 2038
18 7387.15101856212 2159
19 7386.70333543981 2270

0 11450.0093341314 122
1 11079.6730057129 237
2 11424.9911149743 354
3 10789.9099671164 472
4 10913.2549628188 589
5 10301.791014623 706
6 9781.15313629704 818
7 8870.10999036699 935
8 8242.96594618575 1047
9 7557.99971772954 1162
10 7560.90826031196 1275
11 6912.8953687534 1385
12 6551.29346120859 1501
13 6407.00943119848 1614
14 6357.35520141278 1736
15 6342.90786579215 1846
16 6338.28639802025 1962
17 6336.6041550147 2071
18 6335.86813565077 2183
19 6335.51575162669 2295

0 12015.1115617511 111
1 11584.2600478718 230
2 11160.4477899886 345
3 11185.8471522189 463
4 10197.6652802771 574
5 9748.05662295042 690
6 9753.49383809797 814
7 9025.58064310568 928
8 8599.16615218374 1045
9 7659.19612395831 1159
10 7657.74191019796 1277
11 7059.24216348082 1388
12 6650.91647454152 1503
13 6492.21107121229 1614
14 6439.79312443884 1725
15 6425.15198637545 1841
16 6420.33251023314 1951
17 6418.4456322255 2067
18 6417.5947453943 2181
19 6417.18692956283 2301

0 11214.1384521342 114
1 11747.181669399 227
2 11415.6908718576 341
3 11193.4102662685 454
4 10463.7701533968 579
5 9764.45532314355 694
6 9478.21542207627 810
7 9049.88054290665 927
8 8395.80732486329 1045
9 7583.72661797707 1164
10 7526.15640264792 1278
11 6892.92447814801 1401
12 6554.42820879288 1511
13 6401.30884802806 1625
14 6357.44668756085 1734
15 6342.76160870654 1846
16 6338.64603791057 1962
17 6337.0680714402 2074
18 6336.3636617649 2192
19 6336.02623772713 2304

0 11571.8098183216 115
1 11614.8056603629 224
2 11282.8352511113 340
3 10877.9402762655 461
4 10072.9642326372 573
5 10086.8385434671 693
6 9483.83381492011 806
7 8914.89120955834 923
8 8514.58084950233 1034
9 7747.18730720456 1149
10 7514.39723671648 1260
11 6963.36855419587 1372
12 6645.17213781625 1492
13 6481.89210336276 1603
14 6438.45487287545 1724
15 6424.00702663228 1837
16 6419.35118572706 1955
17 6417.4803556962 2069
18 6416.67389978923 2182
19 6416.27546406991 2294

0 11453.3329032084 110
1 11447.732384335 228
2 11748.4327077697 340
3 10833.2376043289 457
4 10674.9124170147 570
5 10241.2614447856 685
6 9541.24332601942 802
7 8855.94895250808 915
8 8203.73926279185 1037
9 7580.15508856237 1148
10 7642.38644100493 1267
11 6969.99283153546 1380
12 6552.52377035076 1494
13 6402.05539780195 1607
14 6354.98983850736 1719
15 6342.88009032477 1833
16 6338.10898691891 1946
17 6336.47071995292 2071
18 6335.7470445789 2187
19 6335.39382659147 2309

0 13875.112778536 120
1 13386.1315640419 236
2 13438.7076385615 353
3 14292.74515479 472
4 12372.7883164743 592
5 12690.0544392861 707
6 12188.9106541037 818
7 10649.4095750706 932
8 9936.80834773998 1044
9 8950.88640881038 1165
10 8632.62948181773 1278
11 8060.18423887739 1399
12 7626.04744823343 1512
13 7462.36257119421 1626
14 7406.70837887308 1740
15 7391.23494081396 1852
16 7386.15767299898 1967
17 7384.13390314844 2079
18 7383.24258728649 2197
19 7382.80700091801 2306

0 12535.1760494148 110
1 12573.7243890545 221
2 11786.7984326477 333
3 12184.8313486472 455
4 11074.5591081469 570
5 10982.1836810284 687
6 10261.3209402629 800
7 9645.25511011021 916
8 9050.04195079041 1026
9 8191.10636128104 1139
10 7994.26439438802 1252
11 7368.21726430452 1365
12 6995.30749137984 1484
13 6866.35575850028 1597
14 6810.59760646585 1714
15 6796.0430360558 1829
16 6791.58135692268 1944
17 6789.76432251037 2058
18 6789.00057838365 2169
19 6788.6246568776 2286

0 12074.9714034834 115
1 11968.707238434 233
2 11834.0414636706 343
3 11891.1382896915 461
4 11189.6781399984 579
5 10717.0961017695 691
6 10436.7690898531 807
7 9580.12258555737 918
8 9339.60667849225 1049
9 8467.4860655914 1163
10 8138.51314188865 1276
11 7393.30173233221 1389
12 7082.26678867901 1500
13 6939.48221686113 1617
14 6880.43087271363 1733
15 6864.62641775156 1850
16 6859.81695883701 1959
17 6858.02885779203 2077
18 6857.2101571634 2190
19 6856.81144299285 2306

0 12272.0334731964 119
1 12323.1899368627 231
2 12360.1681149691 345
3 11490.4078503108 454
4 11059.9712546748 567
5 10835.8968422094 676
6 10285.2713540664 788
7 9545.98297418186 901
8 9085.98508115351 1012
9 8117.30345809673 1121
10 7977.51870016199 1232
11 7375.19242718205 1362
12 7028.76109898789 1475
13 6861.95596886391 1590
14 6807.94190161141 1701
15 6791.77449248348 1815
16 6786.9095295887 1927
17 6785.14364375661 2038
18 6784.33286174641 2153
19 6783.94525148136 2265

0 12527.98767988 119
1 12440.478851792 231
2 12181.4738053547 347
3 11787.1032624663 469
4 11340.2013043028 583
5 10882.2904468261 704
6 10746.5965322775 815
7 9590.25921602198 932
8 9135.28687483396 1041
9 8276.25739163404 1156
10 8019.10230435116 1269
11 7457.94059025087 1381
12 7102.00483619995 1494
13 6928.6976678169 1605
14 6878.54285360014 1731
15 6863.11814834059 1844
16 6857.79779605793 1958
17 6855.84249334144 2071
18 6854.9847124878 2185
19 6854.56487221657 2302

0 11686.2321137399 113
1 11629.8524774241 234
2 11371.1307251111 348
3 11151.0361573461 467
4 10487.1278806559 580
5 9731.51626870047 694
6 9421.26966654712 821
7 8687.89074368739 933
8 8523.0762855728 1054
9 7467.85474414882 1169
10 7527.37315497934 1287
11 6915.12111020073 1403
12 6575.22639015613 1515
13 6410.28743938744 1633
14 6358.0701195095 1747
15 6345.59674668402 1861
16 6341.12714515383 1970
17 6339.38398204323 2086
18 6338.62088759067 2200
19 6338.2497004786 2314

0 12869.3893448952 124
1 12526.6378929233 239
2 12072.9928399095 358
3 11692.7105896923 475
4 11184.3835339353 594
5 10723.8293942043 710
6 10128.1032143545 826
7 9547.54292107537 943
8 9226.04224294942 1056
9 8071.44768448653 1178
10 7968.22838055547 1292
11 7420.78052759433 1409
12 7039.28456021228 1524
13 6890.88242066857 1637
14 6833.37986233792 1755
15 6817.74522881797 1868
16 6813.3174551467 1990
17 6811.62350684964 2102
18 6810.81011924345 2220
19 6810.41224563045 2333

0 11665.1501703846 110
1 11562.4149794522 229
2 11025.141623494 345
3 10833.2866222315 469
4 10798.8741173261 584
5 10169.3522790016 701
6 9588.57159101179 820
7 8875.79784037478 934
8 8519.34634861969 1059
9 7527.75047476434 1174
10 7406.57173757344 1301
11 6956.04369101863 1417
12 6536.88414831836 1528
13 6409.38527339076 1650
14 6360.24757145179 1763
15 6346.07328963243 1881
16 6341.36764271361 1994
17 6339.58484197448 2108
18 6338.81243002697 2221
19 6338.43189144924 2336

0 12134.6844575267 117
1 11158.4436016245 231
2 11756.5674340185 350
3 10877.9542562357 462
4 10382.2113323419 580
5 9931.80599345293 698
6 9492.24695755845 814
7 8862.11540699578 930
8 8359.71461494522 1044
9 7687.97729183078 1161
10 7544.11902133917 1271
11 6918.94628342091 1386
12 6557.05882369237 1494
13 6413.67791311036 1606
14 6358.08732351391 1716
15 6344.13464343441 1826
16 6339.78270065113 1951
17 6338.10495608894 2065
18 6337.35918183601 2182
19 6336.99971105101 2293

0 11905.4045860835 112
1 11879.6891251375 221
2 11468.8722845357 336
3 10897.8000385672 453
4 10613.3954470699 566
5 10330.1275320114 688
6 9363.19114494311 801
7 8914.57405689071 924
8 8274.42315232769 1040
9 7631.48993674314 1152
10 7552.28614834107 1266
11 6923.63633575644 1376
12 6561.09944285578 1493
13 6406.68796666975 1604
14 6360.18738769139 1721
15 6344.053899672 1827
16 6339.28526174504 1942
17 6337.53362666182 2053
18 6336.74433817833 2165
19 6336.35726107698 2290

0 12223.1601500021 112
1 12340.2209981826 234
2 12134.6097254313 350
3 11529.491143022 466
4 10955.6484082292 578
5 11491.6713980507 694
6 10485.6199567725 811
7 9611.998786727 923
8 9311.34976143075 1041
9 8186.58205231658 1150
10 7959.4574139798 1265
11 7351.56175849765 1380
12 7031.35193244789 1494
13 6881.84788058673 1610
14 6825.22452465727 1720
15 6809.12559306768 1838
16 6803.99120745421 1949
17 6802.02510447021 2065
18 6801.15245865867 2174
19 6800.73243712363 2288

0 11657.7256063623 119
1 11159.3713382297 231
2 11245.4850969093 345
3 10950.7139054985 457
4 10316.3599833814 585
5 9807.65582815884 698
6 9575.85189364046 813
7 8812.13654347993 925
8 8562.96978891496 1036
9 7627.42073535767 1152
10 7483.95455854889 1262
11 6913.59324746573 1379
12 6578.02064268724 1490
13 6403.94193873342 1610
14 6359.28076915402 1722
15 6345.3779961159 1834
16 6340.88436567793 1950
17 6339.13226284723 2062
18 6338.37051412544 2180
19 6338.00240020911 2291

0 12734.1295434621 117
1 12471.1265153594 225
2 12530.2718122686 342
3 11844.5341911744 454
4 11496.6581261478 569
5 11580.5605416726 685
6 10547.1965018549 797
7 9778.60021751718 918
8 9310.17258790099 1031
9 8195.02350064553 1156
10 8037.91229494858 1275
11 7476.87786689662 1390
12 7060.67795752049 1505
13 6920.76941272502 1615
14 6874.86978578008 1733
15 6857.72025445295 1842
16 6852.51417553019 1957
17 6850.49671648609 2067
18 6849.61949958561 2181
19 6849.18795669474 2296

0 12857.5849686167 110
1 12987.3962258137 230
2 12349.2101729559 342
3 11994.8659624904 461
4 11803.9367951771 576
5 11010.1374062141 691
6 10698.0960583513 805
7 9927.23893120832 916
8 9418.01128780733 1031
9 8377.91133099893 1142
10 8180.03912231825 1261
11 7473.30187228421 1374
12 7142.32260320616 1492
13 6990.4047301976 1606
14 6944.73748113448 1719
15 6928.78372863149 1833
16 6923.72404213739 1965
17 6921.84984796031 2084
18 6921.02764951258 2194
19 6920.62629505875 2308

0 12175.6340322818 117
1 12319.4442062674 229
2 11895.3555996688 353
3 11631.5350962187 467
4 11642.5144076086 586
5 11073.6277261172 700
6 10328.8480185364 814
7 9698.94079128361 927
8 8922.09805687089 1039
9 8290.16769710982 1153
10 8080.35361108762 1264
11 7387.18282472799 1383
12 7010.78828233217 1497
13 6867.04609207549 1612
14 6816.32892076069 1729
15 6800.02643972125 1840
16 6794.35720285102 1956
17 6792.21571434563 2067
18 6791.26873349081 2183
19 6790.79729084788 2296

0 12761.8613052883 120
1 12738.6182779427 239
2 12071.6692119776 359
3 12236.085295926 478
4 10968.4799790766 593
5 10952.2582419961 714
6 10415.0146378204 830
7 9868.62610591313 945
8 9178.54683097998 1064
9 8154.94437808089 1177
10 8173.65223099039 1292
11 7408.16186241686 1406
12 7071.89313763936 1524
13 6925.9195204208 1636
14 6871.73649116621 1751
15 6857.73484574316 1862
16 6852.62074581354 1972
17 6850.77423937156 2094
18 6849.95912540719 2208
19 6849.56234415119 2341

0 11816.5698899818 116
1 12519.985838558 230
2 12139.9347308778 343
3 11927.2035238692 458
4 11739.9044546919 576
5 10716.501198695 690
6 10306.9672882891 811
7 9799.4369602883 923
8 9082.5129969144 1038
9 8262.76776070211 1151
10 8074.87763046567 1264
11 7352.45527350482 1385
12 7008.52353528154 1500
13 6869.71532784118 1620
14 6814.94713575834 1733
15 6800.43063805542 1848
16 6795.27525107771 1958
17 6793.31660232983 2069
18 6792.45558130953 2183
19 6792.03078029899 2295

0 12924.2982039791 118
1 12406.4450145784 228
2 12168.9202914258 345
3 11765.9644029223 460
4 11176.1394611708 578
5 10994.774872023 695
6 10674.0098866554 807
7 9886.23432348435 924
8 9118.77325551046 1036
9 8142.37677784146 1153
10 8048.53492960436 1262
11 7373.70850032925 1375
12 7021.97301119829 1490
13 6864.66974779434 1604
14 6815.35391467488 1717
15 6798.78473155199 1828
16 6793.4173883089 1950
17 6791.29398857461 2060
18 6790.38082394863 2174
19 6789.93653835249 2283

0 12511.3757276464 111
1 12489.5738106427 227
2 12094.8032265602 341
3 12182.6592688543 458
4 10902.3627168254 570
5 10953.4668826874 689
6 10453.7197568075 799
7 9774.28822745016 913
8 9168.98362493914 1033
9 8130.3017537084 1147
10 8023.66734480135 1266
11 7403.09489588924 1382
12 7029.71437010316 1499
13 6869.28711472199 1608
14 6812.87056333887 1721
15 6797.18519613273 1830
16 6792.42582903893 1942
17 6790.47738572201 2053
18 6789.64907743964 2163
19 6789.2456425617 2286

0 11831.6010169051 113
1 12059.7901765905 234
2 11760.7442400708 348
3 11563.9859983373 464
4 11897.5876945481 578
5 11169.714258784 690
6 10439.2515701468 806
7 9469.11226656903 918
8 9156.1246922236 1035
9 8138.83422799405 1146
10 7957.86748008502 1262
11 7374.40951887666 1378
12 6999.45382246811 1491
13 6867.74372843175 1604
14 6815.15775457421 1717
15 6799.3619055518 1834
16 6794.46766185975 1944
17 6792.64262179978 2060
18 6791.83309330522 2168
19 6791.4346403985 2281

0 13661.8406193709 118
1 13505.9049541022 229
2 12755.3735105753 345
3 12315.1217321453 461
4 12934.670724909 584
5 11911.2462407256 704
6 11169.8958123206 818
7 10393.9226163085 932
8 9855.81842064909 1044
9 8682.90251265492 1160
10 8632.2855616385 1272
11 7998.78267292642 1389
12 7586.49891983387 1497
13 7415.16442728193 1611
14 7369.30458710165 1727
15 7354.34942378767 1841
16 7348.67160243279 1955
17 7346.50905989957 2066
18 7345.54341980119 2184
19 7345.06519955084 2298

0 12664.5389403899 122
1 12383.5690019483 243
2 11586.4018510556 363
3 11782.5669006557 487
4 12053.7310097304 601
5 10995.8428194708 720
6 10515.8391955848 837
7 10047.2207739022 952
8 9149.0209902102 1065
9 8274.00831354956 1176
10 8010.59437988256 1292
11 7537.08414147898 1405
12 7137.89346038046 1522
13 6967.58902493422 1633
14 6914.8579984797 1747
15 6897.73998289948 1857
16 6892.60053484618 1970
17 6890.66633867357 2084
18 6889.82529033278 2195
19 6889.41315670591 2321

0 12161.1581319012 119
1 12370.3750872439 233
2 12486.4578312891 344
3 12115.9444064644 459
4 11243.8257106565 575
5 11265.4099274105 688
6 10436.286461585 805
7 9881.46821477164 916
8 9430.76662356285 1035
9 8185.31645756519 1150
10 8074.24205491355 1264
11 7461.02376326954 1383
12 7084.93131564077 1495
13 6944.18800006312 1610
14 6889.48447304322 1726
15 6873.85779419407 1846
16 6869.51063911411 1957
17 6867.72067895044 2071
18 6866.93871567666 2191
19 6866.55832994776 2302

0 12391.7160836034 121
1 12600.7503044624 233
2 11985.7115410333 353
3 11628.0887599818 466
4 11243.7319532104 583
5 10935.6710749238 697
6 10191.6985621646 810
7 9814.6674239161 932
8 9235.61917037905 1047
9 8137.66417771466 1173
10 8039.99298125774 1291
11 7405.08300555512 1410
12 7009.69030315462 1530
13 6862.91266294121 1641
14 6811.81769702772 1763
15 6795.38592009438 1881
16 6790.50846661524 1996
17 6788.75034019896 2107
18 6787.94823436111 2219
19 6787.56416595172 2332

0 11562.1000684406 113
1 11358.3509221507 234
2 11166.6627902298 345
3 11355.6611450063 460
4 10545.411324081 576
5 9719.82442231423 690
6 9783.41517824294 811
7 9072.26480633298 926
8 8676.17934961192 1049
9 7779.91343480803 1163
10 7493.65564837311 1279
11 7001.20434912513 1389
12 6620.49440200621 1500
13 6483.40653969417 1617
14 6431.88578465511 1727
15 6418.41439318302 1843
16 6413.67852672662 1955
17 6411.97287094326 2072
18 6411.19404731727 2185
19 6410.82163070464 2298

0 11451.6387588577 121
1 11690.8172522682 244
2 11476.1987479428 363
3 10720.3059576626 479
4 10534.4793900956 597
5 9862.4561950462 718
6 9447.82843468449 835
7 9044.7997718291 954
8 8336.97796738014 1071
9 7491.82533371396 1190
10 7501.15981322482 1313
11 6876.98524217415 1434
12 6542.12665781786 1564
13 6403.15986520679 1678
14 6358.59072814522 1794
15 6343.26570926489 1903
16 6338.78503910791 2018
17 6337.10767067297 2130
18 6336.35584539078 2244
19 6335.99994578927 2366

