0 190219.830232656 729
1 174532.210670735 822
2 136728.212002496 912
3 89224.4368597252 1003
4 63647.8227926964 1092
5 50156.2474037233 1184
6 40388.7686051544 1274
7 32773.8487189821 1364
8 27466.0508838817 1456
9 24204.2444931082 1545
10 22363.5955513763 1636
11 21337.6250893972 1726
12 20723.9686130404 1822
13 20333.2969621236 1914
14 20060.3395173764 2004
15 19856.4426340925 2095
16 19699.6646234451 2186
17 19574.4400875535 2276
18 19472.3563128596 2367
19 19386.1581464 2458
20 19313.4000931017 2549
21 19251.8419992451 2640
22 19198.5174391431 2731
23 19150.4381068343 2821
24 19106.2668267638 2911
25 19064.790750972 3000
26 19024.9289364008 3091
27 18986.1768580843 3181
28 18948.2914176512 3274
29 18910.4598298094 3363
30 18874.3775070607 3456
31 18840.58223241 3546
32 18809.4730523608 3638
33 18781.1048026114 3727
34 18754.9251177706 3817
35 18730.8886586841 3907
36 18708.8569444178 3997
37 18688.7047889985 4088
38 18670.5953972292 4178
39 18654.5169910063 4270
40 18640.4695822297 4360
41 18628.6882977919 4451
42 18618.9920257697 4540
43 18610.8317077439 4631
44 18603.9776243645 4723
45 18598.2169263196 4812
46 18593.3601681356 4905
47 18589.2197490453 4994
48 18585.6569840684 5084
49 18582.5544709906 5175
50 18579.8123325085 5266
51 18577.3255523963 5355
52 18574.9898251842 5446
53 18572.7514243388 5536
54 18570.6543100034 5626
55 18568.7163450824 5717
56 18566.9379603309 5806
57 18565.3117793127 5897
58 18563.8260156347 5986
59 18562.4686716432 6080
60 18561.2281302453 6170
61 18560.0895614006 6261
62 18559.0327693374 6351
63 18558.0330436287 6441
64 18557.0636270008 6532
65 18556.0984927931 6621
66 18555.1161595427 6712
67 18554.1031832002 6802
68 18553.0610694917 6892
69 18552.0184367705 6983
70 18551.0197422034 7074
71 18550.0944615316 7163
72 18549.2486769573 7253
73 18548.4751880508 7344
74 18547.7633329805 7434
75 18547.1026726982 7529
76 18546.4814879278 7620
77 18545.8848604975 7713
78 18545.2980049799 7803
79 18544.7150468777 7894
80 18544.1426897578 7983
81 18543.5930528426 8074
82 18543.0734152985 8164
83 18542.5805950726 8254
84 18542.1038569017 8345
85 18541.6293778345 8434
86 18541.1518555191 8525
87 18540.7014103081 8615
88 18540.2819575236 8707
89 18539.886917159 8797
90 18539.5115448292 8888
91 18539.1528388575 8978
92 18538.8086062322 9067
93 18538.4770068294 9159
94 18538.1564853287 9250
95 18537.8462108624 9342
96 18537.5462049981 9432
97 18537.2566456018 9524
98 18536.9767578507 9614
99 18536.7039239067 9705
100 18536.4330120767 9796
101 18536.1554651029 9885
102 18535.8584878543 9976
103 18535.5284622847 10065
104 18535.166107935 10156
105 18534.7942167582 10247
106 18534.4370156425 10344
107 18534.1061545245 10434
108 18533.8033195337 10525
109 18533.5253886465 10615
110 18533.2676440761 10705
111 18533.0257331285 10795
112 18532.7967355735 10885
113 18532.5792603067 10976
114 18532.3727991978 11066
115 18532.1769878726 11158
116 18531.9912468258 11249
117 18531.8148077882 11340

0 189547.326618994 725
1 171078.887260967 822
2 125081.633480327 915
3 72151.3464213318 1006
4 43774.2035106004 1096
5 31298.1506873458 1187
6 25632.8695017183 1278
7 22934.4310507342 1367
8 21580.285995908 1458
9 20798.0501175842 1548
10 20295.5814561879 1641
11 19944.4510423969 1730
12 19686.0834316245 1821
13 19491.0775246308 1912
14 19343.4400173365 2002
15 19230.0525905274 2092
16 19141.6105710313 2180
17 19070.7934557514 2270
18 19011.9169115574 2359
19 18963.8976345953 2450
20 18923.3527485229 2539
21 18887.1686767416 2629
22 18854.5134490431 2719
23 18826.209084333 2809
24 18801.8958155468 2899
25 18780.68163794 2988
26 18761.9382357455 3078
27 18745.4034461769 3168
28 18730.8148889437 3260
29 18717.8486631392 3349
30 18705.9774038496 3439
31 18695.0405044675 3528
32 18684.821447806 3617
33 18675.1272658293 3709
34 18665.9443275191 3798
35 18657.3218794148 3889
36 18649.2808221818 3978
37 18641.7635153706 4070
38 18634.6454955986 4159
39 18627.9730106418 4249
40 18621.779320997 4339
41 18616.0302595012 4428
42 18610.7062883913 4517
43 18605.7698306409 4606
44 18601.1381920691 4700
45 18596.7697590215 4789
46 18592.6480928126 4879
47 18588.7332094636 4969
48 18585.0600169729 5061
49 18581.669297705 5151
50 18578.5354706191 5241
51 18575.6054788875 5332
52 18572.8496976535 5421
53 18570.256125111 5512
54 18567.8084665325 5601
55 18565.4654287172 5693
56 18563.1794689778 5782
57 18560.9490807909 5872
58 18558.8132296459 5961
59 18556.8183783128 6051
60 18554.9711218991 6142
61 18553.2542762605 6232
62 18551.6461041789 6325
63 18550.1313401375 6413
64 18548.7105759703 6504
65 18547.3924597618 6592
66 18546.1766094655 6682
67 18545.0535023224 6771
68 18544.008274076 6861
69 18543.0262440427 6950
70 18542.0964987801 7041
71 18541.2082786182 7131
72 18540.3509016513 7220
73 18539.5178252639 7310
74 18538.7104314553 7399
75 18537.931023713 7488
76 18537.172533581 7580
77 18536.4368200435 7668
78 18535.7502373893 7759
79 18535.1295027327 7847
80 18534.5725757372 7939
81 18534.070772342 8028
82 18533.615892006 8118
83 18533.2016864647 8206
84 18532.8234421376 8295
85 18532.4773464322 8384
86 18532.1600445933 8474
87 18531.8684115565 8563
88 18531.5994764136 8652
89 18531.3504286585 8742
90 18531.1186538081 8831
91 18530.9017724142 8922
92 18530.6976757079 9012
93 18530.5045542911 9101
94 18530.3209080911 9192

0 187654.813297801 716
1 167368.590428301 807
2 122111.273800561 897
3 73735.5387168764 990
4 47372.1268509937 1080
5 33462.3828179219 1171
6 26451.6083903609 1263
7 23204.8439512705 1353
8 21657.1994129893 1443
9 20844.050057826 1534
10 20360.885927181 1625
11 20039.5473167008 1715
12 19811.0280750891 1806
13 19639.393995693 1897
14 19503.5853719289 1988
15 19394.175848124 2078
16 19302.2838734795 2169
17 19225.0109339916 2259
18 19158.6479474673 2349
19 19101.8915782083 2439
20 19052.8665897528 2529
21 19009.2623357556 2622
22 18969.5996919909 2711
23 18933.1437000295 2803
24 18898.5668676656 2894
25 18865.0004767238 2984
26 18832.6436027701 3074
27 18801.3743288787 3164
28 18772.0659353591 3254
29 18744.4764517734 3343
30 18717.9794999811 3435
31 18692.8958442866 3526
32 18668.9241048631 3617
33 18646.0636002779 3707
34 18624.5098239927 3797
35 18604.0471954149 3887
36 18584.155310098 3978
37 18565.3106443498 4070
38 18547.2578468711 4159
39 18528.9631772519 4250
40 18510.2667372041 4340
41 18491.9310909991 4431
42 18474.1135457744 4520
43 18457.744545208 4611
44 18442.9681179068 4701
45 18429.442516282 4791
46 18416.7350240341 4881
47 18404.5678637222 4972
48 18393.3610713121 5063
49 18382.8416396297 5154
50 18372.7344981956 5245
51 18363.166070117 5335
52 18354.1120774336 5428
53 18345.3890485464 5518
54 18337.0002174553 5609
55 18329.0615000294 5700
56 18321.6152080411 5789
57 18314.4363027468 5880
58 18307.4014154039 5970
59 18300.7718818495 6061
60 18294.5988447354 6151
61 18288.8873769829 6243
62 18283.4766591369 6332
63 18278.2477529866 6423
64 18273.231184596 6515
65 18268.4796943929 6605
66 18264.0256927852 6697
67 18259.8935267243 6787
68 18256.0621482854 6880
69 18252.4835739753 6971
70 18249.0724111483 7062
71 18245.9451387579 7153
72 18243.0557309591 7243
73 18240.3602428343 7333
74 18237.796487553 7422
75 18235.3379636218 7513
76 18233.0471457352 7602
77 18230.9421068483 7693
78 18229.0064102497 7784
79 18227.2254133257 7875
80 18225.5948836005 7965
81 18224.1048867638 8055
82 18222.733355861 8145
83 18221.441662576 8236
84 18220.1869576871 8327
85 18218.9778149012 8417
86 18217.8367675828 8508
87 18216.7748594595 8597
88 18215.7923573532 8689
89 18214.8817255591 8778
90 18214.0339399993 8869
91 18213.243413775 8958
92 18212.5069340203 9050
93 18211.8200724726 9140
94 18211.1746824651 9229
95 18210.5604337844 9320
96 18209.9753758453 9409
97 18209.422831202 9501
98 18208.9031233379 9590
99 18208.4149605782 9683
100 18207.9566793652 9773
101 18207.5266712185 9862
102 18207.1237688321 9954
103 18206.7473581452 10044
104 18206.3970806508 10135
105 18206.0723274597 10225
106 18205.7718524273 10316
107 18205.4937635856 10406
108 18205.2358560435 10497
109 18204.9959845833 10587
110 18204.7722813148 10677
111 18204.5632651864 10767
112 18204.3678857471 10857
113 18204.1854680454 10949
114 18204.0155651252 11039

0 189951.360714751 722
1 177648.254221911 810
2 149727.985035258 902
3 105087.784451248 993
4 73727.0901619768 1085
5 58821.3739797247 1175
6 51212.7954023989 1265
7 46370.1598153023 1355
8 42437.6060518229 1444
9 38538.2385684754 1539
10 34397.5530347286 1628
11 30236.3055676444 1720
12 26542.9324991338 1809
13 23672.1508215395 1900
14 21700.5256879767 1990
15 20491.6630678472 2082
16 19800.2012418322 2172
17 19402.782054329 2262
18 19161.2320721034 2351
19 19006.258850519 2440
20 18900.8900956456 2531
21 18826.510840446 2621
22 18772.8932730709 2713
23 18733.8755327794 2802
24 18704.9167142934 2893
25 18682.3913965716 2984
26 18664.4262126575 3075
27 18649.59072203 3166
28 18636.8734606392 3255
29 18625.5759839494 3346
30 18615.5000669884 3436
31 18606.4856172823 3527
32 18598.3146878185 3617
33 18590.7703014809 3709
34 18583.6301504389 3799
35 18576.7350558862 3888
36 18569.9650867263 3979
37 18563.2109260938 4071
38 18556.19617532 4162
39 18548.7629254092 4252
40 18541.1207873927 4347
41 18533.306901565 4436
42 18525.3757300176 4529
43 18517.6089411431 4619
44 18509.9261185063 4708
45 18502.2380675315 4799
46 18494.2822605849 4889
47 18485.9252317446 4979
48 18477.3879999356 5069
49 18468.8180697622 5160
50 18460.259701625 5250
51 18451.9694490343 5340
52 18443.9097117779 5430
53 18435.9116363887 5520
54 18427.7016077046 5610
55 18419.1562846711 5700
56 18410.3139666694 5793
57 18401.3953010495 5882
58 18392.6261879853 5974
59 18384.1280366004 6066
60 18376.1033716104 6158
61 18368.5176328887 6247
62 18361.1238822618 6338
63 18354.0572266358 6428
64 18347.1831850208 6517
65 18340.3066644922 6608
66 18333.5830825888 6698
67 18327.1572707433 6789
68 18321.078067683 6879
69 18315.2246341309 6971
70 18309.553300742 7063
71 18304.0707319689 7154
72 18298.6823220626 7246
73 18293.2889339461 7337
74 18288.0412676374 7428
75 18283.0844960024 7518
76 18278.437912763 7608
77 18274.0563256687 7698
78 18269.7885632787 7790
79 18265.5985313425 7879
80 18261.5955163999 7970
81 18257.7642594462 8061
82 18254.1043499525 8151
83 18250.5732012233 8240
84 18247.3120628082 8330
85 18244.2726297982 8420
86 18241.3962645773 8510
87 18238.7172841273 8603
88 18236.2009237805 8693
89 18233.8099253103 8784
90 18231.5395612045 8874
91 18229.4052830117 8964
92 18227.4091289534 9055
93 18225.5571259887 9145
94 18223.8359957763 9236
95 18222.2184388179 9325
96 18220.6947450788 9417
97 18219.2773064079 9507
98 18217.9701361479 9599
99 18216.7616462373 9688
100 18215.6407830948 9778
101 18214.60631156 9869
102 18213.6619918826 9959
103 18212.8076194602 10053
104 18212.0362105533 10143
105 18211.3364140567 10234
106 18210.6952192932 10323
107 18210.099564229 10414
108 18209.5383625336 10505
109 18209.0052602161 10596
110 18208.4983645077 10686
111 18208.0180068454 10775
112 18207.565378178 10866
113 18207.1413795982 10956
114 18206.7459688605 11049
115 18206.3783843589 11143
116 18206.0375842286 11235
117 18205.7223509236 11325
118 18205.4311962344 11419
119 18205.1623676161 11511
120 18204.9140121905 11603
121 18204.6843749554 11694
122 18204.471915094 11784
123 18204.275313266 11876
124 18204.0934137056 11969

0 191367.203577563 731
1 178165.394795531 823
2 145304.478175242 917
3 94478.7952549745 1006
4 58673.304524841 1098
5 38218.9148435325 1189
6 28172.1442482837 1283
7 23779.4426708847 1375
8 21776.904653841 1466
9 20745.5551759892 1559
10 20152.0392495457 1651
11 19774.2948663554 1742
12 19511.9725920686 1832
13 19319.1641464569 1925
14 19172.0428184713 2016
15 19057.1150223434 2111
16 18965.1142744968 2201
17 18889.2348464231 2296
18 18827.8935191616 2389
19 18780.3752625005 2480
20 18743.3073861803 2570
21 18714.0584757869 2660
22 18690.9887991967 2751
23 18672.7533605937 2843
24 18657.8360578231 2936
25 18645.6244897014 3028
26 18635.4825190402 3124
27 18627.0154387699 3215
28 18619.7062045361 3310
29 18613.1703445045 3401
30 18607.2631827277 3494
31 18602.0838520211 3586
32 18597.555905917 3675
33 18593.576670031 3768
34 18590.0315787381 3861
35 18586.8012192018 3952
36 18583.7902486475 4044
37 18580.9310088803 4136
38 18578.2044399335 4227
39 18575.6064415192 4318
40 18573.1683920371 4409
41 18570.9246454963 4500
42 18568.854946211 4590
43 18566.9323773827 4680
44 18565.1375784653 4771
45 18563.4646616985 4861
46 18561.9151614169 4955
47 18560.4861507603 5046
48 18559.153075923 5141
49 18557.8784361007 5231
50 18556.6569271137 5322
51 18555.5046332134 5413
52 18554.428748621 5505
53 18553.4223750521 5596
54 18552.4741205369 5685
55 18551.5703124229 5776
56 18550.7036365621 5866
57 18549.873647493 5960
58 18549.0809267493 6051
59 18548.3268092158 6143
60 18547.6131590453 6233
61 18546.9411700527 6323
62 18546.3104819228 6415
63 18545.718358949 6505
64 18545.1573148068 6596
65 18544.6136220584 6686
66 18544.0838921496 6778
67 18543.5689778707 6868
68 18543.0655044326 6961
69 18542.5729901926 7052
70 18542.0942353523 7143
71 18541.6333275375 7234
72 18541.1934940536 7324
73 18540.7760456667 7416
74 18540.3805435057 7506
75 18540.0065703505 7598
76 18539.655366757 7689
77 18539.3280405704 7784
78 18539.0240236727 7874
79 18538.7409839875 7967
80 18538.474279872 8057
81 18538.2159697368 8148
82 18537.9615790816 8238
83 18537.7147644663 8330
84 18537.4780273989 8420
85 18537.2509116127 8511
86 18537.0314888168 8602
87 18536.818046725 8692
88 18536.6102075445 8784
89 18536.4091102695 8874
90 18536.2167530038 8965
91 18536.0350441894 9055

0 190620.382233017 727
1 168943.851446682 817
2 115916.24822754 907
3 64417.6007687277 997
4 39686.0780151595 1086
5 28942.7103819257 1177
6 24508.4598881906 1270
7 22536.2061047877 1361
8 21545.810613849 1452
9 20965.3782766481 1543
10 20578.2882656239 1633
11 20299.7876737939 1724
12 20090.2240223114 1814
13 19925.9902022563 1905
14 19793.9279776986 1996
15 19687.8528935806 2086
16 19602.9741390703 2178
17 19534.5973163972 2269
18 19477.572499448 2360
19 19428.4610598993 2449
20 19385.410950408 2540
21 19346.4596243661 2631
22 19311.3280387432 2720
23 19279.6746592352 2810
24 19250.6893671493 2901
25 19223.3290135858 2996
26 19198.1769696019 3086
27 19174.8579003083 3181
28 19153.1323005105 3271
29 19131.9600705784 3362
30 19111.4402915094 3453
31 19091.8281445617 3544
32 19072.9312913713 3635
33 19054.8239919147 3725
34 19037.3247696873 3816
35 19020.2226703076 3906
36 19003.3499702507 3998
37 18986.698038582 4088
38 18970.2487089779 4179
39 18954.2721634835 4269
40 18938.8873878937 4360
41 18924.3361433428 4453
42 18910.5216840737 4544
43 18897.2740161654 4636
44 18884.4995746608 4726
45 18872.1744175067 4819
46 18860.2307714445 4908
47 18848.5235646681 5001
48 18836.9413263238 5091
49 18825.5299897105 5183
50 18814.3542853216 5273
51 18803.4734552203 5367
52 18792.7880371155 5457
53 18782.2886334869 5547
54 18772.0931495791 5638
55 18762.2152487322 5728
56 18752.6733042978 5826
57 18743.4964242106 5916
58 18734.6196972308 6009
59 18726.0070929996 6099
60 18717.7642408386 6191
61 18709.8127619292 6280
62 18702.0547846543 6371
63 18694.4958835395 6462
64 18687.1687638033 6552
65 18680.1482854725 6644
66 18673.3757796329 6733
67 18666.74841289 6825
68 18660.222416566 6916
69 18653.8454035966 7007
70 18647.6539472252 7098
71 18641.6516237778 7188
72 18635.8321427281 7279
73 18630.2908148213 7370
74 18625.1355278758 7463
75 18620.4626494366 7554
76 18616.1947867644 7647
77 18612.2734197021 7736
78 18608.6593209033 7828
79 18605.4317811472 7918
80 18602.4274165976 8009
81 18599.6408227908 8100
82 18597.0707525985 8191
83 18594.6585617037 8281
84 18592.2493399247 8371
85 18589.8425750095 8465
86 18587.4042550516 8556
87 18584.8423482243 8648
88 18582.031566946 8739
89 18579.2517855508 8830
90 18576.4761151689 8921
91 18573.6379525083 9010
92 18570.6655855949 9101
93 18567.6373721224 9192
94 18564.7542657963 9285
95 18562.1794676506 9375
96 18559.9146929286 9466
97 18557.8033801216 9557
98 18555.66998303 9647
99 18553.5803454275 9737
100 18551.7277097421 9828
101 18550.1602416615 9918
102 18548.8193225071 10008
103 18547.6417752064 10102
104 18546.5879597337 10193
105 18545.6339716877 10286
106 18544.7614013336 10377
107 18543.9539794193 10468
108 18543.1991391356 10558
109 18542.4890032555 10649
110 18541.8185661057 10740
111 18541.1831869117 10829
112 18540.5772335826 10920
113 18539.9938976842 11009
114 18539.4254347873 11103
115 18538.861970493 11193
116 18538.2879904471 11286
117 18537.6833056849 11377
118 18537.0344879545 11470
119 18536.3410486554 11561
120 18535.5963014826 11652
121 18534.8114602408 11743
122 18534.0428329524 11832
123 18533.3509501882 11924
124 18532.7580813038 12014
125 18532.2558424254 12105
126 18531.8260120768 12195
127 18531.4515479424 12287
128 18531.1199127469 12377
129 18530.8234188543 12469
130 18530.5576462651 12560
131 18530.3190826846 12650
132 18530.1039744586 12741
133 18529.9085338677 12831
134 18529.7294171111 12926

0 191997.444321744 714
1 177470.974231706 806
2 136703.275725621 895
3 80901.1851997848 986
4 51490.7003912317 1076
5 37399.2116826626 1166
6 29576.9660234242 1256
7 25364.1707391418 1345
8 23144.9698362232 1439
9 21918.258673327 1528
10 21178.3894181025 1622
11 20691.1810702516 1712
12 20354.3611562866 1803
13 20112.5312442596 1892
14 19931.8136824593 1983
15 19790.7399223407 2075
16 19677.5635989556 2165
17 19586.2619373859 2257
18 19510.6269280486 2346
19 19445.8953317233 2439
20 19389.680041466 2530
21 19340.3772944061 2622
22 19296.2033044143 2713
23 19255.8394856065 2804
24 19218.9717346173 2894
25 19184.9491295521 2984
26 19152.7541028409 3076
27 19122.1193666601 3166
28 19092.7446457841 3259
29 19064.9968604711 3349
30 19038.7454062302 3440
31 19014.0183266302 3530
32 18990.825399255 3621
33 18968.6764106914 3712
34 18947.1430487126 3802
35 18926.19064188 3893
36 18905.7836362357 3983
37 18885.5962742951 4076
38 18865.808722443 4166
39 18846.9789113155 4261
40 18829.1579990488 4352
41 18812.2051016989 4444
42 18796.3853921187 4534
43 18781.5237820111 4625
44 18767.0960091182 4715
45 18753.3667329137 4805
46 18740.6451162109 4897
47 18728.5321244922 4988
48 18716.9198412756 5078
49 18705.4163287249 5168
50 18693.565163231 5260
51 18681.901540177 5350
52 18671.1174985221 5440
53 18661.392842008 5531
54 18652.1023153414 5621
55 18642.9824639386 5714
56 18634.2419179226 5804
57 18626.2706228582 5897
58 18619.1448276804 5987
59 18612.5110529732 6078
60 18606.104937508 6168
61 18600.3043528675 6261
62 18594.8293426039 6351
63 18590.181121938 6442
64 18586.150246716 6533
65 18582.554506739 6624
66 18579.294363699 6719
67 18576.2809500877 6811
68 18573.4056117426 6902
69 18570.570301106 6992
70 18567.7212797049 7086
71 18564.8786020099 7175
72 18562.1347837975 7266
73 18559.5820406357 7358
74 18557.2566707535 7449
75 18555.1420964031 7540
76 18553.1910908274 7631
77 18551.3560408897 7723
78 18549.6076854928 7814
79 18547.923978407 7905
80 18546.2806451445 7995
81 18544.6502959145 8086
82 18542.9867670641 8176
83 18541.2722480485 8266
84 18539.6094347184 8357
85 18538.1468879301 8447
86 18536.9351855478 8540
87 18535.9349019473 8631
88 18535.0709985312 8723
89 18534.2526024978 8813
90 18533.3865035403 8905
91 18532.4413703584 8995
92 18531.5232055172 9087
93 18530.7644567301 9177
94 18530.1813334418 9268
95 18529.7166963026 9359
96 18529.3164651206 9449
97 18528.9513730471 9541
98 18528.6141624304 9632
99 18528.3087681727 9726
100 18528.0381056431 9817
101 18527.8001858181 9910
102 18527.590436784 10002
103 18527.4040789579 10094
104 18527.2370332225 10186

0 190919.282090404 720
1 176965.206601253 810
2 142227.414615453 900
3 90861.8175681487 991
4 58221.7405724039 1081
5 39733.6027301697 1176
6 29784.5220797952 1266
7 24969.2101695726 1359
8 22706.9442661835 1450
9 21562.625113567 1542
10 20896.5182055684 1633
11 20461.0914093059 1724
12 20150.7213752833 1815
13 19919.1518720654 1905
14 19742.4054079689 1997
15 19604.9034641922 2088
16 19496.2690519017 2181
17 19409.4030003169 2281
18 19337.9783510938 2373
19 19278.0473067199 2464
20 19226.8080943454 2555
21 19183.057586662 2646
22 19145.4567991594 2734
23 19111.1100748932 2827
24 19078.8436211122 2918
25 19048.4937104901 3010
26 19019.8345598649 3100
27 18993.1876382641 3192
28 18967.9896656543 3283
29 18945.1692530983 3375
30 18924.6456192629 3466
31 18906.1216336737 3557
32 18889.0910198475 3647
33 18873.0569695403 3738
34 18857.7862501923 3829
35 18843.2565428172 3918
36 18829.3829342566 4013
37 18816.1705125879 4104
38 18803.9186906889 4198
39 18792.612783016 4288
40 18782.0446685464 4379
41 18772.1436748233 4469
42 18762.7175249945 4559
43 18753.7132284695 4650
44 18745.0110588941 4741
45 18736.6128559517 4832
46 18728.4651959269 4923
47 18720.607956889 5015
48 18713.0990513015 5104
49 18705.9952470451 5196
50 18699.2560615761 5285
51 18692.826645131 5375
52 18686.6007183428 5467
53 18680.4709547115 5557
54 18674.5038970159 5651
55 18668.6749603149 5741
56 18663.0312392975 5834
57 18657.5952172337 5925
58 18652.4720628795 6016
59 18647.6646947159 6107
60 18643.136901844 6198
61 18638.8157305306 6288
62 18634.6874768682 6378
63 18630.7188441895 6468
64 18626.7960233869 6559
65 18622.7798292077 6650
66 18618.560216432 6740
67 18614.1684862853 6834
68 18609.8392257545 6926
69 18605.7972739304 7017
70 18602.0883443208 7108
71 18598.6243551833 7199
72 18595.3352085671 7289
73 18592.1945570413 7380
74 18589.1884679559 7471
75 18586.3282086628 7561
76 18583.6391415203 7653
77 18581.1138482589 7743
78 18578.7189425849 7835
79 18576.4019678138 7925
80 18574.0736517848 8016
81 18571.7425301118 8106
82 18569.5549663297 8196
83 18567.5733018788 8289
84 18565.7866730048 8378
85 18564.1661125986 8471
86 18562.6866414148 8563
87 18561.3273154062 8654
88 18560.061188009 8745
89 18558.8640707223 8836
90 18557.7422442562 8926
91 18556.7022376586 9017
92 18555.7374393514 9108
93 18554.8333509602 9198
94 18553.9722264665 9289
95 18553.1447388831 9379
96 18552.3505230351 9470
97 18551.590401442 9562
98 18550.8660931638 9653
99 18550.1778909814 9744
100 18549.5219459415 9834
101 18548.8900351122 9926
102 18548.2731642383 10016
103 18547.6684965712 10106
104 18547.0811443774 10196
105 18546.5173128805 10287
106 18545.9797264652 10377
107 18545.4688307364 10468
108 18544.984409929 10558
109 18544.5259309733 10648
110 18544.0925211632 10739
111 18543.6827635411 10829
112 18543.2942031337 10920
113 18542.9240207405 11011
114 18542.5688688567 11105
115 18542.2070843729 11193
116 18541.8374365855 11287
117 18541.4873993041 11378
118 18541.1593064421 11470
119 18540.8462588272 11562
120 18540.5431156476 11653
121 18540.2511954397 11743
122 18539.9706535157 11834
123 18539.6989383024 11925
124 18539.4331110039 12017
125 18539.1714276893 12110
126 18538.9143446081 12200
127 18538.6630229488 12291
128 18538.4167548623 12382
129 18538.1762090497 12473
130 18537.9459185992 12564
131 18537.7293827391 12655
132 18537.5268115916 12746
133 18537.3365904634 12836
134 18537.1566989548 12928

0 188381.77246048 715
1 162173.094383361 807
2 108059.287766075 897
3 70765.5836282628 989
4 56191.62327555 1080
5 49137.5434993202 1169
6 44653.8581514911 1259
7 40926.4843541521 1348
8 37076.7108113197 1440
9 32849.3134421085 1530
10 28673.3117762182 1625
11 25246.4555296098 1718
12 22848.0832741822 1809
13 21338.8365201599 1899
14 20425.6907853678 1990
15 19859.9365584267 2080
16 19487.9275771601 2170
17 19227.1645853506 2261
18 19039.7878328543 2351
19 18903.0020013885 2445
20 18800.8064965313 2534
21 18721.6698187756 2627
22 18658.3935234126 2718
23 18605.6620934655 2810
24 18561.5572318168 2902
25 18525.1936243355 2994
26 18494.663275275 3083
27 18468.3260621732 3174
28 18445.4341808518 3264
29 18425.3734159292 3354
30 18407.8856421363 3446
31 18392.4135369707 3536
32 18378.5536709798 3627
33 18366.0880160339 3719
34 18354.7758113886 3811
35 18344.3821199208 3902
36 18334.7860666717 3993
37 18325.896177357 4085
38 18317.5389922306 4176
39 18309.6289116912 4269
40 18302.1221945079 4359
41 18295.1717328582 4451
42 18288.6645698268 4541
43 18282.5225469129 4633
44 18276.8033132186 4724
45 18271.379431073 4815
46 18266.2407891797 4906
47 18261.5060519606 4996
48 18257.1218380778 5087
49 18253.0980042724 5177
50 18249.3612885401 5272
51 18245.8719549347 5362
52 18242.6321043904 5455
53 18239.6470486048 5545
54 18236.9123640223 5637
55 18234.4164322949 5727
56 18232.0941598593 5818
57 18229.886425764 5910
58 18227.8000658963 6001
59 18225.8603761579 6091
60 18224.0735711781 6182
61 18222.4315417372 6274
62 18220.9169517954 6363
63 18219.5086550084 6455
64 18218.1867722867 6545
65 18216.9387596037 6635
66 18215.7634159777 6727
67 18214.6667098817 6818
68 18213.6547699047 6910
69 18212.7308007212 7001
70 18211.8933368685 7094
71 18211.1358688823 7184
72 18210.4489396537 7275
73 18209.822868228 7365
74 18209.2494650163 7455
75 18208.7224816228 7547
76 18208.2370554763 7637
77 18207.7888417417 7728
78 18207.3735609374 7818
79 18206.9870333916 7909
80 18206.6254055316 7999
81 18206.2853678616 8093
82 18205.9642950269 8183
83 18205.6602951278 8274
84 18205.3721831825 8364
85 18205.0993941838 8454
86 18204.8418283112 8544
87 18204.5996226114 8635
88 18204.3728945512 8726
89 18204.1615480326 8818
90 18203.9652071251 8911
91 18203.7832667884 9001

0 190507.954994904 723
1 172396.215251342 813
2 126726.237942723 905
3 76238.6242678935 996
4 49212.4740503246 1086
5 35034.9246800922 1177
6 27333.0977152396 1266
7 23317.1533067273 1357
8 21357.910505712 1446
9 20378.2933306995 1538
10 19852.5431383665 1628
11 19541.2038963992 1719
12 19340.0465527313 1810
13 19198.6060590722 1901
14 19093.3578487238 1994
15 19010.4377321576 2084
16 18943.6750602559 2175
17 18888.4103900932 2266
18 18841.3819923235 2357
19 18800.1816387843 2447
20 18761.9469627383 2538
21 18725.865011663 2628
22 18692.0694488469 2720
23 18659.7317617964 2809
24 18628.4320334046 2900
25 18599.2313775509 2991
26 18572.2614195571 3081
27 18547.5387290093 3172
28 18524.651753715 3261
29 18503.5030369043 3358
30 18483.8849234613 3447
31 18464.9269004997 3539
32 18446.4635730653 3629
33 18428.9426977053 3720
34 18412.5904823299 3812
35 18397.5058256574 3904
36 18383.8064800992 3996
37 18371.2477028653 4086
38 18359.4743946491 4177
39 18348.6226222952 4267
40 18338.6545682114 4358
41 18329.494482172 4448
42 18320.9114440644 4539
43 18312.9974443267 4630
44 18305.6517528901 4719
45 18298.7297699683 4812
46 18292.0008350038 4903
47 18285.7303703757 4994
48 18279.9044896582 5084
49 18274.5820598149 5175
50 18269.6256687367 5265
51 18265.0052514213 5357
52 18260.6114367092 5448
53 18256.5920225617 5539
54 18252.9020915246 5630
55 18249.4526819684 5719
56 18246.2323851602 5811
57 18243.2635168286 5903
58 18240.3890060561 5994
59 18237.7264657917 6084
60 18235.3047960212 6176
61 18233.0911687478 6266
62 18231.047968651 6355
63 18229.1466898194 6447
64 18227.3653654081 6537
65 18225.6817095678 6630
66 18224.0656662487 6720
67 18222.5138344985 6812
68 18221.0645024711 6903
69 18219.7350244502 6996
70 18218.5213854321 7087
71 18217.4118854359 7178
72 18216.3942422456 7268
73 18215.4561059649 7357
74 18214.5848938231 7448
75 18213.7712158599 7538
76 18213.0110794993 7631
77 18212.3009240501 7722
78 18211.6347388434 7817
79 18211.0054633184 7907
80 18210.407331661 7998
81 18209.8377752702 8089
82 18209.2975788964 8179
83 18208.7889638668 8271
84 18208.3133204438 8361
85 18207.8701951724 8451
86 18207.4575912861 8540
87 18207.0728003682 8632
88 18206.7131051409 8722
89 18206.3761903487 8814
90 18206.0603381563 8903
91 18205.7644365285 8995
92 18205.4878171866 9087
93 18205.2300189531 9176
94 18204.9905899793 9269
95 18204.7689678233 9359
96 18204.5644149974 9450
97 18204.3759896167 9540
98 18204.2025527941 9632

0 191529.611934959 716
1 180390.915598189 811
2 156796.921296484 903
3 114635.615342098 995
4 79832.9101890786 1087
5 58524.9273782977 1178
6 43797.5060282793 1270
7 34222.3646662024 1364
8 28253.6958478812 1456
9 24473.8499804322 1546
10 22101.720456847 1638
11 20715.3421060991 1731
12 19964.3506476157 1825
13 19570.2082403121 1915
14 19351.2800822495 2006
15 19219.5685397642 2095
16 19131.7056895981 2188
17 19065.698169046 2286
18 19014.9627798334 2377
19 18974.9210056966 2479
20 18942.7734119599 2574
21 18915.8033615082 2666
22 18892.4050964504 2758
23 18871.6185645462 2851
24 18853.21290334 2940
25 18836.5052230722 3033
26 18821.4746168858 3126
27 18807.8790580352 3217
28 18795.142178264 3309
29 18782.8506178215 3400
30 18771.534562951 3493
31 18761.2410305948 3585
32 18751.7427247589 3680
33 18742.7512726714 3771
34 18734.2765330026 3868
35 18726.2075950867 3959
36 18718.3693021233 4053
37 18710.7688018276 4144
38 18703.5271042165 4235
39 18696.5593404737 4326
40 18689.8773483217 4418
41 18683.5885558177 4511
42 18677.6066680654 4601
43 18671.850322158 4693
44 18666.238915339 4782
45 18660.8591876599 4874
46 18655.7457364295 4966
47 18650.8733794032 5061
48 18646.1859942441 5152
49 18641.6837548038 5246
50 18637.430582188 5340
51 18633.4119207295 5433
52 18629.576995499 5525
53 18625.8606896516 5615
54 18622.1325345536 5706
55 18618.2788186803 5798
56 18614.2198077998 5889
57 18609.9031718435 5979
58 18605.3983397654 6070
59 18601.0197158067 6160
60 18597.0507483041 6251
61 18593.5425142793 6342
62 18590.3051475437 6432
63 18587.1842467757 6527
64 18584.1306353451 6617
65 18581.2790167852 6708
66 18578.5855545648 6799
67 18576.0035626497 6890
68 18573.4888451578 6981
69 18570.9507217616 7072
70 18568.5858439764 7163
71 18566.4654798816 7253
72 18564.5665711973 7345
73 18562.843072384 7436
74 18561.2524821313 7526
75 18559.7644945895 7616
76 18558.3581306234 7708
77 18557.017975093 7799
78 18555.7536493512 7892
79 18554.5669822105 7984
80 18553.4523982339 8075
81 18552.4030720627 8166
82 18551.4073762723 8255
83 18550.447572812 8346
84 18549.5121245087 8439
85 18548.5968731306 8530
86 18547.7054509635 8620
87 18546.8457766393 8712
88 18546.0163230064 8803
89 18545.2030146093 8894
90 18544.3920418672 8986
91 18543.5851953502 9076
92 18542.8009262228 9167
93 18542.0601780147 9256
94 18541.3729165559 9351
95 18540.738207873 9443
96 18540.1507186629 9534
97 18539.6044811327 9624
98 18539.0935292785 9716
99 18538.6115556972 9806
100 18538.1518028304 9896
101 18537.7077484429 9986
102 18537.2748425539 10076
103 18536.8525951682 10167
104 18536.4444094283 10259
105 18536.0537686025 10351
106 18535.681243455 10442
107 18535.3271064469 10532
108 18534.9952511392 10623
109 18534.6908272725 10714
110 18534.4155629165 10805
111 18534.1673052826 10894
112 18533.9420623545 10986
113 18533.7355447714 11076
114 18533.5439060792 11168
115 18533.3643334772 11258

0 190266.452686852 724
1 173054.642031264 814
2 131955.429916122 907
3 86889.6147961421 997
4 66626.6622009062 1088
5 56871.253451156 1179
6 49152.2600052342 1269
7 41422.4793051889 1359
8 34014.2572390734 1448
9 28194.8191580035 1540
10 24636.9872259575 1630
11 22708.3563849019 1723
12 21613.0897496056 1812
13 20928.5187293351 1904
14 20475.3806954214 1995
15 20160.6380323768 2085
16 19934.3483775942 2177
17 19766.4357679255 2267
18 19639.1729010289 2358
19 19540.2947640438 2449
20 19461.3488256816 2543
21 19396.3994085217 2633
22 19340.8785267485 2726
23 19293.3722787695 2816
24 19252.6079410265 2906
25 19217.2819260632 2997
26 19184.6593341338 3088
27 19152.8099658613 3179
28 19123.7718540285 3270
29 19097.3705385753 3362
30 19072.5214976864 3453
31 19048.4380808551 3547
32 19025.5287922315 3637
33 19003.9617948359 3729
34 18983.4979821145 3819
35 18964.1110380201 3908
36 18945.6831977091 4000
37 18927.9629089461 4090
38 18910.8120179356 4182
39 18894.0092227983 4274
40 18877.4746904793 4366
41 18861.1310793192 4455
42 18844.8109671111 4546
43 18828.622644417 4638
44 18812.6060425537 4730
45 18797.1417154332 4822
46 18782.2894924531 4913
47 18767.9046438253 5004
48 18754.0559718266 5095
49 18740.6540305944 5187
50 18727.4706249658 5277
51 18714.5325886854 5368
52 18701.7289770526 5457
53 18689.1059986658 5548
54 18676.3104995891 5639
55 18663.1776850245 5729
56 18650.1897373271 5819
57 18637.3388294333 5909
58 18624.64105772 6001
59 18611.8192430235 6090
60 18598.2712417239 6187
61 18584.6265739552 6277
62 18571.2071565637 6370
63 18558.1510445414 6460
64 18545.4838478978 6551
65 18532.9414376676 6641
66 18520.2579994795 6731
67 18507.369751523 6822
68 18494.394325638 6912
69 18481.5153902965 7004
70 18469.1159889938 7095
71 18457.2438626397 7186
72 18445.9216870677 7275
73 18435.1455910829 7366
74 18424.7169886424 7458
75 18414.4471903536 7548
76 18404.6147670431 7644
77 18395.1636274296 7734
78 18386.0702736591 7825
79 18377.316945691 7916
80 18368.9123286928 8009
81 18360.7956446307 8100
82 18353.0887070171 8191
83 18345.8338951318 8281
84 18338.9040417804 8372
85 18332.2141808548 8463
86 18325.8258359735 8554
87 18319.6656617186 8645
88 18313.6986831405 8735
89 18307.9727920839 8826
90 18302.613007083 8917
91 18297.5432668249 9011
92 18292.6382745731 9105
93 18287.8023910266 9196
94 18283.0957585511 9287
95 18278.5968575862 9377
96 18274.3572054263 9468
97 18270.3563147908 9557
98 18266.5297352962 9650
99 18262.8028409448 9740
100 18259.2990388282 9832
101 18255.9851249748 9923
102 18252.7481932199 10014
103 18249.7232980084 10105
104 18246.9016469403 10197
105 18244.2585782195 10288
106 18241.7685209116 10379
107 18239.4199422195 10474
108 18237.2002214989 10563
109 18235.0875774386 10655
110 18233.0472721759 10745
111 18231.0747463789 10837
112 18229.2170417522 10927
113 18227.4960834349 11018
114 18225.9032520229 11110
115 18224.4223205391 11201
116 18223.0424744709 11293
117 18221.7560771651 11383
118 18220.5512802819 11474
119 18219.4115730162 11563
120 18218.3290010998 11655
121 18217.3068584078 11745
122 18216.3447601855 11837
123 18215.4341510806 11928
124 18214.5642263852 12018
125 18213.7283113919 12109
126 18212.9268951487 12199
127 18212.1662539569 12292
128 18211.4537855641 12382
129 18210.793453694 12473
130 18210.1843746524 12563
131 18209.6223138256 12658
132 18209.1020508529 12748
133 18208.6191708394 12839
134 18208.1707419169 12929
135 18207.7549879081 13020
136 18207.3705272439 13111
137 18207.0157809675 13202
138 18206.6887728386 13297
139 18206.3871969231 13388
140 18206.1085652098 13480
141 18205.8503435698 13571
142 18205.6100638778 13662
143 18205.3854215799 13756
144 18205.1743618711 13851
145 18204.9751482379 13941
146 18204.7864007118 14031
147 18204.6070895384 14123

0 190499.589864216 718
1 179296.058645256 810
2 156125.62236858 901
3 116939.446125406 994
4 79848.8632084795 1084
5 60633.8555936442 1175
6 51659.647980568 1266
7 46986.8460723277 1356
8 44236.0065953325 1446
9 42329.8505208492 1536
10 40693.1480710532 1628
11 39023.6418703336 1718
12 37134.7787862322 1810
13 34886.3608408961 1900
14 32265.4867462087 1991
15 29370.9658840799 2082
16 26471.7961144882 2173
17 23938.4408639397 2262
18 22062.5917445084 2354
19 20878.6039408194 2445
20 20196.0087259535 2535
21 19803.3415379038 2627
22 19563.9274206272 2717
23 19408.1835585311 2809
24 19299.1272882857 2900
25 19217.2606098013 2993
26 19152.0762706724 3084
27 19098.6066200581 3174
28 19054.1748425307 3266
29 19016.097621496 3356
30 18982.5171932799 3451
31 18952.3356823607 3541
32 18925.1984373011 3634
33 18900.5180160913 3726
34 18877.5908130086 3818
35 18855.8066660548 3909
36 18834.7335092116 4000
37 18814.3293011894 4090
38 18794.3289625148 4180
39 18774.6897777444 4272
40 18755.5302585911 4361
41 18736.8940997954 4453
42 18718.8384615227 4544
43 18701.4763644659 4637
44 18684.7793985984 4727
45 18668.4645517517 4819
46 18652.6504938471 4910
47 18637.0283795554 5001
48 18621.6015883883 5092
49 18606.3696645722 5181
50 18591.2706395002 5271
51 18576.1852284033 5362
52 18561.1446455333 5454
53 18546.3559386648 5543
54 18532.0786600103 5634
55 18518.1607683223 5724
56 18503.8368767205 5815
57 18489.677869959 5906
58 18475.6814660573 5996
59 18461.7616827711 6088
60 18447.6800801402 6178
61 18433.8861239586 6273
62 18420.8449606135 6363
63 18408.7887654098 6456
64 18397.6182014052 6546
65 18387.1128179161 6636
66 18376.9608031622 6727
67 18366.8390647344 6817
68 18357.1477637173 6909
69 18348.0918433761 6999
70 18339.5933711463 7090
71 18331.50931067 7180
72 18323.8422293337 7271
73 18316.6225352275 7362
74 18309.8343818016 7454
75 18303.3505179411 7544
76 18296.983548397 7635
77 18290.9829730747 7728
78 18285.2991300393 7817
79 18279.8367728112 7909
80 18274.6314539708 7999
81 18269.6779343935 8092
82 18265.0547800391 8182
83 18260.7426369394 8274
84 18256.7244931535 8364
85 18252.9974717625 8454
86 18249.5354058103 8545
87 18246.2827067529 8635
88 18243.2516200052 8728
89 18240.4021988017 8818
90 18237.7667565474 8910
91 18235.3736947209 9000
92 18233.1885979347 9094
93 18231.1470463512 9184
94 18229.190811836 9275
95 18227.3164627031 9365
96 18225.5142252509 9456
97 18223.7957874257 9547
98 18222.1947472586 9637
99 18220.73053821 9728
100 18219.4003301446 9818
101 18218.191571369 9911
102 18217.0898948406 10000
103 18216.0809545895 10091
104 18215.1508638675 10181
105 18214.287598706 10271
106 18213.4820943796 10361
107 18212.7269128771 10452
108 18212.0142782942 10548
109 18211.3365841257 10638
110 18210.6891829635 10732
111 18210.0723814097 10823
112 18209.490021617 10915
113 18208.9458513581 11004
114 18208.4410006732 11095
115 18207.973832897 11186
116 18207.5411884725 11276
117 18207.1397030629 11367
118 18206.7665096896 11459
119 18206.4193199401 11549
120 18206.096248281 11639
121 18205.7956734789 11731
122 18205.5161748761 11821
123 18205.2564715586 11914
124 18205.0153440112 12006
125 18204.7915709937 12096
126 18204.5839070788 12186
127 18204.3910977815 12275
128 18204.2119147776 12367

0 190696.269320424 722
1 176445.260964356 813
2 143686.611228328 902
3 95179.7824328917 997
4 67023.9919102082 1088
5 56190.6828829338 1180
6 51508.0369544885 1269
7 49058.1048874746 1360
8 47580.3554739146 1449
9 46585.6431870465 1539
10 45878.3261425317 1629
11 45348.4639916156 1719
12 44945.5439925437 1810
13 44636.91717681 1899
14 44398.8430850263 1991
15 44212.704979031 2083
16 44060.5966322601 2175
17 43933.8209228811 2266
18 43824.9560532885 2356
19 43727.6486334413 2449
20 43638.7697556116 2539
21 43552.9938823937 2630
22 43465.7575977816 2719
23 43373.2749604062 2811
24 43272.6283038352 2902
25 43157.9867152255 2992
26 43022.982067126 3083
27 42860.8628681663 3175
28 42659.7322027729 3265
29 42406.7890532612 3356
30 42083.6394855141 3446
31 41666.888043322 3536
32 41124.4045748191 3628
33 40413.3734954804 3718
34 39477.1336842822 3811
35 38242.5874869635 3901
36 36634.3948639913 3992
37 34595.1863656135 4082
38 32129.1842798274 4172
39 29364.6014383149 4262
40 26564.3987338856 4352
41 24091.0161393507 4443
42 22220.3615542483 4533
43 20992.5469582802 4624
44 20269.7690378076 4714
45 19860.4265165378 4804
46 19622.5403459595 4896
47 19473.4323779506 4985
48 19372.6107927008 5075
49 19299.9725746379 5166
50 19244.7747559122 5260
51 19201.1167697609 5350
52 19165.0394566912 5441
53 19134.0080976221 5531
54 19106.7332833675 5621
55 19082.007259415 5713
56 19059.1748952703 5803
57 19037.8595120915 5894
58 19017.6611014589 5984
59 18998.3367387788 6074
60 18979.4790295661 6166
61 18960.6456350082 6257
62 18941.1700155506 6347
63 18922.108294288 6438
64 18903.6449920218 6529
65 18885.4020233897 6619
66 18867.4419558212 6711
67 18850.001925832 6802
68 18832.7867094964 6894
69 18815.6456792749 6983
70 18798.3583001591 7076
71 18781.7091020001 7167
72 18766.1142767863 7258
73 18751.577674193 7347
74 18737.3278665525 7438
75 18724.0296123787 7528
76 18711.5951584127 7618
77 18699.7565206609 7709
78 18688.3853336455 7799
79 18677.6802904204 7892
80 18667.8287193048 7983
81 18658.8699029306 8075
82 18650.7303987145 8167
83 18643.0631613683 8258
84 18635.5764239262 8347
85 18628.7024551597 8437
86 18622.3039284837 8527
87 18616.4252190095 8617
88 18611.0727666322 8707
89 18606.0600218842 8797
90 18601.3080444581 8889
91 18596.7770763249 8979
92 18592.4071134457 9070
93 18588.2173266708 9160
94 18584.2552856573 9250
95 18580.5457014931 9341
96 18577.0948243105 9431
97 18573.9127755133 9525
98 18571.0612858823 9616
99 18568.5285853298 9711
100 18566.2539063414 9800
101 18564.183540612 9891
102 18562.2759207101 9980
103 18560.4981449482 10070
104 18558.7960184926 10160
105 18557.1253135218 10251
106 18555.4923300391 10341
107 18553.9317622072 10430
108 18552.4672070978 10521
109 18551.101728362 10610
110 18549.8339483382 10700
111 18548.6646026537 10789
112 18547.5908432592 10877
113 18546.6043744662 10969
114 18545.694415718 11060
115 18544.8497743246 11152
116 18544.0584849167 11243
117 18543.3057198058 11334
118 18542.5750256657 11423
119 18541.8600612198 11513
120 18541.1690792789 11603
121 18540.4976528597 11693
122 18539.8210281969 11783
123 18539.1743726603 11872
124 18538.5779140044 11963
125 18538.0338935106 12052
126 18537.5347643958 12143
127 18537.0705928668 12233
128 18536.6337301405 12325
129 18536.223859485 12416
130 18535.8438189193 12506
131 18535.493610078 12597
132 18535.1699643052 12686
133 18534.8677329552 12777
134 18534.5824405109 12866
135 18534.3118776512 12957
136 18534.0530110869 13047
137 18533.8011579509 13136
138 18533.5533851777 13226
139 18533.3077126881 13317
140 18533.0624299442 13407
141 18532.8228172897 13496
142 18532.5943739607 13587
143 18532.3787611355 13677
144 18532.1754819672 13773
145 18531.9833618558 13862
146 18531.8011259072 13954

0 190334.605306006 716
1 177311.03302678 812
2 147170.185177326 901
3 102492.909334959 992
4 73453.8855973383 1083
5 57072.9031556341 1173
6 44886.2174856977 1265
7 34704.9195291674 1357
8 27761.9738912379 1448
9 23932.4678543496 1537
10 21944.9672550033 1630
11 20846.4197084665 1720
12 20184.2223613892 1810
13 19757.8834330231 1900
14 19469.3041108187 1990
15 19265.4286298942 2081
16 19117.1502992216 2173
17 19005.6613787989 2265
18 18919.1824109827 2357
19 18850.3722969977 2450
20 18793.9702651656 2540
21 18747.0204882415 2634
22 18706.0578796813 2725
23 18669.4607261514 2816
24 18637.2393102631 2906
25 18608.1647478023 2996
26 18581.3388205553 3087
27 18555.5041053152 3177
28 18529.8530468518 3270
29 18506.1124376728 3361
30 18484.090324739 3453
31 18463.0608918966 3543
32 18444.2599202712 3635
33 18427.3366319223 3725
34 18411.7114464445 3814
35 18397.0012839779 3905
36 18383.1370158678 3995
37 18369.9200861103 4088
38 18357.1154640935 4179
39 18344.9707295687 4273
40 18333.6249237147 4364
41 18323.0441614916 4456
42 18313.5689142597 4546
43 18304.9703739587 4636
44 18296.9783915353 4727
45 18289.6387767307 4817
46 18282.7837758604 4907
47 18276.237699551 4997
48 18270.1485284999 5089
49 18264.5962817966 5179
50 18259.4822044064 5271
51 18254.7979547779 5363
52 18250.5710523435 5454
53 18246.7681232554 5549
54 18243.3471183529 5639
55 18240.1994877066 5730
56 18237.1224026318 5820
57 18234.2668067816 5911
58 18231.6656895195 6001
59 18229.3243648446 6094
60 18227.2294535134 6184
61 18225.3423068626 6276
62 18223.6176176158 6366
63 18222.0207190165 6456
64 18220.5318436837 6547
65 18219.1526125642 6638
66 18217.8887799071 6729
67 18216.7348560985 6820
68 18215.6805996724 6915
69 18214.7180264194 7005
70 18213.8387603529 7097
71 18213.0310382808 7186
72 18212.281162536 7277
73 18211.5765215634 7367
74 18210.9086181665 7457
75 18210.2733540418 7548
76 18209.670014907 7638
77 18209.100457944 7730
78 18208.5673319266 7820
79 18208.072096006 7912
80 18207.6143314312 8002
81 18207.1922027591 8093
82 18206.8030713447 8184
83 18206.4438818304 8274
84 18206.111507361 8368
85 18205.8031315625 8459
86 18205.5165174415 8550
87 18205.250034023 8640
88 18205.0024764781 8732
89 18204.7728314219 8822
90 18204.560120357 8913
91 18204.3633518753 9003
92 18204.1815348634 9092

0 189231.482407721 722
1 168318.46114996 813
2 120459.917580255 903
3 70728.2426951003 994
4 43970.7821717425 1084
5 31341.2139457059 1174
6 25586.4642921596 1267
7 22818.7607562424 1357
8 21367.6213792966 1448
9 20545.8992441018 1539
10 20039.1651817508 1629
11 19707.668028742 1720
12 19481.3643282872 1811
13 19321.3842546675 1902
14 19203.0506075561 1992
15 19111.5456226372 2086
16 19037.9659874228 2177
17 18977.9001437958 2273
18 18929.0833814015 2365
19 18889.8528194471 2456
20 18858.2905252628 2547
21 18832.2611517666 2636
22 18810.0058038435 2726
23 18790.1698617478 2816
24 18771.811686583 2906
25 18755.0242236103 2995
26 18739.9116721781 3088
27 18726.4210492205 3178
28 18714.4423437556 3269
29 18703.5526122184 3361
30 18693.3338149505 3454
31 18683.7089837081 3546
32 18674.8553938597 3636
33 18666.7943379421 3728
34 18659.2317707167 3818
35 18652.0926893158 3910
36 18645.4004093419 4000
37 18639.2008555069 4092
38 18633.2087684494 4181
39 18627.4605200212 4271
40 18622.0990385171 4362
41 18617.2153212145 4453
42 18612.8350630294 4544
43 18608.9006590133 4635
44 18605.2978057732 4727
45 18601.9679340665 4816
46 18598.8696044998 4913
47 18596.0883011009 5004
48 18593.5666820932 5096
49 18591.2445626123 5186
50 18589.0818311793 5277
51 18587.0591863997 5368
52 18585.1582923879 5460
53 18583.3479679377 5553
54 18581.5933687994 5644
55 18579.8680386905 5736
56 18578.1377872545 5826
57 18576.3200102517 5921
58 18574.3132908146 6013
59 18572.3393875745 6105
60 18570.5340000771 6195
61 18568.8711997546 6286
62 18567.2896420238 6379
63 18565.7668915281 6472
64 18564.3173648897 6564
65 18562.9570665856 6657
66 18561.6899371908 6749
67 18560.5075840124 6842
68 18559.3903180431 6935
69 18558.3117921972 7027
70 18557.2471193383 7117
71 18556.1796876573 7209
72 18555.1008557547 7301
73 18554.0032084855 7394
74 18552.8845582448 7485
75 18551.7577942792 7576
76 18550.6481694702 7666
77 18549.5829234639 7762
78 18548.5498514645 7854
79 18547.5146017237 7950
80 18546.4576007901 8042
81 18545.4030741922 8135
82 18544.3710752978 8226
83 18543.3606392044 8320
84 18542.3858323684 8412
85 18541.4684255344 8502
86 18540.6228069431 8594
87 18539.849646376 8685
88 18539.1330202655 8779
89 18538.4379715937 8871
90 18537.7121948433 8963
91 18536.9157739147 9052
92 18536.091218784 9146
93 18535.3540181249 9238
94 18534.7659356901 9330
95 18534.2983909547 9423
96 18533.8939232679 9515
97 18533.5100765633 9607
98 18533.1320998594 9700
99 18532.765298011 9794
100 18532.4179647625 9885
101 18532.0938045334 9977
102 18531.7932824511 10069
103 18531.5153638117 10162
104 18531.2569298853 10255
105 18531.0078195743 10346
106 18530.7651230288 10437
107 18530.5384746926 10528
108 18530.3261388077 10621
109 18530.1223938182 10711
110 18529.9226487014 10804
111 18529.7270756453 10895
112 18529.540989008 10988
113 18529.3696091113 11079

0 189721.711246448 716
1 174353.122537974 806
2 139007.558200954 899
3 87380.0572075751 991
4 53346.2350776431 1081
5 36873.837177168 1172
6 28630.722619326 1261
7 24389.6018743598 1352
8 22222.7639089533 1444
9 21088.8781035094 1536
10 20458.3278440334 1627
11 20065.3781249807 1718
12 19791.262327312 1808
13 19584.7586667333 1899
14 19423.8915062046 1991
15 19294.8529437731 2081
16 19192.0983212111 2172
17 19108.5749124983 2262
18 19040.0493679691 2360
19 18983.9123347213 2452
20 18938.6012996807 2545
21 18901.3245382705 2636
22 18870.5366783676 2728
23 18844.848509962 2818
24 18822.4357605781 2908
25 18801.9427887537 3001
26 18783.1638854901 3091
27 18765.976973246 3182
28 18750.5833233214 3273
29 18736.3749474082 3364
30 18723.0632215065 3455
31 18710.2806436507 3546
32 18697.9076514736 3636
33 18686.2280063658 3727
34 18675.265763595 3820
35 18665.2986635397 3909
36 18656.1761748506 4001
37 18647.8259645463 4091
38 18640.0411078613 4182
39 18632.6763161477 4272
40 18626.0481098594 4364
41 18620.1585697604 4454
42 18614.8570377376 4549
43 18610.019149932 4639
44 18605.5455705429 4729
45 18601.3554842819 4820
46 18597.3808997816 4910
47 18593.5509973674 5002
48 18589.8271064545 5093
49 18586.245831603 5186
50 18582.813964568 5276
51 18579.5102143367 5369
52 18576.3800295226 5459
53 18573.4414185613 5550
54 18570.6607182174 5641
55 18568.0050562641 5732
56 18565.466443783 5823
57 18563.0480934971 5913
58 18560.7527843437 6004
59 18558.5817972987 6095
60 18556.5199837186 6187
61 18554.558546114 6278
62 18552.7885615362 6369
63 18551.2890907199 6459
64 18550.0262340548 6550
65 18548.9173825122 6643
66 18547.8859514674 6733
67 18546.9039073223 6825
68 18545.9616524208 6914
69 18545.0569749395 7005
70 18544.190485846 7095
71 18543.3537648312 7187
72 18542.5271010009 7277
73 18541.6837664559 7367
74 18540.8002626794 7458
75 18539.8731851817 7550
76 18538.9237595953 7643
77 18537.9719146735 7732
78 18537.0354653826 7824
79 18536.159481119 7913
80 18535.3879634581 8005
81 18534.7320081343 8097
82 18534.1737152969 8188
83 18533.6880978159 8279
84 18533.2554853693 8369
85 18532.863242674 8462
86 18532.5029226427 8553
87 18532.1666552254 8646
88 18531.8448531135 8735
89 18531.5287344711 8827
90 18531.2195849989 8918
91 18530.929845733 9009
92 18530.6694007705 9099
93 18530.4391978183 9190
94 18530.2354874289 9281
95 18530.053773403 9371

0 190792.693736362 726
1 177546.232414164 815
2 146037.068009751 906
3 97442.4912342068 996
4 61465.2014567723 1091
5 42164.4042213483 1182
6 32516.3267822423 1272
7 27386.4152239884 1365
8 24368.1463558217 1456
9 22475.7947789506 1547
10 21241.7128080721 1636
11 20413.4384535801 1729
12 19858.0300747817 1818
13 19480.0060366752 1910
14 19219.2959781469 1999
15 19037.2181348194 2091
16 18909.6001233492 2181
17 18818.8649630183 2271
18 18752.606571095 2361
19 18702.7012245159 2451
20 18664.1449937099 2542
21 18634.1666057039 2632
22 18610.4240201611 2726
23 18591.0650423106 2816
24 18574.8324586753 2911
25 18560.9507613229 3001
26 18548.7074498302 3092
27 18537.5811817362 3181
28 18527.3486446729 3272
29 18517.9456631609 3362
30 18509.083725531 3451
31 18500.4263636059 3543
32 18491.9547493758 3633
33 18483.5942609598 3725
34 18475.3070156665 3815
35 18467.0399753152 3914
36 18458.6884849425 4004
37 18450.3337447708 4096
38 18441.9388247385 4189
39 18433.6967786746 4280
40 18425.2317457197 4371
41 18416.0356194181 4462
42 18407.1574709502 4554
43 18398.6361152753 4645
44 18389.998803708 4737
45 18380.9867579989 4827
46 18371.8441435515 4918
47 18362.8183944683 5008
48 18354.3732466368 5100
49 18346.4877970782 5191
50 18339.0341307624 5282
51 18331.6499636435 5374
52 18324.4498872829 5465
53 18317.3490301411 5560
54 18310.4215831478 5651
55 18303.9123289364 5744
56 18297.8676137981 5833
57 18292.2255059168 5924
58 18286.8752533461 6013
59 18281.8110559349 6103
60 18277.0289079529 6194
61 18272.421495297 6284
62 18267.8787141019 6376
63 18263.489110879 6466
64 18259.1916054941 6557
65 18255.0319632218 6647
66 18251.1377621134 6739
67 18247.5861293823 6829
68 18244.3781933394 6920
69 18241.4814969153 7021
70 18238.8091547364 7112
71 18236.2034055958 7204
72 18233.6783473142 7293
73 18231.2765923435 7385
74 18229.0002013677 7475
75 18226.8786187243 7566
76 18224.9267339936 7656
77 18223.1471238687 7747
78 18221.5418760895 7837
79 18220.086389287 7928
80 18218.7479793002 8019
81 18217.4891704908 8109
82 18216.2815657756 8201
83 18215.116718374 8293
84 18214.010528539 8386
85 18212.9880049297 8476
86 18212.0601380798 8567
87 18211.2232072265 8657
88 18210.4671107621 8747
89 18209.7808607716 8838
90 18209.1549520058 8929
91 18208.5821964579 9020
92 18208.0576539287 9110
93 18207.577938302 9202
94 18207.1402809412 9292
95 18206.7417985858 9383
96 18206.3791898681 9475
97 18206.048778616 9573
98 18205.7467091135 9667
99 18205.4691561518 9756
100 18205.2125016555 9846
101 18204.9734837706 9935
102 18204.7493383899 10026
103 18204.5379348689 10117
104 18204.3378679421 10208
105 18204.1484351226 10298
106 18203.9694499391 10389

0 191047.828021123 722
1 177641.150112951 814
2 144796.741067737 904
3 95506.1629867267 995
4 63866.8711957234 1085
5 47108.5718163265 1174
6 37610.0469055827 1265
7 31521.8831948269 1355
8 27121.943811242 1447
9 23967.2338287907 1536
10 21901.7010553606 1629
11 20654.2704663918 1719
12 19939.8075990548 1811
13 19532.3268485988 1902
14 19286.2273170486 1992
15 19120.8193255639 2086
16 18999.2555121379 2176
17 18904.8594052895 2268
18 18829.8664072889 2358
19 18768.9143963135 2452
20 18718.1229313861 2543
21 18675.1938663536 2634
22 18638.4940153614 2726
23 18605.5094869484 2817
24 18575.6300143186 2907
25 18548.645261798 2998
26 18524.3758345977 3089
27 18502.4720519838 3183
28 18482.6710587591 3275
29 18464.6252800371 3364
30 18447.7328453747 3457
31 18431.8600458506 3547
32 18416.7734404926 3638
33 18402.6304396117 3730
34 18389.3757401393 3820
35 18377.0792793519 3911
36 18365.5540533877 4001
37 18354.643790008 4093
38 18344.1789246257 4183
39 18334.308325916 4274
40 18325.0980349038 4364
41 18316.4938145716 4455
42 18308.4336690878 4544
43 18300.8807620168 4635
44 18293.9359535834 4726
45 18287.4922629878 4817
46 18281.5054744554 4911
47 18275.8722925408 5002
48 18270.5112806518 5096
49 18265.5344413506 5187
50 18260.9945400009 5278
51 18256.7965871898 5368
52 18252.8826319881 5459
53 18249.2530736241 5550
54 18245.8732012982 5640
55 18242.7421452007 5732
56 18239.8543764108 5821
57 18237.177711161 5914
58 18234.6758208544 6005
59 18232.3455165865 6097
60 18230.1799327356 6187
61 18228.1673252617 6277
62 18226.3020630468 6369
63 18224.5771221288 6459
64 18222.9897896041 6550
65 18221.5351401815 6640
66 18220.2017230082 6732
67 18218.9759331353 6822
68 18217.845531911 6914
69 18216.7979393612 7004
70 18215.8181446446 7095
71 18214.892733497 7185
72 18214.0157929035 7275
73 18213.1866719788 7365
74 18212.40678023 7455
75 18211.6770927143 7547
76 18210.9962000331 7637
77 18210.360877613 7732
78 18209.7681061212 7822
79 18209.2161756088 7913
80 18208.7041105509 8004
81 18208.2304800438 8094
82 18207.7928462466 8186
83 18207.3880714812 8276
84 18207.012980073 8368
85 18206.6648920102 8458
86 18206.3418180421 8550
87 18206.042325307 8642
88 18205.7652277767 8734
89 18205.5092989235 8824
90 18205.2731265677 8915
91 18205.0551119033 9004
92 18204.8535495504 9095
93 18204.6667266309 9188
94 18204.4930068072 9278

0 191668.562508925 720
1 177243.771246896 811
2 138063.320958718 902
3 86929.5769127819 992
4 62744.9835401801 1085
5 51229.6595495881 1176
6 42359.2479151981 1267
7 35033.0315118464 1358
8 29424.8578732321 1449
9 25538.298547633 1542
10 23139.104950724 1632
11 21788.6413303469 1723
12 21015.1824552103 1812
13 20523.0217858266 1903
14 20177.048975799 1994
15 19913.3290252798 2085
16 19707.4157023367 2175
17 19540.8911898721 2265
18 19403.2689074901 2355
19 19289.0267815985 2446
20 19192.7563718281 2537
21 19110.8639546496 2627
22 19041.8190638592 2722
23 18984.7410920912 2812
24 18937.6049002073 2905
25 18897.8557176814 2994
26 18864.0858166129 3085
27 18835.1171571899 3176
28 18809.2281068946 3266
29 18786.1116700853 3356
30 18765.3351792117 3447
31 18746.6541326428 3538
32 18729.7978016015 3628
33 18714.3749196302 3719
34 18700.3548113881 3810
35 18687.4654764958 3901
36 18675.7515649656 3992
37 18664.6189476891 4083
38 18653.7451237228 4176
39 18643.6024844276 4266
40 18634.365701659 4357
41 18625.8681815932 4447
42 18617.8870461865 4539
43 18610.3869616579 4630
44 18603.3889835801 4722
45 18597.1957516077 4814
46 18591.8432012224 4905
47 18587.1833558196 4997
48 18583.0239141615 5087
49 18579.2193339944 5179
50 18575.6909292051 5270
51 18572.4529944875 5361
52 18569.389916009 5452
53 18566.4897447493 5545
54 18563.8505093774 5636
55 18561.4402678289 5727
56 18559.2125532258 5816
57 18557.1173877219 5907
58 18555.1041053951 5997
59 18553.1207806909 6087
60 18551.132254532 6178
61 18549.1673194747 6267
62 18547.3017115276 6358
63 18545.5974779697 6449
64 18544.0632920406 6540
65 18542.6675867754 6630
66 18541.3986456058 6721
67 18540.2271169268 6812
68 18539.1210923175 6903
69 18538.0643112216 6999
70 18537.0515747154 7087
71 18536.0503240704 7180
72 18534.9986345079 7270
73 18533.9113163849 7362
74 18532.9018242275 7453
75 18532.0524036305 7544
76 18531.3580044325 7634
77 18530.7778411544 7725
78 18530.2775583359 7816
79 18529.8379839884 7907
80 18529.4499302519 8000
81 18529.1077085849 8090
82 18528.8059392745 8183
83 18528.539169676 8274
84 18528.302330954 8366
85 18528.091018794 8457
86 18527.9015067549 8549
87 18527.7306409466 8639

0 188804.118755086 718
1 167418.484821147 808
2 117858.624212513 898
3 71540.2992078857 993
4 46522.4591235097 1083
5 32204.3567392198 1175
6 25109.3116104053 1265
7 21941.32134187 1358
8 20492.3972012411 1449
9 19767.5401400686 1540
10 19368.2229264393 1630
11 19128.5729349173 1720
12 18975.6561750156 1813
13 18872.4584055425 1903
14 18799.7115424092 1993
15 18746.3692581444 2085
16 18706.8093209034 2177
17 18677.5040371293 2267
18 18655.5668195999 2360
19 18638.7262714003 2451
20 18625.4787451217 2542
21 18614.7875374147 2633
22 18606.0890427928 2724
23 18598.9683038668 2815
24 18593.0481028536 2906
25 18587.9900612391 2999
26 18583.5007036958 3088
27 18579.3733521816 3179
28 18575.5388394286 3270
29 18572.0026405997 3361
30 18568.7933753483 3451
31 18565.9673809169 3541
32 18563.5328510016 3632
33 18561.4411698342 3722
34 18559.6208844597 3816
35 18557.9957579189 3906
36 18556.4972212296 4001
37 18555.1005835849 4091
38 18553.8198058515 4182
39 18552.6612996469 4272
40 18551.6115853702 4362
41 18550.6490914225 4453
42 18549.7602739217 4544
43 18548.9426782868 4636
44 18548.1940265234 4726
45 18547.5049727642 4818
46 18546.8595315682 4909
47 18546.2416420027 5000
48 18545.6453334328 5090
49 18545.0710270061 5180
50 18544.5182311792 5271
51 18543.986440058 5362
52 18543.475184613 5454
53 18542.9790977847 5544
54 18542.4814709456 5635
55 18541.9589478222 5725
56 18541.4134252785 5816
57 18540.8835652304 5906
58 18540.4044563118 5996
59 18539.9858339804 6087
60 18539.6209949573 6177
61 18539.2986723919 6269
62 18539.0089852994 6359
63 18538.7451333341 6451
64 18538.5030220824 6541
65 18538.2802870366 6635
66 18538.0754474994 6725
67 18537.8873737125 6817
68 18537.7150092102 6908

0 190580.091230409 720
1 174289.417475689 810
2 135704.357381304 899
3 87386.6674256781 992
4 61229.5430329731 1082
5 50472.6108345674 1175
6 44814.2187370757 1266
7 40414.6641521918 1358
8 36091.8133507939 1449
9 31785.5349062335 1541
10 27912.3088114892 1632
11 24884.2114151611 1723
12 22809.0033579077 1813
13 21505.5575038241 1903
14 20723.2499299314 1993
15 20246.47487327 2084
16 19938.1859285733 2175
17 19725.8372517219 2265
18 19571.0656037854 2358
19 19453.8826612476 2449
20 19363.4179847984 2540
21 19292.5205552417 2632
22 19234.4880480618 2721
23 19186.1901584221 2812
24 19146.2344007211 2903
25 19111.9338215875 2994
26 19082.0344642398 3083
27 19055.0125278277 3176
28 19029.5862787424 3266
29 19005.7722530872 3356
30 18983.2218237871 3451
31 18961.7436006822 3542
32 18941.323722404 3632
33 18921.8487513423 3722
34 18903.3120007919 3813
35 18885.7089412606 3904
36 18869.0932368929 4001
37 18853.2955941398 4091
38 18838.3017601322 4183
39 18824.0464827085 4273
40 18810.5487223079 4364
41 18797.6400848749 4454
42 18785.22681859 4543
43 18773.1599262313 4635
44 18761.5301957653 4724
45 18750.3676245293 4815
46 18739.6702361175 4904
47 18729.5330872517 4997
48 18720.0601540021 5088
49 18711.1179886503 5179
50 18702.6029289411 5269
51 18694.4342751102 5360
52 18686.499799098 5453
53 18678.8717128274 5543
54 18671.4930654699 5633
55 18664.4977202434 5722
56 18657.8563992284 5815
57 18651.4407429508 5904
58 18645.3798668807 5996
59 18639.6454067369 6085
60 18634.2004865039 6176
61 18629.0087783541 6265
62 18623.9718903375 6355
63 18619.0765924293 6445
64 18614.4522908734 6536
65 18610.1099997256 6629
66 18606.0255232209 6720
67 18602.1765265321 6816
68 18598.5350048353 6907
69 18595.0573986937 6999
70 18591.6783421535 7088
71 18588.3285191117 7179
72 18585.1124285767 7270
73 18582.0705166536 7359
74 18579.2212154968 7453
75 18576.5641783348 7546
76 18574.0934668995 7641
77 18571.7948679002 7732
78 18569.6041143402 7823
79 18567.5183266906 7914
80 18565.5450837706 8004
81 18563.6627323918 8095
82 18561.8622294297 8186
83 18560.1518802205 8278
84 18558.5394391469 8368
85 18557.018341347 8459
86 18555.5698955892 8549
87 18554.1772919994 8640
88 18552.841448237 8731
89 18551.5770175021 8822
90 18550.3938453482 8913
91 18549.2890362623 9002
92 18548.2510391376 9093
93 18547.2669257589 9183
94 18546.3290769992 9276
95 18545.4366917626 9365
96 18544.5915928764 9459
97 18543.7934765249 9549
98 18543.0374462481 9638
99 18542.314553704 9728
100 18541.6157534908 9819
101 18540.9371763591 9909
102 18540.281345459 9999
103 18539.652605525 10090
104 18539.0533065836 10180
105 18538.4834946162 10272
106 18537.9411764637 10362
107 18537.4214321644 10454
108 18536.9148556333 10544
109 18536.409073507 10634
110 18535.898966923 10725
111 18535.3927261488 10816
112 18534.9020960137 10912
113 18534.4345520249 11002
114 18533.9927736118 11094
115 18533.5756786373 11183
116 18533.1788304016 11276
117 18532.7932472098 11366
118 18532.4029312593 11457
119 18531.994811967 11548
120 18531.5699185668 11638
121 18531.1355667134 11729
122 18530.7056702731 11818
123 18530.2988082953 11910
124 18529.9295460472 12000
125 18529.5985614986 12093
126 18529.2974152747 12183
127 18529.0285329573 12275
128 18528.7872476509 12365
129 18528.5684126279 12455
130 18528.3682589302 12548
131 18528.183970152 12639

0 189852.694280639 714
1 177733.706100485 803
2 152622.996605639 897
3 110485.500621503 989
4 76895.0725732443 1082
5 60441.3144119838 1172
6 49737.2822923607 1262
7 40657.1194897571 1353
8 32919.555046376 1443
9 27331.7793627256 1534
10 24035.9604364161 1624
11 22289.9187717263 1716
12 21352.2832266719 1806
13 20789.7368372018 1899
14 20418.2502844383 1990
15 20149.3984404791 2081
16 19940.1496194767 2171
17 19764.6160887037 2262
18 19612.1309247656 2355
19 19478.5397302487 2445
20 19357.024526601 2536
21 19246.6716429835 2626
22 19146.1723177697 2720
23 19056.9810071926 2811
24 18976.6476088791 2904
25 18903.529311424 2996
26 18836.3149427303 3090
27 18775.6017191509 3181
28 18721.0084062664 3272
29 18672.455071829 3365
30 18630.0317393679 3458
31 18592.5362907374 3549
32 18559.3946581365 3641
33 18530.4521996373 3737
34 18504.9064531972 3828
35 18481.3913520449 3923
36 18459.1836014843 4016
37 18438.7875475479 4108
38 18420.2180952297 4200
39 18403.2894927854 4290
40 18387.867394957 4380
41 18374.220891891 4471
42 18362.3960137781 4563
43 18352.0133300732 4654
44 18342.7309215481 4745
45 18334.2474010227 4834
46 18326.3615136022 4926
47 18318.9473895451 5018
48 18311.8753863773 5111
49 18305.285082523 5203
50 18299.1041219642 5295
51 18293.2411904026 5386
52 18287.61922267 5477
53 18282.367388222 5572
54 18277.5092261499 5663
55 18273.0160832299 5756
56 18268.7828769285 5848
57 18264.7400871396 5940
58 18260.8898556037 6031
59 18257.3225103289 6122
60 18254.011310263 6214
61 18250.8938944757 6306
62 18247.924764517 6397
63 18245.1004242086 6486
64 18242.3906035752 6581
65 18239.7779401966 6673
66 18237.3585267313 6766
67 18235.1116801836 6857
68 18233.0168288777 6947
69 18231.0662750508 7039
70 18229.2561638907 7130
71 18227.5776287017 7223
72 18226.0104334071 7315
73 18224.5145606941 7407
74 18223.0520131545 7499
75 18221.6619147232 7591
76 18220.3680167774 7683
77 18219.1707644113 7774
78 18218.0613132122 7865
79 18217.0303109568 7956
80 18216.0740619171 8047
81 18215.1914214726 8138
82 18214.3777686957 8230
83 18213.6249141001 8320
84 18212.9232073941 8412
85 18212.2557618672 8503
86 18211.5940529207 8594
87 18210.9741958239 8683
88 18210.3902093936 8775
89 18209.8379829911 8866
90 18209.3156387557 8957
91 18208.8218613469 9049
92 18208.3561993658 9139
93 18207.9193783246 9230
94 18207.5113615225 9321
95 18207.1304925661 9415
96 18206.7744048981 9506
97 18206.4409051522 9600
98 18206.1283114713 9691
99 18205.8354179078 9782
100 18205.5612775498 9872
101 18205.3049641818 9962
102 18205.0654386878 10052
103 18204.8415645216 10142
104 18204.632224054 10232
105 18204.4364440153 10322
106 18204.2534569942 10415
107 18204.0826786885 10505

0 188143.345478828 725
1 161548.161665684 815
2 108214.684524797 908
3 73121.9080555728 999
4 57798.3866348753 1090
5 47816.771257141 1180
6 38812.2351286384 1270
7 31058.343971125 1362
8 25937.399458758 1453
9 23071.4913580506 1545
10 21497.5021155006 1636
11 20588.1810732149 1729
12 20028.2785098021 1818
13 19661.5861804388 1910
14 19408.9382679774 2002
15 19227.7228533888 2091
16 19093.3760492513 2183
17 18990.0822081089 2274
18 18907.5231235518 2365
19 18839.4726738036 2454
20 18781.3070632651 2547
21 18730.9563575322 2638
22 18686.3396514062 2729
23 18645.3964342822 2820
24 18607.4881124996 2911
25 18572.4330986478 3002
26 18540.4062337595 3092
27 18510.7156773255 3185
28 18483.9859269572 3275
29 18460.2013178921 3368
30 18437.8726891188 3458
31 18418.0532301496 3549
32 18400.2801279034 3639
33 18384.2657260421 3730
34 18369.4802588093 3821
35 18356.1818601938 3910
36 18344.5235747294 4000
37 18334.3290691292 4090
38 18325.2825185259 4181
39 18317.0490224622 4271
40 18309.5750241581 4364
41 18302.6753488159 4453
42 18296.229331115 4545
43 18290.1520455813 4637
44 18284.3517975627 4728
45 18278.8383487287 4819
46 18273.5656156836 4909
47 18268.5820235098 4999
48 18263.9515859446 5090
49 18259.6610651861 5182
50 18255.6773288553 5273
51 18251.9471506713 5363
52 18248.4544750833 5453
53 18245.210921535 5542
54 18242.2093341573 5640
55 18239.3915878416 5731
56 18236.7395329745 5822
57 18234.2441989256 5911
58 18231.9156623329 6006
59 18229.7606762794 6097
60 18227.7818772405 6191
61 18225.9769383112 6281
62 18224.3080434701 6373
63 18222.7303242434 6463
64 18221.2436117178 6555
65 18219.8538053105 6646
66 18218.5633800483 6738
67 18217.373541368 6830
68 18216.2796436991 6920
69 18215.2731221467 7013
70 18214.3443275207 7103
71 18213.4843401741 7194
72 18212.6864796031 7285
73 18211.9456192468 7376
74 18211.256288141 7469
75 18210.6123828696 7559
76 18210.0085534773 7650
77 18209.4414310202 7740
78 18208.9094275286 7831
79 18208.4115219522 7922
80 18207.9461843588 8013
81 18207.5110832748 8103
82 18207.1035908262 8195
83 18206.7215609028 8285
84 18206.36373693 8376
85 18206.0295707519 8466
86 18205.7187123844 8556
87 18205.4305494646 8648
88 18205.1640086164 8739
89 18204.9176222952 8836
90 18204.6897392868 8926
91 18204.4787408821 9018
92 18204.2831811681 9108
93 18204.1018342808 9198

0 190866.373010967 719
1 177511.867359556 809
2 142993.568728012 900
3 87380.7533391465 989
4 49617.3433040657 1082
5 32490.4158708474 1172
6 25729.9052959925 1265
7 22916.0734857104 1355
8 21579.3610132213 1447
9 20800.0744930016 1539
10 20280.5486370008 1630
11 19902.2508107007 1720
12 19614.411228736 1811
13 19387.7716536478 1903
14 19203.0471232422 1992
15 19050.8496595124 2084
16 18924.5626038668 2174
17 18817.866131206 2266
18 18724.352884859 2356
19 18645.5669054695 2449
20 18580.8211379322 2539
21 18528.2185658847 2631
22 18485.1028331614 2722
23 18449.8279572937 2812
24 18420.4388898988 2904
25 18395.2595965 2994
26 18373.1537306355 3087
27 18354.0842379379 3178
28 18337.5727012395 3270
29 18323.4709612669 3361
30 18311.1738613678 3453
31 18300.1730099122 3544
32 18290.4487913434 3634
33 18281.6815479922 3725
34 18273.822229717 3814
35 18266.81351381 3907
36 18260.578009766 3998
37 18255.0936372282 4090
38 18250.1982089148 4180
39 18245.7478157292 4271
40 18241.6032251538 4361
41 18237.7823420352 4452
42 18234.3234562125 4543
43 18231.1898015829 4635
44 18228.3687996793 4726
45 18225.8744644298 4815
46 18223.6896296208 4907
47 18221.7461701929 4997
48 18219.9395269114 5087
49 18218.3278758649 5179
50 18216.8756589119 5271
51 18215.5441331573 5364
52 18214.3350423198 5455
53 18213.2493951272 5549
54 18212.2735913326 5645
55 18211.3927163693 5737
56 18210.5950150532 5826
57 18209.8710588278 5918
58 18209.2110923468 6008
59 18208.60515278 6099
60 18208.0451694691 6189
61 18207.525860754 6279
62 18207.0440787906 6369
63 18206.597911553 6459
64 18206.1860641946 6550
65 18205.8074075685 6641
66 18205.4607460466 6736
67 18205.1447719751 6826
68 18204.857991277 6918
69 18204.5985860427 7008
70 18204.3643596596 7099
71 18204.1528310307 7189
72 18203.961414202 7282
73 18203.7875979865 7373

