0 213805.235358513 104
1 195350.103690747 203
2 206331.945006192 310
3 189663.63402438 414
4 169182.943742568 521
5 151453.367158769 619
6 137335.18844961 719
7 107129.075647277 815
8 80367.0805341533 916
9 66350.9706169985 1014
10 54645.4666067933 1113
11 48263.4079008353 1211
12 45225.4929273539 1311
13 42144.442773248 1409
14 40263.9829571699 1509
15 38662.1980281266 1606
16 37803.644523437 1708
17 37174.0159057517 1806
18 36630.4441667618 1906
19 36212.1774321198 2005
20 36020.6817160062 2104
21 35871.297307112 2202
22 35756.4858593639 2302
23 35620.8907344252 2402
24 35538.5683183915 2502
25 35502.5491631071 2601
26 35481.6631493202 2698
27 35467.7076353452 2801
28 35459.6732825213 2898
29 35452.1221783264 2998
30 35447.8046980652 3097
31 35444.2000218411 3201
32 35442.9944532521 3300
33 35441.2926613604 3404
34 35439.5740850787 3507
35 35438.4938337569 3607
36 35437.5136672541 3704
37 35437.155178625 3804
38 35436.3981863813 3900
39 35436.0070598631 4003
40 35435.5183603002 4100
41 35435.3728132291 4203
42 35435.0744285339 4300
43 35434.8541184278 4403
44 35434.8437398748 4503
45 35434.6070275492 4612
46 35434.309568217 4709
47 35434.3008257824 4816
48 35434.1705791519 4914
49 35434.106077436 5016
50 35433.9628409003 5113
51 35433.9391747804 5217
52 35433.8767925489 5314
53 35433.8471177126 5421
54 35433.801806784 5519
55 35433.7593942583 5621
56 35433.6926076591 5719
57 35433.6420078914 5824
58 35433.5956673832 5923
59 35433.5709972227 6029
60 35433.5630547132 6127
61 35433.5533584536 6235
62 35433.5341171418 6333
63 35433.5213080475 6436
64 35433.4872095185 6534

0 184861.816937238 104
1 206641.36123688 200
2 205594.400544741 301
3 190156.364091333 399
4 181031.052183369 500
5 144343.605290279 600
6 136507.823414153 703
7 110162.812384694 799
8 81897.13008048 905
9 66575.7875055044 1003
10 55478.0556274706 1105
11 48236.9968847275 1202
12 44475.7087371381 1302
13 42503.5178331469 1397
14 39966.4782780135 1497
15 38384.7078554199 1593
16 37707.8903008286 1694
17 37220.4595210605 1790
18 36601.8623981861 1892
19 36309.6655402619 1991
20 35969.4703571727 2091
21 35915.5029229539 2187
22 35760.39932242 2293
23 35617.4076114679 2393
24 35549.1063169974 2497
25 35506.6164869522 2599
26 35484.9429522186 2700
27 35468.9381990874 2798
28 35458.0225854541 2899
29 35454.0333613099 3002
30 35448.3388734811 3106
31 35444.9176864237 3204
32 35442.1669913823 3306
33 35441.5853886376 3406
34 35439.979614812 3509
35 35438.6744592481 3611
36 35437.6380189257 3724
37 35437.003864074 3826
38 35436.3310563046 3933
39 35435.946483972 4031
40 35435.8440249465 4133
41 35435.4355117652 4231
42 35435.1947855393 4333
43 35434.8504501393 4434
44 35434.6666661402 4538
45 35434.5865957787 4636
46 35434.4914385833 4737
47 35434.3092049853 4837
48 35434.1530216259 4947
49 35434.1387675165 5046
50 35434.0671156847 5152
51 35433.9619064649 5252
52 35433.94490423 5364
53 35433.838423427 5464
54 35433.8135604777 5581
55 35433.742001524 5684
56 35433.7191597709 5787
57 35433.7093677601 5886
58 35433.678468379 5989
59 35433.6138826633 6086
60 35433.5710745226 6189
61 35433.5508217075 6290
62 35433.5348971163 6403
63 35433.5125730456 6502
64 35433.4933086838 6602

0 198623.451884826 102
1 181304.482581696 203
2 199437.878814342 304
3 199652.29338976 407
4 176465.457208834 506
5 156321.978815822 607
6 133731.509843817 707
7 101246.997106811 820
8 80650.2374314461 925
9 66230.3523673866 1028
10 54452.7788624594 1130
11 49967.8567619778 1229
12 44372.4542592229 1328
13 41828.622703215 1428
14 40151.3243384946 1525
15 38587.8279267387 1624
16 37870.4746911849 1721
17 37166.010884172 1821
18 36668.5460026657 1918
19 36294.5722183839 2018
20 36004.7499420667 2115
21 35861.1097985715 2214
22 35748.3060726451 2317
23 35616.7301692734 2420
24 35538.5056809202 2517
25 35509.224018761 2626
26 35480.5023709957 2725
27 35466.8138313575 2827
28 35459.739016809 2924
29 35454.0379508313 3027
30 35447.9681822352 3126
31 35444.2876288748 3227
32 35442.3762798835 3325
33 35440.9353114305 3426
34 35439.2163355214 3524
35 35438.6204133421 3624
36 35437.8721567818 3722
37 35436.9504602391 3824
38 35436.6944938444 3923
39 35436.1715012686 4030
40 35435.6273095685 4128
41 35435.290097023 4232
42 35435.1414245425 4330
43 35434.9007108514 4432
44 35434.7307283877 4529
45 35434.6377730416 4630
46 35434.3663014782 4728
47 35434.3315974373 4831
48 35434.2094965799 4931
49 35434.0821134209 5033
50 35433.9877896286 5131
51 35433.9718697542 5232
52 35433.9392372388 5334
53 35433.8433799991 5447
54 35433.8098217068 5545
55 35433.7148705541 5648
56 35433.6643803504 5747
57 35433.6387630338 5849
58 35433.6210256796 5948
59 35433.6340610407 6049
60 35433.6015679723 6147
61 35433.5789287164 6248
62 35433.5284893264 6346
63 35433.5164186031 6447
64 35433.4824354553 6546

0 197463.494775786 104
1 188004.970447367 203
2 186841.710786153 312
3 181161.451067054 410
4 173008.609112199 512
5 153809.374543087 610
6 139680.521690458 714
7 109027.616652514 814
8 81894.0889531519 916
9 64951.6516014874 1013
10 55621.813359927 1114
11 48709.5620045779 1213
12 44595.9740652857 1314
13 41839.9069910679 1411
14 39796.7122284376 1510
15 38983.1062896947 1606
16 37736.5715084235 1713
17 37182.9623448264 1811
18 36576.7010683763 1912
19 36280.4287292741 2011
20 36008.0522334305 2111
21 35885.0551415986 2210
22 35747.4085430933 2312
23 35618.3104438135 2411
24 35546.4210537154 2513
25 35502.9537633541 2612
26 35484.0211604256 2714
27 35468.9450145158 2813
28 35459.5795913575 2915
29 35453.7820394357 3016
30 35447.6065257282 3119
31 35444.6961671712 3220
32 35443.3020032591 3322
33 35441.1599391319 3421
34 35439.6806982025 3520
35 35438.2077872872 3620
36 35437.6743365638 3719
37 35437.0597790218 3821
38 35436.4726833369 3921
39 35436.1964800697 4021
40 35435.6287208065 4121
41 35435.4120529747 4221
42 35435.052861983 4324
43 35435.0046235151 4431
44 35434.6245101245 4532
45 35434.5453062192 4635
46 35434.4056067284 4736
47 35434.2458856889 4836
48 35434.1553852252 4936
49 35434.1038999904 5035
50 35434.1391262286 5134
51 35433.962254439 5234
52 35433.9220395598 5332
53 35433.8761583356 5432
54 35433.8210828496 5529
55 35433.7796159241 5629
56 35433.7284817029 5730
57 35433.6619844332 5836
58 35433.6042142933 5934
59 35433.6094902384 6034
60 35433.5661218856 6133
61 35433.5492647562 6233
62 35433.5485225933 6331
63 35433.5095059028 6433
64 35433.4899266581 6532

0 193105.551945843 99
1 188229.63826177 197
2 203048.318476576 297
3 197016.928929537 395
4 174078.474290281 497
5 156538.29487023 596
6 135155.559765472 702
7 109705.795825356 799
8 79134.7571548689 904
9 67992.8931042298 1001
10 56424.7533956973 1103
11 49761.3148455732 1199
12 44880.5268365215 1301
13 41920.8697693163 1397
14 40359.5222794682 1498
15 38655.3243204206 1593
16 37890.9518146707 1694
17 37350.8236951119 1790
18 36577.8971968765 1891
19 36288.0143848439 1987
20 36005.8654358868 2092
21 35916.6832270341 2188
22 35751.823659716 2295
23 35615.3751886664 2393
24 35549.8793283281 2494
25 35502.234126699 2592
26 35487.7793796965 2694
27 35470.6285090934 2795
28 35460.7095920976 2897
29 35453.9473633193 2995
30 35448.3042774066 3095
31 35444.4970418236 3194
32 35442.2491514721 3297
33 35441.0532194085 3395
34 35439.2345512227 3501
35 35438.6028903965 3599
36 35437.9550182009 3704
37 35436.8538544499 3804
38 35436.3430925328 3908
39 35436.015511431 4008
40 35435.7522014842 4108
41 35435.3823505873 4208
42 35435.0490723445 4315
43 35434.9670704294 4413
44 35434.7402887417 4515
45 35434.5041954709 4613
46 35434.3689125498 4714
47 35434.2632774826 4813
48 35434.1388621266 4919
49 35434.0875014588 5017
50 35434.0203496047 5123
51 35433.9634268402 5222
52 35433.9029106421 5324
53 35433.8534264272 5421
54 35433.8262147622 5522
55 35433.7483558802 5621
56 35433.7128462328 5722
57 35433.6857832902 5820
58 35433.6490860144 5922
59 35433.6138135343 6020
60 35433.5896506696 6121
61 35433.5579609832 6219
62 35433.5717651123 6324
63 35433.5203294166 6422

0 180993.087478675 105
1 198347.083732025 204
2 192294.627033763 305
3 198238.893573356 403
4 193959.237324027 504
5 154383.487512867 602
6 134418.119771998 702
7 101488.74139838 802
8 80767.1237898268 904
9 66604.583999038 1001
10 54735.7927590356 1099
11 48863.7773905528 1198
12 44762.0277818646 1295
13 42174.0282791 1396
14 39867.24262935 1494
15 38612.2201309782 1594
16 37856.3197572385 1691
17 37344.7798691069 1790
18 36658.0159142898 1886
19 36214.4454220843 1986
20 36025.320655712 2081
21 35858.6440333401 2181
22 35754.8104424125 2279
23 35612.9536686895 2381
24 35545.0520421707 2478
25 35507.4617375527 2580
26 35485.2029371068 2676
27 35468.8119708629 2787
28 35457.4398315803 2892
29 35452.327007602 2995
30 35446.8149731551 3093
31 35445.3464113031 3197
32 35442.3067105572 3295
33 35441.1021614349 3398
34 35439.5391654478 3497
35 35438.4086672688 3600
36 35437.5590329342 3697
37 35436.910341377 3803
38 35436.5644126197 3903
39 35436.1105089669 4013
40 35435.823591774 4112
41 35435.4350941508 4215
42 35435.2559704901 4314
43 35435.0516245044 4423
44 35434.7425079186 4525
45 35434.5735330829 4625
46 35434.3631597967 4723
47 35434.2733631174 4825
48 35434.2080250669 4923
49 35434.108672379 5024
50 35434.0217110709 5121
51 35433.9746181008 5224
52 35433.8906316062 5325
53 35433.8997386157 5432
54 35433.8057742048 5539
55 35433.7946190371 5647
56 35433.7209756161 5761
57 35433.6572499134 5870
58 35433.6151206101 5981
59 35433.6129650537 6087
60 35433.5985072544 6197
61 35433.5594336038 6301
62 35433.5344025692 6415
63 35433.518046464 6525
64 35433.4916436822 6631

0 192160.150705128 102
1 198680.015885848 212
2 177092.385367044 315
3 208341.611869536 425
4 175578.639161305 532
5 165006.463764185 637
6 131315.728183513 759
7 104870.257136998 868
8 83810.7792672493 974
9 64499.226159003 1075
10 57168.7853546433 1180
11 50148.3935908225 1291
12 44934.0037227467 1399
13 42003.4692393352 1495
14 39967.5550341135 1602
15 38728.3818375733 1698
16 37843.6004676781 1801
17 37281.0820670214 1898
18 36609.8121805867 1997
19 36214.5866033084 2093
20 36047.1529949879 2193
21 35917.1932417428 2290
22 35742.7718731384 2389
23 35599.5038810588 2488
24 35545.0832072074 2589
25 35504.9723677111 2689
26 35479.4889783309 2789
27 35467.2397259022 2889
28 35458.7367107955 2991
29 35453.2136234382 3090
30 35448.3246585162 3193
31 35444.8768654499 3295
32 35442.285133273 3394
33 35441.1669638837 3493
34 35439.1147030021 3591
35 35438.4200833196 3691
36 35437.5895290237 3790
37 35437.073810954 3890
38 35436.4502078093 3988
39 35436.0874187161 4088
40 35435.5294316258 4186
41 35435.4365046692 4287
42 35435.0519808522 4387
43 35434.8128691631 4495
44 35434.6695824425 4593
45 35434.5549952124 4694
46 35434.3873397851 4797
47 35434.3355693947 4896
48 35434.2637582121 4994
49 35434.1374470024 5096
50 35434.0383356073 5195
51 35433.9927715892 5295
52 35433.9254249249 5392
53 35433.8766264208 5494
54 35433.801872193 5591
55 35433.7311884264 5694
56 35433.6853039507 5795
57 35433.6645715315 5903
58 35433.6368011323 6001
59 35433.6017968453 6104
60 35433.5899464104 6205
61 35433.5339192185 6305
62 35433.5081320232 6404
63 35433.4937485093 6504
64 35433.4809191694 6601

0 212171.665238591 104
1 196916.459738929 202
2 202074.995372149 303
3 190835.232380307 400
4 179202.969666891 501
5 160186.857613417 600
6 144507.370178609 707
7 97004.3036831395 804
8 83577.8896268177 909
9 64199.7346135258 1008
10 54479.887235225 1109
11 49225.9352687577 1207
12 44601.031734398 1308
13 41566.7155875719 1403
14 40321.6559768251 1502
15 38843.7701521697 1600
16 37752.1325879686 1701
17 37221.9329109661 1797
18 36641.6588920866 1897
19 36228.6137710395 1993
20 36000.6980784051 2097
21 35901.42993696 2194
22 35730.3126994655 2298
23 35607.5274806375 2397
24 35550.8401875385 2497
25 35501.0347829908 2599
26 35483.6398827203 2705
27 35469.7163509669 2805
28 35461.576829787 2907
29 35454.020431346 3007
30 35447.6573828623 3108
31 35444.9751348566 3207
32 35443.505949669 3307
33 35440.3613700675 3404
34 35439.4389791729 3511
35 35438.4434355611 3612
36 35437.6164878781 3712
37 35436.9566953668 3810
38 35436.0316738611 3909
39 35435.6788764086 4008
40 35435.6109461545 4107
41 35435.2873423044 4207
42 35435.0697534136 4306
43 35434.9515259494 4405
44 35434.7403017543 4504
45 35434.5146395264 4604
46 35434.4581802927 4711
47 35434.3281266005 4809
48 35434.2502396523 4913
49 35434.1241447082 5013
50 35434.0669791421 5115
51 35434.0022020448 5215
52 35433.9931218165 5317
53 35433.9318471212 5417
54 35433.815556269 5516
55 35433.8003532182 5617
56 35433.742028313 5718
57 35433.6703395534 5817
58 35433.6500947942 5916
59 35433.6153998267 6016
60 35433.5870553418 6114
61 35433.5620441959 6217
62 35433.5547131278 6320
63 35433.5273128793 6424
64 35433.5065618345 6525

0 205165.0025194 100
1 193872.977760155 198
2 186037.036042456 296
3 170719.874721665 395
4 171592.667767743 495
5 169741.492426912 595
6 134177.405156121 695
7 107467.167976171 793
8 81914.3493708204 893
9 67729.0031523265 989
10 54083.823084744 1090
11 49900.007829344 1189
12 44757.0853627574 1291
13 41918.0774660554 1388
14 40110.4067645862 1490
15 38624.2981197387 1588
16 37759.9130705676 1688
17 37233.1081244054 1786
18 36655.6311617799 1886
19 36228.6119055653 1982
20 36011.655230224 2084
21 35938.2585402643 2182
22 35745.1974426094 2288
23 35620.6958775394 2386
24 35536.0207946134 2492
25 35503.0157938442 2591
26 35482.6010520302 2699
27 35469.6780626526 2797
28 35460.8229719871 2904
29 35452.490484738 3001
30 35448.3147955416 3106
31 35444.6781506086 3208
32 35443.0220102725 3309
33 35440.6978614304 3405
34 35439.2783124547 3508
35 35438.6656381174 3607
36 35437.7189884016 3710
37 35437.2312857575 3807
38 35436.5675202954 3910
39 35435.9801833117 4007
40 35435.6716166797 4114
41 35435.3429491698 4212
42 35435.2219407895 4317
43 35434.7953093804 4415
44 35434.7883470542 4518
45 35434.525098252 4616
46 35434.4031173648 4719
47 35434.2301610248 4819
48 35434.1316821734 4922
49 35434.059108558 5020
50 35433.9953448911 5124
51 35433.9830924714 5221
52 35433.9187466139 5324
53 35433.8693061576 5421
54 35433.805571902 5532
55 35433.7505835233 5631
56 35433.7014156119 5733
57 35433.6575828105 5832
58 35433.6105568687 5936
59 35433.6165022956 6033
60 35433.5766857996 6137
61 35433.5428124437 6235
62 35433.5224702544 6339
63 35433.5089600665 6437

0 204213.457266603 104
1 189336.338402998 202
2 202375.09497643 304
3 176609.915219107 401
4 184036.404592352 508
5 147970.527050149 606
6 131979.344412017 711
7 105204.118962915 808
8 81071.1995057824 912
9 68220.5164398139 1011
10 55579.4438772294 1114
11 48474.7550281775 1211
12 44197.2306621525 1312
13 42394.6575475075 1409
14 40353.9866641435 1509
15 38909.8696385047 1605
16 37870.0473009312 1708
17 37256.1436724975 1806
18 36684.2803149502 1911
19 36256.4048171573 2008
20 35998.34243069 2111
21 35875.3710091028 2208
22 35758.4169142851 2309
23 35612.3596459298 2407
24 35534.0823017979 2507
25 35507.9284315426 2606
26 35486.162064599 2707
27 35466.8666291989 2805
28 35459.9605070833 2905
29 35452.7407563823 3003
30 35448.3814855943 3104
31 35445.3240650994 3202
32 35442.5435286131 3307
33 35441.3346773382 3407
34 35439.9396626072 3510
35 35438.6005569543 3609
36 35437.6644348328 3710
37 35436.7931761402 3809
38 35436.4595913851 3908
39 35436.0843604374 4006
40 35435.6641771426 4106
41 35435.2425473881 4205
42 35435.1891378376 4304
43 35434.9694458656 4404
44 35434.766920318 4503
45 35434.4908513752 4602
46 35434.4405812395 4706
47 35434.3313994666 4806
48 35434.2169248861 4904
49 35434.1082371347 5004
50 35433.9995985953 5103
51 35433.9066283438 5204
52 35433.9076967249 5302
53 35433.8467133 5404
54 35433.7550812508 5502
55 35433.7125680087 5603
56 35433.6821410717 5701
57 35433.6289128549 5801
58 35433.6360427844 5898
59 35433.6137093572 6000
60 35433.5841303989 6099
61 35433.5656265048 6207
62 35433.558246559 6304
63 35433.5211687083 6407
64 35433.5033457637 6504

0 210333.175044154 104
1 182585.853026762 203
2 183797.479664368 305
3 197214.289070776 404
4 186727.225746025 508
5 165481.918104181 607
6 131067.302594638 709
7 109225.230198429 808
8 80959.373242635 909
9 67018.3850220292 1007
10 55249.5882283767 1117
11 49439.5547073557 1216
12 44729.3057165748 1317
13 41878.1302646658 1414
14 39944.1108862901 1515
15 38668.1690963465 1610
16 37804.1549585715 1709
17 37155.4166950366 1807
18 36690.835028775 1908
19 36283.6317264636 2005
20 36047.7624339558 2104
21 35901.8599853205 2201
22 35743.6528114566 2302
23 35614.7871043842 2399
24 35545.54833317 2507
25 35503.9282594829 2606
26 35480.857784256 2711
27 35465.8240777162 2809
28 35456.9489953261 2909
29 35451.7090954076 3009
30 35447.0402465643 3110
31 35444.5833701878 3212
32 35442.2917249527 3312
33 35441.2716641411 3411
34 35439.9267400558 3513
35 35438.4405078752 3612
36 35437.5813469402 3714
37 35436.8481694746 3816
38 35436.6737720636 3926
39 35436.1582302733 4025
40 35435.8384018694 4125
41 35435.257880585 4225
42 35435.1636896059 4326
43 35434.8944219084 4425
44 35434.6879743277 4526
45 35434.6675129241 4625
46 35434.5610865332 4726
47 35434.4450688287 4824
48 35434.3772964311 4924
49 35434.2354376404 5024
50 35434.1068570655 5126
51 35434.0236510078 5228
52 35433.9448016768 5337
53 35433.8486281798 5436
54 35433.7689675289 5540
55 35433.7691458096 5639
56 35433.6916619631 5741
57 35433.6444024613 5840
58 35433.6338746951 5940
59 35433.6245910173 6040
60 35433.5854871045 6142
61 35433.5642370564 6241
62 35433.53902978 6341
63 35433.5164077187 6439
64 35433.5125613073 6541

0 196009.31581471 100
1 180466.244673404 207
2 190467.20648719 307
3 185288.537531636 408
4 182966.728024919 507
5 159243.092950163 608
6 138428.11752534 707
7 111547.674541456 807
8 81058.1540672426 905
9 67120.5769564558 1004
10 57152.377387701 1102
11 50533.5635304768 1199
12 44927.3024816976 1297
13 41895.2795658199 1395
14 39782.2015541924 1493
15 38603.975007139 1592
16 37714.8692287908 1691
17 37239.1928753394 1787
18 36693.0656992322 1886
19 36247.1170152519 1981
20 35998.9543792098 2082
21 35898.5223324605 2189
22 35772.6227650392 2290
23 35611.9166334131 2390
24 35542.9656568621 2491
25 35509.067536545 2591
26 35483.9580808352 2696
27 35467.3960296686 2796
28 35458.2311370632 2897
29 35452.9186426653 2997
30 35447.9257166231 3105
31 35444.5588106964 3205
32 35442.808865225 3309
33 35440.7167349538 3408
34 35439.2266210969 3508
35 35438.8218987758 3607
36 35437.6085735873 3714
37 35436.8607121153 3817
38 35436.28080293 3918
39 35436.2715116125 4017
40 35435.908901018 4118
41 35435.5762648906 4219
42 35435.1056952842 4322
43 35434.7808765952 4424
44 35434.658888551 4542
45 35434.5619129142 4643
46 35434.393364262 4742
47 35434.2422238408 4840
48 35434.1835841708 4939
49 35434.1154011798 5038
50 35434.0242281928 5140
51 35433.9425511354 5243
52 35433.8929907538 5342
53 35433.8589085565 5441
54 35433.8005422592 5543
55 35433.7607636096 5645
56 35433.7397248557 5746
57 35433.7234390747 5846
58 35433.6418899927 5948
59 35433.5913709878 6049
60 35433.5620471932 6156
61 35433.5598337356 6260
62 35433.5455005709 6363
63 35433.516543911 6461
64 35433.4872289347 6562

0 193109.865434228 105
1 207571.764946804 203
2 201830.07225296 301
3 173957.96930668 405
4 173788.154688916 505
5 170006.84122159 605
6 132583.544061708 705
7 106116.751790868 807
8 80676.6686793203 909
9 67771.8385945203 1011
10 55636.0842434771 1109
11 50062.1556889959 1208
12 44700.2287906963 1304
13 42405.7827018806 1408
14 40125.9166874718 1505
15 38907.8678993638 1605
16 37818.8257253287 1703
17 37185.0191077264 1804
18 36613.9912574321 1901
19 36266.6048863798 2004
20 36045.8899673383 2101
21 35898.6067963038 2213
22 35744.449585436 2311
23 35603.4466971819 2416
24 35544.0766712583 2515
25 35508.6703556139 2617
26 35480.1986323482 2714
27 35466.9801333021 2816
28 35461.2672561173 2913
29 35453.0178795098 3016
30 35448.8108959743 3116
31 35445.061865947 3220
32 35442.8433642883 3320
33 35441.1880856182 3423
34 35440.2561374738 3521
35 35438.4644158609 3628
36 35437.6517141165 3728
37 35437.0506356671 3835
38 35436.3633418367 3933
39 35435.8571486158 4036
40 35435.6214210199 4136
41 35435.4686788361 4239
42 35435.0819922394 4336
43 35434.8083058227 4438
44 35434.6510309029 4534
45 35434.5337036144 4636
46 35434.4260158764 4734
47 35434.2878093707 4836
48 35434.1855488002 4934
49 35434.1707408211 5046
50 35434.0964910104 5145
51 35433.985872947 5247
52 35433.9625431477 5346
53 35433.8355254536 5450
54 35433.7413959702 5547
55 35433.7078165336 5653
56 35433.7203289492 5752
57 35433.6750592841 5857
58 35433.6521583619 5955
59 35433.6343292909 6059
60 35433.5612449406 6157
61 35433.546676989 6259
62 35433.5116634954 6357
63 35433.4802500517 6467
64 35433.4812136431 6565

0 199078.924567087 103
1 202735.373615534 201
2 183655.444789944 304
3 197399.717802875 401
4 185440.760446657 504
5 161433.509930773 604
6 128060.049791257 708
7 106978.80169839 804
8 82577.0548881484 905
9 65575.7753247109 1002
10 54147.2986314523 1102
11 48997.628591728 1197
12 44755.4610926016 1306
13 41938.6502447453 1402
14 40035.2458328038 1504
15 38653.8372592532 1599
16 37866.6420468741 1700
17 37204.4474179739 1796
18 36586.31166225 1895
19 36280.9302365725 1991
20 35979.1008294732 2090
21 35905.7890430334 2185
22 35737.1653569695 2287
23 35615.1965948836 2387
24 35547.0580108302 2488
25 35504.1808653998 2588
26 35483.2286578678 2696
27 35468.2193213856 2794
28 35459.3636204233 2898
29 35453.7176542015 2995
30 35449.2594606721 3096
31 35444.8650268982 3194
32 35442.6770377191 3297
33 35441.0535865183 3396
34 35439.7193802492 3497
35 35438.3811847667 3597
36 35437.5335788427 3699
37 35437.3714360048 3797
38 35436.542583511 3898
39 35436.099195519 3997
40 35435.821484974 4104
41 35435.4063457986 4204
42 35435.2335593107 4305
43 35434.9408652301 4405
44 35434.8799817565 4506
45 35434.613320025 4606
46 35434.5925892927 4705
47 35434.350544021 4804
48 35434.2258766628 4904
49 35434.1230434798 5005
50 35434.0109335367 5106
51 35433.9422185737 5209
52 35433.9361406674 5309
53 35433.8892051647 5409
54 35433.7958893979 5514
55 35433.7537281752 5617
56 35433.726029861 5720
57 35433.6573964533 5819
58 35433.6202816289 5918
59 35433.6008736716 6018
60 35433.5753399959 6117
61 35433.5604064593 6217
62 35433.5446152693 6316
63 35433.5138183358 6418
64 35433.4816083696 6518

0 209873.473929807 102
1 198054.74795418 202
2 204725.570582282 301
3 190164.816629971 401
4 163461.674275192 506
5 155949.754151116 605
6 139718.291771923 704
7 105008.634363127 802
8 78297.3253643769 903
9 62850.4769588642 1004
10 55007.3767017827 1104
11 49928.5099836119 1201
12 44756.884101427 1300
13 42295.7046321484 1397
14 40445.6285728516 1498
15 38619.094364452 1595
16 37800.2773467342 1695
17 37213.0336671847 1792
18 36631.6132652825 1900
19 36300.404060655 2001
20 36041.5536050664 2105
21 35883.9583666591 2202
22 35719.0873590359 2304
23 35618.796725283 2402
24 35542.2105605115 2505
25 35510.1020756405 2602
26 35483.3478514566 2706
27 35470.116349647 2805
28 35460.4886131889 2911
29 35453.2386006164 3011
30 35449.01964261 3113
31 35444.6910394539 3211
32 35442.0554918607 3318
33 35440.5010128859 3416
34 35439.5011731553 3520
35 35438.5104776968 3617
36 35437.4483255283 3720
37 35436.8007800127 3819
38 35436.4669087073 3925
39 35435.826772432 4023
40 35435.7403797406 4131
41 35435.2686974974 4231
42 35435.021792928 4333
43 35434.8944468819 4430
44 35434.8983323727 4534
45 35434.5587977346 4633
46 35434.4542670616 4742
47 35434.3005127425 4842
48 35434.1947814769 4949
49 35434.0973627193 5048
50 35434.0134254548 5152
51 35433.9610113323 5252
52 35433.8449453735 5353
53 35433.8647964863 5450
54 35433.7926627375 5554
55 35433.7785426152 5654
56 35433.7036598166 5758
57 35433.663582271 5855
58 35433.6110419458 5958
59 35433.6123754971 6056
60 35433.5527816304 6164
61 35433.5487285473 6262
62 35433.5320736038 6365
63 35433.5130733188 6462

0 200832.042232191 106
1 202879.592046086 204
2 186614.734509607 309
3 182218.963076394 408
4 177356.207777033 511
5 163920.224884431 610
6 133598.999109777 711
7 102093.520855853 808
8 87144.360199597 909
9 66199.6275012927 1005
10 55407.5221170272 1112
11 48815.1985606645 1209
12 44688.9462315137 1313
13 41921.2270902706 1412
14 39861.1382138547 1515
15 38677.7114899533 1612
16 37543.4510593569 1713
17 37270.6202631842 1809
18 36646.1666624805 1910
19 36190.0138997016 2008
20 36038.2263081331 2109
21 35831.0515908644 2204
22 35764.465666292 2306
23 35611.2653136105 2404
24 35550.9896074546 2511
25 35501.266333688 2608
26 35482.4206645433 2717
27 35469.637689086 2815
28 35460.5930812766 2917
29 35452.5009183324 3014
30 35448.943932835 3115
31 35445.4716429525 3212
32 35442.1331633047 3314
33 35441.6068120733 3413
34 35439.6838189646 3514
35 35438.6091329364 3612
36 35437.8875971359 3713
37 35437.1855209608 3811
38 35436.6374388412 3916
39 35436.1498872083 4014
40 35435.716644209 4118
41 35435.2936671701 4216
42 35435.0136996983 4317
43 35434.9800038099 4418
44 35434.8338769791 4523
45 35434.6468927477 4623
46 35434.340763348 4723
47 35434.2572302731 4821
48 35434.1463459487 4923
49 35434.037302812 5022
50 35434.0592043205 5123
51 35433.9238881349 5222
52 35433.955684499 5328
53 35433.8741793402 5429
54 35433.791795489 5534
55 35433.7307436244 5634
56 35433.7043112165 5735
57 35433.6496761191 5834
58 35433.6070342706 5935
59 35433.619561064 6035
60 35433.5881866885 6137
61 35433.5857803439 6235
62 35433.5675608118 6336
63 35433.5234651257 6437
64 35433.4962363438 6537

0 189627.590551758 99
1 202472.448430012 203
2 198075.533424871 303
3 189669.739919736 407
4 173657.63686563 509
5 156904.35512468 610
6 127540.500190241 707
7 107974.920013567 808
8 80430.1473463647 908
9 65447.0779896237 1007
10 55858.861193075 1107
11 48916.8524882185 1212
12 44404.4739398491 1309
13 41706.8002590407 1408
14 39983.8917366135 1506
15 38732.2986626714 1605
16 37861.7168282418 1707
17 37195.5942835895 1806
18 36575.0254905102 1904
19 36215.4890824136 2002
20 35980.3062335476 2103
21 35884.542719047 2200
22 35742.2333288557 2300
23 35619.3491228058 2398
24 35549.1125781271 2500
25 35505.1429737107 2599
26 35483.0470309913 2701
27 35465.2384467459 2799
28 35458.64337295 2903
29 35452.6670890158 3004
30 35447.7914772676 3109
31 35444.487426038 3210
32 35442.3678055567 3312
33 35441.1243375872 3409
34 35439.3763290016 3509
35 35438.4862327038 3608
36 35437.8184871974 3709
37 35436.8393537044 3808
38 35436.4563125913 3911
39 35436.0362383871 4014
40 35435.946548662 4120
41 35435.6600727676 4218
42 35435.121438867 4322
43 35434.8424581643 4421
44 35434.8422186278 4527
45 35434.5506764052 4626
46 35434.4640407303 4730
47 35434.3378173466 4830
48 35434.1779639916 4933
49 35434.1300701003 5033
50 35434.0551363516 5134
51 35433.9628560922 5233
52 35433.8994594942 5335
53 35433.8232246709 5433
54 35433.7872003767 5534
55 35433.7463487712 5633
56 35433.7050213655 5734
57 35433.6567681919 5834
58 35433.6078392892 5942
59 35433.6206050283 6040
60 35433.6050181954 6148
61 35433.5843162957 6248
62 35433.5651794431 6350
63 35433.5626243931 6448
64 35433.5147653441 6549
65 35433.4838510897 6648

0 205642.902321082 103
1 209052.108112707 202
2 204456.486711045 303
3 175212.957292608 403
4 179813.307754668 505
5 167480.921354514 604
6 133013.133154861 712
7 110261.878493639 809
8 79063.9519213037 912
9 64704.8792717306 1010
10 55889.4585021086 1112
11 49595.9494909769 1209
12 44977.0040361618 1311
13 42485.3824285614 1408
14 40111.0782876915 1510
15 38740.5120438676 1606
16 37769.2826221746 1707
17 37263.3119870319 1802
18 36625.2866250931 1905
19 36250.9182823562 2002
20 36025.7462545514 2112
21 35864.7217243398 2210
22 35756.7707901168 2313
23 35614.8500603317 2412
24 35551.125195081 2516
25 35506.7668898685 2613
26 35480.281299034 2715
27 35467.0504451694 2813
28 35457.6915112355 2917
29 35451.8232357713 3014
30 35447.7929901284 3117
31 35444.5868905104 3216
32 35443.3721913543 3324
33 35441.235738552 3422
34 35440.3512729729 3529
35 35438.5486513756 3627
36 35437.7679588634 3733
37 35437.0292319082 3833
38 35436.5943090721 3936
39 35436.1017287881 4032
40 35435.4681034419 4136
41 35435.4358569828 4235
42 35435.0708747706 4338
43 35434.9576316674 4434
44 35434.8113961532 4539
45 35434.5137418681 4637
46 35434.5131274035 4746
47 35434.3988179715 4844
48 35434.2575188421 4947
49 35434.1341707702 5044
50 35434.0525603881 5148
51 35433.9740102556 5246
52 35433.9087634829 5349
53 35433.8530576854 5448
54 35433.7922954403 5551
55 35433.7425559633 5647
56 35433.7058956415 5749
57 35433.6669890411 5847
58 35433.6686713029 5950
59 35433.6491560883 6048
60 35433.5974243537 6156
61 35433.577857923 6254
62 35433.5446985112 6360
63 35433.5091533376 6457
64 35433.4937392034 6559
65 35433.4709119978 6657

0 196612.739287935 106
1 189494.057130442 204
2 178784.963894914 305
3 196336.886179093 404
4 165480.803575731 507
5 163996.995135276 607
6 139002.177712088 708
7 99080.6444937036 806
8 80454.5488812292 916
9 64626.2098532673 1016
10 56486.9729366629 1117
11 48769.3272560703 1215
12 45315.5929151931 1315
13 42162.2068543107 1412
14 40047.0174190378 1514
15 38890.7429864111 1613
16 37918.7605183993 1714
17 37194.794207687 1810
18 36576.6544377359 1912
19 36227.2998407278 2010
20 36051.2755138146 2111
21 35886.7396684296 2210
22 35737.9889743173 2317
23 35635.131072364 2417
24 35538.0996668224 2523
25 35506.4954497316 2624
26 35485.3555173035 2725
27 35468.0947403476 2826
28 35457.4419345046 2932
29 35453.6169125243 3031
30 35448.8107071844 3132
31 35444.5454028436 3232
32 35442.7651704964 3332
33 35441.0439886739 3430
34 35439.8981180148 3533
35 35438.7284960118 3633
36 35437.8778464183 3741
37 35436.9428707483 3841
38 35436.5318643681 3944
39 35436.0387430999 4042
40 35435.7760406823 4141
41 35435.4560410078 4241
42 35435.2067374494 4343
43 35434.9229716494 4443
44 35434.6768045977 4545
45 35434.5838427873 4645
46 35434.4145694036 4748
47 35434.4191019441 4848
48 35434.2360712434 4948
49 35434.1014112158 5046
50 35434.0275187401 5152
51 35433.9406935959 5251
52 35433.8982034331 5354
53 35433.8058898082 5453
54 35433.8178524258 5553
55 35433.7578500618 5655
56 35433.6715066296 5759
57 35433.6403068147 5858
58 35433.6397681803 5959
59 35433.6006698067 6058
60 35433.5795251022 6158
61 35433.5585131053 6257
62 35433.5399978423 6357
63 35433.5301205649 6457
64 35433.4886261401 6562

0 213348.70592207 100
1 190774.968845274 204
2 183550.250271909 303
3 178714.788929943 404
4 169516.100106977 502
5 167699.056467775 601
6 135658.910081013 701
7 102207.32135782 800
8 77790.990913494 900
9 62988.8071608235 1001
10 55162.1195022505 1099
11 49633.7110853077 1197
12 44533.0109678795 1297
13 41945.9125523156 1403
14 39816.304607885 1508
15 38465.0571195907 1606
16 37805.9800028941 1704
17 37295.8073457845 1803
18 36681.2838899872 1903
19 36220.4484581198 1999
20 35992.7101230096 2100
21 35879.5768716426 2199
22 35750.0070350349 2300
23 35612.1412060459 2398
24 35542.7665054407 2499
25 35506.6111863621 2596
26 35485.6937864234 2697
27 35469.6778592543 2797
28 35458.6576816153 2903
29 35453.1567601127 3002
30 35447.4240260263 3107
31 35445.1264490187 3206
32 35442.6814188267 3307
33 35440.6945938079 3403
34 35439.8821035903 3505
35 35438.6736713687 3603
36 35437.712414142 3705
37 35436.9945349536 3802
38 35436.7758436611 3908
39 35435.9411289683 4007
40 35435.3863958489 4110
41 35435.5095143639 4209
42 35435.1225360683 4319
43 35434.9601539691 4416
44 35434.6658060453 4520
45 35434.6460054243 4618
46 35434.4610660377 4720
47 35434.2760289647 4820
48 35434.1679969025 4923
49 35434.0730662467 5021
50 35434.0184623451 5127
51 35433.9536608467 5226
52 35433.9026863418 5328
53 35433.8310883024 5425
54 35433.8192026538 5527
55 35433.7412934135 5624
56 35433.7237678149 5732
57 35433.6990384246 5831
58 35433.6541677245 5939
59 35433.5904013292 6037
60 35433.5933420928 6141
61 35433.5463576097 6241
62 35433.5372921243 6344
63 35433.5418711457 6446
64 35433.5037224858 6546

0 200152.385117987 99
1 212084.893546118 200
2 194749.741980216 297
3 191931.753849595 401
4 180427.562417889 499
5 169094.814770744 608
6 142662.726229279 707
7 106317.970496392 811
8 74792.5071210794 908
9 65618.4107175539 1012
10 56001.4108877892 1110
11 49463.9218933882 1213
12 44736.9603993392 1311
13 41732.8746537966 1413
14 40009.0734743997 1511
15 38614.5456076087 1612
16 37752.0258201619 1709
17 37273.2784408551 1811
18 36657.5976664905 1907
19 36200.27154621 2016
20 36020.4987996466 2113
21 35902.620501954 2214
22 35777.1534500028 2311
23 35610.2958137538 2416
24 35544.0161274248 2514
25 35504.3442782603 2618
26 35483.7014539453 2717
27 35468.9541158112 2819
28 35457.0710401385 2916
29 35453.2116957004 3018
30 35448.551692325 3117
31 35444.4740137323 3233
32 35442.454681728 3335
33 35441.1561178842 3443
34 35439.4144619161 3541
35 35438.780376902 3649
36 35437.6460443234 3747
37 35436.9812251354 3849
38 35436.3872038047 3946
39 35436.0656581379 4049
40 35435.8077009044 4147
41 35435.2273059479 4251
42 35435.1410077233 4349
43 35434.8398622573 4451
44 35434.6781868644 4550
45 35434.5686848796 4652
46 35434.3833243791 4749
47 35434.2428821243 4859
48 35434.1695283597 4957
49 35434.0764464535 5061
50 35434.0270168051 5159
51 35433.9699296846 5262
52 35433.9175746928 5362
53 35433.8268663147 5465
54 35433.7661684396 5565
55 35433.7508174841 5668
56 35433.7014430058 5767
57 35433.678933935 5870
58 35433.6226272559 5968
59 35433.5857316137 6071
60 35433.5571076395 6167
61 35433.518660374 6276
62 35433.5031975413 6375
63 35433.5052029321 6481

0 215730.88378628 101
1 194323.214936661 203
2 192425.621157847 301
3 186734.357503391 404
4 179699.367465893 501
5 155631.789226837 607
6 135212.453288923 707
7 110564.714646089 810
8 79869.3937881044 908
9 66652.9844294662 1010
10 56815.4297299521 1109
11 48662.736004871 1215
12 45066.1750567025 1311
13 41852.1428787919 1415
14 40021.8071257399 1511
15 38819.2451626802 1614
16 37852.0978072417 1711
17 37218.9671899044 1813
18 36674.9855557875 1910
19 36225.7659033295 2012
20 36007.2621766658 2111
21 35911.515365351 2213
22 35744.6326280317 2312
23 35604.9461478559 2415
24 35541.4693917025 2514
25 35503.3265377402 2625
26 35480.8706933604 2725
27 35467.6311819087 2833
28 35457.7365882058 2933
29 35451.5458070994 3040
30 35448.2115881697 3139
31 35445.0465305481 3244
32 35442.6397622565 3346
33 35441.2710119667 3449
34 35440.155399381 3548
35 35438.4884076116 3650
36 35437.7343188041 3750
37 35436.7834469116 3853
38 35436.6087109087 3957
39 35436.132045377 4067
40 35435.6812632093 4168
41 35435.4262076202 4272
42 35435.2690422725 4371
43 35434.9958242843 4475
44 35434.7295875981 4576
45 35434.6064785838 4677
46 35434.3901542063 4775
47 35434.374809887 4878
48 35434.2748787933 4980
49 35434.2024077817 5084
50 35434.065584808 5184
51 35434.0393295804 5286
52 35433.9470763472 5385
53 35433.8807403219 5491
54 35433.862583202 5592
55 35433.7451382383 5693
56 35433.6974741954 5791
57 35433.6531652362 5897
58 35433.6406660506 6000
59 35433.5790003469 6104
60 35433.560436473 6206
61 35433.5413374677 6309
62 35433.5045536976 6410
63 35433.4961292289 6512
64 35433.4816673409 6612

0 193746.382079248 103
1 220412.611536385 203
2 190280.409090821 309
3 190018.585479755 410
4 183412.997494436 513
5 154936.306328577 613
6 143020.340770407 713
7 105173.954227048 812
8 81002.8638531658 913
9 67399.2995729191 1014
10 55579.654429751 1113
11 49006.4517422904 1210
12 44150.3383933656 1309
13 42258.9989843291 1405
14 40336.4090917728 1506
15 38904.1646698067 1602
16 37771.3195813626 1707
17 37276.6313627925 1809
18 36649.2010781254 1912
19 36193.8596373293 2008
20 36004.6233070103 2109
21 35874.8637988512 2205
22 35739.7186080286 2307
23 35613.5381704059 2405
24 35547.6223319852 2509
25 35506.380185749 2606
26 35481.1150705966 2709
27 35468.8439031909 2805
28 35461.0596744236 2907
29 35450.7199073856 3004
30 35447.2765276867 3115
31 35444.7531064159 3214
32 35443.5389733061 3316
33 35441.0881318676 3414
34 35439.3215923755 3517
35 35438.7007551287 3615
36 35437.1915411585 3717
37 35436.9385901712 3815
38 35436.8274695992 3917
39 35435.9605783377 4015
40 35435.5980972229 4117
41 35435.2425724042 4214
42 35435.0289136023 4315
43 35434.7931287333 4415
44 35434.7603733802 4523
45 35434.5129732074 4622
46 35434.4174203928 4728
47 35434.2813935748 4826
48 35434.1655350676 4929
49 35434.1128589886 5029
50 35433.9916166714 5132
51 35433.8983640564 5230
52 35433.811712319 5332
53 35433.7883527445 5431
54 35433.7611399612 5534
55 35433.7463081454 5632
56 35433.7082341689 5735
57 35433.6572928781 5833
58 35433.6254438091 5940
59 35433.6159639814 6039
60 35433.559011247 6144
61 35433.5262255952 6244
62 35433.5113344868 6345
63 35433.4950441843 6447
64 35433.4879420815 6550

0 191399.731336071 101
1 208352.637779465 205
2 179073.967448428 306
3 202935.77129985 409
4 174766.964943279 508
5 156165.036847649 609
6 131042.160823165 706
7 111343.641988251 813
8 82710.6240147739 912
9 62386.049590857 1016
10 57091.5136886725 1114
11 49613.4106027404 1215
12 44412.7728965987 1312
13 42076.1248823376 1414
14 40408.6171921051 1513
15 38545.3274671495 1615
16 37621.7492302485 1713
17 37108.4881070534 1813
18 36596.0933055908 1910
19 36261.1837886789 2009
20 36010.4624467283 2106
21 35860.434117666 2210
22 35723.5088902299 2311
23 35619.8862838784 2413
24 35541.2689972868 2512
25 35508.1688773776 2612
26 35481.7857491695 2711
27 35466.9368749404 2811
28 35458.1074691618 2911
29 35451.8462516196 3013
30 35448.4178304399 3112
31 35444.7432938363 3212
32 35442.2855357463 3312
33 35440.9677203589 3412
34 35439.3538973483 3511
35 35438.3358683769 3617
36 35437.6457418262 3717
37 35437.2305549038 3817
38 35436.2570554637 3917
39 35436.0336594799 4019
40 35435.6639818082 4118
41 35435.4259850143 4217
42 35435.0925143535 4317
43 35434.8945736935 4416
44 35434.628981521 4515
45 35434.4621761192 4614
46 35434.3811136977 4715
47 35434.3182877223 4816
48 35434.2453660876 4917
49 35434.1125966053 5020
50 35434.0245730103 5120
51 35433.9844546545 5220
52 35433.9219582677 5321
53 35433.8094717799 5420
54 35433.7991049012 5520
55 35433.7048577612 5618
56 35433.6731998531 5718
57 35433.6640167152 5817
58 35433.6518504048 5920
59 35433.5967561428 6020
60 35433.554754847 6124
61 35433.5678471203 6223
62 35433.529525671 6323
63 35433.4968689805 6422
64 35433.484842661 6528
65 35433.4610788116 6628

0 185523.225595065 99
1 194286.198892724 195
2 181768.018547153 296
3 171948.050244513 393
4 162022.481975585 494
5 168206.025740333 592
6 126680.329862472 693
7 105126.127475586 789
8 83372.1572405664 890
9 64275.1426627456 989
10 56419.5291532901 1089
11 49725.5789707388 1185
12 45046.4376826779 1294
13 41439.1397806176 1391
14 40064.3724450961 1492
15 38830.4270353133 1587
16 37880.4154265656 1688
17 37225.0455512353 1784
18 36634.5275378912 1885
19 36260.5823938853 1982
20 36053.7187128942 2081
21 35877.8924477707 2177
22 35740.8921384044 2280
23 35607.3166490127 2377
24 35547.7925316302 2477
25 35507.2853804254 2575
26 35481.4692206545 2681
27 35471.6903928886 2779
28 35460.1031280664 2882
29 35452.4478360935 2981
30 35447.8456392025 3083
31 35445.4796565639 3181
32 35442.9819267074 3282
33 35440.9721221726 3381
34 35439.3125351034 3482
35 35438.6356381864 3581
36 35437.5458907312 3687
37 35436.6233334178 3786
38 35436.6313160215 3885
39 35436.0718288923 3984
40 35435.6592432731 4089
41 35435.2825014322 4188
42 35434.9640145117 4289
43 35434.9090000973 4387
44 35434.6548008699 4487
45 35434.4550982749 4586
46 35434.3657190474 4686
47 35434.2664527465 4785
48 35434.176126716 4884
49 35434.1360754972 4983
50 35434.023525826 5081
51 35433.9268582265 5181
52 35433.8944995711 5283
53 35433.8534361796 5387
54 35433.7415840389 5490
55 35433.7246571591 5591
56 35433.6876022998 5691
57 35433.6482536927 5791
58 35433.6024380803 5889
59 35433.5802167256 5989
60 35433.5624992615 6087
61 35433.5522929841 6186
62 35433.50976704 6286
63 35433.4792002177 6386
64 35433.4871855703 6483
65 35433.466014523 6583

