0 91539.7014286725 104
1 91364.0573283182 205
2 87403.5332838517 304
3 88221.4261088629 411
4 78824.7999384254 518
5 74337.3596564186 624
6 65896.8121956945 725
7 60503.5642392325 830
8 58179.3644574891 932
9 55377.1571409653 1035
10 53580.2228848839 1137
11 52602.0067658754 1236
12 52143.2359947517 1336
13 51877.2372913237 1441
14 51759.6027273029 1550
15 51708.308360496 1650
16 51682.3126225096 1751
17 51671.1084662011 1853
18 51665.3101952619 1964
19 51662.1117396359 2067

0 98304.9186775456 109
1 93268.3040238046 210
2 90325.3903038243 313
3 85301.1333664993 423
4 78755.275419371 540
5 74967.032770684 638
6 66898.4437513798 739
7 61367.9659374337 838
8 57672.1115475083 944
9 54928.4045574391 1045
10 53350.650585022 1151
11 52526.8184658898 1252
12 52053.957188549 1362
13 51783.5537144707 1466
14 51650.7122190303 1572
15 51592.6172610885 1671
16 51567.4135929155 1781
17 51555.7292106072 1882
18 51549.5923031771 1993
19 51546.1113812929 2096

0 93735.3604830678 101
1 94995.9502456407 199
2 92471.6854945121 305
3 88692.946781038 411
4 80215.0537054981 511
5 73816.3458685197 613
6 65604.4779580098 717
7 60645.9269178298 823
8 56890.8834836401 927
9 54865.3371356863 1028
10 53232.919634051 1129
11 52385.2103363965 1230
12 51863.128452312 1334
13 51597.3418093819 1441
14 51486.4180352716 1544
15 51423.6034984291 1652
16 51398.4240315096 1756
17 51386.7938319947 1863
18 51380.6889185599 1967
19 51377.1273448772 2080

0 94891.0492539098 100
1 86762.5872062333 205
2 91130.0851834909 310
3 86624.6663401142 416
4 81452.7915629419 515
5 75312.0595735484 625
6 67246.7516744433 725
7 60670.1928349153 831
8 57971.8001068522 933
9 55120.4293301742 1040
10 53281.3538988958 1137
11 52392.3207537895 1244
12 51924.4597803067 1348
13 51688.4302764157 1453
14 51562.5186763288 1553
15 51501.7805907478 1660
16 51476.5334800375 1760
17 51463.0554484186 1865
18 51455.6491531635 1963
19 51451.3411932964 2064

0 94090.2042426225 103
1 92906.2773007215 203
2 88651.4201032869 305
3 83627.2043549123 410
4 79812.8881247453 510
5 74343.5280882467 612
6 67839.592175093 712
7 61049.1062007523 817
8 57754.4813031565 917
9 55061.0867505005 1021
10 53393.1365679188 1120
11 52399.1276833701 1222
12 51904.5885784094 1326
13 51639.0090358666 1426
14 51512.5796871931 1524
15 51454.59408721 1628
16 51429.0269859524 1726
17 51415.9474764123 1826
18 51409.3877563173 1924
19 51405.5635871925 2031

0 93036.1607678267 105
1 95480.4715173306 212
2 90806.1517223181 316
3 86213.3887689539 420
4 81384.476282707 522
5 73073.6277084153 626
6 66917.9366240982 728
7 61916.7606495409 828
8 58300.5780548397 928
9 54862.2041185844 1031
10 53475.9562062052 1131
11 52408.7746526277 1236
12 51909.1956973664 1343
13 51620.5249396469 1445
14 51501.4274131347 1554
15 51445.802745735 1659
16 51418.4499076319 1762
17 51405.1195507581 1864
18 51397.8888970489 1965
19 51393.804703239 2062

0 94074.4832557856 105
1 96845.8765192712 207
2 89294.9848774581 312
3 88082.6481400171 414
4 80209.0659270281 517
5 73837.5697132176 616
6 66319.7361485673 720
7 60983.8029090071 824
8 57792.284337059 931
9 55037.9210807611 1033
10 53359.5003772561 1135
11 52464.7832606505 1239
12 51970.100538779 1347
13 51700.9043592438 1444
14 51589.4824603155 1550
15 51534.3969552112 1652
16 51507.2922043914 1757
17 51496.2112835397 1856
18 51489.9524040086 1961
19 51486.4971352807 2063

0 96517.596167269 119
1 91773.9564185168 223
2 89703.2301881434 324
3 85863.8747539639 422
4 79697.085453795 528
5 74183.9089537901 627
6 67056.6516938788 730
7 60997.4704159172 828
8 57743.8399945499 935
9 54894.4522344921 1034
10 53378.4428102375 1140
11 52383.8894259958 1244
12 51960.8867094497 1344
13 51702.8527822601 1445
14 51570.1196646087 1550
15 51515.0963995447 1648
16 51490.7929311585 1755
17 51478.8094488108 1856
18 51472.5740930389 1960
19 51468.8186212802 2059

0 90641.7304180928 100
1 92434.2666453462 201
2 90765.8337728304 302
3 87072.7891818219 402
4 79347.2604615463 501
5 72748.3048875597 602
6 65818.3871182823 711
7 60684.2673739187 812
8 57944.4149622538 918
9 55084.7487900593 1018
10 53488.9138011332 1128
11 52509.8028630128 1240
12 51997.4969697697 1344
13 51735.2968737457 1447
14 51601.252791149 1549
15 51543.8914919946 1653
16 51520.1410222031 1754
17 51507.8441998164 1857
18 51501.3954194525 1958
19 51497.7235226513 2069

0 90960.5381180812 102
1 88930.0950466565 206
2 90281.565787664 309
3 83752.8612676912 413
4 79118.0236003224 511
5 74682.8538523931 615
6 66129.4556331623 713
7 60950.2868454723 815
8 57528.857991583 914
9 55355.5590124039 1015
10 53519.3991978195 1118
11 52456.8508830704 1223
12 51946.4406605453 1321
13 51698.8418914919 1431
14 51579.4365230347 1529
15 51519.4215900697 1632
16 51493.5545049747 1734
17 51481.9087806083 1840
18 51475.2794538954 1936
19 51471.8791159676 2042

0 91828.1801523459 104
1 94941.8300829858 214
2 89572.1838868779 315
3 86618.6397401625 419
4 79994.2475030526 520
5 73853.0139876979 630
6 66094.3350620254 731
7 60462.1312571664 840
8 57575.3796161593 942
9 54839.4120124803 1049
10 53264.1882430538 1153
11 52495.7373168906 1256
12 51918.8493849822 1357
13 51683.8600602173 1462
14 51552.4379559803 1562
15 51504.150781509 1662
16 51479.9381938571 1760
17 51468.3882793953 1869
18 51462.6574338972 1970
19 51459.4902075662 2072

0 91313.44117421 112
1 92466.5404584391 212
2 91983.6871366872 314
3 87632.0657836311 418
4 77200.0230090891 525
5 71798.0733084815 629
6 65231.4546709026 739
7 60514.7413253184 838
8 57576.6389178947 941
9 55058.645416524 1042
10 53367.7610376271 1152
11 52398.277090412 1253
12 51855.3988234807 1356
13 51603.0858962075 1458
14 51494.9875903398 1570
15 51440.1487086786 1672
16 51417.1526902226 1777
17 51405.5843037091 1875
18 51399.2211176089 1979
19 51395.8042165286 2079

0 94762.3664466284 111
1 92671.6626719446 214
2 92427.255341543 321
3 85897.2167379054 420
4 79835.9613715018 528
5 74379.9711744547 625
6 68096.8164416792 739
7 60839.7095025731 860
8 58030.0501966815 960
9 55300.9450668199 1070
10 53718.4921072263 1175
11 52764.5182206403 1276
12 52279.9942731807 1376
13 51994.4277441046 1478
14 51877.0964502909 1584
15 51815.6726776642 1686
16 51789.0001412174 1785
17 51774.6596673122 1887
18 51767.0756560912 1992
19 51762.8468547956 2101

0 93871.2289268801 103
1 92549.0479351436 216
2 91710.7478234839 319
3 84927.3826069808 427
4 78999.6569047006 525
5 73757.7452655787 630
6 67341.0340326963 728
7 61510.0689244751 832
8 57807.1334041246 935
9 55520.0491179802 1047
10 53713.6973468932 1146
11 52972.3500188 1252
12 52418.9276312137 1350
13 52139.8196662801 1456
14 52011.1202695239 1557
15 51953.0943620194 1673
16 51928.4196182843 1777
17 51916.031133212 1883
18 51909.5151233783 1986
19 51905.8180316104 2095

0 92927.7692518258 105
1 98419.6966919344 215
2 92420.3942810113 319
3 88814.40225834 426
4 78547.2456155353 530
5 72851.6174810289 629
6 66558.6899421417 730
7 60363.1987650385 833
8 57514.9882747447 949
9 54907.8720325712 1051
10 53381.7696898875 1161
11 52465.2645874769 1266
12 52015.4874608854 1378
13 51753.4850283579 1481
14 51616.279768505 1587
15 51567.1409896232 1686
16 51539.6030907969 1792
17 51528.1926539079 1895
18 51522.4180591605 2002
19 51519.213087818 2103

0 93983.1917974519 108
1 93088.0579984092 209
2 90812.3101540535 319
3 85849.1580169001 418
4 79910.1171959143 523
5 74123.2515468614 624
6 67017.0526273104 728
7 60653.2864566598 833
8 57654.5309526849 939
9 55229.4903042551 1044
10 53295.9671437112 1150
11 52575.6878995525 1273
12 52000.7130086911 1385
13 51715.6234941342 1493
14 51602.8663755736 1591
15 51546.9690374915 1698
16 51521.4511145193 1803
17 51509.1706934693 1913
18 51502.6008387338 2014
19 51499.0043646327 2124

0 94949.4363956507 104
1 91227.7303208848 215
2 93234.1765322969 318
3 85696.1823792488 427
4 77274.4314738223 527
5 71765.8308030863 636
6 66639.5342177189 740
7 61064.0540439707 844
8 58022.198035962 944
9 55280.4294279088 1055
10 53654.5968704474 1164
11 52678.8189507572 1267
12 52186.9305758332 1369
13 51938.8765066075 1471
14 51815.3962789622 1585
15 51759.7127121859 1694
16 51729.6785144002 1813
17 51717.504357675 1926
18 51711.0851582211 2039
19 51707.4491878947 2141

0 91257.4596455337 111
1 93782.9499169462 215
2 91214.0139588808 322
3 85614.6952539974 423
4 77962.4774363095 534
5 72459.6496766086 646
6 65897.9553398077 749
7 60653.3810147804 853
8 57578.354000644 959
9 54880.3416600696 1066
10 53298.8641013306 1170
11 52400.9208282743 1274
12 51884.2252000982 1377
13 51656.3315139494 1482
14 51529.8158575904 1589
15 51476.0926900194 1708
16 51452.5388156807 1808
17 51439.9065465425 1917
18 51433.8118260247 2020
19 51430.2423799162 2133

0 92062.3720329967 109
1 94580.8489261572 218
2 89219.7101547608 322
3 84208.8443421975 427
4 77071.8810013209 541
5 73685.0732753344 645
6 66444.9005019778 746
7 60522.0270477818 851
8 57251.3920175311 957
9 54653.8978078746 1061
10 53285.8500834943 1163
11 52324.8263386211 1268
12 51792.6882543342 1373
13 51550.3435736613 1477
14 51445.4912247903 1587
15 51387.2295810377 1692
16 51365.1806057767 1798
17 51353.3366693045 1900
18 51347.1884019804 2008
19 51343.8316563577 2108

0 97665.1542929845 111
1 94238.5071749354 217
2 92178.0101180181 327
3 86406.8103374862 432
4 78810.1768363974 538
5 73919.7665642916 637
6 67111.7371196373 744
7 60341.6113916808 846
8 57690.2820118823 951
9 55267.9462224991 1053
10 53365.3578873662 1162
11 52537.5517282573 1270
12 52056.9898725729 1380
13 51775.2169928325 1498
14 51652.4072945524 1599
15 51594.4560955543 1712
16 51567.0803081467 1818
17 51552.6374723166 1926
18 51545.4958581994 2028
19 51541.3449266727 2135

0 90973.0117829297 102
1 93655.997247338 216
2 92545.4059404048 323
3 87761.6587668208 439
4 78673.0010240601 552
5 74583.7794606164 660
6 66481.6850962469 773
7 60447.1431457215 889
8 57188.9546464923 1007
9 54667.1710575522 1109
10 53049.9826489011 1219
11 52171.9140900429 1324
12 51726.3827505865 1432
13 51481.2415084475 1533
14 51350.6478104271 1641
15 51297.1712659129 1741
16 51273.5299114221 1848
17 51262.0953208488 1946
18 51256.2052890112 2050
19 51253.0543772445 2151

0 94021.794752966 106
1 96257.6898892975 223
2 90790.7585453437 327
3 86061.8713620958 436
4 79383.8944531231 544
5 72803.7849266681 648
6 66904.3063254096 751
7 61257.8489644412 855
8 57714.6001233861 956
9 55324.5762786053 1060
10 53531.3614396811 1163
11 52732.1008692092 1272
12 52188.0119707425 1374
13 51927.4409143776 1483
14 51807.0362116481 1585
15 51746.4100919007 1697
16 51721.2996738571 1798
17 51709.3200793504 1906
18 51702.3760365759 2005
19 51698.4717128024 2114

0 89164.422832654 106
1 91489.226938322 215
2 85938.1631388295 318
3 86238.3438051476 423
4 80446.1107360655 523
5 74742.8513243681 635
6 67978.2801755202 745
7 62761.517004638 854
8 59065.2477606542 961
9 56038.0196283874 1064
10 54295.6924675571 1174
11 53370.3924544051 1276
12 52766.6878590676 1383
13 52471.0268485349 1486
14 52340.6793718431 1595
15 52278.9702992046 1698
16 52249.3326198416 1806
17 52233.3018086264 1909
18 52224.753136262 2024
19 52219.6759728711 2129

0 92549.0201427506 112
1 92841.6103874496 214
2 89387.8791153805 321
3 86139.9868081229 421
4 76505.7710034039 527
5 74189.0453090327 630
6 67759.6529211555 734
7 61732.6739195122 834
8 57580.2354892165 940
9 54725.9511697394 1047
10 53233.1792217831 1150
11 52339.2453706848 1255
12 51880.3575875576 1359
13 51635.2162344837 1461
14 51523.9815522309 1563
15 51471.1655181596 1670
16 51447.021069165 1771
17 51435.8653354543 1873
18 51430.6621442348 1975
19 51427.7985561059 2084

0 93728.8871165168 101
1 92332.3642827259 207
2 89143.9604256037 308
3 88311.7045330435 415
4 80431.2049337414 518
5 73656.9853940592 632
6 65803.7202042905 734
7 60846.9264594018 843
8 57731.0757216309 947
9 55294.9667724332 1108
10 53368.1496890122 1213
11 52510.5676624469 1312
12 52024.7682346846 1414
13 51764.9380643215 1515
14 51631.1106467053 1619
15 51573.6087582791 1722
16 51547.1480438832 1834
17 51534.9364901765 1938
18 51528.3760297995 2055
19 51524.5996072579 2159

0 91991.6423944688 116
1 90805.1919507835 219
2 91387.2865232834 326
3 87138.5964281723 426
4 81975.891694077 532
5 74355.7573696469 638
6 67705.5755674372 742
7 61781.5770272162 846
8 57345.2937383753 952
9 55116.9674971908 1059
10 53431.4461234236 1164
11 52454.3431292068 1267
12 52055.1741864401 1371
13 51763.8512690571 1475
14 51638.7277381095 1578
15 51581.4401974041 1680
16 51554.4087771355 1783
17 51541.037560108 1893
18 51534.0698919916 1995
19 51530.1546900565 2101

0 90545.3208551622 101
1 92907.1425110935 206
2 90911.1248381909 307
3 88923.8974736487 421
4 78556.3474706637 526
5 74719.7890669607 636
6 66259.4249601807 741
7 61775.1602929481 848
8 58730.0367258945 948
9 55419.3307876976 1054
10 53718.1747773582 1153
11 52842.8437888235 1259
12 52316.626126536 1357
13 52080.0740918625 1463
14 51953.143262006 1565
15 51890.503551119 1674
16 51860.7089781988 1782
17 51845.3518637243 1886
18 51835.9041384459 1986
19 51830.7368138789 2090

0 94441.552203931 105
1 94089.1225837066 209
2 88562.0200241401 315
3 82455.0953953768 420
4 79203.1045467186 523
5 75013.404353618 628
6 67488.4468004364 739
7 60503.563283714 841
8 57394.5884270285 954
9 54849.5589869823 1055
10 53132.2322247508 1161
11 52294.1532318694 1262
12 51780.3059371025 1368
13 51509.2533640583 1473
14 51391.8166123733 1587
15 51338.0659954401 1694
16 51313.3833195736 1805
17 51300.4980128729 1910
18 51294.3366650095 2015
19 51291.0604367263 2114

0 91546.9367466462 102
1 95740.6868390154 204
2 89914.3662765452 313
3 88501.3385362365 416
4 78142.1502719835 519
5 74211.7333087227 627
6 65818.4591100673 729
7 61135.60830316 830
8 57230.0826551799 932
9 54823.8915731394 1033
10 53170.0518027508 1136
11 52236.9232702395 1240
12 51747.9177394226 1345
13 51496.9081635005 1449
14 51384.9760236165 1557
15 51332.4507788797 1679
16 51306.5807775757 1781
17 51295.3481318493 1888
18 51289.4475675707 1988
19 51286.2124882022 2094

0 94890.9259619628 100
1 94619.3123827147 207
2 95119.9786431602 308
3 86816.7142929687 415
4 80896.0285060689 520
5 73306.1415760642 630
6 65482.453026133 730
7 59809.4250339739 837
8 57285.306990721 938
9 54945.5908282057 1044
10 53282.9420336188 1147
11 52381.0721278951 1253
12 51872.0485351835 1354
13 51642.8614636727 1460
14 51510.4234250237 1567
15 51456.5628727292 1673
16 51429.4131816355 1781
17 51417.9761040781 1893
18 51411.7598345733 2000
19 51408.0353484312 2102

0 94888.7479162692 111
1 93345.3898345536 216
2 91812.0332931816 330
3 86056.1070417849 435
4 77995.2067139763 544
5 74774.6170835705 643
6 65843.6474083628 751
7 60667.7305462836 855
8 57693.7239172291 968
9 54898.9704159896 1074
10 53110.4408073115 1183
11 52268.3655289953 1291
12 51774.8581837207 1394
13 51509.5574390828 1500
14 51391.232614957 1603
15 51333.999375149 1709
16 51311.3999711141 1812
17 51299.8707241342 1924
18 51294.0060523498 2032
19 51290.6061064597 2141

0 93671.2456312176 100
1 97409.8063659232 208
2 89330.670905408 311
3 86681.6239212246 423
4 78868.8917732988 525
5 72341.8952759595 635
6 66997.8254667403 738
7 60316.6162507539 848
8 57337.6084819832 954
9 54616.5929433531 1070
10 53084.9753690862 1176
11 52145.0629999061 1279
12 51632.0318314255 1386
13 51373.815847557 1488
14 51233.8231354316 1589
15 51181.4239964464 1692
16 51154.7524995624 1796
17 51142.8678441917 1899
18 51137.2571039134 2004
19 51133.9943489754 2106

0 94807.5911097006 111
1 88656.4050680528 215
2 92731.4853759539 327
3 87553.0251729877 429
4 80581.6602837949 537
5 73654.6962750028 638
6 66679.3268544431 744
7 61070.5536887587 845
8 56955.5761486238 953
9 54883.4532162269 1055
10 53281.2194569355 1165
11 52340.1995968056 1268
12 51864.1893117821 1374
13 51615.4847284511 1474
14 51482.7496270682 1582
15 51422.9837495495 1682
16 51397.5183155792 1789
17 51385.3488044699 1889
18 51378.8148387147 1993
19 51374.7754533535 2094

0 89195.9283948681 101
1 91951.7353662103 207
2 90214.8259974411 311
3 84770.6123565468 414
4 78695.4028764442 518
5 74860.4533078434 618
6 68562.5661367968 721
7 61618.3436185698 827
8 58127.3590036604 932
9 55357.7287602418 1034
10 53490.8431176434 1137
11 52533.7514026479 1245
12 52061.8516962058 1348
13 51779.6995646674 1450
14 51632.4767807767 1551
15 51566.7301974143 1654
16 51540.2084482575 1757
17 51525.8825244464 1860
18 51518.0594449803 1963
19 51513.643523082 2074

0 91859.0174991343 103
1 93097.1176949826 218
2 92862.1725350999 320
3 85623.451748929 437
4 79394.146461504 543
5 73319.5974297133 654
6 65702.9634990294 758
7 61240.0080369489 863
8 58054.1900032879 962
9 54749.1323579095 1067
10 53344.4907848829 1173
11 52591.2398948552 1276
12 52001.0637278822 1381
13 51737.2633186234 1485
14 51616.658582915 1587
15 51565.0691908103 1693
16 51538.9292329982 1796
17 51525.4767583141 1897
18 51518.8964723296 1997
19 51515.1794215914 2102

0 93068.2166328178 109
1 95084.4838307964 211
2 91433.1298386233 314
3 83215.4713179261 417
4 77661.8517566994 521
5 73047.0908365837 622
6 66108.9676856791 734
7 61522.0047348745 837
8 58398.2836621434 943
9 55745.0935900575 1047
10 53697.9709006582 1157
11 52700.8106339854 1259
12 52213.661849086 1367
13 51920.6067728397 1470
14 51797.7491263651 1578
15 51737.1757111728 1680
16 51710.5561610533 1787
17 51697.3471372976 1886
18 51690.0478432386 1993
19 51685.8917510032 2099

0 93831.2179595412 103
1 96859.8561966603 204
2 89952.1593039135 309
3 88839.6226704147 410
4 79637.1450664863 515
5 73472.3879688133 614
6 67366.1591229521 719
7 61351.70145768 818
8 58364.4449685971 922
9 55227.2313874851 1027
10 53693.9693521535 1130
11 52826.7430158339 1230
12 52275.459094639 1335
13 51995.2639761994 1446
14 51864.9563519049 1549
15 51803.407709065 1652
16 51773.5582578274 1754
17 51759.0869265796 1856
18 51751.1997479857 1967
19 51746.6750492702 2083

0 93667.7423352084 103
1 92261.4033301136 214
2 89797.3629624029 317
3 85645.6862235987 428
4 79831.8434829389 530
5 73410.7708713546 639
6 67842.7082228938 739
7 61602.3912723771 852
8 57844.0399270667 956
9 55278.6566521945 1062
10 53723.7323355103 1161
11 52747.6571921346 1266
12 52244.8548464728 1365
13 51940.2701730093 1470
14 51826.1089983962 1569
15 51770.7033151529 1675
16 51743.6444026534 1775
17 51731.7082296856 1879
18 51725.165025021 1982
19 51721.6471325085 2086

0 94232.0688794876 114
1 91257.5261814494 217
2 91689.2846628595 324
3 85610.5541543095 426
4 79745.551858947 530
5 74493.4252585627 632
6 66215.8920541227 736
7 59857.3082228491 839
8 57106.8876584902 948
9 54904.9198668862 1051
10 53398.6215262246 1155
11 52370.5087266487 1257
12 51828.0859293048 1364
13 51585.4179337888 1466
14 51468.1941249603 1577
15 51421.5115897198 1678
16 51393.7971516938 1789
17 51382.5016727304 1892
18 51375.8855471044 2003
19 51372.0787492105 2104

0 90329.1071651063 110
1 93633.9089047302 212
2 95126.979059658 320
3 88411.3757033352 422
4 81043.1134606857 528
5 73476.2341470727 628
6 66955.2260345806 733
7 60305.5593491452 844
8 57678.3941891315 949
9 54785.511338328 1056
10 53236.9054997901 1158
11 52394.2123954258 1265
12 51891.96228061 1367
13 51631.204803644 1477
14 51497.8320287698 1584
15 51438.3857851425 1693
16 51413.3520258329 1800
17 51400.3874580305 1911
18 51394.6824098069 2014
19 51391.4521100397 2124

0 96818.8544222502 103
1 87077.0484778961 213
2 92582.1330171873 315
3 84118.9098341556 423
4 78099.810114937 523
5 74374.7676678699 628
6 67122.9654221094 733
7 60625.3708427985 842
8 57209.2821354242 943
9 54645.8038693554 1049
10 53149.241456854 1152
11 52196.5604452956 1255
12 51697.6132862835 1360
13 51455.3495537556 1462
14 51332.0704429244 1567
15 51277.0016378697 1670
16 51251.4316614804 1781
17 51240.3162111288 1882
18 51234.5391810055 1984
19 51231.1199091714 2085

0 93828.0588257609 107
1 93995.5509279812 211
2 90202.957028462 316
3 87636.9591704504 418
4 77991.7824336287 524
5 73974.6915267986 627
6 67388.7453296751 737
7 62178.1514524339 838
8 58657.7191146663 949
9 55802.2226954262 1051
10 54106.4634882611 1162
11 53280.44789838 1265
12 52706.8190709449 1371
13 52445.0057838705 1469
14 52300.7983484649 1576
15 52235.4707087989 1681
16 52208.2818130965 1787
17 52192.18718048 1888
18 52184.3212597313 1993
19 52179.676151862 2095

0 92594.7132794886 103
1 92538.7064568494 208
2 93343.2526719253 312
3 88363.9867914612 416
4 77705.9402395146 522
5 72482.3305650932 631
6 66171.5532530354 733
7 60673.0551513136 838
8 58259.9662558069 941
9 55279.2995107834 1050
10 53509.7353117484 1159
11 52548.6275028772 1274
12 52050.803587282 1377
13 51772.4853234545 1486
14 51667.1737060218 1590
15 51606.9455925753 1707
16 51581.4923934437 1808
17 51569.4222145154 1917
18 51562.7386758048 2017
19 51559.038271487 2124

0 90171.7537127416 103
1 90566.7038295437 208
2 89346.6903216911 309
3 86566.2668035376 413
4 78334.4101685994 521
5 74452.8597429596 624
6 65432.6569331152 727
7 61222.6232873987 829
8 57799.9612940114 934
9 55083.3414306932 1039
10 53466.5127411678 1146
11 52521.7070375081 1248
12 52024.923985155 1352
13 51752.1249728206 1455
14 51640.1195138139 1565
15 51587.6357940602 1669
16 51561.0427986628 1775
17 51549.6214906201 1877
18 51543.2451242451 1983
19 51539.7194203284 2084

0 94736.5355365914 116
1 92906.955951879 219
2 93845.2363938361 332
3 85202.2229922809 437
4 79649.7016229439 544
5 73111.4207494987 646
6 67164.3354356552 752
7 60734.3661256579 851
8 57360.223270988 954
9 55018.9526441272 1055
10 53066.3833826891 1158
11 52279.2098701884 1256
12 51711.9097389179 1360
13 51469.8581319898 1465
14 51353.2715763914 1571
15 51298.9296574052 1670
16 51273.7893752838 1774
17 51262.8541192636 1874
18 51257.3985448069 1979
19 51254.440832078 2081

0 92127.0269746862 101
1 90860.8025231983 202
2 93124.9842861315 306
3 82624.7219382432 418
4 79816.3452825542 523
5 74787.911317402 629
6 66377.9959735954 732
7 60821.6491516774 838
8 57724.3807687668 940
9 55171.7903105054 1044
10 53188.3590391376 1145
11 52379.0041389304 1248
12 51846.7362048442 1351
13 51588.2525793129 1458
14 51457.4558542795 1558
15 51398.3248648198 1662
16 51372.564961353 1764
17 51360.401406878 1871
18 51353.9050793682 1972
19 51350.4894789422 2081

0 95543.6719419086 101
1 93987.5522931111 213
2 90383.5865871485 316
3 87393.2687638829 424
4 78878.1861653155 525
5 76001.4435695416 630
6 66970.867569229 729
7 61612.1268206266 834
8 57676.6280959628 936
9 55239.5948315377 1042
10 53398.6028534869 1147
11 52535.2435115593 1254
12 51989.3669498289 1366
13 51767.6068857636 1480
14 51625.0098202757 1587
15 51571.6746816494 1692
16 51547.1921818755 1801
17 51535.123322122 1902
18 51529.4901655255 2005
19 51526.3048517752 2108

0 91442.5206050197 113
1 95174.8911033157 217
2 88600.4880585421 327
3 85093.9776365104 430
4 80057.706807992 547
5 73269.3663081252 651
6 65465.7232247656 760
7 60692.0271885063 862
8 57758.4411438455 968
9 54807.1959722644 1071
10 53104.1525447477 1177
11 52258.7313358948 1286
12 51705.5682690779 1391
13 51475.8283294566 1498
14 51353.6897233309 1602
15 51298.3185363193 1708
16 51273.3699863844 1814
17 51261.8895575324 1933
18 51255.807823727 2036
19 51252.4877988966 2146

0 92193.6942249787 120
1 91342.4443535633 231
2 92521.8609079756 335
3 87124.5110510779 442
4 78885.5426259549 547
5 73151.6243378113 652
6 68096.5622518608 752
7 61218.4988663774 856
8 57632.3468226078 957
9 54880.5591480939 1063
10 53255.2499769189 1178
11 52254.1400950185 1282
12 51796.9184575767 1391
13 51561.4456551125 1497
14 51433.6543862339 1607
15 51371.2566877209 1710
16 51348.2008780757 1816
17 51336.5247916798 1916
18 51330.8601884497 2021
19 51327.722698304 2124

0 95654.8320892482 114
1 94657.6420518127 217
2 88849.0413372378 324
3 85547.6430560294 427
4 78085.4923829877 543
5 73165.7680696102 648
6 67153.7666627575 753
7 60977.4169991412 854
8 57785.3292846453 968
9 55282.1221884256 1083
10 53382.3838625219 1192
11 52574.7763249915 1309
12 52042.9789500221 1426
13 51807.8015676236 1545
14 51682.8694059955 1663
15 51627.1845156676 1776
16 51604.6222283925 1901
17 51592.780694107 2019
18 51587.163313179 2140
19 51584.0075794207 2258

