0 92015.2564944318 110
1 92853.1530062816 216
2 92037.92584036 318
3 85732.4298940078 424
4 78713.2266319482 529
5 75359.60683364 634
6 67703.7088611004 744
7 61556.703297799 846
8 57839.8021676817 954
9 55384.2724512561 1056
10 53746.5416277456 1167
11 52827.5991742219 1268
12 52320.8414021331 1374
13 52041.1187049891 1476
14 51924.8899691844 1585
15 51863.8179085817 1687
16 51835.6989796864 1796
17 51822.7075284702 1898
18 51815.9521418918 2006
19 51811.8693427171 2109

0 95333.5325868297 125
1 92793.6016842653 230
2 96492.6072686374 340
3 86653.6258019292 443
4 78979.9467521938 548
5 73725.2839658795 654
6 68117.6229387843 757
7 61287.8672273839 859
8 58541.709592436 960
9 55499.1814884332 1070
10 53792.7603245885 1174
11 52887.8901472021 1278
12 52453.4780931745 1381
13 52152.2902850287 1491
14 52027.3691133405 1592
15 51969.4726282067 1700
16 51942.5469525565 1804
17 51929.984270265 1912
18 51924.090595783 2018
19 51920.5934003118 2131

0 91652.5699733341 104
1 93703.0140471802 214
2 89475.5191245608 315
3 84057.2812634804 421
4 77274.7618085877 529
5 73293.5273366167 647
6 66456.1664184757 766
7 61165.4088380999 886
8 57831.8059240708 1007
9 55055.8005660278 1125
10 53374.2096664667 1241
11 52456.3892044977 1367
12 51965.2280452444 1484
13 51705.832814193 1605
14 51587.0332776388 1721
15 51525.4478335871 1838
16 51500.726823391 1958
17 51488.6251016889 2075
18 51481.7208009174 2195
19 51477.9793104045 2313

0 93886.3456848885 131
1 96254.4495107489 246
2 96386.3924710649 350
3 87243.2706531234 462
4 78965.8909483495 579
5 75233.9365461833 699
6 66734.3349967335 798
7 60715.4379247864 908
8 57604.2211314788 1008
9 55069.0723412308 1118
10 53388.3798523597 1220
11 52503.312589394 1334
12 52061.0666742547 1439
13 51777.1936230785 1554
14 51655.5440086445 1660
15 51604.7919474553 1775
16 51579.3729236045 1894
17 51568.2197308898 1995
18 51562.0697185743 2103
19 51558.6348174232 2204

0 98095.7228807397 109
1 96791.9843725773 212
2 90931.3865428419 321
3 85415.9297467271 424
4 80607.6144891452 540
5 74023.3061612064 649
6 66053.1796615373 756
7 61792.2642988466 856
8 57803.4530998931 960
9 55103.2761386126 1067
10 53284.1020694943 1173
11 52542.9821098465 1282
12 52032.5187425884 1389
13 51795.8860225274 1499
14 51663.8706793193 1601
15 51607.8865198116 1707
16 51580.456388194 1814
17 51567.1185425013 1926
18 51560.7177407991 2027
19 51556.9169617841 2141

0 92545.4538548444 102
1 99511.6064784796 213
2 92148.2540205344 319
3 83863.0615660004 431
4 81690.2426215748 532
5 74741.0598273446 640
6 67106.5999214733 747
7 60998.2671705889 855
8 57883.4704085763 964
9 55023.7443556864 1071
10 53654.0486013853 1185
11 52598.6362669687 1286
12 52038.3442053395 1400
13 51770.1170748812 1502
14 51624.3599313886 1612
15 51569.4530260567 1718
16 51540.1847059218 1826
17 51526.0900070238 1928
18 51518.4536374398 2036
19 51514.1833518872 2146

0 92054.1071774868 112
1 92363.191430504 221
2 89946.3112742809 327
3 82329.1811741899 437
4 78786.3381987086 538
5 73911.5179211187 637
6 66311.0581429183 740
7 61131.8922416996 840
8 57621.8186560635 945
9 55331.1135379681 1043
10 53725.1504076115 1144
11 52773.8857412695 1246
12 52260.7811347195 1345
13 52011.5796395435 1442
14 51897.5859069221 1548
15 51849.5463191551 1648
16 51823.4828808113 1752
17 51811.4009722294 1854
18 51805.7717209327 1953
19 51802.5375795299 2050

0 95039.4838298422 107
1 97060.75007348 210
2 89507.3469433565 316
3 90049.0283788523 415
4 76691.4591337786 520
5 74827.133481249 620
6 67553.2161956116 725
7 61542.0905768774 824
8 58132.6194919591 923
9 55536.9047385501 1023
10 54009.2599752363 1123
11 53041.7718079503 1231
12 52497.9098460841 1337
13 52227.4786470712 1439
14 52095.7598890863 1543
15 52031.8537671493 1646
16 52005.3349988257 1752
17 51991.0825232919 1854
18 51983.5229095952 1959
19 51979.2335295618 2075

0 95796.1651342466 113
1 92709.7033442363 223
2 92302.700219906 329
3 84044.3604241565 444
4 80833.3010760822 561
5 73524.6004869769 670
6 66759.7546764795 789
7 61185.5424115384 898
8 57761.9497599772 1015
9 55143.7242185979 1122
10 53337.6776034168 1232
11 52449.8399579173 1334
12 51994.7418577336 1437
13 51720.7166033419 1534
14 51606.2890992106 1640
15 51546.8224617822 1742
16 51521.7253610791 1854
17 51510.5863823014 1956
18 51504.7284027606 2062
19 51501.4084223558 2164

0 91016.6737681259 104
1 96569.7496222411 205
2 92216.9192275814 316
3 85824.4056120946 417
4 76585.2716263828 527
5 73904.263310431 630
6 67878.3934575278 730
7 62601.6263961126 830
8 58766.7475837801 935
9 56115.1885687279 1040
10 54032.1989248868 1145
11 53065.001936064 1248
12 52525.5109236017 1355
13 52257.6442354787 1459
14 52115.9968056393 1562
15 52052.1579078875 1662
16 52021.33505771 1765
17 52006.6411753185 1865
18 51999.2039452468 1978
19 51994.7289260635 2096

0 92797.2855983437 116
1 92917.1879036396 233
2 92450.6606645961 353
3 84973.23661167 465
4 78492.811927477 577
5 73526.8028045666 692
6 67681.1601393712 812
7 61382.5617634415 919
8 57985.7023209577 1030
9 55421.0761559467 1137
10 53741.0578092098 1251
11 52757.8144439104 1375
12 52231.0925231408 1483
13 51998.3154042393 1598
14 51869.4248915897 1705
15 51820.6044687748 1823
16 51795.5287951272 1938
17 51782.8821889109 2051
18 51776.6386379409 2148
19 51773.1601772044 2258

0 89290.1746928684 104
1 92634.697174179 213
2 94164.4107814972 315
3 84545.5639946306 424
4 78835.164554372 527
5 72989.7374551359 633
6 66892.7899011334 738
7 61751.7619760079 842
8 58469.5065400425 943
9 55433.9328269011 1057
10 53617.4558057512 1168
11 52826.1423052032 1273
12 52300.7856215029 1376
13 52002.3374151349 1477
14 51899.1276792933 1579
15 51839.7754554922 1682
16 51807.7439543924 1799
17 51794.1808977688 1902
18 51786.924555085 2011
19 51782.8275027974 2115

0 94809.0050725231 112
1 92915.8490292083 215
2 91040.664170622 328
3 87177.7724663076 429
4 79230.3854634561 535
5 75501.7328892733 638
6 67712.761305766 743
7 61214.1776611755 843
8 58455.1172782209 948
9 55684.3253750932 1050
10 54213.5717727289 1155
11 53118.6599439584 1255
12 52584.6531251297 1358
13 52328.190913651 1457
14 52207.4082816315 1561
15 52148.4261620557 1667
16 52120.0820189517 1772
17 52106.3895833695 1876
18 52099.1025261138 1978
19 52095.0847817695 2078

0 91692.4212146306 102
1 91626.1448280548 204
2 91297.25371231 307
3 87999.0542968725 410
4 80322.2255240189 516
5 74004.1800358829 625
6 67314.0588772799 726
7 62108.8104982684 829
8 58083.4984244254 933
9 55081.6261543748 1041
10 53597.2157878715 1142
11 52598.8294468315 1252
12 52099.5682790963 1353
13 51850.20405277 1457
14 51730.0680894104 1560
15 51668.9891950566 1680
16 51641.5604303234 1787
17 51628.608875195 1902
18 51622.2610346891 2017
19 51618.7865587531 2129

0 95251.4784128694 122
1 92746.7495549948 236
2 92139.8916143835 356
3 85228.9849378127 470
4 77688.1328697408 585
5 74866.1279460503 702
6 67621.7470768344 817
7 61679.2914204111 938
8 57795.2755180015 1051
9 55449.7867588983 1178
10 53732.9283257394 1295
11 52800.4650847625 1415
12 52244.5830861633 1535
13 51975.6767837574 1646
14 51852.6394319057 1759
15 51798.6525469091 1860
16 51771.1826902131 1970
17 51756.9820833641 2070
18 51749.2071677481 2177
19 51744.88353005 2279

0 93842.7374786057 109
1 91217.5866236663 210
2 93748.7200067844 320
3 83639.3073361736 422
4 78948.3980073163 534
5 73256.6891910049 635
6 67592.7472329522 741
7 61379.3957332957 841
8 58106.5445331042 949
9 55279.5208915997 1047
10 53522.808453776 1156
11 52667.1642992695 1259
12 52163.241394088 1362
13 51898.9993213573 1462
14 51789.4932787658 1565
15 51736.5279451009 1668
16 51713.6941459177 1771
17 51701.6807723322 1871
18 51695.9285608273 1975
19 51692.8373760585 2074

0 95848.4619382949 101
1 93821.8850451084 209
2 91308.2739473425 315
3 86061.3095634574 439
4 78667.3103806319 553
5 74906.5744804737 671
6 67639.4906872263 782
7 61465.4332686552 896
8 58463.9004817908 1012
9 55187.2947775932 1126
10 53619.181319601 1241
11 52701.1051277965 1353
12 52191.0364584257 1467
13 51921.8211619185 1582
14 51797.151817209 1707
15 51739.6573441599 1825
16 51715.6478026657 1938
17 51703.2928493306 2060
18 51696.4804113589 2172
19 51692.6338311395 2292

0 94637.2119944347 118
1 95449.2626161101 230
2 90704.3871357683 335
3 86508.4112405137 445
4 78561.6978893515 553
5 73321.977198743 657
6 68086.273598866 763
7 61504.6831350409 867
8 58553.5651612604 980
9 56208.0764352858 1094
10 54276.6388153702 1201
11 53349.9399259002 1304
12 52843.4307334247 1413
13 52572.4192611384 1513
14 52449.7520280227 1619
15 52388.677725422 1719
16 52362.9779613676 1827
17 52350.6488721963 1930
18 52344.3359251672 2040
19 52340.6751153094 2141

0 90870.0687175927 105
1 93082.6237612039 203
2 91888.9496130539 309
3 88199.2719165254 409
4 79037.9022993725 516
5 73034.6474688776 615
6 67828.6657646686 719
7 60975.7648674822 821
8 57425.3118987859 926
9 55140.6460852666 1024
10 53462.1647101119 1142
11 52459.1635511451 1261
12 51981.780096554 1372
13 51735.1749266085 1489
14 51621.7912433001 1590
15 51574.4178010128 1696
16 51549.3608275976 1798
17 51538.3925769628 1909
18 51532.7205962596 2010
19 51529.73311141 2119

0 90051.6496449615 101
1 91208.9784784692 211
2 90983.6385152888 311
3 85741.0053646047 418
4 79848.852121612 518
5 73161.2909179702 622
6 67531.9806168154 724
7 61160.760397012 834
8 57664.1708981734 935
9 55216.8121243849 1039
10 53528.5726640409 1139
11 52564.3848331232 1259
12 52135.2943079284 1372
13 51895.4125971828 1474
14 51777.8111645915 1578
15 51725.2562716234 1680
16 51703.766352416 1796
17 51693.0515257878 1899
18 51687.8319669679 2008
19 51685.0125805755 2111

0 93153.0216601587 118
1 92174.3999437686 220
2 88477.3252045274 325
3 86466.9205871363 422
4 78699.2131908193 529
5 72206.4437847423 629
6 67336.8379913381 735
7 61359.4631246983 833
8 58463.4538918647 946
9 55317.6124779926 1046
10 53699.2875446593 1158
11 52670.0733450278 1262
12 52227.3852507005 1364
13 51954.7642070682 1468
14 51817.9109404099 1571
15 51759.9210569828 1681
16 51732.640202253 1787
17 51720.571951738 1892
18 51713.9643764681 1996
19 51710.3009637018 2100

0 96885.7861243337 100
1 95762.249310293 202
2 94253.0575880989 304
3 88503.0000066434 406
4 78453.6328021453 508
5 73361.9609125259 616
6 66862.7175278332 718
7 60606.1204236462 833
8 58275.1150755014 936
9 55503.3894010842 1044
10 53720.5096760078 1144
11 52791.422534614 1248
12 52300.4489017683 1348
13 52062.922995573 1453
14 51930.6021493496 1557
15 51869.4130895196 1667
16 51841.7136014934 1767
17 51829.1543227314 1874
18 51822.3282000602 1975
19 51818.5679228001 2081

0 96131.4947646161 103
1 94657.6640018837 212
2 91305.3597058322 312
3 87078.8539308979 418
4 78322.2992594882 523
5 73500.3400249339 626
6 67978.358345618 727
7 62063.9283253065 829
8 59116.2164901806 928
9 56066.5004392451 1033
10 54348.4335504564 1132
11 53311.592484969 1236
12 52772.555665442 1336
13 52512.1165187477 1445
14 52377.1908439601 1552
15 52313.9329957088 1657
16 52284.0626109748 1764
17 52270.7388761659 1867
18 52263.5658701071 1972
19 52259.3692033219 2075

0 94758.5464448889 106
1 96290.1855525401 207
2 93244.1225276534 308
3 83456.2905242398 413
4 78711.7529846351 525
5 75464.2210274274 628
6 67525.7481076006 744
7 62130.649112448 847
8 58608.834188184 961
9 55918.27298417 1067
10 54116.8891295791 1174
11 53066.0252759428 1279
12 52545.1557110964 1389
13 52325.0634120883 1497
14 52193.0743244431 1603
15 52132.4329983488 1709
16 52105.7904211387 1812
17 52093.0292248768 1915
18 52086.2846812594 2017
19 52082.2397883469 2128

0 93705.7996966092 104
1 90812.5798741896 208
2 92657.1961236699 314
3 90337.2336550604 427
4 79725.8719589299 533
5 73691.3308734881 641
6 66651.4667883274 741
7 61574.8723995393 849
8 57882.9016953238 952
9 55743.253599348 1063
10 54051.7743512561 1164
11 53167.5816524647 1273
12 52657.6349023149 1382
13 52368.9170273921 1490
14 52245.2240839486 1600
15 52179.9286103243 1702
16 52152.1075962256 1803
17 52138.4188178731 1908
18 52131.1915233306 2013
19 52126.9509185152 2115

0 94054.4798216989 106
1 92186.00037193 209
2 93166.1726669587 322
3 86203.8224417326 425
4 78813.3724672729 530
5 72644.9264034229 632
6 65961.4665404383 745
7 60590.2014986481 845
8 57854.9790185241 951
9 55412.5893253333 1054
10 53418.4971805418 1161
11 52463.6753160346 1264
12 51989.3874959034 1374
13 51748.8987586657 1474
14 51627.8479078881 1582
15 51568.5944794671 1682
16 51545.0006355747 1787
17 51531.6095690256 1886
18 51524.6446672146 1990
19 51520.76040678 2090

0 93044.7475405017 111
1 95048.3945830298 215
2 91116.6558618783 322
3 88860.3951345657 440
4 79283.0167629098 559
5 73935.3077069078 675
6 66754.2122351527 791
7 60868.7479843269 908
8 58218.3625464701 1012
9 55368.3502051861 1121
10 53536.5369369015 1228
11 52587.1630709413 1333
12 52134.3601095507 1435
13 51858.4509418178 1541
14 51730.1046941302 1641
15 51671.1199163304 1744
16 51644.6729114091 1843
17 51630.8151150139 1946
18 51623.5132914456 2047
19 51619.4326172817 2150

0 94939.5568231403 108
1 93301.2929647253 214
2 91372.7173376589 316
3 85823.4241416358 420
4 78821.7710410524 521
5 75268.0780111081 622
6 68295.3876617753 728
7 61169.2247234981 830
8 58066.2164137765 937
9 55506.520356511 1038
10 53755.418541089 1146
11 52737.5183490785 1249
12 52283.1927421092 1351
13 52014.819753518 1455
14 51885.5955175594 1557
15 51830.5089737565 1658
16 51804.4644023493 1762
17 51791.171972387 1864
18 51784.7258611758 1968
19 51781.0529967786 2070

0 91110.8736075526 117
1 93285.030620241 218
2 89523.3759460709 327
3 86762.6940545614 426
4 80147.3211363953 534
5 73746.0054733174 632
6 66432.987790069 739
7 61936.5053704499 839
8 58565.2584604603 944
9 55861.4714300618 1044
10 54188.5217012265 1152
11 53239.2079196918 1258
12 52790.7399052312 1367
13 52507.5512620791 1469
14 52377.444049908 1575
15 52317.9271947934 1691
16 52288.7295272735 1796
17 52276.0403782503 1904
18 52269.211880045 2008
19 52265.3972701211 2124

0 91349.3319345011 108
1 92052.477365289 224
2 92379.4465411085 332
3 88999.3343831203 446
4 78555.1202335761 551
5 74389.2509219454 657
6 66724.950400894 762
7 61148.8834146775 869
8 57960.3640808586 975
9 55535.1280332908 1079
10 53768.8287106842 1180
11 52886.446232294 1286
12 52388.585769431 1390
13 52147.9098498941 1493
14 52016.0965578706 1595
15 51953.2265021147 1698
16 51928.2134163119 1802
17 51916.9463395398 1906
18 51910.968508414 2016
19 51907.4584837594 2118

0 94285.7589205075 114
1 96195.4911669364 216
2 92513.3717587345 325
3 86710.2103708332 428
4 79663.4919614208 538
5 73444.3233223793 648
6 65472.6915069551 758
7 60894.9711284872 866
8 57566.9045082599 976
9 54743.4108551739 1082
10 53261.1563294424 1191
11 52323.7635804337 1301
12 51810.3928058143 1405
13 51599.7448801076 1515
14 51485.8646616713 1618
15 51427.8117474775 1727
16 51401.9158774889 1828
17 51391.1276683838 1938
18 51384.9851817171 2039
19 51381.6140891932 2157

0 91632.3053375565 106
1 89588.5013352744 216
2 92813.8524072808 320
3 86941.1673389003 429
4 77503.2183729396 538
5 74242.1689093358 650
6 68248.0426420953 770
7 61491.7419208249 879
8 58095.8649441952 991
9 55433.2833437796 1092
10 53837.7528710146 1199
11 52812.4909736214 1304
12 52301.8156392209 1413
13 52030.0339929645 1515
14 51893.2446521203 1625
15 51837.5966226389 1734
16 51809.9138246113 1847
17 51795.7893715775 1955
18 51788.2272574582 2066
19 51784.1062662006 2178

0 93702.1935217214 102
1 93526.9076129432 211
2 92216.1360358838 318
3 81849.5124134549 425
4 80773.2277215041 529
5 75295.4006539289 645
6 66715.7550498893 752
7 61027.0414704389 863
8 58358.426318029 966
9 55535.4497884787 1074
10 54010.2981147657 1177
11 52880.8784676211 1291
12 52365.003830119 1397
13 52113.2874274348 1503
14 51982.9969423665 1615
15 51924.0760255639 1719
16 51896.8207707196 1823
17 51884.0991156855 1925
18 51876.8087641831 2027
19 51872.768199924 2130

0 92559.7601486254 109
1 91363.0891069646 216
2 89509.5891757961 325
3 85336.8034241613 427
4 79089.3708911225 540
5 73814.4615525285 647
6 66676.951680795 765
7 60769.1840310534 866
8 57714.8773415606 976
9 54991.120659505 1091
10 53557.2819175846 1197
11 52651.2389918854 1298
12 52089.5454387542 1402
13 51810.8351756268 1507
14 51691.8884022713 1612
15 51635.7283598427 1724
16 51613.274476898 1832
17 51602.3272480039 1943
18 51596.3041803369 2047
19 51592.8913956344 2167

0 95825.952078428 103
1 96588.3487516423 216
2 88946.2953388279 325
3 83175.094124121 434
4 79530.723061567 541
5 75283.0817506816 648
6 67163.5796253422 752
7 62290.9408253975 856
8 58486.8324798302 956
9 55650.4739476072 1066
10 54239.931821781 1172
11 53258.0499604844 1275
12 52661.7763300848 1395
13 52412.5323117934 1507
14 52289.7775512536 1622
15 52228.8696100182 1730
16 52199.9475514045 1842
17 52187.1022037206 1946
18 52179.7583665487 2052
19 52175.8101658379 2149

0 96540.2475508569 110
1 93251.9973064617 216
2 89210.407488191 324
3 87720.2900483998 438
4 79953.7894956999 544
5 74515.7607792159 658
6 67755.9788452053 764
7 61471.3421723972 879
8 58283.3633994278 985
9 55705.3063874866 1100
10 53908.2043636807 1208
11 53131.2477449525 1317
12 52565.476881842 1423
13 52340.9480800561 1531
14 52210.2657971491 1634
15 52153.277538362 1739
16 52124.5889625394 1850
17 52110.6406351668 1955
18 52103.4004589688 2064
19 52099.1672600928 2169

0 92110.8906101463 120
1 94085.3870213655 226
2 90255.1972107763 336
3 85593.9251801855 441
4 81109.3809213629 551
5 74656.4400416226 655
6 66552.5657046976 764
7 61689.1721129019 865
8 58449.4085031873 978
9 55994.3288146022 1095
10 54448.7214696014 1205
11 53382.3440953595 1319
12 52906.0888485697 1422
13 52633.1252845598 1532
14 52506.2329338997 1642
15 52451.2229330394 1748
16 52421.2564668726 1856
17 52406.8557523993 1971
18 52399.4283744186 2080
19 52395.1510979813 2192

0 91500.519563151 103
1 92267.8959437336 210
2 87927.8444623818 311
3 86955.5746680065 423
4 79160.2826564085 531
5 73048.4817199625 645
6 66512.6619803463 758
7 61337.411670523 861
8 57571.8510332806 971
9 55109.005465882 1074
10 53414.7631773009 1184
11 52483.0607354986 1293
12 51981.4646901466 1405
13 51750.9514552632 1513
14 51627.0181579333 1621
15 51570.3793912441 1736
16 51544.8716723638 1841
17 51533.1226067754 1954
18 51527.0195852461 2063
19 51523.4277129008 2178

0 94637.4796239545 105
1 96144.4373111314 213
2 92720.6783859011 319
3 86962.1796911275 432
4 79429.7965597228 541
5 74078.9603643495 651
6 66664.5721086506 756
7 61045.9572755272 866
8 58061.3021026073 974
9 56071.9188976197 1078
10 54129.6054146239 1183
11 53128.9088143458 1292
12 52628.1502306307 1400
13 52381.4447381664 1507
14 52248.1369854519 1613
15 52188.3315200647 1718
16 52161.4734754196 1832
17 52148.0831191478 1936
18 52141.4734114981 2048
19 52137.4768453962 2153

0 90408.6274797914 115
1 93269.2070581923 220
2 91328.2596244826 332
3 86865.6374214126 443
4 81899.3997768716 550
5 74770.5531407456 663
6 67717.6189161691 773
7 61880.495307298 881
8 58555.0033687688 987
9 55647.0978713194 1101
10 54070.1209532238 1205
11 53083.0326015114 1317
12 52573.4707941493 1422
13 52304.880991457 1534
14 52177.5142806354 1643
15 52110.2941371368 1753
16 52083.7392941904 1862
17 52069.9983993082 1979
18 52062.4087283799 2091
19 52058.0567836909 2198

0 92975.9732119375 115
1 97102.2281354545 221
2 92101.6141071746 335
3 87101.9443632835 443
4 79107.1211721781 555
5 72709.9227853858 657
6 66200.3122547029 766
7 60837.1275179259 868
8 57484.006075143 977
9 54954.6169927938 1085
10 53400.0965608165 1193
11 52476.0708591852 1300
12 51958.5139536663 1408
13 51738.290914773 1522
14 51616.0087387621 1628
15 51570.8077666196 1739
16 51546.2573462479 1843
17 51533.8010813947 1956
18 51528.0418885542 2063
19 51524.9484317945 2176

0 92602.2672790956 110
1 93669.4193043529 218
2 91211.7953658865 328
3 84737.9105691869 444
4 79656.1268371776 554
5 73559.7315839486 657
6 67624.4716550775 765
7 61715.0704339411 867
8 58138.475767405 975
9 55182.3031005102 1076
10 53752.3432415313 1182
11 52861.5651418736 1285
12 52431.0560338786 1398
13 52160.6082955769 1501
14 52028.6753993892 1612
15 51984.2417380005 1721
16 51959.2459056658 1834
17 51948.0702691256 1934
18 51942.6287119493 2042
19 51939.6603277377 2147

0 96484.7292531338 105
1 92850.1158310949 213
2 93328.8899983343 317
3 86315.4574548844 422
4 82863.5861517494 527
5 73591.2251215037 630
6 67273.1787151193 735
7 62274.2619438928 854
8 58726.0161065999 966
9 55305.4716048021 1089
10 53588.6964265811 1201
11 52813.7329477922 1314
12 52238.8853515122 1418
13 51955.0744137028 1530
14 51828.8986596579 1639
15 51772.82899126 1742
16 51743.8327323226 1843
17 51730.2525589104 1949
18 51723.0015869129 2058
19 51718.7985031833 2171

0 94991.9244237587 127
1 92469.9051165864 230
2 91057.4813557165 340
3 86433.1247042686 450
4 79405.042777654 557
5 73151.7588278806 657
6 65243.0373059418 763
7 60121.1917312435 865
8 57177.5103038146 975
9 54779.0642123192 1083
10 53238.0061114776 1185
11 52293.1925313482 1292
12 51797.3793666214 1395
13 51529.1830029258 1500
14 51402.3734871385 1603
15 51347.3295746394 1713
16 51322.1113548668 1815
17 51310.7068386141 1918
18 51304.8773590407 2021
19 51301.5059632978 2134

0 93073.7410012184 101
1 93747.3161690781 216
2 89529.5929509605 320
3 87594.999598621 430
4 80584.65424339 535
5 73336.3914312372 651
6 66956.2395787514 756
7 62664.0158362029 867
8 58938.6767316628 973
9 55688.2227338187 1077
10 54179.4222247595 1180
11 53436.3958384785 1287
12 52824.4456416027 1400
13 52565.578856948 1509
14 52438.7151215395 1621
15 52379.1551380771 1726
16 52353.438866886 1836
17 52340.0165635033 1950
18 52333.2887681254 2069
19 52329.3668431506 2175

0 91617.585024202 106
1 92856.7467997752 213
2 94484.4576818665 319
3 88297.1058412017 431
4 79949.4404983656 541
5 73467.8916104281 653
6 66329.6979626552 759
7 61440.2040810505 871
8 58008.1067132954 975
9 55495.2333643266 1082
10 53627.6139017663 1183
11 52702.6435806455 1300
12 52209.2331426517 1402
13 51969.5252258278 1511
14 51845.7016893481 1614
15 51791.0125892546 1720
16 51766.7975839371 1824
17 51754.9657273874 1931
18 51749.2710572662 2034
19 51745.9891858803 2140

0 92003.4958686468 109
1 91862.1660095402 211
2 89194.8636263333 313
3 85502.7623668368 418
4 78221.9060858937 536
5 74600.4562154241 638
6 67066.7187647782 753
7 61114.8749433778 860
8 57402.4697934676 972
9 55021.4721123674 1075
10 53412.5169772137 1183
11 52458.9585201771 1285
12 52038.7822687014 1393
13 51796.9580833595 1494
14 51681.0428984053 1600
15 51628.537323296 1704
16 51605.9779515931 1819
17 51596.0838749937 1923
18 51590.7706100099 2033
19 51587.7820281702 2137

0 94292.3799071087 102
1 91386.9652468456 202
2 90402.8888588986 306
3 90329.7224925035 409
4 78936.0214570062 513
5 73998.4763123681 626
6 65922.256297195 732
7 61022.8285205282 836
8 57772.9263989128 939
9 55179.9845736332 1052
10 53545.7308838018 1161
11 52666.4614537054 1285
12 52179.6165517514 1411
13 51907.4796604302 1518
14 51797.514928325 1626
15 51742.4258190128 1732
16 51716.1296150437 1845
17 51703.9543503996 1951
18 51697.7937274148 2069
19 51694.3634857643 2173

0 89527.0139871881 115
1 93229.4863613514 221
2 89854.9758781016 332
3 87801.4675001096 444
4 77860.8500052568 555
5 74581.8268060166 664
6 67238.6791446351 772
7 60518.1696119474 880
8 58052.7803168641 984
9 55212.9403878739 1091
10 53604.2294273603 1194
11 52662.5419370611 1305
12 52169.6254751509 1412
13 51924.1332994083 1525
14 51794.9889678375 1629
15 51737.6579515115 1756
16 51709.6867201608 1863
17 51697.9465039229 1975
18 51691.5622258483 2087
19 51688.0097478832 2192

0 94446.3284606107 108
1 91885.4227061811 210
2 92614.2893588858 327
3 87320.0907603194 429
4 79946.8577849798 538
5 74365.0355061822 648
6 66420.026326175 763
7 61296.1566323066 867
8 57851.9508375463 983
9 55246.4921363486 1089
10 53464.8741767773 1197
11 52581.9817164543 1305
12 52109.2392500619 1410
13 51850.9460875362 1520
14 51730.6217311227 1627
15 51680.4772511576 1736
16 51656.7253072857 1844
17 51645.2966444896 1952
18 51639.9533790427 2057
19 51636.752121707 2174

