0 90111.3873467367 113
1 88440.4594602455 226
2 87281.0583110204 334
3 83804.171906887 441
4 81602.6438518451 550
5 76791.768998509 661
6 75609.8642940899 777
7 72551.2723059847 884
8 71810.5907731703 1004
9 69974.9102126093 1107
10 68348.7646447137 1218
11 67130.875856004 1321
12 66135.3472104616 1431
13 65538.2534163581 1542
14 65269.5527989766 1655
15 65045.9904670984 1775
16 64920.0149418958 1888
17 64857.5841825108 2001
18 64818.8702336102 2110
19 64798.1859070313 2224

0 88138.8691881187 104
1 87638.1543392389 217
2 84132.8401812214 321
3 83219.6869328729 429
4 80158.8323318337 537
5 77425.0178476066 647
6 74895.4775372888 775
7 72748.7057748317 886
8 71329.5160368153 1010
9 69917.6790674495 1119
10 68601.4669930265 1228
11 67155.2774224864 1330
12 66212.4440943762 1444
13 65464.3316298897 1551
14 65081.842341686 1659
15 64868.1726637617 1766
16 64759.4487470313 1871
17 64690.7702233913 1975
18 64650.8769515382 2080
19 64628.6334389414 2181

0 89442.7155261367 103
1 88650.9116936556 206
2 88967.9371077719 310
3 84315.9126051994 424
4 80239.7248418873 527
5 77791.6266886409 647
6 74667.9692040404 754
7 72895.876609505 863
8 71765.1904786601 969
9 69860.4969368514 1080
10 68648.9123898192 1209
11 67194.593873942 1313
12 66155.9408599134 1418
13 65483.5700530291 1531
14 65135.534624294 1645
15 64877.1865345072 1749
16 64761.9826896187 1858
17 64689.9405399448 1963
18 64648.3730099288 2083
19 64623.1687988803 2187

0 91081.884286033 107
1 92020.2031131473 212
2 88398.3572558196 324
3 80455.2174911174 432
4 79457.9083223338 541
5 77294.5048934293 651
6 74073.5298977759 758
7 72257.5841268534 868
8 71241.995811602 972
9 69784.1878594148 1091
10 68114.4492566704 1195
11 67083.4363413977 1311
12 65939.3491373433 1423
13 65288.68358831 1532
14 64930.1627927184 1632
15 64722.9290367558 1738
16 64605.2766078557 1839
17 64528.3919268734 1947
18 64489.8618685897 2056
19 64465.6515621587 2165

0 84845.0877507365 118
1 87379.1904157504 225
2 87447.8036811753 352
3 85548.9554918165 463
4 79554.6001556664 574
5 76523.3946309975 675
6 75269.5459573124 785
7 72389.4325212855 887
8 71429.6031556244 995
9 69755.2922343876 1103
10 68373.6370567005 1210
11 66952.838138633 1325
12 66045.7651340745 1429
13 65409.9371655282 1538
14 65029.5951422728 1641
15 64805.7315405746 1754
16 64704.6195923536 1860
17 64641.5203342805 1970
18 64607.3302076878 2076
19 64585.1185446575 2185

0 90999.6976355293 108
1 89755.5097792342 212
2 86707.6112402445 312
3 85312.691252872 412
4 79022.4589799129 513
5 76704.1161095292 619
6 74225.6785783404 721
7 73004.6894156334 831
8 71305.5632043927 934
9 69744.8312365078 1039
10 68789.888765636 1144
11 67181.5044847847 1252
12 66142.9646772627 1355
13 65561.0070240928 1465
14 65254.3620809729 1574
15 65022.978936954 1684
16 64911.15167545 1794
17 64847.9148418574 1898
18 64809.5758907492 2010
19 64787.7779554716 2121

0 93869.7846755504 117
1 84546.0372472876 223
2 88427.6227127328 332
3 84271.5552591517 442
4 79972.8163426574 554
5 75658.8632259793 671
6 73841.4034168892 777
7 73124.9176391133 885
8 71510.8950879099 992
9 69992.5143522389 1103
10 68361.2784449435 1207
11 67047.4353433088 1318
12 65992.4978731131 1423
13 65326.0973869982 1541
14 64947.058894454 1650
15 64763.354147665 1762
16 64634.1464850467 1871
17 64565.3126519393 1981
18 64524.8299614225 2098
19 64499.2016217254 2201

0 91457.8973884273 110
1 85927.5056956621 214
2 89210.248301898 324
3 86231.2158004207 433
4 79399.6491207692 546
5 77173.4353929046 654
6 74843.3731475744 773
7 73257.631144911 892
8 71456.4311987481 1003
9 70141.886367496 1117
10 68333.6302249365 1231
11 67176.9869819201 1343
12 66140.8053058419 1454
13 65519.4168554827 1563
14 65158.2258010082 1670
15 64942.0366501533 1775
16 64820.7382667546 1880
17 64746.319564037 1984
18 64702.5082813755 2087
19 64677.9931826651 2194

0 88470.3418515371 106
1 87927.6646396367 211
2 85946.1306021959 315
3 82568.8723047424 424
4 79616.5011101931 536
5 76425.8531278196 642
6 74685.6928687847 757
7 73113.3536256161 864
8 71548.089323341 975
9 70134.9491724374 1076
10 68568.8573853076 1184
11 67240.4686089719 1287
12 66344.8310568682 1398
13 65550.3327376998 1501
14 65174.1334940671 1605
15 64958.7043627212 1710
16 64827.7241387839 1819
17 64759.0477509626 1929
18 64714.3287203467 2034
19 64688.5829785686 2138

0 88651.8088477445 108
1 90377.3476937815 217
2 88014.5536106207 320
3 84965.1532316135 426
4 79858.5385783728 530
5 75707.356792492 649
6 74988.2442545787 751
7 73475.5619856685 867
8 71263.6162945669 975
9 69911.6832881195 1091
10 68440.4028104889 1202
11 67042.2385455274 1311
12 66085.4726187401 1419
13 65486.7197894703 1524
14 65135.5230407049 1637
15 64919.8366941058 1739
16 64795.3540748797 1848
17 64726.9189265249 1951
18 64685.3993656966 2066
19 64659.9639379207 2174

0 91634.8224956157 111
1 91340.6633613304 214
2 90526.1811167907 328
3 86196.6490053906 441
4 78334.5605354778 546
5 75940.3612212854 646
6 74101.151131993 749
7 73470.2746540506 850
8 71537.125454331 958
9 70146.5954542513 1067
10 68345.8253613986 1171
11 67150.2012627266 1284
12 66226.7727152295 1395
13 65576.2074973666 1507
14 65208.0113681838 1608
15 65003.1697379784 1724
16 64870.7137317205 1827
17 64796.2374950165 1937
18 64754.9642776673 2040
19 64730.9408593302 2149

0 86750.6179484948 108
1 92290.4481939673 214
2 88874.1170955414 320
3 83966.0201790319 433
4 80270.5680572486 539
5 76129.3721262643 642
6 74719.8127673344 761
7 73228.4432918987 867
8 71094.4744623275 979
9 70039.3044476699 1083
10 68115.6172236534 1195
11 66996.5672592857 1301
12 65985.8432693879 1413
13 65286.6421922726 1518
14 64899.8263303954 1625
15 64718.6351303207 1732
16 64605.0223639935 1842
17 64539.7802662209 1952
18 64505.4106786124 2057
19 64483.7799466938 2169

0 89022.4500931067 108
1 86479.9128601068 225
2 88528.8055840039 330
3 84294.7005062097 443
4 79981.5125129577 549
5 76575.4370762651 659
6 74607.7848789752 759
7 72944.3797872791 867
8 71127.4377189412 969
9 69738.1883074238 1084
10 68542.1373862121 1190
11 67161.7551848186 1302
12 66242.9880594358 1412
13 65483.8620713089 1516
14 65134.7675704923 1624
15 64943.2506094698 1727
16 64816.1640663791 1832
17 64748.562182633 1938
18 64706.7317566489 2051
19 64681.8732029842 2155

0 92735.9751142194 120
1 87860.4875055213 226
2 89126.9322459139 345
3 85902.4102676649 454
4 80168.2934369101 577
5 76304.8221295971 692
6 75015.7274231911 798
7 73271.8644320433 906
8 71383.9768270788 1015
9 70296.4974879238 1131
10 68827.2661482748 1235
11 67037.7228304459 1342
12 66251.9422911089 1446
13 65550.9626653519 1560
14 65129.690969524 1670
15 64887.4455527293 1783
16 64750.5136063055 1892
17 64678.071291311 2005
18 64635.8304513544 2126
19 64612.0070236233 2235

0 91310.6490590567 123
1 93083.8835067015 226
2 89813.434998934 333
3 82391.2805859883 436
4 79553.4535767982 544
5 76482.7904051031 648
6 74491.4050452366 749
7 72784.4488376809 883
8 71380.6091349641 991
9 70019.2564994406 1099
10 68557.8399995919 1202
11 67198.3438986998 1318
12 66249.389466933 1421
13 65651.0087820962 1538
14 65286.4196032937 1647
15 65111.8264392659 1759
16 64972.4084897545 1874
17 64904.1467358613 1981
18 64862.949445902 2090
19 64837.1824472744 2193

0 90031.4890851437 115
1 88031.9065001867 217
2 86349.562663679 327
3 83342.0447481282 435
4 79825.4126452472 548
5 77143.2547293523 658
6 74454.8598618728 771
7 72652.3369652335 878
8 71464.1141062145 988
9 69616.554590079 1096
10 68348.55264706 1204
11 67062.4635454706 1315
12 66016.0848677967 1425
13 65361.8904147705 1547
14 65032.0432201758 1655
15 64823.6107064915 1767
16 64708.2641342562 1875
17 64643.931555067 1984
18 64607.6643835654 2088
19 64584.6554829129 2195

0 90673.0742264686 107
1 90480.2510647956 215
2 88364.6516579898 321
3 84547.1503105264 428
4 80432.5494357369 539
5 76678.4363535612 643
6 74222.4433615199 757
7 73258.3122182608 861
8 71614.7821601262 976
9 69836.1685054509 1079
10 68440.7003637796 1192
11 67135.795927779 1299
12 66264.2917671883 1410
13 65522.3401072015 1518
14 65170.7426385576 1625
15 64954.1416324846 1730
16 64842.4499570456 1838
17 64782.0229668239 1939
18 64742.9262923308 2047
19 64718.7450888496 2156

0 90133.4864178305 106
1 90806.7452233183 218
2 88231.9159102535 325
3 85556.3049544107 441
4 79515.1308583007 546
5 77222.3243497685 658
6 73914.0515455194 766
7 73072.1596761865 875
8 70977.1104853475 981
9 70195.7176044974 1090
10 68815.0829574415 1198
11 67236.3263180614 1305
12 66245.9103285756 1417
13 65614.4223720436 1524
14 65211.012343836 1640
15 64990.3546068125 1748
16 64874.3822976716 1860
17 64802.3131871465 1960
18 64764.3351496114 2067
19 64740.0627059246 2171

0 90373.1075319112 111
1 88832.4198560844 216
2 86996.8161674546 327
3 85478.228218199 430
4 78949.2422725121 537
5 75711.4308204117 646
6 74324.6910593122 760
7 72901.7119855472 875
8 71964.6707969186 983
9 70274.1060179012 1091
10 68699.7627600768 1193
11 67221.4949096571 1307
12 66192.489106839 1410
13 65683.9885784423 1523
14 65307.120654718 1628
15 65078.6897883964 1739
16 64947.6401914265 1844
17 64881.8944980167 1955
18 64841.5559635241 2062
19 64818.1469735132 2171

0 92724.9155491257 110
1 91352.1237234074 216
2 88909.4682637383 328
3 85474.8451220652 433
4 77661.4800424789 539
5 77984.1142918726 644
6 74852.4438610225 752
7 72812.2164098423 857
8 71589.2083916713 966
9 69974.4067055202 1070
10 68199.040895724 1189
11 67048.8006845658 1295
12 66026.3267759368 1404
13 65413.846582045 1508
14 65051.033709427 1616
15 64860.7881063877 1723
16 64742.3938307225 1830
17 64668.586871133 1938
18 64628.6997728559 2043
19 64605.5961342328 2157

0 90994.4438912154 107
1 89486.4700848874 216
2 86411.5139918407 324
3 82348.559488213 442
4 78662.6046215614 548
5 76378.4618752131 657
6 74900.8338918104 764
7 72903.8802919665 872
8 71544.0863031425 974
9 70340.9216138226 1080
10 68368.2040041766 1186
11 67146.6604839794 1293
12 66222.5697297555 1403
13 65556.3467927263 1509
14 65205.1075725625 1625
15 64952.8269428477 1733
16 64822.5913455532 1844
17 64750.9812926688 1948
18 64712.5903559492 2061
19 64689.9253240959 2167

0 87153.4712283131 120
1 92456.3304980904 237
2 87998.2241252318 351
3 85970.3585729218 468
4 79725.6786121297 575
5 76223.4028227754 679
6 74644.6363710555 784
7 72857.5056337722 902
8 71213.8093953834 1005
9 69935.65366618 1112
10 68435.9338680833 1217
11 67030.709515745 1330
12 66041.6924128459 1435
13 65382.9551140395 1540
14 65051.4818807883 1645
15 64832.9188566752 1752
16 64713.6039219294 1863
17 64643.6418472675 1968
18 64601.8920149505 2080
19 64577.1684105146 2185

0 90121.7464483357 119
1 90394.0807069122 224
2 86113.5723931164 339
3 82505.8215685372 445
4 80272.8460679573 556
5 76388.6029430587 665
6 73460.2370930289 774
7 72593.6913021596 881
8 71911.5113451056 986
9 70023.9558396989 1091
10 68631.2975426311 1197
11 67261.5298664175 1307
12 66320.4115728629 1409
13 65673.2187975566 1517
14 65338.6002583066 1621
15 65095.1042284439 1733
16 64971.2236774839 1838
17 64884.575362527 1955
18 64842.0461390476 2061
19 64817.2250609513 2173

0 88827.2117715403 104
1 90603.2977820002 213
2 89651.7848708882 316
3 84319.29122205 421
4 79845.6198612139 523
5 75721.7288962324 629
6 74395.132813367 734
7 72999.4645728224 840
8 71336.5785769909 950
9 69982.1374831204 1061
10 68451.0577647779 1168
11 67354.949039156 1271
12 66194.2561171428 1386
13 65477.7093953123 1496
14 65123.812110901 1611
15 64910.1648927875 1720
16 64790.6632718948 1829
17 64724.6370717629 1937
18 64684.2562866173 2047
19 64661.0613668607 2153

0 95357.0297765189 111
1 86234.826418382 225
2 88059.8261234733 334
3 85603.1345113823 448
4 79719.8588372393 555
5 76709.2316851046 671
6 74639.3368623021 776
7 72620.5546964256 886
8 71535.5324521768 994
9 70060.9691443552 1102
10 68042.3025119213 1205
11 67029.9855441495 1311
12 66060.8705496336 1417
13 65427.6248153783 1532
14 65014.4343959661 1651
15 64814.4565668629 1755
16 64691.059450146 1860
17 64617.4037246695 1964
18 64577.9994628645 2068
19 64553.2899999995 2169

0 88158.5310678068 110
1 87001.9849820234 214
2 88814.0248909417 325
3 83951.7328582796 429
4 79853.081956512 541
5 78089.9776804262 651
6 74568.4676334436 766
7 72978.3250000981 880
8 71878.2774860509 989
9 69962.4148460956 1098
10 68468.1850198457 1204
11 67106.5270696998 1318
12 66114.5706887273 1427
13 65536.3466964644 1534
14 65147.3610268194 1638
15 64955.4983790226 1747
16 64829.8635060946 1852
17 64758.3269704163 1964
18 64714.6346476534 2070
19 64688.8783339359 2180

0 91084.1206914556 108
1 88794.3502216787 214
2 87426.2762262148 322
3 87433.895442411 426
4 79331.7617798695 531
5 76494.6086737976 635
6 75035.6441940047 743
7 73146.213471098 851
8 71156.5283024971 961
9 70106.1046300589 1068
10 68407.0371887573 1183
11 67253.8346835695 1292
12 66247.9960440523 1408
13 65448.2073913266 1516
14 65066.5780286759 1627
15 64840.4110704523 1737
16 64718.0075077779 1848
17 64651.1946026584 1963
18 64609.8337587645 2075
19 64583.1561437837 2186

0 88405.28038658 102
1 88230.8203701307 213
2 87643.9116503546 317
3 82671.8799411508 424
4 79572.6082551407 526
5 76035.9569768663 642
6 74590.1754476291 747
7 73001.8433586933 861
8 71545.3135105251 982
9 69638.418401803 1086
10 68331.9039873544 1195
11 67136.5632882331 1299
12 66084.9480827729 1407
13 65476.9687022817 1510
14 65037.9275367564 1620
15 64860.2306117752 1724
16 64749.1254874701 1834
17 64673.9835215561 1940
18 64634.6510904304 2057
19 64608.882160129 2160

0 87818.664043561 113
1 88852.2210701067 221
2 89812.1101596128 329
3 84086.5753648968 430
4 80297.7033935744 539
5 76743.2664485192 648
6 74158.5267399974 753
7 72997.9773894442 863
8 71404.3720646011 965
9 69537.1163587546 1076
10 68602.8974926358 1183
11 67056.7611226733 1305
12 66053.6351925136 1414
13 65463.5323197712 1523
14 65104.6222442123 1624
15 64864.3189910812 1735
16 64740.903928872 1844
17 64670.4273909929 1949
18 64630.4313516796 2061
19 64606.5436613279 2170

0 89422.9954591277 111
1 86299.381890504 219
2 84748.1543739905 331
3 83295.2653283291 435
4 77621.2047575957 550
5 76068.6565562317 660
6 74919.6264191069 772
7 73163.5473051553 881
8 71480.1483392565 994
9 69721.5642196653 1108
10 68424.8694438248 1219
11 67241.8893344056 1329
12 66186.4614320807 1434
13 65541.6353532221 1542
14 65124.5757884669 1653
15 64926.1534458206 1768
16 64799.4898983541 1878
17 64726.632526438 1995
18 64683.5273144144 2100
19 64657.3210394739 2210

0 89296.496424062 110
1 88481.568176194 217
2 88971.5265633222 324
3 83888.572423565 430
4 80334.30391347 543
5 77375.7553074865 645
6 75191.9433155876 757
7 73467.1247744221 858
8 71169.5750146737 968
9 69812.4595996571 1074
10 68567.4548737904 1191
11 67375.7073618171 1298
12 66255.3494270909 1408
13 65709.9554268974 1516
14 65281.2876668242 1625
15 65057.4567747876 1732
16 64952.634046602 1834
17 64883.7887550602 1949
18 64844.0440073688 2058
19 64820.0837742221 2175

0 93647.9537245343 105
1 86984.7902968451 220
2 84728.1752596645 329
3 84370.2603435298 443
4 81266.1228939669 551
5 75788.3721098027 659
6 75633.13690343 767
7 72679.442405474 873
8 71562.8182384909 984
9 69850.3825893717 1090
10 68618.8277924637 1202
11 67376.5488317575 1308
12 66235.199235608 1426
13 65626.42374694 1539
14 65235.9668143782 1655
15 65039.8619179721 1766
16 64912.9770932015 1875
17 64845.0137063982 1987
18 64810.193857033 2092
19 64787.1047424393 2195

0 94870.3780188865 104
1 89755.6418131444 220
2 88731.9804005674 327
3 84690.973083267 434
4 78943.737890154 537
5 76776.788114749 644
6 74708.6254576298 750
7 72260.5202240797 860
8 71584.8053865777 964
9 70100.9892777355 1078
10 68582.706806147 1183
11 67193.7333233514 1294
12 66280.723195228 1401
13 65522.5726226275 1507
14 65180.2680360249 1611
15 64980.7810847939 1719
16 64853.5897664817 1828
17 64787.7057414077 1938
18 64748.2167148548 2048
19 64724.1228937833 2149

0 89150.2461915133 114
1 87768.7312015753 223
2 88208.967784498 342
3 83510.9078914798 447
4 80339.2957968854 557
5 77275.3149626659 667
6 74086.238603212 777
7 73083.6331103858 884
8 70988.3064960462 990
9 69826.5970598557 1102
10 68291.4873457343 1205
11 67238.2535135159 1308
12 66075.6718665973 1416
13 65396.8488979279 1524
14 65035.6466081667 1629
15 64844.3579521489 1746
16 64730.0956590466 1848
17 64665.6469606716 1955
18 64629.1206550825 2060
19 64607.7133554166 2176

0 93223.617761392 104
1 89080.7656564288 222
2 89684.104726611 334
3 87512.2816084836 439
4 79027.3907966873 543
5 77401.1941802138 646
6 74775.7167209249 754
7 72858.4437616714 863
8 71762.8887819764 984
9 69995.9205241073 1092
10 68250.2974329213 1207
11 67134.0876521724 1321
12 66092.8449248562 1429
13 65468.6795184295 1534
14 65074.7827270376 1640
15 64890.1555432327 1747
16 64764.5629324198 1854
17 64693.7567900902 1968
18 64655.6370368893 2076
19 64630.6303062335 2192

0 90475.3423830174 105
1 89763.0856615051 222
2 86722.2598714876 328
3 85188.3080722332 445
4 79736.0611346059 555
5 77203.6739134186 665
6 74325.9053842896 775
7 72607.7264544916 878
8 71355.6323242964 981
9 70167.3833967174 1085
10 68414.8324554272 1191
11 67171.047274986 1299
12 66295.0137917121 1412
13 65496.2657523281 1514
14 65168.0700406838 1622
15 64962.2512619051 1725
16 64860.9408897828 1840
17 64790.589391799 1946
18 64749.8933917168 2058
19 64725.6842911021 2163

0 90005.2022441763 110
1 85754.3227708306 218
2 87693.9965220537 326
3 85667.7629050891 433
4 78248.180153091 539
5 76310.0752375161 661
6 74519.4263006084 766
7 72833.7574245787 882
8 71436.4812996531 987
9 70054.4169568213 1097
10 68615.7176495071 1201
11 67414.2908204149 1312
12 66358.4443672763 1415
13 65710.3963308586 1528
14 65366.1473873825 1643
15 65166.18511832 1746
16 65029.794816517 1848
17 64956.3993958548 1955
18 64915.5284321401 2078
19 64889.4358198926 2186

0 94684.7363011125 115
1 89259.2997877326 221
2 88170.438961499 331
3 84108.1197869587 438
4 79865.7133437547 549
5 76457.88004893 653
6 75081.5132042427 762
7 73117.3592481964 865
8 71057.276298999 973
9 69642.9630101393 1085
10 68360.346035313 1189
11 66824.6269828015 1298
12 65947.5452672145 1404
13 65291.1517788999 1520
14 64966.6301970358 1627
15 64735.5167985118 1740
16 64628.5093439641 1843
17 64556.6827836881 1955
18 64518.6591233436 2057
19 64496.0786109766 2166

0 90233.8284472487 103
1 93387.1710590391 214
2 88636.0910905523 323
3 83258.2708299048 432
4 79199.4476283448 548
5 76156.3796822415 657
6 73808.0770635484 773
7 73533.9311162463 880
8 71383.4237418869 990
9 69922.5344138656 1104
10 68612.413525434 1216
11 67117.5632398988 1333
12 66119.3826677133 1439
13 65558.7964164372 1546
14 65151.1496418736 1653
15 64929.1193915969 1764
16 64810.1004484978 1867
17 64739.1716706799 1975
18 64699.871945661 2085
19 64675.2856135807 2203

0 89716.695592454 108
1 89345.2744755959 220
2 90456.8846789659 330
3 82970.0180108183 441
4 80606.8350050842 544
5 76134.522782648 655
6 74799.5257802414 759
7 73050.9474503031 864
8 72046.7024304925 974
9 69745.4898907334 1079
10 68375.8331832861 1199
11 67085.4898830219 1302
12 66123.2684763641 1419
13 65515.2096805315 1523
14 65112.5860354132 1633
15 64899.4858466159 1738
16 64774.4360137839 1849
17 64709.2894361022 1953
18 64669.7606989389 2061
19 64645.6130544739 2167

0 91922.6068182871 107
1 87658.3220595438 212
2 89113.411009047 322
3 84713.5829254034 448
4 81190.0777739496 554
5 77107.7515312805 669
6 74930.6682606052 776
7 73724.0755121314 889
8 70882.2033416084 1003
9 69921.8862513651 1120
10 68411.025154934 1231
11 66978.959197534 1339
12 66093.4359485834 1444
13 65479.2735595669 1549
14 65106.7647571929 1658
15 64898.4305417929 1763
16 64798.3766251835 1880
17 64738.4039688277 1985
18 64701.7720796918 2099
19 64681.4165045356 2206

0 89182.8996240098 116
1 89896.3709759591 222
2 86500.5035683046 329
3 83557.5222539175 439
4 79545.4141496295 546
5 76951.0236441979 652
6 74458.3027774419 759
7 73803.3723165309 874
8 71335.7494970692 987
9 70153.0563418053 1108
10 68493.2408592319 1210
11 67278.9527331887 1321
12 66203.5435691818 1424
13 65619.5003500168 1531
14 65179.8714276854 1639
15 64980.8304116885 1748
16 64857.4339477004 1860
17 64792.4397736155 1968
18 64754.0654297368 2078
19 64733.2356072393 2190

0 91989.6202033807 114
1 90976.0983001483 217
2 87560.1975056602 337
3 84756.4236404968 442
4 79015.9738986943 561
5 76011.9140024639 673
6 75219.2161057131 785
7 72664.6233372591 900
8 71256.0910655037 1005
9 70154.9285394163 1116
10 68938.6274563337 1223
11 67322.1310493132 1335
12 66187.6427927177 1443
13 65580.7311418751 1569
14 65146.8026122061 1680
15 64938.3369373844 1799
16 64819.017586111 1911
17 64749.3815392163 2021
18 64707.3903788721 2133
19 64682.6795056057 2240

0 89665.1617489411 118
1 91224.3765191782 226
2 89383.1279665105 343
3 84536.3951813804 453
4 79915.3587201534 569
5 76620.6255038364 680
6 74471.0139499462 790
7 73491.3620335981 908
8 71736.491702562 1017
9 69925.3010932334 1129
10 68325.9266709726 1229
11 67230.3153452289 1336
12 66052.4221519386 1444
13 65414.609520847 1556
14 65058.4693891103 1667
15 64844.8114995969 1775
16 64714.1194831508 1892
17 64640.7621014976 2000
18 64598.698091345 2114
19 64573.2179509423 2217

0 87754.8798679941 118
1 86748.3037538288 231
2 88833.8372883142 342
3 86022.6927261762 449
4 80198.6223358743 561
5 75773.0861728261 669
6 74408.6240811809 776
7 72585.2317615605 885
8 71051.5165913037 992
9 69828.7134002727 1097
10 68356.9733884778 1201
11 67085.0557882524 1320
12 66098.5146190258 1425
13 65443.3597230005 1544
14 65048.6775309954 1647
15 64810.8677333142 1758
16 64696.5204006838 1861
17 64627.1052558566 1970
18 64590.9543316401 2071
19 64565.8272605944 2180

0 91923.3653898163 105
1 88348.8006835437 215
2 86634.6823416436 316
3 83747.0343926315 422
4 78885.5131003156 531
5 76921.7616459055 637
6 74017.3294251116 739
7 73110.7964432308 847
8 71443.7271644846 955
9 69972.749176262 1059
10 68416.2325872483 1176
11 67064.8276716843 1280
12 66090.9761330716 1395
13 65448.9071604861 1496
14 65060.208343025 1607
15 64859.148152207 1722
16 64757.5157802465 1835
17 64693.0964937901 1953
18 64657.8601854302 2064
19 64634.3205868606 2182

0 92118.4545616345 104
1 85736.1793107397 217
2 88907.4679183153 325
3 84532.9647432551 439
4 80663.8468992738 543
5 77015.637080673 652
6 74829.9087193023 753
7 73035.9660175458 860
8 71153.008353717 969
9 69728.0175520482 1075
10 68471.0478497668 1177
11 67044.0612746775 1284
12 66069.8021830596 1388
13 65528.0897886239 1495
14 65162.1739419018 1601
15 64945.037737598 1713
16 64823.0292476953 1825
17 64755.6648907167 1932
18 64718.4859383023 2043
19 64695.6869853667 2148

0 92870.5841608254 110
1 90517.1405121951 212
2 89836.3563038435 322
3 83353.1675664218 424
4 79670.3573255033 537
5 76656.8466395317 642
6 73911.4452136574 751
7 72738.5204888793 857
8 71527.6160542692 961
9 69969.6304329817 1061
10 68512.4202518268 1165
11 67295.3557206984 1266
12 66243.040994148 1369
13 65597.7020206294 1470
14 65202.3676768063 1574
15 65003.4724362304 1677
16 64890.9553511693 1780
17 64827.1586795478 1894
18 64787.2405482338 1996
19 64761.8656680199 2103

0 91253.1180482634 101
1 90557.6850459489 206
2 88283.9065611487 308
3 83771.2823988255 412
4 81189.371164097 515
5 76506.0682866897 621
6 74277.6405779412 725
7 72936.9855600035 835
8 71120.096426435 935
9 70005.0264267872 1040
10 68632.1648930351 1141
11 67157.0560636205 1266
12 66111.563967039 1369
13 65477.8636177026 1483
14 65115.4198326816 1590
15 64899.5537474375 1694
16 64771.6752156824 1796
17 64705.0737071185 1900
18 64664.4585032666 2000
19 64639.1250637256 2105

0 89343.2581332096 106
1 90300.2460645456 211
2 88861.6072054625 317
3 83791.3262072061 420
4 79359.4646759331 533
5 75971.6900141156 638
6 74335.2210320325 750
7 72656.8573973193 851
8 71435.9621515721 956
9 69871.975000911 1058
10 68521.8383170113 1167
11 66877.2845401266 1274
12 66010.5145145726 1388
13 65459.9516275136 1492
14 65027.9312814717 1602
15 64787.7557545881 1713
16 64677.1401670719 1822
17 64612.6504511377 1932
18 64575.9148431759 2034
19 64551.7339869662 2141

