0 93467.7863261849 102
1 91603.8605484575 203
2 86804.9605023246 306
3 83739.408452981 414
4 79386.4114610248 515
5 76802.4970669214 624
6 74056.412825868 727
7 73317.1962072818 830
8 71314.3142229686 933
9 69931.4662675708 1035
10 68179.9145695577 1136
11 67045.2654091805 1241
12 66114.5247095843 1343
13 65401.5761708865 1453
14 65029.8737055073 1555
15 64831.1703457663 1658
16 64715.4697655114 1762
17 64653.8811639403 1870
18 64616.8850569876 1970
19 64592.669483242 2078

0 88527.6719703396 103
1 86506.7807067573 214
2 86458.9658317465 319
3 82902.4915905016 425
4 77925.8870253269 524
5 76717.9195051664 631
6 73991.1262750633 729
7 72638.4592190769 834
8 71072.0789697708 932
9 69831.4997395766 1040
10 68379.3209089126 1139
11 67215.714487832 1245
12 66235.2086512895 1349
13 65566.7296426898 1455
14 65199.2222234831 1553
15 64961.8508627655 1658
16 64850.2959504856 1757
17 64784.6510576403 1859
18 64744.1304784932 1957
19 64719.2107500864 2062

0 93616.9041032713 106
1 89322.8194682791 209
2 86758.087715132 314
3 87168.0109095136 418
4 80032.9644183907 519
5 76124.2019015043 622
6 74575.2670679357 729
7 72806.6989459289 831
8 71766.8852966399 935
9 70042.469108545 1037
10 68433.6830202882 1138
11 67130.1774749485 1241
12 66084.9058667396 1357
13 65472.1731490935 1462
14 65068.2088392718 1571
15 64853.4599551403 1673
16 64730.8545245463 1779
17 64659.7687745497 1880
18 64621.8501682554 1987
19 64598.0568910393 2089

0 92835.7933269482 113
1 88938.2875078441 219
2 88180.3350247056 329
3 82382.450278664 431
4 80115.8809188475 537
5 75980.1783079545 637
6 74652.9947458202 743
7 73714.0844084794 842
8 71303.1020040998 947
9 69898.6574955926 1047
10 68783.3567762789 1150
11 67337.203548945 1252
12 66470.6953653478 1355
13 65674.1501940609 1456
14 65355.5249415142 1564
15 65130.1700907733 1666
16 65000.305506545 1769
17 64931.7965150199 1870
18 64893.5541519639 1975
19 64868.6193401966 2076

0 92814.5294665437 99
1 90697.7487679632 205
2 89739.3242274794 306
3 85201.4876998164 407
4 78431.9398824086 510
5 76415.2175262706 609
6 73327.5937071096 711
7 72696.8712731175 818
8 71717.7701201546 923
9 69986.7293158461 1026
10 68324.3971963176 1129
11 67237.9285982319 1236
12 66336.5279498308 1337
13 65627.1504786053 1441
14 65264.9801345302 1542
15 65071.9472365024 1642
16 64957.2766485941 1742
17 64888.2099636899 1844
18 64848.3663519986 1946
19 64823.9014780956 2054

0 89645.0704869523 102
1 88551.8291391792 214
2 87178.9130958098 315
3 84889.7513510414 421
4 80506.5770444892 522
5 75625.3600017433 626
6 74577.4750661835 727
7 72931.8364909543 836
8 71775.044529992 939
9 70007.4508397288 1055
10 68792.6036708783 1159
11 67515.4209516519 1265
12 66463.449202806 1365
13 65660.8651859098 1476
14 65302.0594060166 1576
15 65112.4966091717 1680
16 64998.198601241 1779
17 64934.7639287375 1884
18 64889.9814331969 1984
19 64866.24751697 2089

0 96947.9287358611 107
1 91252.3232201466 209
2 86420.4280837242 309
3 82806.3633355363 413
4 78672.2089687194 513
5 76411.1090374131 615
6 74871.1748098737 719
7 73037.7559741913 822
8 71403.542568044 924
9 69832.3454504328 1029
10 68399.112190258 1134
11 67351.3146145802 1237
12 66280.5279212495 1340
13 65636.2780605565 1442
14 65329.1709215837 1543
15 65088.2081800362 1644
16 64968.2443664016 1747
17 64900.3791904606 1847
18 64859.1336994593 1951
19 64835.2033210952 2053

0 88462.217068242 117
1 86463.3953833521 219
2 87313.1317455663 326
3 84076.2127586234 429
4 78833.8364036689 534
5 76558.5150560822 636
6 74578.7565512002 743
7 72911.0108482675 843
8 71393.876281483 950
9 69683.3184514819 1053
10 68223.0798156163 1162
11 67099.3970742014 1263
12 66047.9904394492 1370
13 65500.7287683885 1469
14 65162.973350726 1577
15 64948.67737042 1678
16 64827.1257868516 1784
17 64765.2055895915 1883
18 64725.9972336176 1988
19 64703.0432639776 2089

0 94887.9114424192 103
1 88063.9395481798 202
2 90479.2802666572 308
3 85448.3867491889 407
4 79845.6840512572 517
5 76194.5659881316 624
6 74939.5493350348 733
7 73143.407481671 841
8 71702.807341174 943
9 70110.5995226131 1053
10 68577.581377124 1158
11 67298.0911866639 1259
12 66345.229850725 1361
13 65627.483839231 1464
14 65243.4169896057 1566
15 65041.9311731316 1670
16 64918.7768751548 1772
17 64849.854977489 1875
18 64808.7814536607 1977
19 64784.8394108728 2086

0 91034.4654527763 101
1 91548.3725465468 215
2 86958.1352244096 316
3 82880.159151238 423
4 79264.1248133113 523
5 75880.6255290612 630
6 73288.119753897 731
7 72998.0544326701 838
8 71313.9459310409 941
9 69793.7264390334 1048
10 68553.5375950163 1147
11 67081.0123651397 1252
12 66184.0968084467 1350
13 65515.8953028823 1455
14 65129.5594646022 1553
15 64915.6764173819 1664
16 64798.0338191264 1763
17 64737.479092131 1869
18 64695.6970379991 1972
19 64671.5953728663 2078

0 92820.9557118656 104
1 89643.6038745675 208
2 86748.222838314 309
3 84061.2418750227 412
4 80231.427612127 511
5 76815.3386536535 616
6 74684.1304617741 718
7 73114.9070243926 821
8 71133.9786865486 931
9 69686.9125211224 1036
10 68461.9271560793 1137
11 67168.6336684158 1238
12 66177.7687291239 1340
13 65501.2744290257 1442
14 65156.6926426907 1544
15 64926.7273094526 1649
16 64813.0944462276 1757
17 64738.8760092328 1871
18 64699.497326384 1988
19 64677.3788999483 2090

0 88841.7913787246 119
1 92945.2452920133 222
2 86958.0064736229 333
3 86481.8735508682 432
4 79350.791966187 540
5 76526.545994255 641
6 74619.4688903117 746
7 73293.1920528963 849
8 70991.8223933091 954
9 69878.0235835924 1056
10 68533.2311936415 1160
11 67331.6242400664 1260
12 66172.2537440785 1365
13 65528.0974702942 1467
14 65174.7790703581 1572
15 64925.9382749713 1678
16 64821.3578158714 1783
17 64746.308743527 1898
18 64704.78466546 2003
19 64679.0717537935 2110

0 89505.8961231959 100
1 89958.1549545271 205
2 86189.6093164386 307
3 85134.232126731 412
4 81136.0955805123 513
5 76053.6154877339 618
6 74466.8120767118 719
7 72754.2903740918 837
8 71464.2127119495 938
9 69825.2416405497 1045
10 68535.34476499 1145
11 67297.1976119037 1252
12 66319.1083293883 1353
13 65578.1053920544 1460
14 65202.6197294041 1559
15 64968.2156233881 1663
16 64841.7801935802 1765
17 64773.2294191376 1870
18 64730.3012577683 1969
19 64707.047885356 2080

0 93184.3778354031 105
1 86926.4057818144 209
2 87595.6182700696 310
3 83343.0854478814 414
4 79325.8898822012 514
5 76529.801243554 619
6 74103.9784934338 725
7 73110.3529726773 827
8 71695.9722912203 927
9 69945.4051926313 1028
10 68266.6239104258 1129
11 66994.6713949778 1231
12 65990.8739106687 1336
13 65437.6756759955 1440
14 64994.6084310812 1546
15 64789.6160196709 1650
16 64678.5391568835 1759
17 64607.5768316219 1861
18 64570.9467610012 1964
19 64548.0337007781 2066

0 91535.4649500297 107
1 90347.292043134 211
2 89015.6556238894 315
3 83173.3131561515 417
4 77790.0633609329 521
5 76284.7296801911 623
6 74329.5263784675 740
7 73521.0891647041 842
8 71845.361514895 949
9 69886.0935983961 1049
10 68520.5017267595 1156
11 67201.059604329 1256
12 66150.7826073858 1364
13 65563.9800452517 1464
14 65197.3238932192 1574
15 64970.3796336781 1679
16 64853.5140810068 1789
17 64789.3894072045 1894
18 64752.3140901448 1997
19 64728.2651248866 2099

0 92808.1008704135 101
1 88384.1312518778 205
2 86945.8886538808 310
3 83778.1775019095 411
4 79805.7122129067 515
5 76351.8386738198 623
6 75332.1175251317 727
7 72647.9630402746 828
8 71481.7725221851 930
9 69643.8524630807 1031
10 68498.3609033304 1136
11 66973.1899755792 1239
12 66012.7014602386 1340
13 65428.2257975095 1449
14 65064.9179259153 1552
15 64838.1543887336 1664
16 64736.5994526625 1764
17 64665.7428353257 1868
18 64628.3602752833 1968
19 64606.304533084 2073

0 90591.0435377419 102
1 87945.9533254544 210
2 86497.1369214959 310
3 83635.6830434711 415
4 79759.0455916656 517
5 76522.0520569595 625
6 74277.648204533 725
7 72554.1119910011 838
8 71821.8752962279 938
9 69678.5718801274 1047
10 68495.4673974823 1145
11 67037.8616145417 1251
12 66045.679951278 1353
13 65375.8282792465 1459
14 65015.7654040765 1562
15 64828.3789219636 1668
16 64711.9937755021 1765
17 64649.1964732083 1868
18 64611.7899151542 1966
19 64589.6505149227 2071

0 91085.6558295134 107
1 86262.8742040606 212
2 89132.314063635 320
3 83581.9480760979 423
4 80067.9139701468 528
5 75839.9790143121 631
6 74722.3860228933 733
7 73020.6266798042 835
8 71598.9402782612 937
9 69815.5676526496 1039
10 68159.3455766024 1144
11 67137.8369062451 1250
12 66037.2557999209 1359
13 65448.8004736277 1464
14 65065.3625454408 1578
15 64865.4399574924 1679
16 64749.0870770564 1786
17 64684.3155256522 1887
18 64647.3587195769 1994
19 64624.0406135234 2096

0 90827.5768950862 108
1 87019.4413079143 207
2 87348.6814024097 314
3 84443.7669783108 417
4 80003.3007250183 524
5 76328.6264160708 622
6 74538.3464226746 726
7 73273.2777473435 824
8 71706.5810412418 932
9 69975.894795764 1031
10 68389.8909495366 1139
11 67278.5671626347 1239
12 66330.4898486866 1345
13 65599.1736492565 1446
14 65230.2448831403 1549
15 65010.5050355248 1647
16 64872.6425017702 1750
17 64803.4347165198 1848
18 64757.2585413415 1955
19 64729.7790164009 2055

0 89147.7903812849 102
1 86717.783841545 204
2 85433.5527082439 311
3 85228.8028103552 423
4 78526.0523865796 525
5 76207.8788337545 626
6 74582.952279434 732
7 73322.2165323058 835
8 71349.6688192687 936
9 69729.3668617007 1039
10 68396.2618524531 1141
11 67018.2540901849 1242
12 66060.656522776 1344
13 65397.1936158356 1452
14 65015.1831573023 1553
15 64794.6122519062 1662
16 64660.0171083293 1763
17 64595.0322522965 1872
18 64555.1053272662 1975
19 64532.456921478 2080

0 91528.5851705133 101
1 89819.7819549322 208
2 90780.4045721982 309
3 82046.1509172147 419
4 79099.173126568 522
5 76090.887284854 635
6 74490.4222510327 739
7 73168.5241227926 849
8 71365.1859647235 954
9 70058.8580446778 1060
10 68558.6949192528 1158
11 67132.9586478167 1264
12 66041.5700502562 1367
13 65416.1382991884 1470
14 65067.8821410639 1572
15 64852.2868020308 1675
16 64727.8627044395 1774
17 64656.5165703755 1878
18 64618.0564700032 1977
19 64592.4777573095 2081

0 88480.5279340868 106
1 89654.0470027049 209
2 88308.2892828414 316
3 84294.309551486 421
4 80407.1386704208 525
5 76587.1264060036 626
6 74036.6641455161 729
7 73043.5748093484 831
8 71438.7329398871 933
9 69647.811686464 1036
10 68477.9865013011 1138
11 66854.267217257 1239
12 66005.5240150745 1346
13 65374.1352881472 1447
14 65000.1158528892 1552
15 64784.0033071447 1654
16 64656.9786717277 1766
17 64590.1442096509 1867
18 64553.1830755067 1975
19 64528.7400437488 2077

0 88174.9200462897 110
1 87846.8680524306 211
2 86710.5883366712 321
3 83749.0653987312 421
4 79996.3117388955 529
5 77007.7944100636 631
6 74392.7666310101 737
7 73183.2454685089 837
8 71248.9279934193 947
9 69690.6068135628 1051
10 68287.48523766 1161
11 67079.3629084506 1266
12 66000.4665663266 1369
13 65448.7642142139 1468
14 65002.1668790462 1573
15 64795.958562817 1674
16 64675.6188245687 1776
17 64603.9259346037 1878
18 64564.8263126804 1980
19 64541.6987895585 2080

0 87596.7439188451 100
1 85150.9318100031 207
2 86661.3447385195 315
3 84799.1979770943 421
4 80547.0266350413 530
5 75959.5365509005 637
6 74148.9948735075 738
7 72944.9589606551 843
8 71508.0667193954 947
9 70116.2546356671 1050
10 68710.5705105765 1151
11 67224.2240580226 1260
12 66239.5349222017 1362
13 65526.9787253011 1475
14 65173.3866618389 1576
15 64964.5011922341 1690
16 64854.6889111515 1796
17 64788.5191321433 1906
18 64751.2788605845 2007
19 64727.3520843981 2110

0 89284.6632170383 105
1 89640.1452277826 210
2 89218.551757905 309
3 82285.6811769995 418
4 77918.8973040159 519
5 77063.384603174 622
6 74361.9604468323 723
7 73309.6869035972 828
8 70806.1602277978 930
9 69943.4992436713 1034
10 68637.7609639368 1143
11 67288.3983035112 1245
12 66230.6080310239 1347
13 65619.7780586612 1450
14 65219.519440336 1553
15 64975.8785167534 1656
16 64863.6047501996 1758
17 64801.0507441175 1862
18 64764.9087362712 1964
19 64739.4297630934 2065

0 90993.6547192202 107
1 87964.8043093509 209
2 90443.5343078867 326
3 85214.0645698579 429
4 79395.1042209923 534
5 76503.0329667034 640
6 74281.3631060249 749
7 73036.8638886445 850
8 71313.2173221129 956
9 70120.2018341436 1057
10 68542.8660032909 1163
11 67245.8641265983 1259
12 66218.9892740229 1366
13 65566.8802514215 1468
14 65128.0973069109 1580
15 64913.1984524027 1686
16 64781.8890599198 1795
17 64719.8578832624 1896
18 64675.4026903181 1998
19 64651.3458983915 2100

0 90945.4951515689 99
1 89297.9565693518 197
2 90211.9638668414 297
3 85089.6364995183 396
4 79444.2720313181 501
5 76400.1623173798 603
6 75216.9680318493 708
7 73434.1343347316 808
8 71456.8315894703 912
9 70030.6508653419 1014
10 68583.5190770483 1116
11 67048.2336751019 1215
12 66059.256629787 1319
13 65405.5704205059 1418
14 65016.387964483 1521
15 64801.1744816202 1620
16 64676.0524134156 1724
17 64610.0453463642 1826
18 64567.359522434 1928
19 64543.5352602988 2031

0 92521.3122773271 101
1 88883.1315044322 208
2 90887.6745053379 314
3 84021.1782214799 416
4 80286.9631721893 518
5 76213.9084818749 619
6 74517.1669840942 724
7 73258.5505396697 830
8 71902.8715562338 933
9 69968.8801149163 1045
10 68188.9178369945 1147
11 67038.7450865849 1253
12 66033.5446285544 1356
13 65370.3301284564 1461
14 65019.5035276019 1561
15 64850.5424214929 1675
16 64715.5798971745 1778
17 64652.9222671423 1887
18 64616.7228200716 1992
19 64593.952560586 2100

0 92521.0396069916 103
1 89320.8441996229 212
2 87310.2709828972 313
3 84560.0375957536 417
4 77618.7564048986 517
5 76336.5586142451 624
6 74758.5258984336 724
7 72551.0146797197 828
8 71119.2641879763 931
9 69982.0791209219 1039
10 68368.5911352354 1140
11 67418.0124630924 1247
12 66262.6448888584 1358
13 65619.9031355502 1464
14 65232.813608963 1576
15 65050.3282167403 1683
16 64920.4315123067 1786
17 64852.543239448 1891
18 64812.1347811019 2002
19 64788.9502115507 2102

0 89731.8709060762 111
1 93112.2414014661 217
2 88636.291025611 330
3 86037.9483886914 433
4 78726.2179462793 538
5 76531.1870965606 638
6 74805.17584256 747
7 73036.2077146445 849
8 71037.803513232 957
9 69564.5350091375 1057
10 68490.9824952724 1163
11 67075.696465293 1263
12 65979.1483364086 1366
13 65417.2543255517 1465
14 65074.1013404196 1568
15 64868.8300425954 1667
16 64756.857141682 1772
17 64690.8881936763 1878
18 64656.1272431605 1982
19 64633.5352200251 2083

0 90097.0653342595 101
1 88974.4108130299 201
2 89049.7487111904 302
3 84886.3121356134 402
4 79883.6666370225 504
5 76209.2689318806 603
6 73713.0481804211 706
7 72936.4899161245 809
8 71551.1561086473 911
9 70385.0248066325 1012
10 68570.9552358535 1114
11 67416.0436864674 1215
12 66387.3458455188 1319
13 65684.7629971242 1419
14 65301.519129651 1521
15 65101.0827574891 1619
16 64970.8646031939 1723
17 64906.0950793163 1827
18 64863.9816509049 1928
19 64839.6624284469 2028

0 90648.0887421617 101
1 90824.7530161922 201
2 88938.7344979878 303
3 86520.47357482 405
4 78543.7979294125 509
5 76810.8697286121 611
6 74420.8037590146 714
7 73419.0410903679 821
8 71442.9874423145 922
9 70025.7642872745 1029
10 68389.3880817342 1134
11 67001.7710042959 1240
12 66149.8683461324 1344
13 65381.954332303 1446
14 65038.9517172507 1546
15 64834.0401026407 1649
16 64715.4314085027 1751
17 64653.9374535781 1865
18 64615.5273240827 1967
19 64591.007303828 2076

0 90565.0940901914 100
1 90034.5967903872 205
2 85940.2171349147 308
3 85496.7473797124 416
4 81371.656238526 516
5 76763.879531868 622
6 74611.2588604879 724
7 72924.409444265 830
8 71518.9673836693 927
9 69836.4207379815 1034
10 68617.6404397653 1132
11 67400.7860552061 1247
12 66250.5172421221 1350
13 65554.0440545418 1455
14 65169.3549213828 1553
15 64981.1570994222 1657
16 64850.0174740448 1758
17 64779.2493545152 1858
18 64738.3630812666 1955
19 64712.4502741481 2059

0 89975.3141127968 102
1 88223.8873943931 202
2 86339.5875162174 300
3 81299.5552506217 400
4 78379.0113784048 499
5 77601.6138406378 609
6 75410.4904546185 712
7 73181.5179084538 818
8 71678.8089004448 916
9 69921.4148204517 1020
10 68483.1562458471 1118
11 67065.7894977485 1221
12 66106.1375261515 1319
13 65417.9074800208 1422
14 64983.3619334228 1523
15 64804.1474233981 1625
16 64691.8899731901 1731
17 64630.9784328863 1836
18 64596.3524152003 1940
19 64573.5157804496 2043

0 89863.2355430197 106
1 88986.5749496731 211
2 88173.1058840028 314
3 85774.4120922656 417
4 78710.3157957962 524
5 76607.4349968417 630
6 74861.6664685565 743
7 72842.2104480479 845
8 71057.2154712262 949
9 69841.0881792079 1049
10 68445.7202772291 1164
11 67160.7823127001 1265
12 66018.9678103237 1372
13 65447.7274663643 1473
14 65122.6371675338 1581
15 64896.2406426991 1684
16 64784.6203611728 1791
17 64722.9557140445 1890
18 64684.8663373162 1995
19 64662.2952249077 2094

0 88635.7551008004 107
1 90748.2572787576 206
2 86900.8456934585 312
3 83898.942430438 413
4 79464.3102005827 521
5 76395.3966237074 623
6 73570.2260026843 727
7 73299.5032949987 826
8 71910.628286864 930
9 69568.3566921 1029
10 68512.8318393095 1136
11 67172.3517740651 1235
12 66142.2382880485 1338
13 65592.296416916 1438
14 65200.9617752551 1538
15 64983.9866278909 1639
16 64857.6382698818 1739
17 64788.5985503121 1838
18 64748.1447352723 1947
19 64722.2847372986 2048

0 89991.1947198914 100
1 91237.5730209787 197
2 89338.2466542052 297
3 84081.3795232647 397
4 79653.6470689997 496
5 75793.3980836266 596
6 74623.7787584029 698
7 73349.0353482055 796
8 71464.4228658811 902
9 70027.7058017781 1000
10 68445.4414086645 1099
11 67280.8373329745 1197
12 66278.6952627628 1301
13 65561.0967464568 1399
14 65196.4027093909 1505
15 64980.9786469751 1607
16 64852.9289470874 1709
17 64769.3730028833 1807
18 64726.0609976847 1914
19 64698.1342655058 2014

0 89532.5230542239 101
1 88563.6586805799 199
2 88101.322837562 310
3 83710.1701289763 414
4 78961.2317258169 522
5 76715.5497909204 633
6 74455.080920185 738
7 72746.563757054 840
8 71632.7026374705 942
9 69723.0494997052 1043
10 68373.156047773 1144
11 66776.390068622 1244
12 66023.3701448733 1347
13 65429.3750748426 1449
14 65008.0886268469 1551
15 64814.1022642931 1658
16 64705.7494626777 1760
17 64636.3374598691 1864
18 64598.8535390288 1964
19 64577.0701577725 2075

0 88270.7009414402 100
1 86209.9308754639 202
2 88336.3959704571 302
3 82143.0825252876 405
4 80805.9067600438 507
5 77012.4383360341 614
6 74821.5204818094 714
7 72873.0180216054 818
8 70962.47815412 919
9 69810.9379336179 1022
10 68759.7278727555 1122
11 67314.4175936641 1224
12 66139.5929327035 1326
13 65507.9361328556 1438
14 65174.5073124076 1540
15 64918.3848171149 1651
16 64811.3514415665 1751
17 64744.3600150457 1858
18 64706.152692902 1957
19 64679.4274381243 2064

0 92897.776855995 102
1 88285.1915100936 208
2 90781.4417658286 305
3 83823.1673443861 412
4 78488.9894790785 513
5 75957.8219100661 619
6 73915.9204647314 718
7 72332.6793096135 829
8 71245.304876291 929
9 69696.3083245726 1034
10 68854.125133997 1132
11 67349.4070205292 1238
12 66199.0837240743 1337
13 65513.1646291768 1443
14 65149.1394450817 1549
15 64952.2297468887 1661
16 64839.1133448627 1780
17 64768.8696474968 1886
18 64731.2536276336 1993
19 64706.9136633763 2095

0 89853.8510640269 118
1 88173.4835847601 220
2 89426.9407564122 326
3 83531.15336773 427
4 80021.1794246906 535
5 76687.5994644805 635
6 75064.6207418791 741
7 73186.7059037564 842
8 71279.4255290021 949
9 69899.4208550854 1046
10 68540.8820429666 1154
11 67248.7223070773 1253
12 66112.0174701439 1359
13 65527.3507637154 1461
14 65148.3786454887 1573
15 64922.6015744654 1675
16 64801.2277930218 1785
17 64726.7714572954 1888
18 64686.769983291 1994
19 64661.4042520204 2095

0 89431.1661232468 101
1 87645.2821820334 200
2 86362.4650309945 303
3 85685.0263461368 407
4 81386.0054722459 510
5 77603.8130196219 614
6 73879.4555369719 716
7 72949.1200125845 821
8 71796.8155477521 923
9 70105.5602358644 1024
10 68494.7745823833 1125
11 67033.996554992 1226
12 66140.0203106713 1327
13 65486.5110794382 1432
14 65111.2771947478 1533
15 64881.3363734128 1634
16 64773.6234558754 1735
17 64713.0703729492 1836
18 64672.6733844422 1937
19 64647.0703819504 2044

0 89819.7978696055 100
1 88437.0277116238 202
2 87955.7640867861 304
3 83880.4298048394 413
4 80973.4906294572 513
5 75574.327624041 617
6 74523.6481405721 718
7 73459.3864522661 821
8 71453.6876366254 922
9 70091.2489250438 1026
10 68379.0276655669 1126
11 67035.5963800095 1228
12 65981.3753357727 1329
13 65438.1208410588 1446
14 65036.5446176692 1546
15 64840.536754434 1652
16 64728.6761736841 1752
17 64655.2876116511 1858
18 64616.7119617555 1958
19 64594.715686117 2064

0 88634.4647722391 100
1 88908.9841229494 207
2 86471.1467043917 312
3 86619.9303254245 419
4 80152.9473954058 517
5 76781.6840305 624
6 74947.21880978 724
7 73010.364531029 836
8 71773.1702652992 935
9 69782.081919018 1041
10 68675.0177257713 1140
11 67296.968922122 1243
12 66212.1550388165 1347
13 65508.2363890412 1456
14 65162.9997442838 1559
15 64943.805743643 1666
16 64826.3914303595 1766
17 64759.1465001941 1869
18 64718.953327991 1969
19 64692.6615332905 2071

0 90975.3056911542 110
1 86199.3992455448 216
2 87344.2981171107 324
3 86259.7477285016 426
4 81816.2197661695 530
5 76447.8072868706 632
6 74020.1203119861 734
7 73335.6988420576 836
8 71445.4750293727 937
9 70095.6412899119 1039
10 68428.5152935605 1141
11 67160.581017196 1242
12 66161.2280293997 1350
13 65516.8423411558 1452
14 65148.6510339486 1560
15 64946.6034459014 1660
16 64824.4913149736 1767
17 64758.3872177556 1867
18 64718.1725335464 1971
19 64692.6101657236 2072

0 90433.2295611656 113
1 87630.2331428668 218
2 88048.6817254265 327
3 81412.9327412714 428
4 80332.7018308391 536
5 76375.1139644462 636
6 74451.3093441749 745
7 73756.7015967181 850
8 71933.7795647153 956
9 69689.7636045307 1055
10 68511.5472211639 1162
11 67172.194412828 1265
12 66247.8669751049 1370
13 65658.1705634674 1469
14 65299.3312823549 1573
15 65094.3216913378 1678
16 64979.5391172978 1782
17 64907.6777423177 1883
18 64863.6814735826 1986
19 64839.2576921178 2088

0 89008.5378774366 101
1 88180.2016304752 212
2 87502.7116283095 316
3 83649.119744294 420
4 80195.6154180209 522
5 76642.5571346512 625
6 74353.687657536 726
7 72938.231857073 830
8 71536.9309951274 932
9 69746.2704891842 1040
10 68578.5213131597 1145
11 67107.9915858976 1255
12 66186.1770691129 1359
13 65592.7440022053 1468
14 65186.7163893926 1569
15 64957.1574993013 1684
16 64844.1684335539 1787
17 64776.7180669794 1893
18 64737.3328888217 1993
19 64712.4557727166 2099

0 91234.3898725326 106
1 88772.1503481093 212
2 85969.5860766967 311
3 85215.4724279699 417
4 79384.6772268467 516
5 76369.8375707654 620
6 74305.0629302209 719
7 72874.300502564 823
8 71110.335112787 925
9 70160.405720042 1030
10 68503.1506105643 1133
11 67351.9115820992 1237
12 66357.1474711074 1336
13 65777.7163661817 1440
14 65348.050545587 1539
15 65142.2561333803 1642
16 65018.8892676933 1741
17 64951.5787717714 1845
18 64909.0583066684 1946
19 64883.6439412675 2049

0 90621.6197046843 114
1 86319.2400138215 219
2 87958.0412614579 322
3 83235.5905143321 424
4 79645.5556661615 526
5 77020.5827901197 629
6 74647.1891584302 733
7 72778.1524770917 834
8 71358.4610630842 939
9 70418.7803348032 1040
10 68614.1862138025 1148
11 67397.6404463138 1249
12 66234.3780785474 1353
13 65564.0173536752 1454
14 65233.3945535356 1567
15 65029.0563011153 1669
16 64919.4145474613 1775
17 64852.1353759068 1878
18 64813.7783201639 1985
19 64790.678632496 2088

0 92407.5893301328 111
1 91890.7328398608 211
2 88932.4560403432 317
3 83756.3962971661 418
4 80408.1943931066 527
5 75142.5459751114 629
6 73820.4308652116 739
7 72932.0271991008 848
8 71739.1616693028 953
9 70108.7485708663 1059
10 68214.4045348227 1160
11 67065.7367072352 1260
12 66113.6799771734 1363
13 65488.1902796855 1463
14 65097.561143684 1567
15 64889.3493627399 1671
16 64785.5903069203 1773
17 64721.2086967944 1873
18 64684.4065451347 1976
19 64660.2026907811 2081

