0 92789.8560919173 103
1 89042.5795147913 210
2 85511.5751214886 309
3 84654.8842091501 420
4 79363.1228734498 520
5 76832.3521030839 626
6 74521.3620786689 723
7 73027.200594364 828
8 71321.6201360999 929
9 70057.0232992172 1035
10 68751.8425079994 1133
11 67150.0586582471 1238
12 66012.869568733 1337
13 65458.3314734392 1443
14 65054.3951867779 1543
15 64836.5304045526 1646
16 64711.9575421167 1746
17 64639.6999643563 1853
18 64604.9436125274 1954
19 64581.1950107664 2059

0 90547.4600041959 105
1 89446.393267825 212
2 89948.321896949 317
3 84620.4682815746 424
4 78792.8937291155 527
5 75760.7304384183 628
6 74801.4536848384 733
7 73002.5051149246 837
8 71408.8844261903 956
9 69843.2101393898 1057
10 68316.8787825198 1159
11 67222.2925135039 1259
12 66112.5251299806 1361
13 65507.4148818266 1463
14 65094.5275093548 1566
15 64888.509100455 1666
16 64775.0161873451 1768
17 64701.134398594 1868
18 64658.2698058391 1977
19 64632.4387139607 2077

0 90408.1434578649 111
1 87682.9151816557 212
2 90103.2764712944 331
3 84276.7287087676 437
4 80568.909714806 543
5 76787.1094262541 644
6 74700.0861146941 749
7 72882.6338907947 851
8 71310.9851102665 955
9 69985.649443957 1052
10 68446.4124834995 1156
11 66976.3524991999 1262
12 65986.9656300187 1365
13 65395.6863834405 1465
14 65034.5896810281 1570
15 64822.9590584184 1675
16 64702.3578839367 1778
17 64641.9577718993 1882
18 64601.6546505262 1985
19 64579.4938322487 2085

0 89081.1951149435 102
1 89710.0716214124 203
2 86304.0915272431 308
3 83785.6375532088 414
4 79176.9527743172 518
5 77172.3775469396 624
6 73987.3197623387 728
7 72750.3421409385 835
8 71596.2135092689 936
9 69916.1654415563 1046
10 68306.1309776555 1148
11 67147.4928230541 1257
12 66169.3855572605 1362
13 65532.7416294401 1467
14 65160.5887245923 1572
15 64934.0587924207 1683
16 64821.664446886 1787
17 64755.1513639897 1899
18 64718.7436113843 2001
19 64694.9988261033 2107

0 92717.9136759153 117
1 86117.3532848343 223
2 86745.7499361797 328
3 84937.9321937203 433
4 79875.7003754161 538
5 77821.9921285053 640
6 74353.6262701655 747
7 73638.9628760335 849
8 71382.7340080709 950
9 70092.2777741093 1050
10 68505.6966857351 1153
11 67171.6912666418 1256
12 66284.1686272475 1359
13 65577.4604926717 1460
14 65191.3188958988 1566
15 64961.8506606125 1671
16 64836.8830719919 1806
17 64758.1615725309 1913
18 64713.7745488959 2018
19 64687.7435120584 2118

0 95228.1802173892 106
1 89324.3710916794 205
2 89537.4186462442 310
3 84597.1018997779 410
4 80920.9551251129 518
5 75704.5541180048 621
6 74865.2949502594 725
7 72969.5049095627 824
8 71531.5754439967 934
9 69837.3967687475 1036
10 68939.7008043235 1140
11 67414.4100953107 1239
12 66289.4631869306 1345
13 65716.4120709299 1446
14 65342.6291490193 1548
15 65121.4019040575 1651
16 64998.325625964 1754
17 64927.5214627522 1853
18 64884.0373978054 1957
19 64858.3277775918 2058

0 88650.3442631349 102
1 89079.8066460661 202
2 87282.643172945 305
3 84164.2191359839 410
4 79494.2411516062 515
5 76722.7168531984 629
6 74209.9086823244 730
7 72746.8543879252 831
8 71769.4400278774 933
9 70217.9833842465 1037
10 68509.7395569853 1139
11 67248.0849584335 1239
12 66027.6326677258 1341
13 65411.9713118868 1444
14 65013.4057795976 1545
15 64810.7429793102 1652
16 64682.1453273621 1751
17 64616.4158882099 1863
18 64572.8312355847 1963
19 64546.8627722068 2069

0 90399.2876004289 102
1 86927.1191082379 208
2 87219.3347371462 310
3 85289.3186524813 419
4 79971.9826471321 524
5 77524.0407196585 633
6 74603.0750768622 732
7 72702.6301960915 839
8 71303.7493021249 937
9 69993.0267815483 1042
10 68456.9944381337 1144
11 67190.7499466591 1260
12 66197.8259857652 1364
13 65501.8064306103 1469
14 65164.7522725411 1575
15 64972.9152361046 1676
16 64847.539144447 1775
17 64776.8559677722 1879
18 64739.9521246375 1981
19 64714.124266865 2083

0 90178.1565689418 105
1 90465.3094645263 209
2 89989.1608133179 311
3 88609.4298574165 416
4 81305.7234506288 529
5 78035.436474004 631
6 74934.8499155834 734
7 72694.0398150187 836
8 71674.980827961 940
9 69810.719897951 1040
10 68385.5200494069 1144
11 67041.8153929197 1246
12 66171.0945355746 1349
13 65446.4248326304 1449
14 65070.0588488241 1557
15 64845.5536407538 1657
16 64724.3305157439 1771
17 64656.2430362994 1873
18 64615.7510062884 1979
19 64591.8306937276 2080

0 92153.4728686335 111
1 88483.2104481627 228
2 87341.0086169839 332
3 83882.8452814412 432
4 78391.2505876232 538
5 76589.0031296291 637
6 73824.8207530745 741
7 73160.9100892728 841
8 71206.5282561845 948
9 69964.5032221735 1050
10 68379.9728789038 1154
11 67144.4038456875 1254
12 65912.2903125967 1358
13 65331.7236201424 1462
14 64945.9412163604 1563
15 64752.2666990062 1661
16 64630.9956351697 1765
17 64563.6964499036 1863
18 64525.8285732542 1966
19 64503.9330534428 2064

0 90627.4622829567 102
1 87262.8776289564 204
2 86515.3105891231 309
3 83166.8961385557 416
4 82347.6065481509 519
5 76655.9701250271 621
6 74094.7826514029 724
7 73012.1399610163 832
8 71333.2962749718 939
9 69750.5431391996 1046
10 68389.6787987912 1150
11 67106.1884040842 1253
12 66297.3018441152 1357
13 65540.359110373 1466
14 65177.0346934481 1566
15 64942.9451318112 1680
16 64823.0711108037 1783
17 64754.3891704558 1890
18 64715.9811311162 1991
19 64688.2266930691 2097

0 88182.350308905 102
1 88985.6024592204 208
2 87320.7481582497 309
3 84347.8448006556 417
4 79705.9659476323 516
5 75536.5719546311 621
6 74250.9843902775 721
7 73123.2796089176 825
8 71520.1341874498 926
9 70338.079729373 1032
10 68521.518643221 1131
11 67253.7307873807 1234
12 66241.499160498 1334
13 65535.5074371609 1440
14 65199.9844284879 1539
15 65017.6530422654 1645
16 64880.9090098306 1744
17 64810.6495261128 1851
18 64766.9661112279 1953
19 64740.5846199531 2057

0 90325.3648595719 104
1 89470.4800138985 207
2 90046.2982803004 314
3 84497.1817632486 417
4 80577.9864764309 523
5 76154.9837476211 627
6 74180.1968378606 727
7 72428.746242953 830
8 71064.7231025849 931
9 70135.0506013108 1033
10 68425.146655491 1133
11 67124.7259660611 1235
12 66157.5965286494 1342
13 65458.9798663429 1443
14 65089.6521128723 1545
15 64872.9716563105 1647
16 64764.5444462882 1754
17 64688.4676053756 1857
18 64648.7694441539 1963
19 64623.6737148436 2063

0 87227.0869532388 109
1 88127.8400152919 212
2 86669.1302851172 329
3 83254.4897685742 433
4 78259.2367266063 547
5 76109.0720930528 649
6 73764.5406026089 757
7 73238.3539827289 858
8 71221.4619579683 962
9 70096.2231933017 1060
10 68574.5076658314 1172
11 67252.0076762422 1275
12 66246.9562531914 1379
13 65628.1371476952 1479
14 65220.7982137426 1583
15 64985.7317701258 1682
16 64856.8958033372 1788
17 64791.5628099709 1886
18 64751.6866399521 1991
19 64724.1024614809 2090

0 92431.0138327867 100
1 89420.8492359758 199
2 87757.1550790181 301
3 83442.4780158892 403
4 80141.2971648773 508
5 75585.0014927719 609
6 74735.8597031996 712
7 72954.5435526033 812
8 71628.6494976391 916
9 69835.2850445446 1014
10 68691.8719241907 1117
11 67307.8452340798 1218
12 66213.8776118893 1321
13 65567.1100806199 1422
14 65172.7582939687 1526
15 64957.742445443 1624
16 64844.2894337271 1727
17 64766.7427663557 1833
18 64725.3531065924 1936
19 64699.3737438053 2039

0 88952.2193821186 99
1 87929.3393020788 202
2 89620.6529604444 305
3 86589.135167921 407
4 80368.7022530727 509
5 76817.6665476503 608
6 74750.0779542477 712
7 73040.1082049322 814
8 71233.6794695268 915
9 69766.4929910013 1017
10 68268.4759092959 1118
11 66936.1659616875 1232
12 65885.4012472819 1335
13 65304.2250534313 1446
14 64923.5381540931 1548
15 64728.9410920136 1653
16 64619.8230093503 1755
17 64550.7409996761 1861
18 64508.3038873794 1965
19 64484.4823544263 2073

0 92932.5052642219 107
1 87085.989839125 220
2 86524.042517507 326
3 85373.9182658642 434
4 78527.6225112928 536
5 76068.6276255117 647
6 74458.9727065199 750
7 73119.9859532016 855
8 71570.0677513186 955
9 69723.2083492893 1056
10 68559.1516936615 1158
11 67219.3688006791 1264
12 66123.7881473197 1366
13 65447.9174440787 1471
14 65106.3153815569 1579
15 64897.4362402337 1685
16 64772.7018854414 1791
17 64706.8679357982 1893
18 64670.0801333036 2006
19 64648.8302997335 2110

0 89107.9062269173 110
1 89453.8975016316 211
2 88310.7143495811 320
3 84526.4713818277 424
4 80690.9023250499 531
5 76963.1133805349 633
6 73697.6531986594 744
7 72687.3266128673 846
8 71700.013681229 951
9 69793.047299949 1052
10 68568.513817794 1160
11 67051.6513766435 1263
12 66135.1320563724 1370
13 65473.6542138854 1475
14 65156.8828615847 1582
15 64919.0661608423 1684
16 64802.5037693466 1786
17 64726.3512463971 1888
18 64683.2718742027 1988
19 64659.7935535744 2095

0 89805.0773836471 102
1 88699.5445732474 203
2 88180.7392090449 302
3 83149.9802267627 402
4 78883.8852764138 502
5 75910.4004377868 603
6 73545.3350312059 704
7 74068.2165729552 808
8 71051.3146779455 911
9 69935.8985617486 1020
10 68277.5782902061 1118
11 66934.4151339496 1218
12 66087.971169852 1328
13 65331.7314128063 1438
14 65016.4629668729 1540
15 64801.919167424 1655
16 64696.6911878874 1769
17 64627.5115657413 1883
18 64585.9136965809 2006
19 64561.7734292828 2126

0 90177.0517815458 117
1 90129.7167789186 222
2 83745.1239224986 339
3 85733.3585766619 442
4 79019.6599199631 562
5 77925.5939895666 676
6 74541.0435702805 794
7 73227.7171694977 906
8 70894.7887684239 1008
9 70254.4941621239 1112
10 68654.0278010893 1216
11 67242.9867184455 1322
12 66245.9467946262 1420
13 65563.4833998223 1519
14 65186.3793120428 1617
15 64958.7785252635 1718
16 64843.4976938583 1815
17 64770.8602362317 1915
18 64731.0090551302 2013
19 64705.9059954269 2112

0 90162.4382570233 100
1 90709.2845119799 198
2 88093.3827438718 303
3 85301.0809744202 403
4 79487.6906884396 516
5 76453.6273028535 618
6 74574.7251750529 721
7 72710.0688245312 826
8 71811.3290478035 927
9 70000.1820165683 1027
10 68312.0653993639 1130
11 67153.6121291962 1231
12 66212.3626449166 1329
13 65504.9720118643 1429
14 65136.0924574096 1531
15 64902.8737049168 1630
16 64763.82715114 1732
17 64689.9421503613 1837
18 64645.8732000765 1941
19 64620.5100375041 2042

0 90450.4615310622 100
1 88091.9221591476 201
2 89700.3525260309 301
3 83179.2913832469 401
4 80500.4560081739 500
5 76410.0426767272 597
6 74749.3577391257 701
7 73538.8339583664 804
8 71013.1748021381 907
9 69836.1527831838 1008
10 68459.1274240663 1116
11 67194.3197287757 1223
12 66125.0421598213 1330
13 65516.7106087932 1431
14 65074.7519469215 1533
15 64865.9760149833 1635
16 64736.2039360184 1736
17 64673.8861983796 1845
18 64637.1001670592 1946
19 64611.0174141532 2048

0 90739.7090897312 101
1 87138.7067969886 202
2 89369.8551114646 300
3 83108.5699281149 407
4 78667.5009071791 508
5 77642.7508185533 612
6 74160.5569842029 710
7 72903.6336224869 813
8 71308.5884047883 911
9 70325.0300050458 1015
10 68835.8527581632 1115
11 67243.2842665998 1215
12 66254.3603404442 1312
13 65641.2011048658 1414
14 65193.9128285544 1511
15 64987.6878031837 1611
16 64856.1927973742 1712
17 64782.0374716624 1829
18 64739.3003585911 1931
19 64713.1118552666 2033

0 94696.1897147322 100
1 89925.4922944661 201
2 87691.8091153681 298
3 84391.9476569461 400
4 77039.075125212 498
5 77654.3782536561 600
6 74759.5105547992 703
7 72649.5307600724 809
8 71492.2620887609 906
9 69686.5391755262 1009
10 68076.9096002123 1110
11 66927.6442097747 1227
12 65987.3473362127 1329
13 65352.9911019064 1434
14 65018.8250961606 1530
15 64789.8502066549 1631
16 64661.4277902294 1731
17 64591.8324155066 1838
18 64555.6383313899 1935
19 64532.0656717651 2039

0 89591.2449064038 101
1 88715.3151926184 207
2 87866.6712752223 309
3 84317.0605764973 413
4 81904.9522050301 509
5 77941.6516842752 618
6 74451.4213572763 722
7 72652.0392556646 835
8 71543.0585027736 934
9 70027.4438958289 1044
10 68589.51054463 1146
11 67095.8560460233 1249
12 66163.8288912761 1346
13 65557.2881046102 1448
14 65209.8045649929 1545
15 64999.1640577065 1647
16 64869.1439439127 1746
17 64797.0345580877 1855
18 64756.3993629552 1953
19 64731.9279524493 2055

0 86963.2092891201 101
1 86369.9997832169 208
2 87572.4096275858 306
3 84636.8269843036 411
4 77316.1312891886 512
5 77808.3216843699 612
6 73086.6251448549 711
7 72863.2622498473 817
8 71167.430025475 915
9 69822.5358523637 1019
10 68427.7089543434 1116
11 67079.4755975203 1217
12 66123.6455682869 1316
13 65544.0338804962 1417
14 65184.8860475602 1513
15 64988.240875408 1619
16 64877.9442591269 1721
17 64809.4968649322 1827
18 64770.4527949719 1924
19 64747.9341861039 2024

0 93168.8803207816 101
1 87931.3180807926 208
2 86678.1542106173 306
3 83101.3762931346 408
4 79105.7178856951 508
5 76821.3722722781 613
6 74225.0658508157 715
7 73060.341154924 821
8 71487.9074461194 919
9 69968.9569281907 1021
10 68639.0004290398 1118
11 67118.8932149868 1224
12 66074.1663618796 1322
13 65488.0169040617 1422
14 65095.3526885495 1520
15 64876.1198289387 1622
16 64778.0980374729 1722
17 64700.2929268364 1823
18 64665.7391404363 1920
19 64642.1136104947 2027

0 90782.2079984784 102
1 91521.2462912737 205
2 88021.3184009636 303
3 83521.4991974011 412
4 80415.7459134969 516
5 77675.498458182 624
6 74601.8189682536 730
7 73283.9380448558 834
8 71395.9531904515 933
9 69883.5438057649 1035
10 68733.2308692473 1133
11 67347.6827892387 1235
12 66341.7392177244 1333
13 65655.1188103073 1432
14 65321.9704890687 1529
15 65097.9230224345 1635
16 64962.9295762788 1735
17 64901.242044677 1841
18 64857.7602865277 1939
19 64833.6760312013 2043

0 93083.8807757568 103
1 86806.8011424884 208
2 88606.2123045534 310
3 81034.3861125966 410
4 80331.9457216408 509
5 76244.8834409948 614
6 74214.560801896 716
7 73268.3164055898 818
8 71354.2321401328 917
9 69732.53474659 1015
10 68544.2236224079 1115
11 67090.6753549694 1221
12 66049.3346732444 1320
13 65460.652122562 1423
14 65077.946995722 1521
15 64823.3805494907 1623
16 64717.3263882142 1725
17 64646.0307035637 1825
18 64606.053595481 1922
19 64580.9928799691 2026

0 89991.5799697352 103
1 88618.4471363551 201
2 86320.9051928157 299
3 84465.5701968784 406
4 80230.5911231599 506
5 76651.7425954762 611
6 75164.5906422168 715
7 72873.4944299736 818
8 71052.5325164882 917
9 69824.2392643133 1020
10 68212.4981974314 1119
11 66993.1535817051 1222
12 65946.9274542285 1321
13 65449.2892265634 1419
14 65067.0164359283 1517
15 64863.5861249515 1615
16 64759.3009486275 1716
17 64695.9456862411 1821
18 64661.36922494 1920
19 64642.3571958026 2025

0 92008.614561945 102
1 86279.4659159036 205
2 86385.799416065 305
3 83802.6924917724 410
4 79087.1492798271 510
5 76100.0477830996 610
6 75319.5854595435 712
7 72879.893664759 812
8 71419.4888862383 913
9 69892.1747505175 1012
10 68574.3436687837 1111
11 67216.4823813341 1223
12 66141.9640913511 1324
13 65521.3919113772 1422
14 65133.7188488275 1518
15 64917.1929529191 1617
16 64802.5825285546 1717
17 64730.8057497011 1815
18 64694.9277519464 1912
19 64670.0825239949 2017

0 92872.6726433009 101
1 89705.153826444 205
2 89695.8165835625 303
3 85705.9495673757 410
4 79328.0503720504 510
5 77369.7148539794 615
6 74998.0034838221 717
7 73299.5541818879 822
8 71875.4179691664 919
9 69996.2914447181 1024
10 68919.2702572027 1122
11 67283.1513703443 1226
12 66476.8388481602 1323
13 65712.6234588588 1428
14 65315.8681075297 1526
15 65118.8113954247 1629
16 64976.0811515898 1730
17 64905.8454048454 1831
18 64856.018372577 1928
19 64828.4650005282 2028

0 91900.9127987146 102
1 93317.6888525927 205
2 87193.7088449503 303
3 83589.3348020454 404
4 81231.1292081202 504
5 76385.1731796644 604
6 74324.6447843607 707
7 73387.9806476576 807
8 71665.2437762722 905
9 69901.003269957 1012
10 68514.3335515649 1113
11 67169.1771368779 1214
12 66164.3863634869 1311
13 65616.323669329 1417
14 65273.3762498377 1515
15 65055.9412397622 1621
16 64946.8946483231 1722
17 64875.7608807846 1821
18 64835.2422498441 1918
19 64810.837062626 2022

0 92201.7937429302 102
1 87109.9967858883 209
2 85892.8350830015 310
3 84423.6066549932 410
4 78582.1500847977 510
5 76534.2548210508 621
6 73978.4271987853 724
7 72868.1674765338 830
8 71165.0562348808 930
9 70204.5468301178 1033
10 68625.5677486561 1132
11 67163.6708093146 1236
12 66198.4696793593 1334
13 65613.0920875982 1438
14 65257.8467328961 1539
15 65052.3086661606 1646
16 64939.4650398202 1749
17 64878.7815938199 1850
18 64836.8515817641 1953
19 64812.8453072676 2073

0 91457.3524211546 115
1 90332.8334009076 215
2 87483.6474321087 317
3 82524.5667211407 419
4 78744.5813725828 522
5 76730.4437199924 624
6 75371.6774612667 730
7 73147.0232372633 827
8 71780.2322674375 928
9 69850.2304119474 1025
10 68447.2872577302 1126
11 67303.0614110463 1225
12 66234.357128653 1333
13 65576.2580206656 1434
14 65220.484560028 1541
15 65001.7146588771 1638
16 64884.4692844361 1749
17 64814.5699298356 1850
18 64776.7360706246 1955
19 64751.0177098529 2052

0 91598.9847954921 108
1 90258.5455728559 206
2 87577.0471605946 310
3 83494.3220328542 413
4 80962.7146730507 517
5 75416.106382988 617
6 73689.2806076874 728
7 73378.7369407303 826
8 72061.062231912 932
9 70095.0588738496 1028
10 68840.543334473 1133
11 67096.7162893229 1233
12 66163.6957915861 1339
13 65580.499246639 1437
14 65187.6057601891 1541
15 64974.6523711523 1644
16 64850.8985443245 1752
17 64780.8395192835 1852
18 64743.068214461 1951
19 64715.7630001495 2047

0 89247.8012088093 114
1 86723.3749935873 212
2 89468.0739976451 314
3 83822.0247478101 412
4 80990.861323602 518
5 75873.2824665595 619
6 74308.8329208917 720
7 72938.2676496346 817
8 71802.9118625824 918
9 69849.8530316651 1016
10 68480.531535988 1121
11 67013.2970086051 1218
12 66181.5289148438 1324
13 65553.3528201496 1423
14 65211.4317334091 1533
15 65007.2673302418 1635
16 64871.9971109088 1746
17 64808.1175292462 1850
18 64766.3839450805 1958
19 64740.7944554783 2058

0 94969.7502001457 101
1 91583.6962228956 202
2 84857.3244402839 307
3 83503.5382538589 408
4 78779.2485469171 511
5 76481.0538124523 617
6 74284.7084774721 722
7 73334.653706402 829
8 70974.0057630901 926
9 69733.111741381 1029
10 68155.6612393807 1128
11 66884.0888075769 1228
12 65931.2492781022 1326
13 65360.7606762518 1425
14 64997.3588634693 1527
15 64803.9699355994 1632
16 64686.679345862 1732
17 64628.3741827404 1830
18 64593.0081123422 1934
19 64570.0620158019 2035

0 91445.0824431829 102
1 88458.9620735316 207
2 86536.0680980805 305
3 84488.3027418652 406
4 79345.2500285397 512
5 75704.1955273207 619
6 74220.2073642834 721
7 73439.1252645507 822
8 71502.9155556379 922
9 70332.1416954522 1024
10 68476.8009224042 1126
11 67138.6332754225 1227
12 66090.7881086604 1326
13 65392.4841776243 1428
14 65049.7303879072 1527
15 64823.7562377777 1637
16 64706.8140712754 1735
17 64639.2232056753 1841
18 64598.7001069678 1941
19 64574.9170729809 2043

0 89200.9919177284 102
1 87703.9796310618 204
2 85994.2292202534 306
3 84683.8723040666 409
4 78522.8073130982 520
5 75361.3598759368 632
6 74325.6214896425 737
7 73330.5782358057 842
8 71558.4920567504 938
9 69889.4565048628 1048
10 68504.5483677771 1145
11 66938.9629122251 1248
12 66160.2314290315 1350
13 65538.6342484708 1455
14 65180.0522001182 1559
15 64942.160596633 1668
16 64833.5218763176 1767
17 64766.9822157497 1874
18 64735.8184768554 1973
19 64714.312405285 2076

0 91466.5072564092 101
1 87510.5959481339 206
2 87708.8506694697 305
3 84142.7766691378 412
4 80090.7515778578 514
5 77571.5086101277 613
6 74619.3672225978 711
7 72880.1385663457 813
8 71614.4293151195 911
9 69897.1464124974 1012
10 67986.1158896879 1109
11 66868.0363393265 1215
12 65818.6030376916 1315
13 65346.1883093939 1420
14 64953.2198142812 1522
15 64761.0697809598 1634
16 64641.8380662841 1733
17 64574.6535392703 1838
18 64531.36791306 1936
19 64509.240789034 2041

0 89905.0404003044 102
1 88667.0604958747 205
2 89392.3268756345 304
3 83480.1522070256 412
4 78775.3948911886 516
5 76275.9249338854 618
6 73833.1467773042 716
7 72691.314074835 816
8 71317.8661796915 918
9 70191.1237872685 1023
10 68350.6344839124 1122
11 67230.3039252074 1226
12 66320.865571458 1325
13 65605.9329329545 1423
14 65314.2484332623 1523
15 65099.5508113185 1628
16 64968.2891096554 1727
17 64899.8139944833 1831
18 64861.9642787089 1933
19 64837.6520019638 2037

0 88779.4246856832 105
1 88640.9153641275 205
2 86542.4101940374 305
3 83648.8889939589 408
4 80707.9129833922 510
5 75621.7559248393 610
6 73910.1492214076 709
7 72792.3142056922 812
8 71809.3645197442 912
9 69879.9577983099 1021
10 68246.1265257017 1128
11 67168.3212078814 1232
12 66093.5816753593 1336
13 65360.8034207753 1434
14 65025.8433043905 1543
15 64805.6806649689 1641
16 64683.0891217475 1742
17 64613.2546737083 1840
18 64572.2827153606 1942
19 64547.0701097736 2045

0 95791.4534302298 109
1 87952.0040813754 213
2 86681.7381949144 317
3 86240.2211282922 414
4 79955.7974409906 518
5 75381.3234168512 619
6 75074.0716867306 724
7 73080.5286464379 825
8 71262.0212002623 939
9 69918.0195856062 1039
10 68580.5800524832 1141
11 67101.6970177404 1241
12 66129.874430044 1343
13 65487.2199504635 1441
14 65077.5405204764 1543
15 64864.053624297 1642
16 64727.5079146828 1744
17 64652.8099519275 1846
18 64610.4570239508 1949
19 64581.3748991863 2049

0 86816.6894401284 109
1 91227.1559188468 210
2 87488.748667117 317
3 87130.5327744903 417
4 81849.0225942612 529
5 76491.159245355 629
6 75256.204617461 734
7 72935.8433017382 833
8 71749.0185449847 937
9 69896.5084369301 1039
10 68696.1782557553 1146
11 67118.1762739472 1244
12 66194.6789876025 1344
13 65559.5434694701 1444
14 65185.4120284739 1548
15 64974.9840398661 1645
16 64855.7103388101 1751
17 64779.9565622699 1849
18 64738.8169117742 1951
19 64714.3866033584 2050

0 90997.2332677107 115
1 87819.2882885977 231
2 87568.4458685319 343
3 84352.0209762622 450
4 79671.0926773128 550
5 76906.9611821305 653
6 74487.0081602135 759
7 72792.0643021675 864
8 71470.4377884683 969
9 69788.5641913741 1079
10 68324.6039264467 1178
11 67022.7807764792 1283
12 66121.1973087433 1381
13 65476.0632675165 1492
14 65091.8212582812 1595
15 64896.9758938957 1701
16 64776.1457757341 1803
17 64719.1332431291 1911
18 64677.7573353409 2014
19 64654.2969276303 2122

0 89788.1739857115 101
1 90191.4769708821 203
2 84568.3578327488 304
3 84507.1898864504 423
4 81080.7121902798 527
5 76617.7063194013 627
6 74703.0242487614 725
7 72803.5769640191 824
8 71901.7351163558 921
9 70041.2252616267 1021
10 68460.1572852883 1119
11 67216.4166937994 1225
12 66122.653798398 1326
13 65477.866437404 1432
14 65118.4753590217 1531
15 64890.3939477943 1640
16 64773.968485385 1738
17 64701.5709309432 1842
18 64666.8879117405 1940
19 64642.1643601684 2039

0 90331.0059572984 101
1 88289.8153642821 204
2 88406.6063914134 308
3 83664.6989428396 414
4 79846.3374732144 513
5 76549.7080639884 618
6 74492.4684482794 717
7 73187.2312113886 823
8 71445.5126450465 923
9 69650.2850909263 1026
10 68406.607216336 1123
11 67104.1320740993 1229
12 66122.793808351 1336
13 65579.9657067212 1442
14 65145.8409510668 1543
15 64938.1688467308 1642
16 64822.3997432388 1742
17 64760.2527404284 1849
18 64721.0945782062 1948
19 64697.7294851852 2050

0 87489.4184615137 106
1 87034.3280692218 216
2 89079.4314425582 325
3 84348.3946296897 429
4 80510.5536995009 534
5 76397.486697766 637
6 75294.6172466085 740
7 73968.5830884951 844
8 71266.0987018333 946
9 70035.3248818504 1045
10 68374.2841405463 1149
11 67234.4068672146 1250
12 66255.3931168239 1357
13 65605.2599669457 1459
14 65179.3746927123 1574
15 64997.9929021906 1673
16 64860.9410761102 1781
17 64790.3214753126 1882
18 64749.9851281066 1992
19 64725.2933934775 2095

0 89375.5538963161 111
1 91475.3170704987 218
2 86716.9041730321 326
3 85691.7593246504 428
4 79240.9669485646 537
5 77211.0548057667 636
6 75142.8937763794 742
7 73328.570792561 847
8 71296.266114575 954
9 69849.74648067 1056
10 68360.4378022666 1161
11 67196.6832695068 1270
12 66047.1040591406 1373
13 65432.3142223344 1476
14 65074.495750794 1580
15 64876.5372683347 1685
16 64756.3998280101 1789
17 64694.4903603084 1897
18 64653.263202196 2003
19 64630.0681494857 2111

