0 1430.78705670422 4
1 1355.12303215029 5
2 1308.29718369646 7
3 1275.1583976101 9
4 1249.36873297488 10
5 1226.81327154008 12
6 1206.30458267784 13
7 1186.51198647189 15
8 1167.57053008163 16
9 1148.47780581751 18
10 1129.22338583833 20
11 1110.04216350042 21
12 1091.24644522399 23
13 1073.38579938482 24
14 1056.55324382062 26
15 1041.15653991933 27
16 1027.28964684491 29
17 1013.5447225774 31
18 1000.73659581786 32
19 988.449601412486 34
20 977.426670084309 36
21 967.465887494122 37
22 957.592356611732 39
23 947.868801205365 40
24 938.577364222761 42
25 930.457029626005 43
26 923.414810949623 45
27 916.762353649444 47
28 911.352018195048 48
29 906.62841818972 50
30 902.565562452603 51
31 899.177313936092 53
32 896.284207704484 55
33 893.793819466462 56
34 891.641880974509 58
35 889.793055840023 60
36 888.238080351294 61
37 886.938098258229 63
38 885.829621205547 64
39 884.825808038031 66
40 883.779914028609 67
41 882.664430855829 69
42 881.596235475123 71
43 880.608599665839 73
44 879.691305040002 74
45 878.815166845528 76
46 877.978376621103 77
47 877.229683570066 79
48 876.582477273011 81
49 876.029565729131 82
50 875.555647572814 84
51 875.144594874375 85
52 874.783482343624 87
53 874.461906052016 88
54 874.171277799667 90
55 873.906987769851 91
56 873.669230023497 93
57 873.459463557554 94
58 873.27734974601 95
59 873.120579513135 97
60 872.985844784392 98
61 872.869645723196 100
62 872.768686399688 101
63 872.679974328626 103
64 872.600786664703 104
65 872.528688004323 106
66 872.461768170195 107
67 872.39897042601 109
68 872.340029907031 110
69 872.284970448991 112
70 872.233704935693 113
71 872.185981575469 115
72 872.141489775959 116
73 872.099950250346 117
74 872.061145272625 119
75 872.024905796578 120
76 871.991081581091 122
77 871.959513421365 123
78 871.930016827057 125
79 871.902378509813 126
80 871.876362405224 128
81 871.851720576303 130
82 871.82820512829 131
83 871.805578867365 133
84 871.783623853022 134
85 871.762147751014 136
86 871.740987983673 137
87 871.720013407946 139
88 871.6991230753 141
89 871.678241901282 142
90 871.657313816918 144
91 871.63629380618 145
92 871.615140614404 147
93 871.593811573857 148
94 871.572260139661 150
95 871.550435841753 151
96 871.528285824027 153
97 871.505757052895 154
98 871.482798491506 156
99 871.459362845193 157
100 871.435407738373 159
101 871.410896325785 160
102 871.385797384427 162
103 871.3600849217 163
104 871.333737321818 165
105 871.306736073122 166
106 871.279064190132 168
107 871.2507045586 169
108 871.221638562825 171
109 871.191845465581 172
110 871.161303058624 174
111 871.129990039295 175
112 871.097890346311 177
113 871.064999270341 178
114 871.031330562006 180
115 870.996923130139 181
116 870.961845537211 182
117 870.926196685668 184
118 870.890101997605 185
119 870.853705766603 187
120 870.817161582315 188
121 870.780623175666 190
122 870.744237525708 191
123 870.70814097629 193
124 870.672458039452 194
125 870.63730194846 196
126 870.602775942303 197
127 870.568974527555 199
128 870.535984323453 200
129 870.503884382611 202
130 870.47274603857 203
131 870.442632388798 205
132 870.413597530566 207
133 870.385685671874 208
134 870.358930255676 210
135 870.333353254305 211
136 870.308964791384 213
137 870.285763215364 215
138 870.263735681419 216
139 870.242859213534 218
140 870.223102140129 219
141 870.204425746053 221
142 870.186785971281 222
143 870.170135009646 224
144 870.15442270649 225
145 870.139597707599 227
146 870.125608359479 229
147 870.11240339513 230
148 870.099932457532 232
149 870.088146516969 233
150 870.076998231134 235
151 870.066442283863 236
152 870.05643572221 238
153 870.046938295606 239
154 870.037912786519 241
155 870.029325310851 242

0 1446.04310806563 3
1 1380.48463762828 5
2 1338.14780164374 7
3 1308.44177988942 8
4 1285.14868513166 10
5 1264.89520437241 11
6 1246.43550433543 13
7 1229.58376507585 14
8 1213.02372656955 16
9 1196.04313428355 17
10 1179.20147954484 19
11 1163.21279606439 21
12 1148.10892729892 22
13 1133.26785184435 24
14 1119.25523447379 26
15 1104.43230212348 27
16 1089.3174979747 29
17 1074.65584393494 30
18 1059.6353181003 32
19 1043.58865635058 33
20 1028.08763003279 35
21 1014.0606251795 36
22 1000.42995681161 38
23 987.263942824586 39
24 974.803143968183 41
25 963.348148592387 42
26 953.385353552049 44
27 944.598231859096 45
28 936.698811217989 47
29 929.386939449433 48
30 922.578120610848 50
31 916.655294966907 51
32 911.753053259 53
33 907.432519323061 54
34 903.387110606055 56
35 899.628990014222 57
36 896.196896371684 59
37 893.162056608125 61
38 890.711509909492 62
39 888.888207952266 64
40 887.395501940701 65
41 886.132228260454 66
42 884.968746159252 68
43 883.979913480255 69
44 883.14580927716 71
45 882.433288730582 72
46 881.812009603969 74
47 881.2628936323 75
48 880.775516357285 77
49 880.342925547701 78
50 879.953420372252 80
51 879.573611713746 81
52 879.156663084648 83
53 878.718151696213 84
54 878.304645597737 86
55 877.935818887961 87
56 877.597783287761 89
57 877.173470094566 90
58 876.727579281915 92
59 876.269898991116 93
60 875.855536800962 95
61 875.516372749021 96
62 875.260832895923 97
63 875.07150742317 99
64 874.927776008713 100
65 874.813685567198 102
66 874.718290977748 103
67 874.635046417686 105
68 874.560915302187 106
69 874.494739837094 108
70 874.435710836569 109
71 874.382780024962 111
72 874.334728407163 112
73 874.290368989411 114
74 874.248678148422 115
75 874.208847824137 117
76 874.170291595631 118
77 874.132627427733 120
78 874.095648443077 121
79 874.059288519788 123
80 874.023586295568 124
81 873.988646482268 126
82 873.954595723928 127
83 873.921535534939 129
84 873.889502738812 130
85 873.858449894499 132
86 873.828252002212 133
87 873.798736238029 134
88 873.769724117495 136
89 873.741072219154 137
90 873.712698287885 139
91 873.684584409129 140
92 873.656757628499 142
93 873.629257701052 144
94 873.602106440648 145
95 873.575290487621 147
96 873.548761388985 148
97 873.522448902035 150
98 873.496279279047 151
99 873.470190548448 153
100 873.444139912829 154
101 873.418102397568 156
102 873.392063244778 157
103 873.366008222381 159
104 873.339915712577 161
105 873.31375273248 162
106 873.28747501824 164
107 873.2610299172 166
108 873.234360416544 167
109 873.207408961537 169
110 873.1801203338 170
111 873.152443414196 172
112 873.124331990441 173
113 873.095744889203 175
114 873.066645688908 176
115 873.03700217886 178
116 873.006785626706 179
117 872.97596982703 181
118 872.944529837975 182
119 872.912440270042 184
120 872.879672968856 185
121 872.846193932801 187
122 872.811959338249 188
123 872.776910640489 189
124 872.740968940015 191
125 872.704029263128 192
126 872.665956261111 194
127 872.626584227416 195
128 872.585726154689 197
129 872.543197906355 198
130 872.498862148712 200
131 872.452689170795 201
132 872.404817310949 203
133 872.355582050422 204
134 872.305485601344 206
135 872.255105814143 207
136 872.20497739977 209
137 872.155490412634 211
138 872.106832383598 212
139 872.058971683928 214
140 872.011663575013 215
141 871.964463266937 217
142 871.916746941249 218
143 871.867765852317 220
144 871.816779378712 221
145 871.763298293218 223
146 871.707378737848 224
147 871.649783641123 226
148 871.591844636379 228
149 871.5350762351 229
150 871.480776849385 231
151 871.429801244149 232
152 871.382524306728 234
153 871.338917119672 235
154 871.298650704364 237
155 871.261175628842 238
156 871.225757402488 240
157 871.191471489079 241
158 871.157191743456 243
159 871.121660528437 245
160 871.083780974713 246
161 871.043168157978 248
162 871.000613084024 249
163 870.957896447794 251
164 870.916959567247 252
165 870.879133565454 254
166 870.844921026589 255
167 870.814204990308 257
168 870.78655610761 258
169 870.761456570248 260
170 870.738416013667 261
171 870.717014120609 263
172 870.696906118589 264
173 870.677813621275 266
174 870.659511487911 267
175 870.641814447459 269
176 870.624563928998 270
177 870.607614442939 272
178 870.590819185573 273
179 870.574016048346 275
180 870.557017944071 276
181 870.539615116336 278
182 870.521600116977 279
183 870.502823243627 281
184 870.483270264865 282
185 870.46312711876 284
186 870.44278213607 285
187 870.422744663377 286
188 870.403516239869 288
189 870.385480353558 289
190 870.368852769148 291
191 870.353690207263 292
192 870.33993076552 294
193 870.327440494845 295
194 870.316052098954 297
195 870.305591837964 298
196 870.29589601012 300
197 870.286819981681 301
198 870.27824248865 303

0 1462.04617420918 3
1 1375.19097631789 4
2 1325.79439399672 6
3 1296.58242372059 7
4 1274.68510656167 9
5 1254.43321216802 10
6 1235.24543280169 12
7 1216.87622730301 13
8 1198.38663984114 15
9 1179.8175715435 16
10 1161.0677721485 18
11 1142.69212124091 19
12 1125.30970178744 21
13 1108.08177682836 22
14 1091.14696334244 24
15 1075.13146346865 25
16 1059.67493478403 27
17 1044.60349064072 28
18 1030.61322370707 30
19 1017.18596390536 31
20 1003.18350882249 33
21 989.815376500355 34
22 977.546630929863 36
23 966.763199717282 37
24 956.928316293881 39
25 948.275054925299 40
26 940.875628737083 42
27 933.814257054708 43
28 927.40808022804 45
29 922.083581256553 46
30 917.364304650525 48
31 912.997844710194 49
32 909.113462957909 51
33 905.752536099945 52
34 902.585698320407 54
35 899.737010209505 55
36 897.218714875726 57
37 894.990141455176 58
38 892.978500985876 60
39 891.102938572318 61
40 889.347045083126 63
41 887.639783702417 64
42 885.950132714048 66
43 884.487696174828 67
44 883.210637009644 69
45 881.946809366479 70
46 880.833215105566 72
47 879.77157816502 73
48 878.749469463563 75
49 877.797525081826 76
50 876.898778067687 78
51 876.019323191408 79
52 875.208795588933 81
53 874.48104269287 82
54 873.836528959273 84
55 873.273317395235 85
56 872.786752392388 87
57 872.370007237496 88
58 872.016625994157 90
59 871.72046951925 91
60 871.473717074557 93
61 871.267912161122 94
62 871.09555682447 96
63 870.950524358152 97
64 870.827813662598 99
65 870.723034927023 100
66 870.631341071868 101
67 870.545576004468 103
68 870.459131831246 105
69 870.375375077811 106
70 870.300948098476 108
71 870.237864378194 110
72 870.185266340559 112
73 870.141508246835 114
74 870.104961753043 115
75 870.074241351232 116
76 870.048230692178 118
77 870.026048983493 119
78 870.007005224437 121
79 869.990555871164 124
80 869.976270109441 125
81 869.963802893617 127
82 869.952874626487 128
83 869.943256094795 130
84 869.934757384619 131

0 1460.14392090945 3
1 1370.19261277245 5
2 1314.0967599595 6
3 1275.51383552154 8
4 1246.37801331525 9
5 1223.22025654211 11
6 1203.29968600681 13
7 1185.01184187046 15
8 1166.77871427354 16
9 1148.47489737778 17
10 1130.9434334021 19
11 1113.21318733941 20
12 1095.08004432836 22
13 1077.56902294975 24
14 1061.31353440439 25
15 1045.80453107902 27
16 1030.65077577034 28
17 1015.88549920074 30
18 1001.54550419531 31
19 988.288917791174 33
20 976.621992691277 34
21 966.48593793531 36
22 957.399700735813 37
23 948.948169103303 39
24 941.06938871071 40
25 934.377778211982 42
26 928.889654460017 43
27 924.41201782987 45
28 920.600389677851 46
29 917.203136026693 48
30 913.948294891605 49
31 910.999081333211 50
32 908.35516031028 52
33 905.87381236754 53
34 903.434141888028 55
35 901.170164157182 56
36 899.08385842962 58
37 897.154905526804 59
38 895.362760561335 61
39 893.577072034308 62
40 891.881098498787 63
41 890.333870227522 65
42 888.884792098503 66
43 887.413695015851 68
44 885.850400454418 70
45 884.355110631856 71
46 882.998464340448 73
47 881.794485641903 74
48 880.747370110057 75
49 879.845915223952 77
50 879.054696158746 78
51 878.354003432859 80
52 877.751885381941 81
53 877.215527540023 83
54 876.595944895475 84
55 876.053972061996 86
56 875.487710391004 87
57 874.906945515436 89
58 874.4298802975 90
59 874.040123036459 92
60 873.715618956677 93
61 873.439062676098 95
62 873.199187731138 96
63 872.988987027905 97
64 872.804085896378 99
65 872.641370762118 101
66 872.497955756913 102
67 872.370825007229 103
68 872.25699965753 105
69 872.153904748748 106
70 872.05962628092 108
71 871.972906544402 109
72 871.892943800366 111
73 871.819156525272 112
74 871.751021684751 114
75 871.688007444238 115
76 871.62957034669 117
77 871.5751799603 118
78 871.524346341906 119
79 871.476639436828 121
80 871.431698383218 122
81 871.389232602938 124
82 871.349017387126 125
83 871.310886123726 127
84 871.274720459574 128
85 871.240439113716 130
86 871.207985948266 131
87 871.177318139144 133
88 871.148395560443 134
89 871.121172495633 136
90 871.095592408218 137
91 871.071585883768 138
92 871.049071258348 140
93 871.027957086906 141
94 871.008145537253 143
95 870.989535949849 144
96 870.972028056019 146
97 870.955524593333 147
98 870.939933238675 149
99 870.925167885665 150
100 870.911149337758 152
101 870.897805497558 153
102 870.885071129452 155
103 870.872887272549 156
104 870.861200387637 158
105 870.849961332865 159
106 870.839124267306 161
107 870.828645573706 162
108 870.818482866138 164
109 870.808594110688 165
110 870.798936843861 167
111 870.789467434025 168
112 870.780140302051 169
113 870.77090700091 171
114 870.761715052161 172
115 870.752506450479 174
116 870.743215783466 175
117 870.733767989959 177
118 870.724075926407 179
119 870.714038173799 180
120 870.703537939992 182
121 870.692444486042 183
122 870.68061906012 185
123 870.667927383755 186
124 870.654259505395 188
125 870.639554659786 189
126 870.623824259505 191
127 870.607163102796 192
128 870.589741032664 194
129 870.571775355182 195
130 870.553493588271 197
131 870.535099897161 198
132 870.516754737282 200
133 870.498569676858 201
134 870.480613451733 203
135 870.462923342761 204
136 870.445517040229 206
137 870.428402298695 207
138 870.411583525649 209
139 870.395065542519 210
140 870.378855206764 212
141 870.362961641477 213
142 870.34739569751 215
143 870.332169099803 216
144 870.317293566575 218
145 870.302780060148 219
146 870.288638235285 220
147 870.274876091892 222
148 870.26149980579 223
149 870.248513697406 225
150 870.235920296794 226
151 870.223720468181 228
152 870.211913565583 229
153 870.200497598927 231
154 870.1894693975 232
155 870.178824762939 234
156 870.168558608049 236
157 870.158665080052 237
158 870.149137668639 239
159 870.139969299746 240
160 870.131152416605 242
161 870.122679049557 243

0 1452.12539925746 3
1 1357.35633359396 5
2 1297.2433778297 6
3 1254.49375793375 8
4 1222.37641543984 9
5 1194.43931294379 11
6 1170.46999025934 12
7 1149.47438006568 14
8 1130.19423328551 16
9 1111.17874233932 17
10 1092.06987789847 19
11 1073.98581760716 20
12 1056.82672970133 22
13 1039.91539107789 23
14 1023.19863401575 25
15 1008.20495992536 27
16 994.785725124604 28
17 983.360861064099 30
18 972.88694904008 33
19 963.549744307553 34
20 954.882486865549 36
21 946.655914603954 38
22 939.366916902577 39
23 932.525155772861 41
24 926.38613728779 42
25 920.954378282331 44
26 915.94460580343 45
27 911.620300153612 47
28 908.033021120446 48
29 905.269050516552 50
30 903.189712323524 52
31 901.526174322648 53
32 899.969490215884 55
33 898.249278974134 56
34 896.726444413926 58
35 895.366295212042 60
36 894.096341449058 61
37 892.836448534479 63
38 891.533034710846 65
39 890.124934679907 66
40 888.600485050678 68
41 887.080654046458 69
42 885.632689556251 71
43 884.240511755381 73
44 882.952537125404 74
45 881.8017934558 76
46 880.789702402304 78
47 879.892988343561 80
48 879.08248686428 82
49 878.335036170713 83
50 877.623009432868 85
51 876.902575753756 86
52 876.161234362432 88
53 875.429986045603 89
54 874.704111069962 91
55 873.983640978292 92
56 873.319646012382 94
57 872.753816030534 95
58 872.293189407716 97
59 871.924248650278 99
60 871.628300868304 100
61 871.388694118963 102
62 871.192549664798 103
63 871.030348957676 105
64 870.895062687388 106
65 870.781396114184 108
66 870.685255948643 109
67 870.60340121663 111
68 870.533219031331 112
69 870.472578511075 114
70 870.419732322701 116
71 870.373247623428 117
72 870.331955808496 119
73 870.294914588906 121
74 870.261377863035 122
75 870.230769740685 124
76 870.202659787254 125
77 870.176737592503 127
78 870.152786211363 128
79 870.130655527553 130
80 870.110237607652 131
81 870.091446248243 133
82 870.074202186632 135
83 870.058424252132 136
84 870.044025619711 138
85 870.030913672935 139
86 870.01899187928 141
87 870.008162382579 142
88 869.998328486851 144
89 869.989396646337 145
90 869.981277884489 147

0 1461.73159763758 3
1 1367.26037650758 5
2 1314.36815503735 6
3 1276.05304010356 8
4 1245.44875835646 10
5 1220.66759121424 11
6 1198.48186691126 13
7 1177.58138815262 14
8 1158.28777429351 16
9 1138.4753853371 17
10 1118.99931496634 19
11 1100.76337139792 20
12 1083.81419878102 22
13 1066.84658318677 23
14 1049.65287875372 25
15 1033.13835211215 26
16 1017.96800324329 28
17 1003.82833774368 29
18 990.459953131155 31
19 977.71904735625 32
20 965.952802615587 34
21 955.175786289238 35
22 946.143692062251 37
23 939.01286386767 38
24 932.934250761649 39
25 927.074424944905 41
26 921.629346223808 42
27 916.182909674838 44
28 911.118987057764 45
29 906.642917111969 47
30 902.491901197408 48
31 898.663617509656 50
32 895.41350135746 51
33 892.692357504404 53
34 890.359574156108 54
35 888.309145748952 56
36 886.440153511078 57
37 884.67060237781 59
38 883.043946720253 60
39 881.599367142686 62
40 880.375235690809 63
41 879.392409593533 65
42 878.608081704398 66
43 877.954533598111 68
44 877.371327475576 69
45 876.830346270196 71
46 876.354158506926 72
47 875.964982953866 74
48 875.656123029699 75
49 875.409635293762 77
50 875.208781449898 78
51 875.041243908498 80
52 874.898955633468 81
53 874.776833029229 83
54 874.671423642263 84
55 874.580053544173 85
56 874.500493646002 87
57 874.430877911168 88
58 874.369663270415 90
59 874.315558756576 93
60 874.267433747567 94
61 874.224235838095 96
62 874.184939492592 97
63 874.148534881498 99
64 874.114061974517 100
65 874.080689631052 102
66 874.047817817658 103
67 874.015147785396 105
68 873.982661174017 106
69 873.95050457895 108
70 873.918844497969 109
71 873.887766270927 111
72 873.857242901302 112
73 873.827154117545 114
74 873.797323896946 115
75 873.767555102027 117
76 873.737653151028 118
77 873.707437830783 120
78 873.676744060983 121
79 873.645412248297 123
80 873.613269481238 124
81 873.580104749276 126
82 873.545643921772 127
83 873.509533561613 128
84 873.47134867176 130
85 873.430647863514 131
86 873.387098667461 133
87 873.340661327972 134
88 873.291746259645 136
89 873.241215149907 137
90 873.190172845772 139
91 873.139655279007 140
92 873.09038589039 142
93 873.04269096038 143
94 872.996549724079 145
95 872.951708501242 146
96 872.907802344158 148
97 872.864456901774 149
98 872.82136209954 151
99 872.778316151603 152
100 872.735240211406 154
101 872.692166423048 155
102 872.649206588162 156
103 872.606512496575 158
104 872.564238966515 159
105 872.522516347576 161
106 872.481433060854 162
107 872.441023128057 164
108 872.401248481468 165
109 872.361957375287 167
110 872.32277963134 168
111 872.282875492323 170
112 872.24043717183 171
113 872.19228285301 173
114 872.135342546371 174
115 872.070390293091 176
116 872.001978898852 177
117 871.934211322233 179
118 871.868908474104 180
119 871.806343025387 182
120 871.746193692852 183
121 871.688037783859 185
122 871.631526967487 186
123 871.576424012073 188
124 871.522588390063 189
125 871.469947543338 192
126 871.418468881597 193
127 871.368137776194 195
128 871.318942310196 196
129 871.270864034995 198
130 871.22387380943 200
131 871.177931769681 202
132 871.132990223211 203
133 871.088997992767 205
134 871.04590475247 206
135 871.003664271408 208
136 870.962236070511 209
137 870.921585590914 211
138 870.881683396886 212
139 870.84250411657 214
140 870.804025769423 215
141 870.766229906609 217
142 870.729102687245 218
143 870.692636712574 220
144 870.656833205109 222
145 870.621703991406 223
146 870.587272743563 225
147 870.55357505207 226
148 870.520657114301 228
149 870.488573083121 229
150 870.457381371238 231
151 870.427140396021 232
152 870.397904338864 234
153 870.369719470833 235
154 870.342621474598 237
155 870.316634004579 238
156 870.291768515937 240
157 870.268025200349 242
158 870.245394725109 243
159 870.223860398753 245
160 870.203400384303 246
161 870.183989639595 248
162 870.165601366313 249
163 870.148207871985 251
164 870.131780869584 252
165 870.116291335693 254
166 870.101709105668 255
167 870.088002397435 257
168 870.075137428788 258
169 870.063078239716 260
170 870.051786767438 261
171 870.04122316389 262
172 870.031346303089 264
173 870.022114404147 266
174 870.013485692406 267

0 1462.643250184 3
1 1385.84598720346 4
2 1336.01775234799 6
3 1300.67686488454 7
4 1274.46930079266 9
5 1250.80486008253 10
6 1229.42878222151 12
7 1210.28087681596 13
8 1192.58650386282 15
9 1175.47616621983 16
10 1158.67701667877 18
11 1143.32919257046 19
12 1128.52655176548 21
13 1113.30600222823 22
14 1097.94427984451 24
15 1082.87521545507 25
16 1067.85236269534 27
17 1052.35909057543 28
18 1036.54785675927 30
19 1021.22478610252 31
20 1006.92590163966 33
21 994.356527766257 34
22 983.063603270439 36
23 972.627980351146 37
24 962.54338490048 39
25 953.163331600024 40
26 945.188489085855 42
27 938.233111010234 43
28 931.806185409927 45
29 926.190991953612 46
30 921.3889421747 48
31 917.401980396213 49
32 914.049293599506 51
33 911.190840427388 52
34 908.475944518003 54
35 905.816210266017 55
36 903.440369660621 57
37 901.354160187072 58
38 899.461518976899 60
39 897.69945689262 62
40 896.069824168442 63
41 894.515194026899 65
42 892.997566800054 66
43 891.540094798032 67
44 890.177483744804 69
45 888.902894035926 71
46 887.655227862964 72
47 886.332598207122 73
48 884.935675197041 75
49 883.639221484672 76
50 882.48283967288 78
51 881.450519054448 79
52 880.480942094432 81
53 879.579197723217 82
54 878.759470552803 84
55 877.987288466453 85
56 877.262223714861 87
57 876.593799695966 88
58 875.981880605087 90
59 875.425212047329 91
60 874.925341396598 93
61 874.484003733794 94
62 874.099587555392 96
63 873.766437143619 97
64 873.476065880209 99
65 873.218645001092 100
66 872.984023512341 102
67 872.761206341222 103
68 872.534857295743 105
69 872.2947572741 106
70 872.057432697422 108
71 871.842130639093 109
72 871.656413963313 110
73 871.499998519298 112
74 871.369228158198 113
75 871.259409958751 115
76 871.165357533315 116
77 871.080047615895 118
78 870.992177901464 119
79 870.894022271984 121
80 870.794229773173 122
81 870.703879240148 124
82 870.627002829381 125
83 870.562918132958 127
84 870.509376355305 128
85 870.464085027738 130
86 870.425169197746 131
87 870.391209237601 133
88 870.361161678201 135
89 870.33426971799 136
90 870.30998908554 138
91 870.287929728934 139
92 870.267809451668 141
93 870.249417194814 143
94 870.232585406892 144
95 870.217171235654 146
96 870.203045507095 147
97 870.190087601179 149
98 870.178184024622 150
99 870.167228770426 151
100 870.157124156025 153
101 870.147781442554 154
102 870.139120989611 156

0 1466.90867731998 3
1 1395.78593231562 4
2 1353.16336739379 6
3 1326.23863302424 7
4 1304.78903373465 9
5 1284.07760517608 10
6 1264.21502000801 12
7 1245.19095075253 13
8 1226.22075436482 15
9 1207.1391580981 16
10 1187.95968299121 18
11 1168.75321898978 19
12 1148.46014483948 21
13 1128.16934604867 22
14 1107.9364936651 24
15 1088.973971623 25
16 1071.27198207093 27
17 1054.5996515574 28
18 1039.23609959508 30
19 1025.19839707706 31
20 1012.91149796703 33
21 1002.17441647434 34
22 992.483225795184 36
23 983.717121307244 37
24 975.745490118462 38
25 968.868014628057 40
26 963.136038586354 41
27 958.317438494728 43
28 954.06362807476 44
29 950.173401106947 46
30 946.524184405341 47
31 943.025519550575 49
32 939.776445726269 50
33 936.569738582018 52
34 933.269335337775 53
35 930.021404793062 54
36 926.470932432609 56
37 922.525178366326 57
38 918.56614268379 59
39 914.872649598219 60
40 911.295714013109 62
41 907.660851072219 63
42 904.273802451185 65
43 901.097556297077 66
44 898.067801133627 68
45 895.298936628699 69
46 892.947778346981 71
47 891.027983005599 72
48 889.452706239528 73
49 888.045023940838 75
50 886.786115876312 77
51 885.60741185215 78
52 884.474223618474 79
53 883.430016661149 81
54 882.411695943929 82
55 881.442781589969 84
56 880.556773119983 85
57 879.74641032888 87
58 879.005994471709 88
59 878.328690115722 90
60 877.709983307881 91
61 877.148384691955 93
62 876.642324563737 94
63 876.195899499443 96
64 875.811287099635 97
65 875.481520851359 99
66 875.19580224218 100
67 874.944135182497 102
68 874.718697293583 103
69 874.513684427565 105
70 874.32479146402 106
71 874.148765824082 108
72 873.983104692419 109
73 873.825850045299 111
74 873.675421999657 112
75 873.530421327854 114
76 873.389262160971 115
77 873.249336764009 117
78 873.105776316817 118
79 872.953075400875 120
80 872.791990111232 121
81 872.629265474856 123
82 872.470343117905 124
83 872.317269921049 126
84 872.170109709764 127
85 872.028318980123 129
86 871.891442130278 130
87 871.759365397852 132
88 871.632331015614 133
89 871.51081220592 135
90 871.395331885132 136
91 871.286304487016 138
92 871.183947105594 139
93 871.088262999786 141
94 870.999074972082 142
95 870.916081379207 144
96 870.838913720332 145
97 870.767183616986 147
98 870.700514663789 148
99 870.638559766416 150
100 870.581007139574 151
101 870.527578766862 153
102 870.478024711056 154
103 870.432115896394 156
104 870.38963720946 157
105 870.350382078009 158
106 870.314149090093 160
107 870.280740709698 161
108 870.249963748263 163
109 870.221630993394 164
110 870.195563297057 166
111 870.171591484188 167
112 870.149557624426 169
113 870.129315455666 170
114 870.110729989023 172
115 870.093676502932 173
116 870.07803922067 175
117 870.063709960723 177
118 870.050586979512 178
119 870.038574126468 180
120 870.027580335337 182
121 870.017519404249 183
122 870.008309978972 185
123 869.999875644723 186

0 1508.66427385805 3
1 1420.1939400849 5
2 1367.93512225262 6
3 1335.55970265232 8
4 1311.90422637381 9
5 1292.77814192961 11
6 1274.90606492995 13
7 1257.39191676521 14
8 1239.79797007325 16
9 1222.40724867469 17
10 1205.51141592241 19
11 1187.76443016771 21
12 1169.96886758602 22
13 1152.14452040531 24
14 1134.94381965039 25
15 1117.92573068901 27
16 1101.02532067057 28
17 1084.72823479091 30
18 1069.41020039627 31
19 1054.99865989085 33
20 1041.40697785863 35
21 1028.28622138584 36
22 1016.10896259004 38
23 1005.52286755981 39
24 995.664109941916 41
25 985.496932718358 42
26 975.850463305847 44
27 966.813584261107 45
28 958.348077676072 47
29 950.254977340042 48
30 942.429938828214 50
31 934.836539678666 51
32 927.758155480676 53
33 921.537531915084 54
34 915.771824160661 56
35 910.53588107794 57
36 905.531106715334 58
37 900.968007763083 60
38 897.080137570097 61
39 893.907246295579 63
40 891.327006862999 64
41 889.191377322175 66
42 887.404992384451 67
43 885.901707052609 69
44 884.638645922366 70
45 883.579367914012 72
46 882.669290910012 73
47 881.85437088733 75
48 881.097835352019 76
49 880.40714517319 77
50 879.806405877149 79
51 879.282382603704 80
52 878.811875958729 82
53 878.369388365133 83
54 877.935450641526 85
55 877.500288586589 86
56 877.0577593714 88
57 876.611966783858 89
58 876.181812444233 91
59 875.786505654101 92
60 875.433845423609 94
61 875.121729959763 95
62 874.843195639826 96
63 874.589483989771 98
64 874.350970435419 99
65 874.117786281207 101
66 873.883642007585 102
67 873.650722287866 104
68 873.426260838822 105
69 873.216165335747 107
70 873.023564991391 108
71 872.849303831382 110
72 872.692427628861 111
73 872.550971141138 112
74 872.423056550439 114
75 872.307567134699 115
76 872.203982381337 117
77 872.111854248305 118
78 872.030423018473 120
79 871.958533630044 121
80 871.89477142267 123
81 871.837647275046 124
82 871.785726354314 126
83 871.73768606886 127
84 871.692336649524 129
85 871.648648584951 130
86 871.605817069849 132
87 871.563351035982 133
88 871.521119679871 135
89 871.479287128965 136
90 871.438149429338 138
91 871.397969701155 139
92 871.358891374341 141
93 871.320934350218 142
94 871.284033371727 144
95 871.248080850622 145
96 871.212957274235 146
97 871.178547724093 148
98 871.144748862198 149
99 871.111470886493 151
100 871.078637301838 152
101 871.046183851741 154
102 871.01405713487 155
103 870.982213146368 157
104 870.950615937193 158
105 870.919236564268 160
106 870.888052437903 161
107 870.85704708044 163
108 870.826210232631 164
109 870.795538203875 165
110 870.765034355381 167
111 870.734709614891 168
112 870.704582931959 170
113 870.674681587407 172
114 870.645041269614 173
115 870.615705830414 175
116 870.586726640867 176
117 870.558161488767 177
118 870.530072999616 179
119 870.502526619489 180
120 870.475588266395 182
121 870.449321822277 183
122 870.423786685135 185
123 870.399035614082 186
124 870.375113072526 188
125 870.352054209451 190
126 870.329884529367 191
127 870.30862020792 193
128 870.288268930376 194
129 870.268831077728 196
130 870.250301065965 197
131 870.232668656089 199
132 870.215920089993 200
133 870.200038960821 202
134 870.185006784885 204
135 870.170803296043 205
136 870.157406524084 207
137 870.144792741184 208
138 870.132936364047 210
139 870.12180988706 211
140 870.111383898912 213
141 870.101627208757 214
142 870.092507083399 216
143 870.083989578371 217

0 1439.06547646244 3
1 1352.61044179274 5
2 1295.11587778936 6
3 1256.91022612659 7
4 1226.21067739795 9
5 1200.86489141547 11
6 1178.87996011703 12
7 1159.17135265523 14
8 1140.47176119443 15
9 1122.48791569342 17
10 1106.23451472387 18
11 1091.13607324948 19
12 1075.83466740762 21
13 1060.02761056495 22
14 1044.75903180387 24
15 1029.74250376987 25
16 1014.61082357736 27
17 1001.02919954153 28
18 989.074194861242 30
19 977.966141138321 31
20 967.769146040818 33
21 958.304515817068 34
22 949.225994172858 36
23 940.933602324676 37
24 933.240105670191 39
25 925.952144903336 40
26 919.367302861022 42
27 913.623978653688 43
28 908.505952892789 45
29 904.204105792385 46
30 900.719623896438 48
31 897.877115426013 49
32 895.465947857874 51
33 893.150922784486 52
34 890.604212474818 54
35 888.072522254664 55
36 886.054632954826 57
37 884.450802548704 58
38 883.178254387552 60
39 882.148943271629 61
40 881.297575080603 63
41 880.577670378487 64
42 879.967064828741 66
43 879.463251084747 67
44 879.045392940972 69
45 878.690243700589 70
46 878.378325310115 72
47 878.093652627831 73
48 877.820429249453 75
49 877.533896416358 76
50 877.181938561174 78
51 876.733472874877 79
52 876.254272257316 81
53 875.797165339167 82
54 875.376840933472 84
55 874.988633479629 85
56 874.62030951792 87
57 874.262335478813 88
58 873.908192330844 90
59 873.55001923367 91
60 873.198950413177 93
61 872.875876527813 94
62 872.588587010512 96
63 872.335828543833 97
64 872.113762655796 99
65 871.918523004648 100
66 871.746767846659 102
67 871.595647677968 103
68 871.462686059527 105
69 871.345689458885 106
70 871.242693911579 108
71 871.151936589083 110
72 871.071841032186 111
73 871.001008092609 113
74 870.938207596104 114
75 870.882368179435 116
76 870.832564542493 117
77 870.788002445559 119
78 870.748002302363 120
79 870.711982392406 122
80 870.67944270616 123
81 870.649950315128 125
82 870.623126940996 126
83 870.59863910644 128
84 870.576190936224 129
85 870.555519398908 131
86 870.536391573439 132
87 870.518603392342 134
88 870.501979234111 135
89 870.486371697495 137
90 870.471660899723 138
91 870.457752737772 140
92 870.444575776245 141
93 870.432076775426 142
94 870.420215269605 144
95 870.408957911947 145
96 870.398273389751 147
97 870.388128549497 148
98 870.3784860379 150
99 870.369303411272 151
100 870.360533417877 153
101 870.35212506675 155

0 1439.1834478873 3
1 1367.43855327095 4
2 1324.14213455743 6
3 1294.04860730511 7
4 1268.32835733044 9
5 1245.89396182236 10
6 1226.01068615424 12
7 1208.34711119402 13
8 1192.34478149698 15
9 1176.30520275372 16
10 1161.10511148726 18
11 1146.95767113815 20
12 1133.29990178647 22
13 1119.7785939471 24
14 1106.30621531924 25
15 1092.94597488685 26
16 1078.99572407812 28
17 1064.85756960793 29
18 1051.02038211727 32
19 1036.81691756443 34
20 1022.78709306262 35
21 1009.68939693456 37
22 997.753297921229 39
23 986.525364298466 40
24 976.250334121548 42
25 966.46118045611 43
26 957.439050688425 45
27 949.232012504004 46
28 941.839590622737 48
29 935.241545506488 49
30 929.486303388739 51
31 924.526845493016 53
32 920.1989754773 55
33 916.395169234206 56
34 913.029965271559 58
35 910.094851287457 59
36 907.407426963091 61
37 904.81777491794 62
38 902.477676319935 64
39 900.336028113268 65
40 898.296250599799 67
41 896.303994561675 68
42 894.408203729429 70
43 892.610153814248 71
44 890.974725751856 73
45 889.45813967731 74
46 888.023334642774 75
47 886.664175842507 77
48 885.41132787706 78
49 884.281826170396 80
50 883.270704307464 81
51 882.366092318004 83
52 881.553638279142 84
53 880.8110216246 86
54 880.110857299039 87
55 879.451275304096 89
56 878.850220162992 90
57 878.314411612978 92
58 877.840259020284 93
59 877.420664664174 95
60 877.048373589815 96
61 876.717214297275 98
62 876.422345370905 99
63 876.160036725587 101
64 875.927297169422 102
65 875.721528190032 103
66 875.540279230812 105
67 875.38111538349 106
68 875.241580147712 108
69 875.119226457261 110
70 875.01168622234 111
71 874.91674903745 113
72 874.832425791465 114
73 874.75698262218 116
74 874.688941531147 117
75 874.627051689368 119
76 874.570237571115 120
77 874.517525817102 122
78 874.467941057138 123
79 874.4203405976 124
80 874.373145210871 126
81 874.324035047426 127
82 874.270192691628 129
83 874.209988803356 131
84 874.144662606172 132
85 874.077088668655 133
86 874.009486280663 135
87 873.942769922179 136
88 873.876969955754 138
89 873.81173204678 139
90 873.746625591533 141
91 873.681282630433 142
92 873.615424890212 144
93 873.548826170901 145
94 873.481246503397 147
95 873.4123614157 148
96 873.341697141025 150
97 873.268588355923 151
98 873.192215037994 152
99 873.111808981145 154
100 873.027006944915 155
101 872.938060642928 157
102 872.845663294244 158
103 872.750694910569 160
104 872.65432267272 161
105 872.558201096551 163
106 872.464174376975 164
107 872.373625471275 166
108 872.287145361135 167
109 872.204765911466 169
110 872.126476029754 170
111 872.052581617525 172
112 871.983651418092 174
113 871.920198041951 175
114 871.862428594764 176
115 871.810205056309 178
116 871.763140561513 179
117 871.720723163819 181
118 871.682411894549 182
119 871.647694435384 184
120 871.616113515068 185
121 871.587272417151 187
122 871.560828842411 188
123 871.536484331424 190
124 871.513974133399 191
125 871.4930601328 193
126 871.473527668681 194
127 871.455185967547 196
128 871.437871222322 197
129 871.421450782427 199
130 871.405826457976 200
131 871.390934907915 202
132 871.376743812746 203
133 871.3632439512 204
134 871.35043879889 206
135 871.338334083227 207
136 871.326929500808 209
137 871.3162137937 210
138 871.306163202212 212
139 871.296742483471 213
140 871.287907386965 215
141 871.279607599368 216

0 1439.07085880974 3
1 1359.44335692491 5
2 1307.82615815299 7
3 1272.86610288079 8
4 1245.5720139817 10
5 1221.81933423905 11
6 1199.56417196135 13
7 1179.3268762056 14
8 1159.86859383441 16
9 1140.8742864674 18
10 1122.67291940799 19
11 1106.10500331874 21
12 1090.87545906554 22
13 1076.54993196553 24
14 1062.73492210261 25
15 1049.98136008234 27
16 1036.55426355662 28
17 1023.0317055567 30
18 1010.75998125168 32
19 999.565227841732 33
20 989.136440728503 34
21 978.691698649783 36
22 969.18153732175 38
23 960.296957181111 39
24 951.73605957336 41
25 944.265565055553 42
26 938.015878294371 43
27 932.827800791396 45
28 928.177059333786 46
29 924.000448467527 48
30 920.249829253846 49
31 916.766974856402 51
32 913.453082729158 52
33 910.317260173231 54
34 907.334445561438 55
35 904.453641695701 57
36 901.634956294232 58
37 898.891336029235 60
38 896.219564788038 61
39 893.663164074175 62
40 891.38177674922 64
41 889.382901607838 66
42 887.614218304702 67
43 885.945333927064 69
44 884.393700023528 70
45 883.007533824549 72
46 881.785780237921 73
47 880.747964315106 75
48 879.894243284056 76
49 879.194109037132 77
50 878.607183609322 79
51 878.095041256277 81
52 877.638186322129 82
53 877.235286739554 84
54 876.882864035829 85
55 876.574035895191 87
56 876.301116853052 88
57 876.056259314377 90
58 875.833040035583 91
59 875.628730325244 93
60 875.443660537751 94
61 875.278356787784 96
62 875.131974487025 97
63 875.002488825489 99
64 874.887404579335 100
65 874.784290034382 102
66 874.691040776661 103
67 874.605949809447 105
68 874.527659401476 106
69 874.455052972891 108
70 874.387135509434 109
71 874.32293915035 111
72 874.261477758308 112
73 874.201767767798 114
74 874.142924646233 115
75 874.084306166689 117
76 874.025601577816 118
77 873.966744084386 119
78 873.907636599418 121
79 873.847829760245 122
80 873.786343637781 124
81 873.721851242757 125
82 873.653356085224 127
83 873.580913618764 129
84 873.505597638388 130
85 873.42884004678 132
86 873.351908715661 133
87 873.275754484494 135
88 873.201011602657 136
89 873.127977881693 138
90 873.056556490247 139
91 872.986210135973 141
92 872.915985808603 142
93 872.844688122512 144
94 872.771274495711 145
95 872.695358020222 147
96 872.61743540232 148
97 872.538612842072 150
98 872.460096884697 151
99 872.382829661906 153
100 872.307380671158 154
101 872.234014370545 156
102 872.16282594583 157
103 872.093868535078 159
104 872.027228770726 160
105 871.963039772122 162
106 871.901449516312 163
107 871.842576103944 165
108 871.78647470077 166
109 871.733124403652 168
110 871.682431169867 169
111 871.634239881971 171
112 871.588350659752 172
113 871.544536934355 174
114 871.502563810787 175
115 871.462205281105 176
116 871.423258748849 178
117 871.385555519719 179
118 871.348966429376 181
119 871.313402462239 182
120 871.278810897637 184
121 871.24516807397 185
122 871.212470207722 187
123 871.180723800593 189
124 871.149937013755 190
125 871.120113019264 192
126 871.091245837834 193
127 871.063318654069 195
128 871.036304185801 196
129 871.010166451936 198
130 870.984863246706 199
131 870.960348740082 201
132 870.936575809676 202
133 870.913497900252 204
134 870.891070358495 205
135 870.86925128848 207
136 870.848002020087 209
137 870.827287292897 210
138 870.807075246557 212
139 870.787337288381 213
140 870.768047888072 215
141 870.749184332352 216
142 870.730726460571 217
143 870.712656395127 219
144 870.694958276606 221
145 870.677618011819 223
146 870.660623041592 224
147 870.643962134085 226
148 870.627625207981 227
149 870.611603187929 229
150 870.595887892593 230
151 870.580471953389 232
152 870.565348759904 233
153 870.5505124265 235
154 870.535957773232 236
155 870.52168031397 238
156 870.507676244558 239
157 870.493942424713 241
158 870.480476348627 242
159 870.467276100886 244
160 870.454340296118 245
161 870.441668002706 247
162 870.429258652502 248
163 870.417111939958 250
164 870.405227714919 251
165 870.393605873918 253
166 870.382246254847 254
167 870.371148539299 256
168 870.360312166364 257
169 870.349736260398 259
170 870.339419574332 260
171 870.329360448813 262
172 870.319556786399 264
173 870.310006039205 266
174 870.300705207661 267
175 870.29165084759 269
176 870.282839082773 270
177 870.274265620087 272

0 1408.97988674218 3
1 1337.38024718564 4
2 1290.63074634019 6
3 1254.54223539641 7
4 1224.03474131788 9
5 1198.35656574967 11
6 1175.13187711314 12
7 1153.77837204983 14
8 1134.9551943182 15
9 1117.33075006575 16
10 1100.14537348913 18
11 1083.67833285936 19
12 1067.98152043007 21
13 1052.58088387827 22
14 1038.02240562527 24
15 1023.52558314675 25
16 1008.32346148135 27
17 994.054266992818 28
18 980.902519437818 30
19 969.288560035198 31
20 959.006552620397 33
21 949.987350059678 34
22 941.18833287641 36
23 933.101948777348 37
24 925.610375124177 39
25 918.43389143824 40
26 912.419847531822 42
27 907.466359281962 44
28 903.369797651267 45
29 899.918201560543 46
30 896.742442515468 48
31 893.749450624787 50
32 891.253537523639 51
33 889.214663738491 53
34 887.62190850283 54
35 886.352124748717 56
36 885.255811900242 57
37 884.23792921108 59
38 883.34339812845 60
39 882.547091531275 62
40 881.797669818309 63
41 881.065796185667 65
42 880.354992156873 66
43 879.678998076679 68
44 879.043514135028 69
45 878.45164216361 71
46 877.904425872271 72
47 877.397579568105 74
48 876.923347098445 75
49 876.473660517787 77
50 876.042502865635 78
51 875.627247128967 80
52 875.22856228532 81
53 874.84878973679 83
54 874.490145399177 84
55 874.153929926599 86
56 873.840448881773 87
57 873.549077140724 89
58 873.278458953496 90
59 873.026898215904 92
60 872.792717415868 93
61 872.574361314039 95
62 872.370194222498 96
63 872.17794042964 98
64 871.993907367194 99
65 871.813846329021 101
66 871.63764913359 102
67 871.471725456716 104
68 871.323575229264 105
69 871.196008036191 106
70 871.087102044784 108
71 870.993204786685 110
72 870.910854844989 111
73 870.837303492223 113
74 870.770482358981 114
75 870.708832278673 115
76 870.651101208725 117
77 870.59617796891 118
78 870.543069343275 120
79 870.491076199474 121
80 870.440038810968 123
81 870.390404654533 124
82 870.343002241624 126
83 870.298654452325 127
84 870.257884329956 129
85 870.220844871009 130
86 870.187409715911 132
87 870.157302202384 133
88 870.130193590037 135
89 870.105758476397 137
90 870.083699036903 138
91 870.063751885043 140
92 870.045687004379 141
93 870.029303893133 143
94 870.014427273349 145
95 870.000903236433 146
96 869.988596026342 148
97 869.97738541037 150
98 869.967164524906 151
99 869.957838090352 153
100 869.949320914048 154

0 1476.70484970169 3
1 1389.61959701524 4
2 1338.60014377713 6
3 1303.39209959254 7
4 1276.58224394911 9
5 1252.96089089749 10
6 1231.66742413643 12
7 1211.68194137297 13
8 1192.33691730096 15
9 1172.81729635854 16
10 1153.41194241426 18
11 1133.59997012153 19
12 1113.91307579993 21
13 1094.42844754538 22
14 1075.63438421593 24
15 1058.10538787623 25
16 1042.45567138198 26
17 1028.29561885816 28
18 1015.26891276984 29
19 1003.12451593032 31
20 991.806180803185 32
21 981.705312102607 34
22 972.346393073902 35
23 964.231139486218 37
24 957.003233800974 38
25 950.792464614119 39
26 945.733299254267 41
27 941.735666297005 42
28 938.472465248925 44
29 935.757372611467 45
30 933.374572992598 47
31 931.0407977851 48
32 928.898746702232 50
33 926.874664346005 51
34 925.174990456034 53
35 923.684046181831 54
36 922.272408615441 55
37 920.721868405953 57
38 918.975708046773 58
39 917.263763358101 60
40 915.638373543402 61
41 914.022433729779 63
42 912.395023052499 64
43 910.813414463334 65
44 909.333368579174 67
45 907.934159451092 68
46 906.500358829259 70
47 904.867073506157 71
48 903.039177591869 73
49 901.24926535355 74
50 899.651011008525 76
51 898.18752753671 77
52 896.827764777438 79
53 895.52566158795 80
54 894.303828777185 81
55 893.194293632587 83
56 892.173424700225 84
57 891.183583327112 86
58 890.209133588711 87
59 889.286503812573 89
60 888.451272552217 90
61 887.716121204493 92
62 887.067259196334 93
63 886.477045183074 94
64 885.907029649326 96
65 885.357347541172 97
66 884.849856686712 99
67 884.389418428302 100
68 883.971046600542 102
69 883.584065190998 103
70 883.205053715126 105
71 882.811251333015 106
72 882.41990781398 108
73 882.042373408573 109
74 881.677730169601 110
75 881.329767475146 112
76 881.007764373144 113
77 880.716979605893 115
78 880.45604609541 116
79 880.219914627424 118
80 880.002618808831 119
81 879.798485171238 121
82 879.602231183548 122
83 879.408592170443 123
84 879.212327302663 125
85 879.009483628524 126
86 878.799519149946 128
87 878.586009145609 129
88 878.374891801817 131
89 878.17202183078 132
90 877.981500619304 134
91 877.804936538474 135
92 877.641510161004 137
93 877.488390132605 138
94 877.34076058042 140
95 877.191922868019 141
96 877.036854742383 142
97 876.876548318715 144
98 876.714632244811 145
99 876.553552275729 147
100 876.394449841636 149
101 876.237815198469 150
102 876.083741949739 152
103 875.931686732255 153
104 875.77965539309 155
105 875.623086132857 156
106 875.456837301383 157
107 875.282617657479 159
108 875.108475145914 160
109 874.940916149793 162
110 874.782690278245 163
111 874.633942695034 165
112 874.49351962198 166
113 874.359820257136 168
114 874.231270600711 169
115 874.106577806404 171
116 873.984858061326 172
117 873.865661443784 174
118 873.748897365135 175
119 873.634689509842 177
120 873.523220664321 178
121 873.414617380872 180
122 873.308844409981 181
123 873.205474809682 182
124 873.103275485964 184
125 873.000194689678 185
126 872.89509753568 187
127 872.790061223808 188
128 872.689168638618 190
129 872.595454160873 192
130 872.509899930769 193
131 872.432107829819 195
132 872.361112977962 196
133 872.295817687271 198
134 872.235141141596 199
135 872.178061459544 201
136 872.123650185 202
137 872.071130461661 204
138 872.019948523776 205
139 871.969822281408 207
140 871.920736076976 208
141 871.872893968745 210
142 871.826658696519 212
143 871.782472362686 213
144 871.740755804598 215
145 871.701817818578 216
146 871.66581073996 218
147 871.632739931053 219
148 871.602506922056 221
149 871.574958314552 222
150 871.549920925304 224
151 871.527217262029 225
152 871.506666249784 227
153 871.48807851282 228
154 871.47125385792 230
155 871.455984011049 231
156 871.442059574482 232
157 871.429278378233 234
158 871.417452704079 236
159 871.406414112251 237
160 871.396015783357 239
161 871.38613295867 240
162 871.376662235147 242
163 871.367520343916 243
164 871.35864280072 245
165 871.349982578861 246

0 1447.52699204463 3
1 1387.25322014447 4
2 1347.120272734 6
3 1317.38088118743 8
4 1295.27375594418 9
5 1276.66467173986 10
6 1259.53467148351 12
7 1243.29000342827 13
8 1227.16365172262 15
9 1211.09954926968 17
10 1194.38795647585 18
11 1177.0121838866 20
12 1160.23425458021 21
13 1143.92511894559 23
14 1128.56998703435 24
15 1114.18939578305 26
16 1100.62960759911 27
17 1086.96783291913 29
18 1072.91665122558 30
19 1059.89395902268 31
20 1047.98448895066 33
21 1037.18912933512 34
22 1026.68082752626 36
23 1016.87265482972 37
24 1007.64505733639 39
25 999.001818576772 40
26 990.821214176373 42
27 983.014145942292 43
28 975.696750103351 45
29 968.682473672324 47
30 962.124607774825 48
31 956.23227435023 50
32 950.665490509558 51
33 944.893205520503 53
34 939.526108379421 54
35 934.373192730583 56
36 929.369493395608 57
37 924.552182390646 59
38 919.713837118351 60
39 915.077836486507 62
40 910.827878474461 63
41 907.08159847924 65
42 903.520467707739 66
43 899.975878111881 68
44 896.501730217279 69
45 893.352742509295 71
46 890.612547631533 72
47 888.272590810917 74
48 886.177533081966 75
49 884.271424911392 77
50 882.508450846088 78
51 881.029708161725 80
52 879.733551525206 81
53 878.550535960945 83
54 877.493468222288 84
55 876.586563479029 86
56 875.828765115613 87
57 875.20513311387 89
58 874.693821938571 90
59 874.27021862346 92
60 873.90895370438 93
61 873.566388305328 95
62 873.242351037739 96
63 872.956416599015 98
64 872.706946380799 99
65 872.492057816747 101
66 872.30971590519 102
67 872.156390011103 104
68 872.027397792385 105
69 871.917914363255 107
70 871.823710721222 108
71 871.741457425364 110
72 871.668720189668 111
73 871.603789860625 113
74 871.545458584248 114
75 871.492823611824 116
76 871.445159709533 117
77 871.401858365797 119
78 871.362407023799 120
79 871.326380201356 122
80 871.29342656933 123
81 871.263249432552 125
82 871.235585767756 126
83 871.210190048436 128
84 871.186826023429 129
85 871.165265799508 131
86 871.14529329547 132
87 871.126708872968 134
88 871.109332959155 135
89 871.093007764934 137
90 871.077597153739 138
91 871.062985174351 140
92 871.049073853676 141
93 871.035780733128 143
94 871.02303646476 145
95 871.010782635574 146
96 870.998969884153 148
97 870.987556312304 149
98 870.976506163831 151
99 870.965788731948 152
100 870.955377456492 154
101 870.945249176977 156
102 870.935383513217 157
103 870.925762351462 159
104 870.916369418357 160
105 870.907189929102 162
106 870.898210298556 163
107 870.889417906089 165
108 870.880800906073 166

0 1441.8907835395 3
1 1368.97343621292 5
2 1324.43878894211 6
3 1291.1731202436 8
4 1266.07022327882 9
5 1244.08503040318 11
6 1223.93856858555 12
7 1205.15162956259 13
8 1187.99000277953 15
9 1171.7536011376 16
10 1156.4389203192 18
11 1140.51859219556 19
12 1124.67213297343 21
13 1109.04866020389 22
14 1093.95474755172 24
15 1078.86210289608 25
16 1064.8394733377 27
17 1050.89242229068 28
18 1037.12285781723 30
19 1023.82158292105 31
20 1010.5245388957 33
21 997.867300567478 34
22 986.622640504286 36
23 976.919380965103 37
24 968.072984115694 39
25 959.228123900477 41
26 950.757252222259 42
27 943.204137009371 44
28 936.385718370553 45
29 930.378900535448 47
30 925.012838820924 48
31 920.270426820742 50
32 916.209750204221 51
33 912.915522980526 53
34 910.172983344055 54
35 907.807776890309 56
36 905.754871554248 57
37 903.966319152907 59
38 902.373626136697 60
39 900.917305144112 62
40 899.566554219324 63
41 898.318140699746 65
42 897.172348444316 66
43 896.11398396735 68
44 895.110496515121 69
45 894.116273591788 71
46 893.052045525232 73
47 891.835224449208 74
48 890.55827990362 76
49 889.32731288021 77
50 888.16460824275 78
51 886.99902432559 80
52 885.807580905337 81
53 884.715846218664 83
54 883.709221418045 84
55 882.759882135733 86
56 881.851324096921 87
57 880.967801875519 89
58 880.101089852964 90
59 879.256166879766 92
60 878.44806153438 93
61 877.69782721579 95
62 877.023406810146 96
63 876.428638618132 98
64 875.898495197805 99
65 875.412791528718 101
66 874.965391499994 102
67 874.556488932319 103
68 874.180991089307 105
69 873.833878547308 107
70 873.512137864305 108
71 873.212546065311 110
72 872.935215313054 112
73 872.683258469027 113
74 872.458156857718 115
75 872.258673174169 116
76 872.082027500789 118
77 871.924878360196 119
78 871.783663321638 121
79 871.654197074201 123
80 871.530008035016 124
81 871.401768276527 126
82 871.267958103058 127
83 871.138942499381 129
84 871.021851380699 130
85 870.917958069647 132
86 870.826096624873 133
87 870.744526783056 135
88 870.671614673398 136
89 870.60604058343 137
90 870.546822085582 139
91 870.493258656306 141
92 870.444845703026 142
93 870.401188117349 144
94 870.36193293865 145
95 870.326729239791 147
96 870.295213235909 148
97 870.267010934063 150
98 870.241749599792 151
99 870.219071156105 153
100 870.198643392977 154
101 870.180167295467 156
102 870.163380413431 157
103 870.148057012974 159
104 870.134005998014 160
105 870.121067518298 162
106 870.109108977704 163
107 870.098020935176 165
108 870.087713203284 166
109 870.078111311229 168
110 870.06915340655 169
111 870.060787612312 171

0 1448.63584421978 3
1 1382.32842532822 5
2 1342.96309826378 6
3 1316.07323291617 8
4 1295.5190751735 10
5 1276.39800035063 11
6 1258.28298644406 12
7 1240.55491521 14
8 1222.89256010141 15
9 1206.21978259383 17
10 1190.36844989369 19
11 1174.64027230138 20
12 1158.34323089109 22
13 1141.68003164646 23
14 1124.35467651489 24
15 1107.11565449659 26
16 1090.24207834587 27
17 1073.57103375431 29
18 1057.3987270078 30
19 1042.07820085782 32
20 1028.17684334092 33
21 1015.30488082485 35
22 1001.32086915294 36
23 986.943257577626 38
24 973.258049731585 39
25 961.635441410702 41
26 952.07151173122 42
27 943.598562025257 44
28 936.090246444001 45
29 929.779184145039 47
30 924.386071385813 48
31 920.087070991199 50
32 916.36362533201 51
33 912.946295180036 53
34 909.462045684953 54
35 906.344608836973 55
36 903.566060127656 57
37 901.103757010759 58
38 898.976257822784 60
39 897.11614227329 61
40 895.410146861571 63
41 893.731153357807 64
42 892.081152278158 66
43 890.561054667788 67
44 889.165983895583 69
45 887.873080552936 70
46 886.607245280896 72
47 885.421457323109 73
48 884.377267676629 75
49 883.47086524392 76
50 882.552246139515 78
51 881.566181057686 79
52 880.750417208924 81
53 880.086437210353 82
54 879.524368749976 84
55 879.048169533381 85
56 878.638600541879 87
57 878.279526295653 88
58 877.959648021611 89
59 877.66977222531 91
60 877.401361665643 92
61 877.148154895823 94
62 876.90883266302 95
63 876.685852102748 97
64 876.481580379993 98
65 876.296304854945 100
66 876.128388278024 101
67 875.975149951989 103
68 875.833697190585 104
69 875.701475967552 106
70 875.576551900982 107
71 875.457696699456 108
72 875.344336293515 110
73 875.236391614979 112
74 875.13404976982 113
75 875.037529149704 115
76 874.946905869292 116
77 874.862036484112 118
78 874.782569109724 119
79 874.708009602371 120
80 874.637806111682 122
81 874.571424505658 123
82 874.508399478518 125
83 874.44835701289 126
84 874.391011924016 128
85 874.336149000255 129
86 874.283597492248 131
87 874.233206852042 132
88 874.184828167071 134
89 874.138302447098 135
90 874.093454861316 137
91 874.050093221768 138
92 874.008008920996 140
93 873.966978619483 141
94 873.926765019229 143
95 873.887115168124 144
96 873.847755253546 146
97 873.808382172266 147
98 873.768654579657 149
99 873.728189404876 150
100 873.686572635186 152
101 873.643392425011 153
102 873.598294279428 155
103 873.551042125296 156
104 873.50155580829 158
105 873.449901387745 159
106 873.396237745245 161
107 873.340748805155 163
108 873.28359161984 164
109 873.224870629079 166
110 873.164629942963 168
111 873.102851795113 169
112 873.039456680845 171
113 872.974309581738 172
114 872.90724096246 174
115 872.83808878383 175
116 872.766758353454 177
117 872.69328292304 178
118 872.617857521973 180
119 872.540822877045 182
120 872.462599783422 183
121 872.383605467196 185
122 872.30419991146 186
123 872.224695652497 188
124 872.145423402997 190
125 872.066803369588 191
126 871.989362287753 193
127 871.913674283202 194
128 871.840260461542 196
129 871.769505951516 198
130 871.701629023342 199
131 871.636698087031 201
132 871.57467245415 202
133 871.515445134185 204
134 871.458876870771 205
135 871.404819364579 207
136 871.353129555083 209
137 871.30367750689 211
138 871.256349875158 212
139 871.211050263591 214
140 871.167697410427 215
141 871.126222007616 217
142 871.086562919492 218
143 871.048663489233 220
144 871.012468457345 222
145 870.977921789651 224
146 870.944965482812 226
147 870.913539236282 227
148 870.883580777444 229
149 870.855026597368 230
150 870.827812877869 232
151 870.801876439802 233
152 870.777155597735 235
153 870.7535908553 236
154 870.731125413066 238
155 870.709705487523 240
156 870.689280456479 241
157 870.66980285594 243
158 870.651228258081 244
159 870.633515060831 245
160 870.61662421807 247
161 870.600518936354 248
162 870.585164360346 250
163 870.570527264716 252
164 870.556575766416 253
165 870.543279067273 255
166 870.530607233428 257
167 870.518531015355 259
168 870.507021709423 260
169 870.496051059936 261
170 870.485591198547 263
171 870.4756146165 264
172 870.466094164005 266
173 870.457003070269 268
174 870.448314977691 269

0 1398.59247947964 3
1 1339.27469021874 5
2 1303.35164385113 6
3 1278.50255742036 7
4 1259.13523421286 9
5 1241.76094575643 10
6 1224.53110344093 12
7 1206.86839325527 13
8 1189.35276676322 15
9 1172.31808699832 16
10 1156.11981999843 18
11 1141.09512882611 19
12 1126.78364196648 21
13 1112.45031882667 22
14 1097.85689160264 24
15 1084.18048744398 25
16 1071.42771211341 27
17 1059.84926273678 28
18 1049.00010788653 30
19 1038.90370091926 31
20 1029.08523074459 33
21 1019.04425951189 34
22 1009.08114381797 36
23 999.60260054174 37
24 990.469843915245 39
25 981.204030363862 40
26 972.296565329895 42
27 963.841748288862 43
28 956.493843327534 45
29 949.795320147932 46
30 943.354621421623 48
31 937.887753686407 49
32 933.105093389672 51
33 928.861612963754 52
34 924.885795844535 54
35 921.073628785852 55
36 917.403463386755 57
37 913.547659363713 58
38 909.849469592737 60
39 906.339209369654 61
40 903.155927529654 63
41 900.30667978694 64
42 897.850234763565 66
43 895.72921197015 67
44 893.855955021272 69
45 892.187940219438 70
46 890.761721088468 72
47 889.539876349887 73
48 888.475700550839 75
49 887.531259331397 76
50 886.673830661744 78
51 885.850941535595 79
52 885.043494512193 81
53 884.268686226596 82
54 883.512715860594 84
55 882.757365794322 85
56 882.001759150448 87
57 881.253794111645 88
58 880.51306037463 90
59 879.781714676345 91
60 879.074518641055 93
61 878.409882763807 94
62 877.798755484625 95
63 877.24258325724 97
64 876.735501470745 99
65 876.267298578618 100
66 875.827158206257 101
67 875.40789103089 103
68 875.008921454809 104
69 874.635405641271 106
70 874.292555215344 108
71 873.978396939666 109
72 873.681732995348 111
73 873.392740953171 112
74 873.118127704596 114
75 872.87501227413 115
76 872.672764872381 117
77 872.508901748336 118
78 872.375459740175 119
79 872.264434475292 121
80 872.169742642926 122
81 872.087261046687 124
82 872.014294431423 125
83 871.94904364913 127
84 871.890224681104 128
85 871.836835453461 130
86 871.788028081702 131
87 871.743044335967 133
88 871.701183296271 134
89 871.661782153638 136
90 871.624200619007 137
91 871.587806746089 139
92 871.551970158508 141
93 871.516081275591 142
94 871.479627350331 144
95 871.442337990449 146
96 871.404322850214 147
97 871.366017403731 149
98 871.327824996089 150
99 871.289615448373 152
100 871.250455607102 154
101 871.209050668821 155
102 871.164936456618 156
103 871.119050445702 158
104 871.072825162715 159
105 871.027213867717 161
106 870.982536256899 162
107 870.938792730624 164
108 870.896051974408 165
109 870.854670212641 167
110 870.815211800462 169
111 870.778178746096 170
112 870.743797745894 172
113 870.711979036758 173
114 870.682383062225 175
115 870.654501271747 176
116 870.627720107096 177
117 870.601398096774 179
118 870.574996088285 180
119 870.548226462128 182
120 870.521090177913 184
121 870.493728816852 185
122 870.466203862889 187
123 870.43836519385 188
124 870.409875481468 190
125 870.380389381838 191
126 870.349837834872 193
127 870.318653466917 194
128 870.287714546143 196
129 870.257999609325 197
130 870.230230451781 199
131 870.204735570462 200
132 870.181515978405 202
133 870.16038182036 203
134 870.141070118283 205
135 870.123318840253 206
136 870.106904070779 208
137 870.091653109055 209
138 870.077443357231 211
139 870.064193304442 212
140 870.051849885271 214
141 870.040375524274 215
142 870.029737366793 217
143 870.019900114003 218
144 870.010822674437 220
145 870.002457895822 221

0 1460.61463186478 3
1 1372.4738462673 4
2 1320.04999236611 6
3 1282.5064941768 8
4 1252.63530334805 9
5 1227.26602983153 11
6 1204.20610788018 12
7 1182.73536102693 14
8 1162.83265300586 15
9 1143.66492137843 17
10 1126.17719821041 18
11 1110.41806828131 20
12 1095.6263857733 21
13 1080.66849319959 22
14 1065.4918901476 24
15 1050.06006982047 25
16 1035.2211197238 27
17 1020.75733254713 28
18 1006.34348486354 30
19 992.18467887993 31
20 977.966408819608 33
21 965.674091542198 34
22 955.288314457668 35
23 946.803830443683 37
24 939.92392848456 38
25 934.08192264223 40
26 928.546850191691 41
27 922.942606842838 43
28 917.975680183822 44
29 913.380462410042 46
30 909.250380915206 47
31 905.740633033104 49
32 902.672166005512 50
33 900.041035841655 52
34 897.805296880548 53
35 895.866403825119 54
36 894.163114919061 56
37 892.762568833933 58
38 891.571188574515 59
39 890.497601474919 61
40 889.499871512772 62
41 888.565096363965 64
42 887.68313748474 65
43 886.843630379635 67
44 886.035912715081 68
45 885.248110687759 69
46 884.466231693705 71
47 883.673287398111 73
48 882.849487443119 74
49 881.982519639747 76
50 881.093725181995 77
51 880.231316506851 78
52 879.422714413541 80
53 878.668197052576 81
54 877.961302535118 83
55 877.297006776888 84
56 876.669945094733 86
57 876.074381266092 87
58 875.507887156042 89
59 874.973699025742 90
60 874.479267258027 92
61 874.030615227674 93
62 873.62205432588 95
63 873.244617442402 96
64 872.91070099251 98
65 872.629595210729 99
66 872.398002693911 100
67 872.208180637901 102
68 872.052394669637 103
69 871.924175432176 105
70 871.818356458207 106
71 871.730812939191 108
72 871.658212553631 109
73 871.597836994662 111
74 871.547459742148 112
75 871.505258051179 114
76 871.469744407135 115
77 871.43970964409 117
78 871.414174163534 119
79 871.392345821743 120
80 871.373583923559 122
81 871.357368983901 123
82 871.343277870391 124
83 871.330963816655 126
84 871.320140684069 128
85 871.310570784738 129
86 871.30205557083 130

0 1475.9134901553 3
1 1397.01801377066 5
2 1352.81775121249 6
3 1323.11047106449 8
4 1297.59493117559 9
5 1277.24852708279 11
6 1258.59010402168 12
7 1240.81862730219 14
8 1223.24640797892 15
9 1205.44743147817 16
10 1187.36615516221 18
11 1169.88858628093 20
12 1153.0628711254 21
13 1135.28755677053 23
14 1116.96447432495 24
15 1098.58723923053 26
16 1080.95010031762 27
17 1063.35106022197 29
18 1045.51475164807 30
19 1028.08317821758 32
20 1012.97259244555 33
21 999.488796971951 34
22 985.304163439111 36
23 971.544840080506 37
24 959.250379729338 39
25 948.657058773135 40
26 940.232918224686 42
27 933.068560170401 43
28 926.923670830416 45
29 921.684583519044 46
30 917.180193082241 48
31 913.310168729843 49
32 910.119408086103 51
33 907.422592340715 52
34 904.945258201676 54
35 902.512302877978 55
36 900.227045907748 57
37 898.197648610973 58
38 896.373328084596 59
39 894.640087543353 61
40 892.889777352658 62
41 891.175680511142 64
42 889.609559362497 65
43 888.203102708518 67
44 886.990312094762 68
45 885.967906319569 70
46 885.059086816842 71
47 884.108716799487 73
48 883.259702966528 74
49 882.505473995971 76
50 881.841214951625 77
51 881.256304643906 79
52 880.737606294833 80
53 880.272225424977 82
54 879.849434227086 83
55 879.46067185071 85
56 879.095805344184 86
57 878.741998179281 88
58 878.390754347475 89
59 878.045300474582 91
60 877.715904281727 92
61 877.409933215095 94
62 877.128280080711 95
63 876.866380643703 97
64 876.618025938205 98
65 876.382369133547 100
66 876.163780273699 101
67 875.965293183548 102
68 875.786908413527 104
69 875.626994073446 105
70 875.4834684023 107
71 875.354319778589 108
72 875.237756358351 110
73 875.132212222819 111
74 875.036315159932 113
75 874.948853671984 114
76 874.868752215972 116
77 874.795053821247 117
78 874.726906954367 119
79 874.663553840639 120
80 874.60431842168 122
81 874.54859303161 123
82 874.495823533906 125
83 874.445493100022 126
84 874.397105122723 128
85 874.350166077777 129
86 874.304169670137 131
87 874.258584595597 132
88 874.212850013245 134
89 874.166385376281 135
90 874.118623528308 137
91 874.069074508797 138
92 874.017416731108 140
93 873.9635901661 141
94 873.90784563475 143
95 873.85071065523 144
96 873.792871334898 146
97 873.735007327827 147
98 873.677623812058 149
99 873.620916651462 150
100 873.564698026893 151
101 873.508379702048 153
102 873.450978048043 154
103 873.391194362884 156
104 873.327920976601 157
105 873.261464411618 159
106 873.194350803234 160
107 873.129935214023 162
108 873.07011039463 163
109 873.014619864785 165
110 872.961634673606 166
111 872.908140452878 168
112 872.849973061091 169
113 872.783095357688 171
114 872.706221353469 172
115 872.620566811278 174
116 872.527370740222 175
117 872.427139818038 177
118 872.320746267064 178
119 872.210178250906 180
120 872.097426941688 181
121 871.983479390221 183
122 871.868838433018 184
123 871.754480590447 186
124 871.641893028343 187
125 871.532372936218 189
126 871.426658749688 191
127 871.325055096045 192
128 871.227651933309 193
129 871.134471479548 195
130 871.045555430002 196
131 870.96099775546 198
132 870.880922967392 200
133 870.805438936256 201
134 870.734598491879 203
135 870.668381693935 204
136 870.606694322077 206
137 870.549376342436 207
138 870.496216396331 209
139 870.446969012305 210
140 870.401371256217 212
141 870.359156382457 213
142 870.320063575211 215
143 870.283844249118 216
144 870.250266097056 218
145 870.219116091193 219
146 870.190203176395 221
147 870.163360709523 222
148 870.138448051982 224
149 870.115350368111 225
150 870.093975825943 227
151 870.074250070932 228
152 870.056108793538 230
153 870.039489963778 231
154 870.024327448302 233
155 870.010547193352 234
156 869.99806626486 235
157 869.986794232912 237
158 869.976635964163 238
159 869.967494872378 240
160 869.95927592313 241

0 1428.14125048137 3
1 1356.6291829838 5
2 1317.80817281689 6
3 1291.23865664536 7
4 1270.26689356752 9
5 1251.12891641442 10
6 1233.34293322881 12
7 1215.65631891014 13
8 1197.93724519628 15
9 1179.98099476918 16
10 1161.41528802313 18
11 1141.73525982112 19
12 1121.23979306934 21
13 1102.18889325127 22
14 1085.04939606576 23
15 1068.95947315932 25
16 1054.34154306345 26
17 1040.0954949445 28
18 1026.6689802913 29
19 1013.86668420365 31
20 1001.92938169289 32
21 990.924810924054 34
22 980.820187979133 35
23 971.787960328717 37
24 963.479572522711 38
25 955.387215743155 40
26 947.872601869835 41
27 941.329692425841 43
28 935.599483930265 44
29 930.432358672602 45
30 925.780469532535 47
31 921.378285601684 48
32 917.124369588208 50
33 913.156651981936 51
34 909.518953568385 53
35 905.796362520561 54
36 902.529540285995 56
37 899.815437995332 58
38 897.552202245522 59
39 895.616820441703 61
40 893.868257451608 62
41 892.211262233 63
42 890.600920644398 65
43 889.095267303053 66
44 887.747118082716 68
45 886.554736160697 69
46 885.504314857872 71
47 884.578415454458 72
48 883.68862649597 74
49 882.752740835906 75
50 881.876254798148 77
51 881.104087238169 78
52 880.376206544426 80
53 879.628007847931 81
54 878.975214147038 83
55 878.416054335541 84
56 877.931434087028 86
57 877.500860592191 87
58 877.102211887517 89
59 876.716661610649 90
60 876.335645152051 91
61 875.963420286509 93
62 875.612121846515 94
63 875.293840421558 96
64 875.015120742999 97
65 874.775565674728 99
66 874.569923723364 100
67 874.391077510563 102
68 874.232031466007 103
69 874.086736757351 105
70 873.950319570786 106
71 873.819207019706 108
72 873.691342638764 109
73 873.566321190257 111
74 873.445033778384 112
75 873.32872775182 114
76 873.218058921162 115
77 873.112723284454 117
78 873.011706423108 118
79 872.913930516211 120
80 872.818955977895 121
81 872.727191263007 123
82 872.639446376785 124
83 872.556400381053 126
84 872.478439628258 127
85 872.405748314398 128
86 872.338400526755 130
87 872.276374888911 131
88 872.219521909868 133
89 872.167500655328 134
90 872.119630300809 136
91 872.074510417702 137
92 872.029359432453 139
93 871.980340350045 140
94 871.926376087522 142
95 871.871691843383 143
96 871.821433125195 145
97 871.778071919506 146
98 871.741751801911 148
99 871.711561023037 149
100 871.686334769504 150
101 871.664995484649 152
102 871.646651589019 154
103 871.630596559494 155
104 871.616276105026 157
105 871.603251324335 158
106 871.591167668567 160
107 871.579732236195 162
108 871.568699353822 163
109 871.557863566438 165
110 871.547058660439 166
111 871.536160619979 168
112 871.525091555638 169
113 871.513821216838 171
114 871.502363356009 172
115 871.490766080676 174
116 871.479097702737 175
117 871.467431326719 177
118 871.455831716093 178
119 871.444346885162 180
120 871.433005110976 181
121 871.421816512354 183
122 871.410777529729 184
123 871.399876602361 186
124 871.38909978649 187
125 871.378435622444 189
126 871.367878980693 190
127 871.357433804652 192
128 871.347114667038 193
129 871.336946990325 195
130 871.326965783356 196
131 871.317212896297 198
132 871.307733078702 199
133 871.298569432322 201
134 871.289759035362 202
135 871.281329481166 204

0 1427.96005043286 3
1 1339.69805512754 4
2 1285.22855948539 6
3 1248.57542542923 7
4 1219.95634997501 9
5 1195.42262173868 10
6 1173.48177818788 12
7 1153.13956584274 13
8 1134.38780590736 15
9 1117.42478556001 16
10 1101.34347422114 18
11 1086.08438978727 19
12 1071.25402091177 20
13 1057.20203940738 22
14 1043.26335639352 23
15 1030.01251074344 25
16 1017.02262068019 26
17 1004.11092801122 28
18 991.924047777957 29
19 980.503533629895 31
20 969.755901079285 32
21 959.58833759828 34
22 949.836992353079 35
23 940.997228670789 37
24 933.21331081598 38
25 926.31512270641 40
26 919.926213161571 41
27 914.225786570167 43
28 908.877630751317 44
29 904.178499179879 45
30 900.214568847088 47
31 897.046530197088 48
32 894.611204698637 50
33 892.5621527987 51
34 890.674857130794 53
35 888.91099669322 54
36 887.345847066675 56
37 886.008913166549 58
38 884.877555533748 59
39 883.909165555382 61
40 883.057874851379 62
41 882.274483553259 63
42 881.534786044056 65
43 880.85433511293 66
44 880.246116047493 68
45 879.706723330671 70
46 879.223309901795 71
47 878.784053384845 73
48 878.379442013261 74
49 877.998874182905 75
50 877.635385312971 77
51 877.29326479561 78
52 876.98529236797 80
53 876.719115488902 81
54 876.490329977796 83
55 876.282367331473 85
56 876.060781638718 86
57 875.800878438604 88
58 875.538741714399 89
59 875.305338250241 91
60 875.10230658295 92
61 874.921784185937 94
62 874.756026211311 95
63 874.598581468331 97
64 874.443206139276 98
65 874.28474246515 100
66 874.122375701286 101
67 873.960172918067 102
68 873.803761375569 104
69 873.657120629582 106
70 873.52141333738 107
71 873.395507203272 108
72 873.277114627975 110
73 873.163780869913 111
74 873.053501806956 113
75 872.945016630511 114
76 872.837838596697 116
77 872.732086345823 117
78 872.628244083389 119
79 872.527000252899 120
80 872.42920515421 122
81 872.335826571764 123
82 872.247644066511 125
83 872.164069531307 126
84 872.080271633186 128
85 871.990043126945 129
86 871.899269675741 131
87 871.817273327832 132
88 871.74737779113 134
89 871.689083077803 135
90 871.640603633818 137
91 871.600016329426 138
92 871.565651603275 140
93 871.536168140449 141
94 871.510518007778 143
95 871.487886943103 144
96 871.467639203452 146
97 871.449274082608 147
98 871.432393554264 149
99 871.416678660088 150
100 871.401872374278 152
101 871.387767217667 153
102 871.37419636749 155
103 871.361027314633 156
104 871.348157294922 158
105 871.335509828998 159
106 871.323031802147 161
107 871.310690634969 162
108 871.29847124391 164
109 871.28637265526 166
110 871.274404292832 167
111 871.262582087632 169
112 871.250924644756 170
113 871.239449741535 172
114 871.228171418389 173
115 871.217097861027 174
116 871.206230169954 176
117 871.195561994505 177
118 871.185079903051 179
119 871.174764293567 181
120 871.164590629285 182
121 871.154530806749 183
122 871.144554511908 185
123 871.134630476231 186
124 871.124727594914 188
125 871.114815905386 189
126 871.104867444466 191
127 871.094857007458 192
128 871.084762825912 194
129 871.07456716575 195
130 871.064256829222 196
131 871.05382352774 198
132 871.043264082885 199
133 871.032580415803 201
134 871.021779300876 202
135 871.010871888086 204
136 870.999873031633 205
137 870.988800491954 207
138 870.97767409431 208
139 870.966514925035 209
140 870.955344626711 211
141 870.944184823558 212
142 870.933056676971 214
143 870.921980547503 215
144 870.910975728139 217
145 870.900060214248 218
146 870.889250484853 220
147 870.878561282916 221
148 870.868005394767 222
149 870.857593438168 224
150 870.847333672892 225
151 870.837231848213 227
152 870.827291098249 228
153 870.817511890446 230
154 870.807892025868 231
155 870.798426683517 233
156 870.789108495702 234
157 870.779927638398 235
158 870.770871919726 237
159 870.761926851039 238
160 870.753075688991 240
161 870.744299442419 241
162 870.735576845154 243
163 870.726884305244 245

0 1478.3772709887 3
1 1396.20986358771 4
2 1349.26840183316 6
3 1318.07804768065 7
4 1294.59419000987 9
5 1276.94388020995 10
6 1262.18499568499 12
7 1248.45270916953 13
8 1235.31269479194 15
9 1222.35673946451 16
10 1209.59808368941 18
11 1196.47304764232 19
12 1184.17518789007 21
13 1172.2661312401 22
14 1160.6087923239 23
15 1149.36108643603 25
16 1137.99495474052 26
17 1126.3037814598 28
18 1114.52284700985 29
19 1101.31094853595 31
20 1087.72122101028 32
21 1074.5762142301 34
22 1061.90408346915 35
23 1049.31841208768 36
24 1035.52199184801 38
25 1022.1987694611 39
26 1009.98518286811 41
27 998.625601473178 42
28 988.327896856786 44
29 978.8518287018 45
30 970.104279541693 47
31 962.13654423791 48
32 954.942732646433 50
33 948.126992622844 51
34 941.186321152887 53
35 934.260243573457 54
36 927.866224369975 56
37 922.219747569289 57
38 916.981082491508 59
39 912.759139439739 60
40 909.528436498779 62
41 907.051561606813 63
42 905.061635789345 65
43 903.386833811942 66
44 901.93895278589 68
45 900.622790224237 69
46 899.368264689421 71
47 898.177071055417 72
48 897.030882694173 74
49 895.889409724625 75
50 894.73062754399 77
51 893.582841794072 78
52 892.492709172255 80
53 891.476002191369 81
54 890.524032570314 82
55 889.615926066154 84
56 888.72985120777 85
57 887.86418989075 87
58 887.035600941717 88
59 886.252364045884 90
60 885.512668009316 91
61 884.813001705636 93
62 884.149851036278 94
63 883.518030163593 96
64 882.91199684543 97
65 882.324213232646 99
66 881.729068249859 100
67 881.094913781919 102
68 880.421631218093 103
69 879.718181329672 104
70 879.019698026098 106
71 878.360468286336 107
72 877.749547947285 109
73 877.180285437611 110
74 876.639374070282 112
75 876.115729301053 114
76 875.609838128272 115
77 875.130508434733 117
78 874.687860823286 119
79 874.288865804132 121
80 873.933620867745 122
81 873.615323913439 124
82 873.325248535268 125
83 873.058999959567 127
84 872.8169291838 128
85 872.599241983696 130
86 872.402050313583 131
87 872.216504817926 133
88 872.035142119961 134
89 871.860707552115 136
90 871.699997996457 137
91 871.555962044289 139
92 871.427865000665 140
93 871.313607402216 142
94 871.211108089827 144
95 871.118749525176 145
96 871.035381391688 147
97 870.960188413527 148
98 870.89255053336 150
99 870.831934693795 151
100 870.777824257108 153
101 870.729683011096 155
102 870.686947423466 156
103 870.649037905992 158
104 870.615378768442 159
105 870.58541843895 161
106 870.558645122601 162
107 870.534596397047 164
108 870.512863286212 165
109 870.493090151448 167
110 870.474971780205 168
111 870.45824878853 170
112 870.442702148674 171
113 870.428147411985 173
114 870.414429036559 174
115 870.401415130695 176
116 870.388992860809 177
117 870.37706472378 179
118 870.365545830483 180
119 870.354362279527 182
120 870.343450610498 183
121 870.332758213217 185
122 870.322244437943 186
123 870.31188201776 188
124 870.301658309345 189
125 870.29157582559 190
126 870.281651613871 192
127 870.271915242176 193
128 870.262405459063 195
129 870.253165909601 196
130 870.244240516584 198
131 870.235669198647 199

0 1482.60449339081 3
1 1399.0519971877 5
2 1347.66557852582 6
3 1314.53990508418 8
4 1288.80071111843 9
5 1267.75080408456 11
6 1249.94388805688 12
7 1234.86970085634 14
8 1220.98617004483 15
9 1207.27396820642 16
10 1193.36849776076 18
11 1179.57967724092 19
12 1165.63115830579 21
13 1151.36160570752 22
14 1136.79381045846 24
15 1121.00315975893 25
16 1104.17076680664 27
17 1087.90731884324 28
18 1072.48859315391 30
19 1057.10670596001 31
20 1042.58666359229 33
21 1028.42116221479 34
22 1014.35899785098 36
23 1001.25117040194 37
24 988.671426317686 39
25 975.897225460912 40
26 963.848289627889 41
27 953.108283732614 43
28 943.002811783376 45
29 934.086566952907 46
30 926.321820762578 48
31 919.512588574578 49
32 913.490852836683 51
33 907.887461511033 52
34 902.678143323723 54
35 898.028492568615 55
36 893.991246228573 57
37 890.721272440844 58
38 888.120765296666 60
39 886.000213668818 61
40 884.227279187014 63
41 882.737571616799 64
42 881.484229474968 66
43 880.417450301579 67
44 879.50458613763 69
45 878.727827576715 70
46 878.07081348495 72
47 877.518595178296 73
48 877.053630824306 74
49 876.610817498426 76
50 876.097827625768 77
51 875.64803465732 79
52 875.248904811379 80
53 874.88349779631 82
54 874.484847403325 83
55 874.046802960678 85
56 873.630238161873 86
57 873.271791241865 88
58 872.977685971336 89
59 872.736298146473 91
60 872.534738739302 92
61 872.364126445656 94
62 872.219032713582 95
63 872.095614547925 97
64 871.990440801187 98
65 871.90017031449 100
66 871.821645445954 101
67 871.752083156701 103
68 871.689209923344 106
69 871.631271355159 107
70 871.576935587963 109
71 871.525180894801 110
72 871.475225671362 112
73 871.426484298183 113
74 871.378520231223 115
75 871.330985051907 116
76 871.283526457724 118
77 871.23567745496 120
78 871.186865265586 121
79 871.136758165055 123
80 871.085862990464 124
81 871.035730171664 126
82 870.988331620702 127
83 870.945153056724 128
84 870.90675672525 130
85 870.872897410268 131
86 870.842850694556 133
87 870.815694429217 135
88 870.790478515351 136
89 870.766319003058 138
90 870.74247193042 140
91 870.718420353741 141
92 870.693959903876 143
93 870.669218735119 144
94 870.644554341732 146
95 870.620354648225 147
96 870.596847586039 149
97 870.574000163477 150
98 870.551505316056 152
99 870.528809974838 153
100 870.50515862349 155
101 870.479683332526 156
102 870.45161733437 158
103 870.420660118294 159
104 870.387312794046 161
105 870.352840427063 162
106 870.31877833243 163
107 870.286358177916 165
108 870.256241038637 166
109 870.228579289086 168
110 870.203214149769 170
111 870.179855760566 171
112 870.158196316505 173
113 870.13796486044 174
114 870.118946121849 176
115 870.100981273585 177
116 870.083961014799 178
117 870.067815977023 180
118 870.052506552083 181
119 870.038013066613 183
120 870.024326917922 184
121 870.01144321973 186
122 869.999355364937 187
123 869.988051638217 189
124 869.977513698445 190
125 869.967716519027 191
126 869.958629282661 193
127 869.950216762545 194

0 1452.48156618464 3
1 1377.71949179571 4
2 1330.90064861971 6
3 1298.79172694272 7
4 1274.24523798109 9
5 1253.55956588627 10
6 1234.59795120764 12
7 1215.28273141206 13
8 1195.37461370473 15
9 1175.55376015642 16
10 1156.67702207549 18
11 1138.77871060255 19
12 1120.48548774956 20
13 1102.8301678314 22
14 1087.49373866477 23
15 1074.56408922198 25
16 1062.55122544654 26
17 1051.44432489429 28
18 1041.08566695093 29
19 1030.90927360411 31
20 1021.46790188053 32
21 1013.02985045388 34
22 1005.31169606395 35
23 998.151440782042 36
24 991.569146820815 38
25 985.224250307917 40
26 979.219256795411 41
27 973.813809898179 43
28 968.535128102854 44
29 963.443218107548 46
30 958.530008429917 47
31 953.631697761929 49
32 948.871441652419 50
33 944.119673733825 51
34 939.487921490097 53
35 935.064487025579 54
36 930.767221845663 56
37 926.59503699335 57
38 922.50681089379 59
39 918.777300575038 60
40 915.471977010365 62
41 912.199011900452 63
42 909.113332120382 65
43 906.237739076165 66
44 903.594110832893 68
45 901.234013486588 69
46 899.009785123579 70
47 896.864645201275 72
48 895.011153463652 73
49 893.507425856344 75
50 892.301484843614 76
51 891.30302329342 78
52 890.41643927369 79
53 889.569525485345 81
54 888.718204374848 82
55 887.893838482275 84
56 887.078763265289 85
57 886.23461151162 87
58 885.367588797791 88
59 884.513211916563 90
60 883.687138705105 91
61 882.887664665089 92
62 882.116354483862 94
63 881.386986051368 95
64 880.719908560266 97
65 880.135449069042 98
66 879.644513718213 100
67 879.244479067419 101
68 878.923169134334 103
69 878.664958465458 104
70 878.454926879815 106
71 878.280647616153 107
72 878.132478437144 109
73 878.00316853909 110
74 877.887280315341 112
75 877.780684622839 113
76 877.680231656291 115
77 877.583594603467 116
78 877.48921179255 118
79 877.39622078788 119
80 877.304308597154 121
81 877.213482388965 122
82 877.123824085642 124
83 877.035273676011 125
84 876.947378445142 127
85 876.85864949516 129
86 876.764368144299 130
87 876.653279309853 131
88 876.517491120886 133
89 876.36654050156 135
90 876.211660558212 136
91 876.057095227975 138
92 875.903156733968 139
93 875.749272909662 141
94 875.595235024815 143
95 875.441360847514 144
96 875.288254915647 146
97 875.136590246856 147
98 874.987031288869 149
99 874.840226024734 150
100 874.696780663511 152
101 874.557198505579 153
102 874.421812266725 155
103 874.290740049333 156
104 874.163876863154 158
105 874.040923139762 159
106 873.921452389708 161
107 873.805020152801 162
108 873.691302011095 164
109 873.580217942132 166
110 873.471979136399 167
111 873.367020206764 168
112 873.265849321457 170
113 873.168896758297 171
114 873.076425086059 173
115 872.988512110512 175
116 872.905081804711 176
117 872.825952839106 178
118 872.750884627282 179
119 872.679612302891 181
120 872.611869413881 182
121 872.547400685479 183
122 872.48596840083 185
123 872.42735569669 186
124 872.371368921078 188
125 872.317839730499 189
126 872.266626424487 191
127 872.217613511559 192
128 872.170708690862 194
129 872.125837051292 195
130 872.082932976341 196
131 872.041930706953 198
132 872.002754595759 199
133 871.965309749356 201
134 871.929473052038 202
135 871.895083606451 204
136 871.861930636325 205
137 871.829736480163 207
138 871.798134228228 208
139 871.766648032003 210
140 871.734704897089 211
141 871.701733280491 212
142 871.667384643551 214
143 871.631780202456 215
144 871.595548866074 217
145 871.559568907491 218
146 871.524633461426 220
147 871.491275003496 221
148 871.459762718191 223
149 871.430170304118 224
150 871.402439297257 226
151 871.376414957136 227
152 871.351856706915 229
153 871.328430598668 230
154 871.305693462017 232
155 871.283087681937 233
156 871.259982992322 235
157 871.235803341331 236
158 871.210208927681 238
159 871.183173467177 239
160 871.154783429463 241
161 871.124818759723 242
162 871.092502617742 244
163 871.057005915244 245
164 871.018637088257 247
165 870.979163483661 248
166 870.940672932681 250
167 870.904561879964 251
168 870.871389699619 252
169 870.841114661159 254
170 870.813314797259 255
171 870.787304273146 257
172 870.762176623354 258
173 870.736862208297 260
174 870.71035025537 261
175 870.682171173675 263
176 870.652849746924 264
177 870.623727800272 266
178 870.596167133197 267
179 870.570914700893 268
180 870.548048066149 270
181 870.527242907945 271
182 870.508040068661 273
183 870.490007707419 274
184 870.472818322628 276
185 870.456277633808 277
186 870.44032508939 279
187 870.425011044494 280
188 870.410453404825 282
189 870.396784017398 283
190 870.384101822088 284
191 870.372446752276 286
192 870.361797288017 287
193 870.352084508932 289
194 870.343212307266 290
195 870.335075938134 292

