0 96.2225232229539 0
1 76.3335507450407 0
2 83.3110762388354 0
3 82.9366728639037 0
4 79.0825539539776 1
5 66.5812216144184 1
6 79.729787703579 1
7 78.7641062862624 1
8 93.5950659716755 1
9 91.3888372192123 2
10 79.4912253270273 2
11 57.1891986978312 2
12 60.1600035039442 2
13 53.6687861952283 2
14 45.774734804574 3
15 45.187671716459 3
16 49.5703942974048 3
17 47.1594042880146 3
18 43.8903537951626 3
19 41.1581294929039 4
20 40.9069620713621 4
21 40.1023753377018 4
22 39.7887922506809 4
23 39.4634283865708 5
24 39.2753718537975 5
25 38.8431378675288 5
26 38.7020431909189 5
27 38.6856380875146 5
28 38.6652368975918 6
29 38.5055106569466 6
30 38.5216905463844 6
31 38.4362727116114 6
32 38.3333330468585 7
33 38.3296135145722 7
34 38.3001676442187 7
35 38.3034788606003 7
36 38.2638203173344 7
37 38.2713313480265 8
38 38.2663097231649 8
39 38.2498786147383 8
40 38.2508522301256 8
41 38.228049385434 9
42 38.2203663589933 9
43 38.2111245257955 9
44 38.2176558539911 9
45 38.1983758254968 9
46 38.2059287859064 10
47 38.1899350338023 10
48 38.1816262341347 10
49 38.1683255022313 10
50 38.1730098609562 10
51 38.169149559404 10
52 38.1707016659455 11
53 38.1570672528358 11
54 38.154577955379 11
55 38.1494077803159 11
56 38.1517484613144 11
57 38.1481625932979 12
58 38.1393582917085 12
59 38.1428418647751 12
60 38.1349853875753 12
61 38.1334358030103 12
62 38.1283995667253 13
63 38.1251822383411 13
64 38.1263051113043 13
65 38.1249478272327 13
66 38.1206096728026 13
67 38.1157955178405 13
68 38.1134720663461 14
69 38.1098276235814 14
70 38.108320370593 14
71 38.1061103326667 14
72 38.1055011738837 14
73 38.1037873999436 15
74 38.1029278416995 15
75 38.0976936392055 15

0 88.3420605418367 0
1 104.653958654148 0
2 82.3956368759051 0
3 109.515140051922 0
4 74.9857829343955 0
5 92.9041912104106 1
6 91.02018332324 1
7 65.8537483411991 1
8 80.9678075906238 1
9 89.9146100401763 1
10 72.6257873716217 2
11 72.5230640171676 2
12 65.1222468883028 2
13 57.9476358577615 2
14 54.7098361454611 2
15 57.7503285651439 2
16 46.9158044477874 3
17 46.7532821485906 3
18 46.8465324269459 3
19 43.7237915801282 3
20 41.2861080611065 3
21 41.019512629249 4
22 40.3827067722052 4
23 39.8396680882282 4
24 39.4998751604022 4
25 39.4324421036786 4
26 39.2598754578758 5
27 39.1852211462806 5
28 39.1890956717324 5
29 39.0590225464065 5
30 39.152646561972 5
31 39.0074401069676 5
32 38.9534865190815 6
33 38.9625191339191 6
34 38.9387188692244 6
35 38.8508721734268 6
36 38.845790669996 6
37 38.8405011152638 7
38 38.7633389972894 7
39 38.7603134321861 7
40 38.7580657885849 7
41 38.7603862269807 7
42 38.7239892530167 8
43 38.6953508280738 8
44 38.6763483061601 8
45 38.6690743840023 8
46 38.6485338861892 8
47 38.6325971580947 8
48 38.6206944462402 9
49 38.6099798110825 9
50 38.6021625614236 9
51 38.6015569344211 9
52 38.573343594797 9
53 38.5607225125994 10
54 38.5282846181018 10
55 38.5153176958127 10
56 38.487999886954 10
57 38.467369836669 10
58 38.4514508979449 11
59 38.4336750201835 11
60 38.4136787924096 11
61 38.3982388771702 11
62 38.3894081100989 11
63 38.3637689689854 11
64 38.3462061465157 12
65 38.33406884018 12
66 38.321925766377 12
67 38.3115576457448 12
68 38.2948470808504 12
69 38.2814161260223 13
70 38.2719753654118 13
71 38.2662431462985 13
72 38.2555273081041 13
73 38.2481218091376 13
74 38.2417889164418 14
75 38.2370241779519 14
76 38.2289542027826 14
77 38.2238603150333 14
78 38.2198275591664 14
79 38.2159197002732 14
80 38.2127984193636 15
81 38.2080732497727 15

0 74.9810054540981 0
1 92.1272265390047 0
2 77.4041550201414 0
3 63.2344517628835 0
4 78.0901677384376 0
5 70.9015271386056 1
6 68.0961280436165 1
7 89.4734626565925 1
8 79.9908953584802 1
9 79.4847593337764 1
10 76.8866163396623 2
11 73.7541866087836 2
12 60.5519083940559 2
13 58.0361714300834 2
14 51.8320558427034 2
15 52.8379446828594 2
16 44.1838912743779 3
17 47.3848768495733 3
18 41.6808685991873 3
19 41.513988081436 3
20 40.5639659005964 3
21 39.859019424506 4
22 39.3561246746824 4
23 39.7306947923023 4
24 39.124133612099 4
25 38.8737028933929 4
26 38.6111175657292 5
27 38.4335188490473 5
28 38.571130977837 5
29 38.5732729124274 5
30 38.4153083222835 5
31 38.3137314028419 5
32 38.2946825777307 6
33 38.2863532267722 6
34 38.2797721416466 6
35 38.2891971790431 6
36 38.2338170226696 6
37 38.2330601863116 7
38 38.2128954446966 7
39 38.2011213590478 7
40 38.1756458496109 7
41 38.1866201002214 7
42 38.1874914971756 8
43 38.1795953049892 8
44 38.1616258758058 8
45 38.1483775208653 8
46 38.1480082693316 8
47 38.1537735192466 8
48 38.1482548786392 9
49 38.1456674037894 9
50 38.1450407573238 9
51 38.1414364074516 9
52 38.137481698893 9
53 38.1422000800996 10
54 38.1386075140158 10
55 38.1346523264353 10
56 38.1362735822081 10
57 38.1377689204402 10
58 38.1352061573451 10
59 38.1385742148297 11
60 38.1355816984813 11
61 38.1333807999416 11
62 38.1316069544799 11
63 38.1325584522853 11
64 38.1298564953627 12
65 38.128559457713 12
66 38.129314909469 12
67 38.1297077966498 12
68 38.1313401190819 12
69 38.1287581263843 13
70 38.126995316323 13
71 38.1270551753643 13
72 38.1265380769124 13
73 38.127092980874 13
74 38.1258229676977 14
75 38.1264407178957 14
76 38.12592807291 14
77 38.1254685857435 14
78 38.1273116026784 14
79 38.123972262317 14
80 38.1245064153845 15

0 106.958697161941 0
1 79.1892389745703 0
2 81.8739394873756 0
3 117.538818899689 0
4 86.1747912564157 0
5 98.1394939695724 1
6 100.906338066353 1
7 89.6993980787785 1
8 75.2700303150547 1
9 89.2347943986106 1
10 73.5308834732928 2
11 73.9587051310807 2
12 65.1517016999575 2
13 50.6154019368333 2
14 52.3154770892492 2
15 47.6211339422229 2
16 46.1845597576099 3
17 47.0275632639791 3
18 43.1948844484857 3
19 40.5306087147671 3
20 39.7388301945893 3
21 39.1121180344543 4
22 39.6290157066778 4
23 38.8044786776905 4
24 38.4386129385353 4
25 38.2971809634274 4
26 38.3967995014944 4
27 38.4237473131149 5
28 38.1000869345669 5
29 38.1288966930504 5
30 38.0499788930598 5
31 38.0075093254944 5
32 37.9858117450847 6
33 37.9666382971392 6
34 37.9646996480938 6
35 37.9952929955033 6
36 37.9581488665031 6
37 37.9687605104092 7
38 37.9272059944344 7
39 37.9934413901126 7
40 37.9275502575382 7
41 37.9518435861931 7
42 37.9358751279533 7
43 37.9296603218116 8
44 37.9096742407477 8
45 37.9514904101244 8
46 37.9339017455406 8
47 37.9374318283944 8
48 37.9324286104697 9
49 37.9058624111346 9
50 37.90081193257 9
51 37.904895928051 9
52 37.907043339623 9
53 37.8989175293605 10
54 37.8962839445318 10
55 37.8960025326132 10
56 37.8986385550472 10
57 37.8918905702846 10
58 37.8892048002009 10
59 37.8933534307819 11
60 37.8892869500384 11
61 37.8952464183497 11
62 37.8924980040568 11
63 37.8875469138922 11
64 37.8855446731506 12
65 37.8882413856763 12
66 37.8867763022646 12
67 37.8877841088924 12
68 37.8835376844423 12
69 37.8837205357185 12
70 37.8866301279881 13
71 37.8855051854827 13
72 37.8866912355126 13
73 37.8843661075908 13
74 37.8857337463274 13
75 37.885057435966 14
76 37.8836079682747 14
77 37.8817502921011 14
78 37.8838289466736 14
79 37.8824275702233 14

0 86.8066965618178 0
1 72.4341342545655 0
2 73.1673448194572 0
3 78.629615222483 0
4 75.8265805455119 0
5 93.2649400761858 1
6 118.638322742735 1
7 92.8910332994373 1
8 79.2306679016159 1
9 61.7468655667608 1
10 62.9543118320445 1
11 56.2936753134935 2
12 71.7369039905107 2
13 60.2680534084844 2
14 50.8925159296801 2
15 50.1927041206517 2
16 47.5914458950518 3
17 47.4807929685531 3
18 44.634952015974 3
19 43.0472352655801 3
20 41.5951600205476 3
21 41.5944964229044 4
22 41.0179261366571 4
23 40.3207214315224 4
24 39.8825338030925 4
25 39.785972552909 4
26 39.4057594998638 4
27 39.4234044783217 5
28 39.2919286205078 5
29 39.2989939908911 5
30 39.294021563847 5
31 39.3282397906254 5
32 39.3470326650134 6
33 39.2970850646172 6
34 39.2592931373553 6
35 39.1852184588888 6
36 39.2557175637569 6
37 39.2017520568649 7
38 39.1941106609033 7
39 39.1640142234536 7
40 39.1753089452862 7
41 39.1416488626624 7
42 39.1316577324197 7
43 39.1378311527756 8
44 39.1642738387641 8
45 39.1319933469337 8
46 39.1145238932146 8
47 39.1147759189977 8
48 39.1085799469346 9
49 39.1105385721454 9
50 39.1124746438389 9
51 39.1221328706161 9
52 39.1145830184129 9
53 39.112326505407 9
54 39.1095304955843 10
55 39.1070362309759 10
56 39.1088906553506 10
57 39.1126721133608 10
58 39.1059564364137 10
59 39.1121174029944 11
60 39.1111939380905 11
61 39.1200885797474 11
62 39.1065909447524 11
63 39.1045763273037 11
64 39.1059357026829 12
65 39.1007962027628 12
66 39.1010104671449 12
67 39.1015540554327 12
68 39.1012530412527 12
69 39.0972538727288 12
70 39.0959511195972 13
71 39.0950944966794 13
72 39.0943283421544 13
73 39.0974580400661 13
74 39.0952482892531 13

0 102.917318433561 0
1 93.0919498762805 0
2 75.9909263984155 0
3 71.8747331978691 0
4 72.0145486556585 0
5 72.8662672110344 1
6 79.6885114663266 1
7 67.5933292891353 1
8 69.5473507791294 1
9 80.0956375222353 1
10 84.8798304321478 2
11 56.260204440057 2
12 65.0647557235752 2
13 53.0083656215421 2
14 55.9610707720115 2
15 47.4732430481737 2
16 48.4151663993089 3
17 44.5896818158004 3
18 42.9919429527848 3
19 41.2589029288224 3
20 41.3996027895331 3
21 39.6133770089286 4
22 39.5905209092387 4
23 39.2481016144518 4
24 39.1309242311273 4
25 38.9219887218032 4
26 38.9329328597961 5
27 38.7544752657049 5
28 38.6142296570016 5
29 38.5683677407895 5
30 38.4206002284749 5
31 38.4327782491677 5
32 38.4661969581299 6
33 38.3588814733812 6
34 38.3430652750273 6
35 38.3354587607423 6
36 38.3493184223682 6
37 38.3593029232959 7
38 38.3376253231 7
39 38.3072065319713 7
40 38.3106448028745 7
41 38.2932250099234 8
42 38.3099609694366 8
43 38.2976774911669 8
44 38.2720291459956 8
45 38.2825026934185 8
46 38.2830679827022 9
47 38.2732819227163 9
48 38.2783372208001 9
49 38.2750174855094 9
50 38.2653821704246 9
51 38.2705829001593 10
52 38.2649702116568 10
53 38.2608461610142 10
54 38.2658062109985 10
55 38.2602945012208 10
56 38.2636583498329 11
57 38.2582011794689 11
58 38.2593540046083 11
59 38.2621318765658 11
60 38.2563890902824 11
61 38.2608318936877 11
62 38.2572123712045 12
63 38.2547149344182 12
64 38.25290535794 12
65 38.2509151710157 12
66 38.2508035553796 12
67 38.2510643560771 13
68 38.2512512865554 13
69 38.2530372432505 13
70 38.251688129363 13
71 38.2493729621297 13
72 38.2490390565168 14
73 38.2513407183598 14
74 38.2500926436184 14
75 38.2513269297697 14
76 38.2491046401411 14
77 38.2485996390629 14
78 38.2476222495926 15
79 38.2485526881357 15

0 84.656043670119 0
1 105.304043200006 0
2 135.476745070402 0
3 77.5479606436168 0
4 86.0218656680741 1
5 87.0732123262527 1
6 64.1251296850952 1
7 83.504995779003 1
8 102.202868102126 2
9 91.2225452439098 2
10 69.7364415645286 2
11 57.4011985729309 2
12 53.8951211763316 2
13 55.0783650914462 3
14 53.4630073714986 3
15 45.7798728187487 3
16 45.3350103057768 3
17 44.8802068177708 3
18 40.9195217896978 4
19 40.2371711419348 4
20 39.7388038094588 4
21 39.3588589501444 4
22 39.5003838804696 4
23 38.9096651472812 5
24 38.5662143070783 5
25 38.7088943184907 5
26 38.4033404551414 5
27 38.2748443213487 5
28 38.1593926045673 6
29 38.1769984886621 6
30 38.0322401421485 6
31 37.9717952178719 6
32 38.0002043080223 7
33 38.0257029009496 7
34 37.9876570346985 7
35 37.9952677229259 7
36 37.9967681872555 7
37 37.9244226907859 8
38 37.9469331779085 8
39 37.9336902895495 8
40 37.917485908249 8
41 37.9086461354581 9
42 37.8924233028364 9
43 37.9063593541054 9
44 37.8971543991718 9
45 37.8801961117976 9
46 37.892297695851 10
47 37.8859841300455 10
48 37.874432730896 10
49 37.8871226333335 10
50 37.8818459924895 10
51 37.869928293473 11
52 37.8702537869168 11
53 37.8717461446071 11
54 37.8661198291264 11
55 37.8681746320526 11
56 37.8704162344992 12
57 37.8678454566246 12
58 37.869764620783 12
59 37.8647828244734 12
60 37.8635763871653 12
61 37.8611911121729 13
62 37.8571558060279 13
63 37.8615876672543 13
64 37.859533239116 13
65 37.8616873932331 14
66 37.8552397835995 14
67 37.8571591530741 14
68 37.857025120086 14
69 37.8548005793727 14
70 37.8550631726512 15
71 37.8532180784142 15
72 37.8563733724801 15
73 37.8542883809402 15
74 37.8561723660109 15
75 37.8546784324826 16
76 37.8541967544505 16
77 37.8551060216751 16
78 37.8579908641793 16
79 37.8561769871299 16
80 37.8553335309899 17
81 37.8514824527529 17
82 37.8506553116977 17
83 37.8508695385533 17

0 71.5811660840821 0
1 80.3365886324322 0
2 99.5958070967436 0
3 84.0062773128351 0
4 74.3764516622016 1
5 68.9212748093082 1
6 77.139845698566 1
7 74.0404970101202 1
8 80.8223823641797 1
9 69.2414953671699 1
10 67.499139263133 2
11 83.5968587380263 2
12 64.6730288400038 2
13 64.0951755518869 2
14 48.7118237628298 2
15 48.947843861795 3
16 45.8801733303997 3
17 44.3611994069256 3
18 43.0367307453271 3
19 41.1579523370106 3
20 41.0684694260877 4
21 40.6159169611524 4
22 39.5653914789578 4
23 39.2939033710822 4
24 39.0030137428846 4
25 39.1775652641569 5
26 39.3032490195224 5
27 38.7879690826871 5
28 38.6936737193381 5
29 38.6889831065046 6
30 38.561383886929 6
31 38.5220135128124 6
32 38.5487551676144 6
33 38.4411973509413 6
34 38.4410738910177 7
35 38.4153846646315 7
36 38.3944074641667 7
37 38.3636981197328 7
38 38.350262285706 7
39 38.349033882901 8
40 38.3326187257923 8
41 38.2978239325526 8
42 38.3144206111984 8
43 38.3108969698836 8
44 38.2687634250896 9
45 38.2616013456176 9
46 38.2557598215119 9
47 38.2611731916692 9
48 38.2564841297544 9
49 38.2449729071009 10
50 38.2454471143155 10
51 38.2492380021902 10
52 38.2477136756706 10
53 38.2506883133575 10
54 38.2267289704191 11
55 38.2300962939515 11
56 38.2191520995133 11
57 38.2220806158628 11
58 38.2169977993577 11
59 38.2168078967158 12
60 38.2204193806688 12
61 38.2127814314607 12
62 38.206409222464 12
63 38.20292117882 12
64 38.1982269859967 13
65 38.1946830185832 13
66 38.1925362620718 13
67 38.1920713308185 13
68 38.192659237441 13
69 38.1848086015855 13
70 38.1832276571099 14
71 38.179934423016 14
72 38.1800550202512 14
73 38.1785882472053 14
74 38.1738746581653 14
75 38.1720203644486 15
76 38.1679655879665 15
77 38.1672401636077 15
78 38.1642300925756 15
79 38.1624776165826 15
80 38.159931812836 16

0 72.4045653732742 0
1 73.1027162091453 0
2 84.0863873717495 0
3 68.3933236410238 0
4 83.7315665220346 0
5 91.0987584874176 1
6 76.5124027346087 1
7 81.233625444586 1
8 72.952758493266 1
9 79.1388854754794 1
10 80.9609151411361 2
11 66.1221143285563 2
12 57.1321631531201 2
13 62.3845418356269 2
14 52.0899794556664 2
15 50.0452081568682 2
16 46.7114640322739 3
17 49.3532046786324 3
18 43.6280805573114 3
19 46.3208932450832 3
20 41.0658939847928 3
21 40.8151967500477 4
22 39.8958588726161 4
23 39.1316537931483 4
24 39.2192482697752 4
25 38.5388313100205 4
26 38.6479725828606 4
27 38.8099032237331 5
28 38.3929959503675 5
29 38.3184873361039 5
30 38.2902447509817 5
31 38.2623767683264 5
32 38.3098275082839 6
33 38.2392764842294 6
34 38.2792954363294 6
35 38.2305124020389 6
36 38.240487240125 6
37 38.2334460052717 7
38 38.2418994834372 7
39 38.2057907261064 7
40 38.2039417577602 7
41 38.223378157122 7
42 38.1842424702101 8
43 38.1596415598707 8
44 38.1510560567212 8
45 38.1551288600767 8
46 38.1490806682091 8
47 38.1434244293786 9
48 38.1579719109019 9
49 38.1560738930287 9
50 38.142061902988 9
51 38.1411986448106 9
52 38.1472288982403 10
53 38.1474273010845 10
54 38.1360566154481 10
55 38.1404346237922 10
56 38.134232645316 10
57 38.1322791046627 11
58 38.1396196184034 11
59 38.1363194335203 11
60 38.1366891151356 11
61 38.1359456743063 11
62 38.1324209375219 12
63 38.1299198906837 12
64 38.1279923572081 12
65 38.1283895148714 12
66 38.1285116799661 12
67 38.1247867185965 13
68 38.1242395034856 13
69 38.1251135476656 13
70 38.1240283241969 13
71 38.124614552421 13
72 38.1222455416238 14
73 38.120735514394 14
74 38.1213976363074 14

0 146.067798686434 0
1 84.5245360072724 0
2 75.998658244101 0
3 70.8596447460134 0
4 82.3095563238249 0
5 80.548014415263 1
6 73.3450701794411 1
7 79.5629010009354 1
8 73.1686240901201 1
9 83.0629476325737 1
10 74.4540478983043 2
11 68.5697006272467 2
12 55.2567245583967 2
13 54.5495916758776 2
14 54.7178582277221 2
15 48.6181377971298 3
16 43.1374804954705 3
17 44.0300090794961 3
18 41.4412122331914 3
19 40.6479218122586 3
20 40.080175268935 4
21 39.9689850221057 4
22 39.6025084763916 4
23 39.491537985942 4
24 39.129534715131 4
25 38.9543887311572 5
26 39.050335515075 5
27 38.7378353944889 5
28 38.6839926401436 5
29 38.7976503540326 5
30 38.5963398509865 6
31 38.5967335072236 6
32 38.5294744412441 6
33 38.4642785241252 6
34 38.4578571253659 6
35 38.4369109689806 7
36 38.4499199151302 7
37 38.4455458467689 7
38 38.4227615641629 7
39 38.3955657398773 7
40 38.4359742334329 8
41 38.3927811351493 8
42 38.3779651872763 8
43 38.3650281988685 8
44 38.3701740066278 8
45 38.3702658759919 9
46 38.3484981468368 9
47 38.3415494971258 9
48 38.3343019820918 9
49 38.3435650636868 9
50 38.3264551289336 10
51 38.3202617766531 10
52 38.3134320428268 10
53 38.3083335830135 10
54 38.2981088139934 10
55 38.2999527122301 11
56 38.293294579686 11
57 38.2865781569074 11
58 38.2829632673541 11
59 38.2829832038528 11
60 38.279178426998 12
61 38.2775884704641 12
62 38.277118950873 12
63 38.2670794674104 12
64 38.2660147431724 12
65 38.272137686263 13
66 38.2655838251983 13
67 38.2617827984967 13
68 38.2630915828916 13
69 38.2552894852086 13
70 38.2525371435771 14
71 38.2542705248557 14
72 38.2549268616342 14
73 38.2511959232695 14
74 38.2474855420542 14
75 38.245955367371 15
76 38.2467250314118 15
77 38.2435856468793 15
78 38.2437172818014 15
79 38.2457680575101 15

0 78.8406697394522 0
1 72.1880111435857 0
2 73.0761728456764 0
3 73.6474745842207 0
4 78.3784670058597 0
5 67.3131554880858 1
6 101.311182619817 1
7 66.9059941688535 1
8 78.2400076687661 1
9 80.6470077940967 1
10 79.9096570354981 2
11 76.3332082164554 2
12 65.5845846321761 2
13 57.5858972757961 2
14 54.4802938224889 2
15 50.4133029388408 3
16 45.6894752706655 3
17 47.9514376849459 3
18 44.6276542913037 3
19 42.5820123730323 3
20 41.9994472537746 4
21 40.2742466196063 4
22 40.0417416274102 4
23 39.5067594589169 4
24 39.6375132422073 4
25 39.4914628048985 5
26 39.2008644686622 5
27 39.4337984381282 5
28 39.4009144687603 5
29 39.1351012641207 5
30 38.9716052804478 6
31 39.0078122575542 6
32 39.0171320026938 6
33 38.9407043422636 6
34 38.9468021476982 6
35 38.9254135175035 7
36 39.0392027006233 7
37 38.9818290610866 7
38 38.891921438021 7
39 38.906756490039 7
40 38.8883181965891 8
41 38.9054585716348 8
42 38.8822134834816 8
43 38.9023951662471 8
44 38.8979546616832 8
45 38.8701168862219 9
46 38.8765053922776 9
47 38.8607076149645 9
48 38.8652848932098 9
49 38.8531666460142 9
50 38.867171980356 10
51 38.8541117989524 10
52 38.8594815981482 10
53 38.8439908079765 10
54 38.8442332970607 10
55 38.8483958704968 11
56 38.8406017359916 11
57 38.8372137084686 11
58 38.837193835025 11
59 38.8379669695992 11
60 38.8353387908385 12
61 38.8377872351026 12
62 38.8337499668883 12
63 38.835820982425 12
64 38.8343640213405 12
65 38.8326047524336 13
66 38.834529309146 13
67 38.8324609900708 13
68 38.8305147301542 13
69 38.8293996034384 13
70 38.8287096627531 14
71 38.8278674662308 14
72 38.8309080630873 14
73 38.832965066462 14
74 38.8311863762339 14
75 38.8288899992838 15
76 38.8287790264755 15
77 38.8270916849259 15

0 83.2979152054311 0
1 77.5271427161622 0
2 89.0369034361576 0
3 93.6264626528389 0
4 99.0739715005686 0
5 67.4825586158656 1
6 64.2011431702017 1
7 68.0504590361624 1
8 87.7274253431606 1
9 74.3742129945444 1
10 72.5619121854496 2
11 68.2177966341669 2
12 62.4030690235296 2
13 54.8794719378202 2
14 52.8980215565252 2
15 45.518816542133 3
16 48.5937891918549 3
17 45.3569759750447 3
18 43.3713450403159 3
19 41.2408988280105 3
20 41.8729151171757 4
21 39.8987747709218 4
22 39.4215362665783 4
23 39.3781032564236 4
24 39.1742819119612 4
25 38.9432011483108 5
26 38.9356144183709 5
27 38.6871248188265 5
28 38.614424279332 5
29 38.6741214282783 5
30 38.4989083059538 6
31 38.4546964444079 6
32 38.4030949989103 6
33 38.4543281752011 6
34 38.4121162841183 6
35 38.4117481282187 7
36 38.418714477743 7
37 38.394102214049 7
38 38.3852755550476 7
39 38.3683581505444 7
40 38.3669490040221 8
41 38.3717525043423 8
42 38.3654119848189 8
43 38.3494001597229 8
44 38.3429759037331 8
45 38.3455164260047 9
46 38.3663175150534 9
47 38.3384714925393 9
48 38.3306847273138 9
49 38.3307754041384 9
50 38.3333269435902 10
51 38.3294762441395 10
52 38.3313772180563 10
53 38.325740816161 10
54 38.3277138435654 10
55 38.319052780704 11
56 38.322361688289 11
57 38.322224831404 11
58 38.313613650968 11
59 38.3099471333361 12
60 38.3101590079564 12
61 38.3085208474564 12
62 38.3064206655947 12
63 38.3008065140059 12
64 38.2983106037776 12
65 38.3011721254399 13
66 38.2933801306126 13
67 38.2878393276761 13
68 38.2825442730813 13
69 38.2787790523658 13
70 38.2706119816892 14
71 38.2580684289734 14
72 38.2479077194787 14
73 38.2416437792931 14
74 38.2321434205965 14
75 38.2232656261237 15
76 38.2123976882348 15
77 38.2027697590707 15
78 38.1912252163683 15

0 93.1999792852143 0
1 84.5084591952382 0
2 102.942415242009 0
3 110.869042127406 0
4 75.7264480636598 0
5 100.095230639548 1
6 83.1531257350069 1
7 61.3754105369079 1
8 81.6718602122101 1
9 84.704170768481 1
10 107.944454804005 2
11 73.1135045432895 2
12 72.9907690691648 2
13 55.4567904421354 2
14 47.573227745287 2
15 50.1315887802448 3
16 48.4527422183721 3
17 43.4798241096905 3
18 42.0211736243886 3
19 41.3741180635739 3
20 41.1481941035331 4
21 39.5265805283062 4
22 39.4663580277887 4
23 39.3149198892152 4
24 38.8257054616592 4
25 38.6133174782269 5
26 38.6744002516584 5
27 38.3432730260229 5
28 38.2479473407719 5
29 38.2982208199452 5
30 38.2613392312235 6
31 38.0675411271321 6
32 38.0854859063483 6
33 38.0874317282131 6
34 38.0051296235619 6
35 38.0561068550003 7
36 37.9624526904214 7
37 37.9601103895701 7
38 37.8944567444958 7
39 37.9296347350896 7
40 37.9067806357937 8
41 37.8920749814354 8
42 37.8749734928828 8
43 37.8818245877851 8
44 37.8532728824374 8
45 37.8586285972318 9
46 37.862586519427 9
47 37.8368275335565 9
48 37.8379885304981 9
49 37.8316446509278 9
50 37.8385832084353 10
51 37.8313839552673 10
52 37.8174958755659 10
53 37.8109115265224 10
54 37.8122376492657 10
55 37.8030460768803 11
56 37.802466269579 11
57 37.804114765234 11
58 37.8034061760261 11
59 37.8031869452092 11
60 37.8063304661577 12
61 37.7995929394938 12
62 37.7980178405609 12
63 37.7981062851317 12
64 37.7986624140508 12
65 37.8001884230221 13
66 37.7917481116021 13
67 37.7911563132746 13
68 37.7939984103107 13
69 37.7928041118093 13
70 37.7904268842463 14
71 37.7924344593408 14
72 37.7924575027683 14
73 37.7919900614132 14
74 37.7945988942168 14
75 37.7926628485913 15
76 37.7888683219987 15

0 167.03902628523 0
1 65.6410010684715 0
2 96.5937255245668 0
3 85.0986445287775 0
4 82.7793415279294 1
5 75.7842999118106 1
6 73.2024842043068 1
7 71.9833291440212 1
8 69.8329493824473 1
9 96.5317349144071 1
10 90.2861518662874 2
11 65.6287174792522 2
12 55.3807739120946 2
13 54.4965902644886 2
14 56.0934973211794 2
15 46.4744912588631 3
16 44.8730411764768 3
17 48.0176351378127 3
18 45.0524118016133 3
19 41.0866655652632 3
20 40.1812425721912 4
21 39.8008695978979 4
22 39.6201329049515 4
23 39.286049627457 4
24 39.1551282548415 4
25 39.0899738061782 5
26 39.0651509011834 5
27 38.7986481201037 5
28 38.6861970197371 5
29 38.8759354037175 5
30 38.6730169352512 6
31 38.5904653364827 6
32 38.574614755878 6
33 38.5128228446851 6
34 38.441402481598 6
35 38.4137835897041 7
36 38.4672302294535 7
37 38.3895115189255 7
38 38.3746826069658 7
39 38.3588084078684 7
40 38.3542825588769 8
41 38.3379022176506 8
42 38.331380592882 8
43 38.3283255425923 8
44 38.3088689884025 8
45 38.2911385381627 9
46 38.294660946037 9
47 38.2851924510522 9
48 38.2785426586996 9
49 38.2664999894559 9
50 38.2557480023955 10
51 38.2440172011456 10
52 38.2432284851485 10
53 38.2315584828465 10
54 38.2243906007328 10
55 38.2172461788806 11
56 38.2094843186726 11
57 38.2005459664851 11
58 38.1969106738842 11
59 38.1931982295592 11
60 38.188932299588 12
61 38.176467905445 12
62 38.1722470038583 12
63 38.1677467740099 12
64 38.165438479612 12
65 38.1602550222955 13
66 38.1550588268368 13
67 38.1540050888205 13
68 38.1520517451939 13
69 38.1462868080193 13
70 38.143933239031 14
71 38.140791654259 14
72 38.1386276503544 14
73 38.1377490267245 14
74 38.1361951441893 14
75 38.1362196738786 15
76 38.1352447972611 15
77 38.1318397465695 15
78 38.1318616395556 15
79 38.1304361767457 15
80 38.1295272085679 16
81 38.1283633138154 16
82 38.1274167060625 16

0 77.4638708045397 0
1 71.5304724185538 0
2 76.4112511812224 0
3 83.2889614428393 0
4 100.329524929651 1
5 60.8337817153521 1
6 75.737801701753 1
7 83.2534672575845 1
8 84.1255339529625 1
9 80.0026737805822 2
10 67.6384289998783 2
11 55.526864983463 2
12 54.5275050578404 2
13 57.5883130532633 2
14 60.3437733721617 3
15 46.0315942583476 3
16 44.1016435149639 3
17 43.2344830824162 3
18 43.0243841343014 3
19 40.2774195319259 4
20 40.6949069491838 4
21 40.2122748183112 4
22 40.093592124008 4
23 39.5134612234587 4
24 39.0433291476452 5
25 39.1158947032742 5
26 38.8799289301736 5
27 38.6688958379723 5
28 38.8057721113234 5
29 38.7200058353183 6
30 38.548221778654 6
31 38.4956736984742 6
32 38.5150193054211 6
33 38.4391008888294 6
34 38.4253671670895 7
35 38.4371487072411 7
36 38.4052363624376 7
37 38.4196483621761 7
38 38.4261793031101 7
39 38.3672201006496 8
40 38.3794355425714 8
41 38.3729595667153 8
42 38.3547543629558 8
43 38.3473407133141 8
44 38.3693883044279 9
45 38.3460687278604 9
46 38.3382405787718 9
47 38.3391047172019 9
48 38.3384819954203 9
49 38.329913092062 10
50 38.3336714804968 10
51 38.3276091532545 10
52 38.322923588911 10
53 38.3168557103976 10
54 38.3185458969671 11
55 38.3253511309641 11
56 38.3193573448806 11
57 38.3241652839904 11
58 38.3179357348941 11
59 38.3195649190052 12
60 38.3211432279886 12
61 38.3181191328521 12
62 38.3190232078451 12
63 38.311222601771 12
64 38.3129675312074 13
65 38.3146358725733 13
66 38.3139574872568 13
67 38.3156198297451 13
68 38.3142054049444 13
69 38.3117648986271 14
70 38.3111981583438 14
71 38.3118497353012 14

0 86.2931828208228 0
1 78.065903975091 0
2 89.0758688619858 0
3 96.8589409752016 0
4 113.036455602097 0
5 87.2438111666078 1
6 69.6576919862821 1
7 67.7749636580917 1
8 82.3472650339201 1
9 71.4155082473993 1
10 100.759702940899 2
11 68.4873060259588 2
12 63.0959695513563 2
13 56.6928616268009 2
14 51.122108160269 2
15 47.153973333085 3
16 49.9731376086056 3
17 48.306291621739 3
18 48.5069532659299 3
19 42.7392091911439 3
20 42.6960565304332 4
21 40.9524524580112 4
22 41.1661802515805 4
23 40.9429447304013 4
24 40.3515425148781 4
25 40.7902779206812 5
26 40.4293456510373 5
27 40.2200484271919 5
28 40.2645534114612 5
29 40.151929937657 5
30 40.1391934385307 6
31 40.1188762217245 6
32 40.0543997959089 6
33 40.0032659293867 6
34 40.0532201941148 6
35 40.0142283757382 7
36 39.9915995171419 7
37 39.9948332888217 7
38 39.9846793722637 7
39 39.9686267321849 7
40 39.9496325466437 8
41 39.970756810175 8
42 39.9330171377903 8
43 39.9313389434312 8
44 39.92798572959 8
45 39.9141220148634 9
46 39.9269637299837 9
47 39.9046528593739 9
48 39.9049588709021 9
49 39.9188991804042 9
50 39.9101007175112 10
51 39.9227593374487 10
52 39.9131315223656 10
53 39.9140830871196 10
54 39.900090325052 10
55 39.9140018841198 11
56 39.9097645552647 11
57 39.8982725537585 11
58 39.9072755535134 11
59 39.9032600628467 11
60 39.9028613475697 12
61 39.9005544222467 12
62 39.8991376209418 12
63 39.8955207325776 12
64 39.8983988998782 12
65 39.8926514752535 13
66 39.8924903489099 13
67 39.8931242977274 13
68 39.8935827119924 13
69 39.8920730733855 13
70 39.891246771657 14
71 39.8930997804377 14
72 39.893692551022 14
73 39.8928053942922 14
74 39.8908502888725 14
75 39.8916976249386 15
76 39.8894986505321 15
77 39.8918045692796 15

0 72.9281159554902 0
1 72.8827460712793 0
2 83.5181105133649 0
3 78.4404765942268 0
4 95.0155749646494 0
5 89.9982217616901 1
6 70.1748261894817 1
7 66.4462560755114 1
8 86.8973061836251 1
9 79.7239742397979 1
10 76.5872225055512 2
11 78.7138875578795 2
12 63.4383651026772 2
13 53.0856791976527 2
14 58.1827660791789 2
15 50.2702190011616 3
16 48.5924039982674 3
17 47.4053021188902 3
18 45.7907384264332 3
19 43.6274712463115 3
20 40.5359131944351 4
21 41.0552098024155 4
22 39.60948443197 4
23 39.4745910207518 4
24 39.4907049278602 4
25 39.0814605974309 5
26 39.2448664875639 5
27 38.9902387289576 5
28 39.0532091467326 5
29 38.865209592744 5
30 38.7964519856322 6
31 38.9111358084238 6
32 38.7127369940212 6
33 38.6726110534125 6
34 38.6605866555666 6
35 38.7057454065683 7
36 38.6299648219315 7
37 38.6141727414284 7
38 38.5771988747316 7
39 38.5869215236552 7
40 38.6017643519043 8
41 38.5432002466941 8
42 38.5192125690456 8
43 38.5315408961167 8
44 38.5115401168617 8
45 38.4955582396409 9
46 38.4854885774312 9
47 38.4874628009568 9
48 38.4786348735494 9
49 38.4835894484179 9
50 38.495063585041 10
51 38.4904052363823 10
52 38.4630614463692 10
53 38.4652698278243 10
54 38.4643974440805 10
55 38.4626512561026 11
56 38.4541174400874 11
57 38.4532743139385 11
58 38.4540104872237 11
59 38.451350657272 11
60 38.4543631295517 12
61 38.4528267208476 12
62 38.4506113616256 12
63 38.4480979773314 12
64 38.4403391989422 12
65 38.4403283994251 13
66 38.4373472234026 13
67 38.4366150965579 13
68 38.4334711399891 13
69 38.4341418534738 13
70 38.4322563946346 14
71 38.4350474240765 14
72 38.4313495686293 14
73 38.4294390418087 14
74 38.4300658289742 14
75 38.4289703310595 15
76 38.4297934842886 15
77 38.4261510348669 15
78 38.4251733010765 15
79 38.4226143547954 15
80 38.4218069883039 16

0 78.8961138547549 0
1 75.8058948996878 0
2 85.9155491989341 0
3 94.5687082330512 0
4 107.294451813205 1
5 94.3612307023881 1
6 75.3161210102467 1
7 93.6222323069506 1
8 73.9118463957348 1
9 82.3105302442671 1
10 80.1083786193853 2
11 60.179385536955 2
12 58.5276863822575 2
13 60.4547222818379 2
14 48.7701147562171 2
15 50.6157779786342 3
16 45.5350844172107 3
17 48.0183796409636 3
18 43.1180376527271 3
19 41.7202313212871 3
20 42.1583725834089 4
21 40.6371503189888 4
22 40.0928429705333 4
23 39.9728822255365 4
24 39.6670586683693 4
25 39.3814230485298 5
26 39.4328837211968 5
27 39.3009570701834 5
28 39.2733536331521 5
29 39.2020669883723 5
30 39.198779414686 6
31 39.2093703413945 6
32 39.1381322480084 6
33 39.0631313328375 6
34 39.0243454995733 6
35 38.9921403506425 7
36 39.009009333509 7
37 39.0172998820076 7
38 38.9954290471396 7
39 39.0013219686079 7
40 38.9728511288517 8
41 38.966826974942 8
42 38.9793542270566 8
43 38.9901382239953 8
44 38.9804433489546 8
45 38.9538250185528 9
46 38.9519524750194 9
47 38.9455028306443 9
48 38.9424853847753 9
49 38.9374577426958 9
50 38.9342253755717 10
51 38.9392699420873 10
52 38.9197662768973 10
53 38.9226340219303 10
54 38.9320194278258 10
55 38.9270001222532 11
56 38.9160218040014 11
57 38.9140598987263 11
58 38.9148241032961 11
59 38.9100159290529 11
60 38.9106635730284 12
61 38.9151577026504 12
62 38.9188842321088 12
63 38.9157193056032 12
64 38.9112230891261 12
65 38.9125074602681 13
66 38.9025493288645 13
67 38.8984457437953 13
68 38.8955945924942 13
69 38.8934359424323 13
70 38.8925702326455 14
71 38.895036711593 14
72 38.8953082405871 14
73 38.8903233481755 14
74 38.8887482086889 14
75 38.8872574514473 15
76 38.8864781077918 15
77 38.8861078072057 15
78 38.8828125608084 15
79 38.8818830975257 15
80 38.8778473020875 16

0 96.2811457541616 0
1 80.7841234561992 0
2 82.5803868115154 0
3 89.3693144846786 0
4 62.5109010106813 0
5 84.8010800391274 1
6 87.2952038243242 1
7 65.5829504592319 1
8 62.201664731965 1
9 92.7924424472842 1
10 75.0227378475115 2
11 51.8308886088928 2
12 62.0142505497966 2
13 58.3368409305121 2
14 54.732546179757 2
15 55.274836876916 3
16 48.5335685038813 3
17 45.9957010265299 3
18 45.8879364254972 3
19 42.8532854276258 3
20 43.0455856039402 4
21 42.3274854750876 4
22 41.3383534214892 4
23 41.393500703755 4
24 41.3713815368963 4
25 41.0122652576872 5
26 41.0330498669158 5
27 40.7611648320843 5
28 40.6747641544554 5
29 40.5127200458344 5
30 40.6999408188898 6
31 40.4557935928001 6
32 40.5323342214467 6
33 40.4278302195466 6
34 40.4359087656655 6
35 40.4022533945178 7
36 40.3400071938729 7
37 40.3826644043258 7
38 40.3850314523578 7
39 40.3563966579017 7
40 40.3423443643787 8
41 40.3318065723301 8
42 40.3334651639253 8
43 40.3179551691134 8
44 40.3142092396929 8
45 40.3148715477677 9
46 40.3136899483637 9
47 40.3060800786507 9
48 40.3128149877215 9
49 40.3042454940247 10
50 40.3027782473753 10
51 40.2952764782255 10
52 40.2929104764086 10
53 40.2941953188636 11
54 40.2971754357277 11
55 40.2998923959032 11
56 40.2982817078088 11
57 40.2964433745793 12
58 40.2935695218518 12
59 40.2938429091705 12
60 40.2953148259336 12
61 40.292418420117 13
62 40.2945539714374 13
63 40.2909833889602 13
64 40.2875970298801 13
65 40.2902032436418 14
66 40.2920365384208 14
67 40.2905736073402 14
68 40.2876530936548 14
69 40.2866402151592 15
70 40.284231368409 15
71 40.284499783687 15
72 40.2850481669524 15
73 40.2843892624165 16
74 40.2824025818302 16
75 40.2822767803462 16
76 40.2846809304634 16

0 82.4918479594945 0
1 74.8358057152576 0
2 77.0709190865045 0
3 80.0933154807768 0
4 79.8375379568541 1
5 73.2098677175561 1
6 98.3288290860428 1
7 82.5206946136861 1
8 78.3293188135439 1
9 94.4769130822653 2
10 75.9276628288288 2
11 57.7822883881198 2
12 55.7555345995729 2
13 56.2054119094828 3
14 49.6245586690771 3
15 48.4865231750188 3
16 46.5944112513852 3
17 47.7242387426481 3
18 41.9119499805206 4
19 41.9043414539567 4
20 40.6465199261442 4
21 39.2462995927975 5
22 38.8011628968613 5
23 39.0195609975966 5
24 38.6982373350494 5
25 38.455967427366 6
26 38.2974113640436 6
27 38.2880540353783 6
28 38.2796409949063 6
29 38.2607395626083 7
30 38.0707655097878 7
31 38.0218783618344 7
32 38.0248105600847 7
33 38.0128088796772 8
34 37.9860238078592 8
35 38.0617882096359 8
36 37.9922934995569 8
37 37.9609906910052 9
38 37.9170800246486 9
39 37.9222949800494 9
40 37.9023397639165 9
41 37.9180956365964 10
42 37.9152668511365 10
43 37.9042794218808 10
44 37.9004119473992 10
45 37.8974305639984 10
46 37.9029887987341 11
47 37.899464803995 11
48 37.9010874878585 11
49 37.8885942894421 11
50 37.8919998652262 11
51 37.8848791174494 12
52 37.8859442296491 12
53 37.9095032409087 12
54 37.8932013009223 12
55 37.8813734716631 13
56 37.8842843967133 13
57 37.8815601923128 13
58 37.8802068986776 13
59 37.8779668620211 13
60 37.8756211809655 14
61 37.8771181544993 14
62 37.8745735142569 14
63 37.8725221579441 14
64 37.8732193819795 14
65 37.8748400993528 15
66 37.8721646041073 15
67 37.8725217220342 15
68 37.8713256295503 15
69 37.8699700064462 15
70 37.8721846531015 16
71 37.8705480856001 16
72 37.8700376542744 16
73 37.8721799638787 16
74 37.8708947137441 16
75 37.8697814203704 17
76 37.8706668116768 17
77 37.8688176989269 17
78 37.8687078254745 17
79 37.8698147093242 18
80 37.869047112043 18
81 37.8692403195626 18

0 89.9859434157035 0
1 79.573637647749 0
2 71.4884646975921 0
3 72.7641333391183 0
4 102.334238975627 0
5 79.9671806119247 1
6 82.3249050226367 1
7 82.8994053142286 1
8 79.5450475145138 1
9 73.2671651043143 1
10 93.7393150696978 2
11 68.3039651219518 2
12 71.5975982380176 2
13 49.5102789423124 2
14 52.7929847436851 2
15 48.5375658404217 3
16 50.2761986591532 3
17 45.9087496490061 3
18 42.8561774548424 3
19 43.9754427147992 3
20 41.6600581122129 4
21 41.4024165904571 4
22 40.6874582284616 4
23 40.3775718290934 4
24 40.2892510713689 4
25 40.1352728629089 5
26 40.3235998054596 5
27 39.934055594707 5
28 39.8740346055305 6
29 39.6847918523663 6
30 39.5916684724482 6
31 39.6524262001632 6
32 39.6459558760175 6
33 39.6600221901342 7
34 39.6664001105983 7
35 39.6251589996615 7
36 39.5861867067913 7
37 39.549444978869 7
38 39.531448102218 7
39 39.5180408630106 8
40 39.5236889185751 8
41 39.5406184947914 8
42 39.5045901795139 8
43 39.5089199200074 8
44 39.4975919011052 9
45 39.4922924712961 9
46 39.5060943508349 9
47 39.4979961030938 9
48 39.4831804543244 9
49 39.4903911012363 10
50 39.4860233982625 10
51 39.4984575821739 10
52 39.4947832959541 10
53 39.4841418779614 11
54 39.478898228647 11
55 39.479329142775 11
56 39.4905492679577 11
57 39.4789804848894 12
58 39.4869007533567 12
59 39.4770979639704 12
60 39.4776758277431 12
61 39.4786733848829 12
62 39.4829535567162 13
63 39.4781897707222 13
64 39.4785062255882 13
65 39.4817889378304 13
66 39.4771812192402 14
67 39.4768841051988 14
68 39.4742391557426 14
69 39.4729450262642 14
70 39.4726794558812 14
71 39.4729548793915 15
72 39.4736559190301 15
73 39.4745100961677 15
74 39.4727671030389 15
75 39.4724917754972 16
76 39.4733088079212 16
77 39.4723583981852 16
78 39.4722238079276 16
79 39.4724040822748 16

0 134.016398560814 0
1 80.7622062538845 0
2 95.815869714668 0
3 80.6147025584539 0
4 91.1491232713866 1
5 82.1739998728933 1
6 83.2069997209038 1
7 85.181634550659 1
8 88.9394999203088 2
9 85.3445156100208 2
10 84.4600715491902 2
11 68.2478015859413 2
12 63.6397777669263 2
13 62.1888466247824 3
14 52.0745623234736 3
15 51.2869866818985 3
16 49.9791868888959 3
17 46.401142057966 3
18 43.4909348017669 4
19 42.23895398722 4
20 41.0206566261138 4
21 41.0442942848516 4
22 40.7233975161883 4
23 40.7016352147972 4
24 40.0983617381277 5
25 39.9567947642198 5
26 39.8413412649748 5
27 39.7357220505946 5
28 40.0596645220493 5
29 39.6563542311121 6
30 39.5975458249762 6
31 39.5333279900431 6
32 39.5486215534129 6
33 39.4741957939123 6
34 39.4726317260854 7
35 39.4472121773666 7
36 39.4953315122551 7
37 39.4586173682247 7
38 39.4409611325974 7
39 39.4225208069635 8
40 39.4276798698316 8
41 39.4187090464112 8
42 39.3965355338629 8
43 39.3941049556401 8
44 39.3973894366863 8
45 39.3980466001048 9
46 39.3890365629105 9
47 39.3833880917588 9
48 39.3926845946435 9
49 39.3652460869184 9
50 39.3702602844097 10
51 39.3786568829666 10
52 39.362493813341 10
53 39.3731134733801 10
54 39.3760475797627 10
55 39.3639615487847 11
56 39.355787120569 11
57 39.3575422829009 11
58 39.3639590510046 11
59 39.3612523009822 11
60 39.3554823435919 12
61 39.3573205966431 12
62 39.3571733358707 12
63 39.3542507328416 12
64 39.3579773676936 12
65 39.3525889159652 12
66 39.3533271456073 13
67 39.3511378662825 13
68 39.3501499850099 13
69 39.3518021449063 13
70 39.3522856220189 13
71 39.3512357327619 14
72 39.3506635103029 14
73 39.352254060989 14
74 39.3495448703981 14
75 39.3498293793836 14
76 39.3512956453357 15
77 39.3515301125171 15
78 39.3479482712766 15
79 39.3470550243868 15
80 39.3480144128303 15

0 178.939839994865 0
1 70.4425548180756 0
2 78.9905082294486 0
3 116.544924694287 0
4 85.7543269497176 0
5 72.0310856670656 1
6 72.1283488138336 1
7 79.1559566611573 1
8 70.3211999463297 1
9 91.3968941853313 1
10 58.8349147970101 2
11 67.4548526781141 2
12 70.9596896687992 2
13 61.4973165091928 2
14 53.2808276516923 2
15 45.2106599670126 3
16 45.6282754698945 3
17 44.2171756147523 3
18 41.9422617275952 3
19 39.815537671135 3
20 39.7274092163802 3
21 39.4679771662498 4
22 38.8213197428388 4
23 39.3538754722363 4
24 38.6305686683082 4
25 38.5706826509271 4
26 38.5073728520965 5
27 38.4335697634988 5
28 38.3394589201681 5
29 38.229520896916 5
30 38.3589814276379 5
31 38.2090477911213 6
32 38.2400288218799 6
33 38.2277815142742 6
34 38.1885104933107 6
35 38.1738758461694 6
36 38.1489661280419 6
37 38.1417940517671 7
38 38.1323552914836 7
39 38.1419967101365 7
40 38.1293735570356 7
41 38.160160904198 7
42 38.1334290711695 8
43 38.1103743954938 8
44 38.116039216277 8
45 38.1117394236044 8
46 38.103041011611 8
47 38.1121545988985 9
48 38.1064380159839 9
49 38.109318888612 9
50 38.0911471144578 9
51 38.088861067456 9
52 38.0905344826631 9
53 38.0883121159898 10
54 38.0853728397329 10
55 38.0853051062125 10
56 38.0879203379226 10
57 38.0840470414351 10
58 38.0872304206216 11
59 38.0809312694611 11
60 38.0831875113412 11
61 38.0809787848449 11
62 38.0765597597464 11
63 38.0739983602668 12
64 38.0755533952918 12
65 38.0744421527201 12
66 38.0770441737585 12
67 38.0752837253968 12
68 38.0697839801246 13
69 38.0701513997884 13
70 38.0692006986504 13
71 38.0669261190198 13
72 38.0662507629989 13
73 38.0642980083627 13
74 38.0647905194815 14
75 38.0615190110725 14
76 38.0614516326983 14
77 38.0621759791113 16
78 38.0600657032853 16
79 38.0589134466901 16
80 38.0595712768994 16
81 38.0568845438651 16
82 38.0560514046317 17
83 38.0552806571828 17
84 38.0557442722175 17

0 112.373840596095 0
1 68.4954203304747 0
2 70.7407371449322 0
3 76.3369068502774 0
4 83.6910640355752 0
5 65.6748216898707 1
6 87.2713296476275 1
7 77.7017681786664 1
8 79.1125049808166 1
9 80.4446098445797 1
10 72.5739963396174 2
11 73.2529527344556 2
12 56.4752844740083 2
13 54.2893709357013 2
14 51.5348271782227 2
15 49.6065228923012 2
16 49.5640246208493 3
17 48.5933789586837 3
18 45.9870659354297 3
19 40.3940148405808 3
20 41.5083361416511 3
21 39.3114202629274 4
22 40.0042364994117 4
23 39.2780700226911 4
24 39.0654019831527 4
25 39.0695578317267 4
26 38.789605372434 5
27 38.7753121921248 5
28 38.7322215635964 5
29 38.7399329505513 5
30 38.482250479552 5
31 38.4633817026971 6
32 38.4677280295132 6
33 38.3808079127416 6
34 38.4521267435712 6
35 38.3725805759104 6
36 38.3847980664381 6
37 38.3905231120638 7
38 38.3538714963898 7
39 38.3283803841048 7
40 38.3270518950759 7
41 38.3273952627887 7
42 38.3201204714321 8
43 38.3047113812104 8
44 38.3180069299871 8
45 38.2977203483008 8
46 38.2759253991949 8
47 38.2770562975233 9
48 38.2662463427918 9
49 38.2647883016271 9
50 38.2652145411179 9
51 38.2597703919085 9
52 38.254239360361 9
53 38.2579648668834 10
54 38.2610503473482 10
55 38.2547620711529 10
56 38.2556767915835 10
57 38.252494375031 10
58 38.250169849349 11
59 38.2475542768058 11
60 38.243487480246 11
61 38.2422580539676 11
62 38.2475990097602 11
63 38.2388001844493 12
64 38.2370158369739 12
65 38.2364701883241 12
66 38.2377356605388 12
67 38.2372561407373 12
68 38.2363766243251 13
69 38.2382453992485 13
70 38.239999167956 13
71 38.2339881595419 13
72 38.2338786679672 13
73 38.2340696985814 13
74 38.2336223208912 14
75 38.2325951091603 14
76 38.2322512570861 14
77 38.2303051051245 14
78 38.231385865438 14

0 110.047007152893 0
1 78.9177729278936 0
2 96.6310585185703 0
3 89.7327098298943 0
4 132.177437345684 0
5 67.4696381484472 1
6 80.6060189814238 1
7 74.3827692020077 1
8 86.9403742087934 1
9 75.8184874936046 1
10 110.646347334001 2
11 62.1149103696751 2
12 58.5323700345562 2
13 55.6705989029042 2
14 50.4219989217193 2
15 52.2978961703528 3
16 44.6351246591767 3
17 49.6399317203491 3
18 44.0290983012932 3
19 43.4619759514408 3
20 42.088954230555 4
21 41.5915458465995 4
22 40.8175847087602 4
23 40.3099640897653 4
24 40.1715399264519 4
25 39.9284658209474 5
26 39.6565267782636 5
27 39.6056719929732 5
28 39.5565928828158 5
29 39.5650848214331 5
30 39.5432801872329 6
31 39.444036421557 6
32 39.4623972229933 6
33 39.4262023945195 6
34 39.3621225129298 6
35 39.3673969723179 6
36 39.3629893326051 7
37 39.2763498695677 7
38 39.2928907471395 7
39 39.2620212965744 7
40 39.2796787770764 7
41 39.2350262622245 8
42 39.2186482443721 8
43 39.2221791515506 8
44 39.1683023099251 8
45 39.161159681834 8
46 39.1446881773398 9
47 39.093868981557 9
48 39.0708288515904 9
49 39.0597373788702 9
50 39.0342392742956 9
51 39.0158014875641 10
52 39.0014144650657 10
53 38.9663021989421 10
54 38.950250326537 11
55 38.9369163345479 11
56 38.9144359544323 11
57 38.8955876058262 11
58 38.8906195301612 11
59 38.8711873988719 12
60 38.8558000259512 12
61 38.8516419606464 12
62 38.8445978577314 12
63 38.8422803378826 12
64 38.8339949693696 13
65 38.8211669443191 13
66 38.8180219005733 13
67 38.8156319137912 13
68 38.8130846032825 13
69 38.8082688925285 13
70 38.8043557772428 14
71 38.8030645314435 14
72 38.7994108377487 14
73 38.7952469986917 14
74 38.7931789314799 14
75 38.7926690652325 15
76 38.7931160663254 15
77 38.7906840819641 15
78 38.7895927569536 15
79 38.7898551192613 15
80 38.7886431209847 16
81 38.7861362057023 16

