0 10.7145214950461 0
1 3.03087595579684 0
2 4.61491738609397 0
3 6.17990582617736 0
4 2.77453690186831 0
5 5.25562404991741 0
6 2.59393040834184 0
7 4.92302584686462 0
8 2.73862164523271 0
9 1.88802072835678 0
10 3.10693562854227 0
11 2.41492065341418 0
12 1.5933720013469 0
13 1.51109147662606 0
14 1.46446865487471 0
15 1.45841389719686 0
16 1.43189045138781 0
17 1.28520179123582 0
18 1.25267904488925 0
19 1.26111254694531 0
20 1.25131992407364 0
21 1.26706617317696 0
22 1.26961911418064 0
23 1.24033579584647 1
24 1.24347444147085 1
25 1.2412997274877 1
26 1.24270592068303 1
27 1.24157170150642 1
28 1.2427637705196 1
29 1.23818471653842 1
30 1.23962055416275 1
31 1.23728914106628 1
32 1.23780563162936 1
33 1.23763739484783 1
34 1.23804841283449 1
35 1.23960857323298 1
36 1.23987811196927 1
37 1.23949593029565 1
38 1.23960801172544 1
39 1.2383823837437 1
40 1.23787001383349 1
41 1.23849326538872 1
42 1.23749497121289 1
43 1.23746100850994 1
44 1.23709360138876 1
45 1.23711257201105 1
46 1.23732063127197 1

0 8.35111048068761 0
1 1.93559027386974 0
2 2.98083951694639 0
3 2.98871118801559 0
4 3.9777315479806 0
5 6.09478688278044 0
6 2.78982851837901 0
7 4.44249932980492 0
8 2.74170137097103 0
9 1.88305331916571 0
10 3.07559848930293 0
11 2.41496063779632 0
12 1.59263575344482 0
13 1.51098936697099 0
14 1.46442268409443 0
15 1.45843142613242 0
16 1.43199569577449 0
17 1.28520419880659 0
18 1.25266525904877 0
19 1.26111494331011 0
20 1.25130738244561 0
21 1.26706480523013 0
22 1.26961537333776 0
23 1.24033137851028 0
24 1.24347015643968 0
25 1.24129474151315 0
26 1.24270072816472 0
27 1.2415668339088 0
28 1.24276093408575 0
29 1.23818241048323 0
30 1.23961858848096 0
31 1.23728701711999 0
32 1.23780337803587 0
33 1.23763565252453 0
34 1.23804672356186 0
35 1.23960735204026 0
36 1.239876752046 1
37 1.23949471846881 1
38 1.23960695534507 1
39 1.23838142530067 1
40 1.23786906988303 1
41 1.2384923340756 1
42 1.23749414219217 1
43 1.23746026762072 1
44 1.23709290155329 1
45 1.23711191738424 1
46 1.23731996928095 1

0 8.10070025840425 0
1 2.29320165149806 0
2 4.84888137449594 0
3 6.0697013542725 0
4 2.68836050518377 0
5 5.27754315693333 0
6 2.59065412727819 0
7 4.9063481228488 0
8 2.73744797432425 0
9 1.88790506073584 0
10 3.10621822735242 0
11 2.41485713654209 0
12 1.59336765204919 0
13 1.51108814597766 0
14 1.46446573846806 0
15 1.45841450045168 0
16 1.43189657709598 0
17 1.2852019143103 0
18 1.25267820668176 0
19 1.26111264496064 0
20 1.25131918412481 0
21 1.2670660775211 0
22 1.26961889151665 0
23 1.24033553311874 0
24 1.24347418697727 0
25 1.24129943391126 0
26 1.24270561576743 0
27 1.24157141441528 0
28 1.24276360326405 0
29 1.23818458023098 0
30 1.23962043829393 0
31 1.23728901610499 0
32 1.23780549919121 0
33 1.23763729241035 0
34 1.23804831338043 0
35 1.23960850114646 0
36 1.23987803176954 1
37 1.23949585891117 1
38 1.23960794942039 1
39 1.23838232719644 1
40 1.23786995812827 1
41 1.23849321044783 1
42 1.2374949223252 1
43 1.23746096478484 1
44 1.2370935601414 1
45 1.23711253340367 1
46 1.2373205922735 1

0 6.80025265913955 0
1 5.16481494870251 0
2 4.59608679261972 0
3 3.91517883759738 0
4 4.03878359604936 0
5 6.00128716763797 0
6 2.6931212587692 0
7 4.25036294767003 0
8 2.73598969312207 0
9 1.88313339705582 0
10 3.07849626523216 0
11 2.41526475696891 0
12 1.59263069702131 0
13 1.51100063555031 0
14 1.46443586862102 0
15 1.45842861745795 0
16 1.43196902847219 0
17 1.28520347393031 0
18 1.25266886115002 0
19 1.26111449351293 0
20 1.25131056276774 0
21 1.26706519943538 0
22 1.26961631763672 0
23 1.24033249971846 0
24 1.24347124665288 0
25 1.24129600345206 0
26 1.24270204034365 0
27 1.24156807110846 0
28 1.24276165140231 0
29 1.23818299412489 0
30 1.2396190834668 0
31 1.23728755215408 0
32 1.23780394648675 0
33 1.23763609105261 0
34 1.23804714974369 0
35 1.23960765982328 0
36 1.23987709543397 1
37 1.2394950237093 1
38 1.23960722127153 1
39 1.23838166653046 1
40 1.23786930779587 1
41 1.23849256895354 1
42 1.23749435100928 1
43 1.23746045426112 1
44 1.23709307755079 1
45 1.23711208207311 1
46 1.23732013582786 1

0 5.57927243538135 0
1 2.01573527550987 0
2 4.62134906377718 0
3 6.02977380441853 0
4 2.72412687569656 0
5 5.27117248776193 0
6 2.59211044256164 0
7 4.91135339084827 0
8 2.73761259403108 0
9 1.88794026161768 0
10 3.10637964920133 0
11 2.41485976496105 0
12 1.59337107483681 0
13 1.5110887401286 0
14 1.4644660723754 0
15 1.45841439832726 0
16 1.43189583437141 0
17 1.28520189895487 0
18 1.25267830633812 0
19 1.26111263047565 0
20 1.25131927353055 0
21 1.26706608821381 0
22 1.26961891838558 0
23 1.24033556477761 0
24 1.24347421764924 0
25 1.2412994694304 0
26 1.24270565269729 0
27 1.24157144909189 0
28 1.24276362349825 0
29 1.23818459670605 0
30 1.23962045232625 0
31 1.23728903124337 0
32 1.23780551523627 0
33 1.23763730482639 0
34 1.23804832542268 0
35 1.23960850987157 0
36 1.23987804147372 1
37 1.23949586755628 1
38 1.23960795696332 1
39 1.23838233404208 1
40 1.23786996486934 1
41 1.23849321709616 1
42 1.23749492824394 1
43 1.23746097007753 1
44 1.23709356513813 1
45 1.23711253807921 1
46 1.23732059699788 1

0 4.51714336888781 0
1 1.86965080868484 0
2 4.29180948284285 0
3 3.46222758748741 0
4 3.43869367231411 0
5 4.96310506092442 0
6 3.37527635207531 0
7 1.92930557155697 0
8 2.33414934640144 0
9 2.03967467073013 0
10 2.01637533032954 0
11 1.75767452155032 0
12 1.66055840417298 0
13 1.51417109781739 0
14 1.52948170916833 0
15 1.40185859463491 0
16 1.38554081377431 0
17 1.39191395125499 0
18 1.26076642844666 0
19 1.26987126449995 0
20 1.26056031348731 0
21 1.25960930533732 0
22 1.2779914598807 0
23 1.24256363999544 0
24 1.24242946504305 0
25 1.23992249161779 0
26 1.24173616698623 0
27 1.24031424711017 0
28 1.24157537536514 0
29 1.23785545582903 0
30 1.23798758108878 0
31 1.23712135671487 0
32 1.2372599286497 0
33 1.23717445804316 0
34 1.23695550451176 0
35 1.23774192815923 0
36 1.2389266921411 1
37 1.23885329028785 1
38 1.23888142555013 1
39 1.23902978475514 1
40 1.23849073938253 1
41 1.23818098357914 1
42 1.23750138937792 1
43 1.23723080414734 1
44 1.23713379409133 1
45 1.23737058883036 1
46 1.23748794368015 1

0 5.24697990206963 0
1 3.54528462409117 0
2 1.98096468906725 0
3 6.1767680461135 0
4 2.53029666648375 0
5 4.05180320146732 0
6 2.98408648849786 0
7 1.86581467584079 0
8 2.45003935347248 0
9 3.29688939267597 0
10 1.72123161678251 0
11 2.42646740932406 0
12 1.51588939247949 0
13 1.41003209632813 0
14 1.53019191549772 0
15 1.44412258810523 0
16 1.36922894678863 0
17 1.39994088004002 0
18 1.28405228658363 0
19 1.3051239793168 0
20 1.25883145475886 0
21 1.27397299242072 0
22 1.24655939616056 0
23 1.24324538199774 0
24 1.24694745881985 0
25 1.23989811086132 0
26 1.24217788921163 0
27 1.23982208106213 0
28 1.24376316757201 0
29 1.24435810593462 0
30 1.24178965836167 0
31 1.24048746905609 0
32 1.2391353678488 0
33 1.24176178131528 0
34 1.24423791511924 0
35 1.24301862461077 1
36 1.24084134502431 1
37 1.24010892479293 1
38 1.24137557065191 1
39 1.23999813226442 1
40 1.23859905046515 1
41 1.23811706484038 1
42 1.23777212136555 1
43 1.2380433226946 1
44 1.2383509550755 1
45 1.23789049424283 1
46 1.23794328590184 1

0 7.02686153008517 0
1 2.84824083135503 0
2 2.03875342067342 0
3 7.31611151419803 0
4 3.57161317075638 0
5 5.17297776720593 0
6 2.85115686459069 0
7 1.77795119504592 0
8 3.35455460485157 0
9 3.19020455321578 0
10 1.58998208768273 0
11 2.24535524167106 0
12 1.70345268981389 0
13 1.67276645216495 0
14 1.45570121646687 0
15 1.50133802250309 0
16 1.37789409831085 0
17 1.36544602749345 0
18 1.2849762095753 0
19 1.32093295640655 0
20 1.24816438335752 0
21 1.26005665312219 0
22 1.24737222132172 0
23 1.25946472737691 0
24 1.24798798771825 0
25 1.24091004372913 0
26 1.24474924455531 0
27 1.24179379917958 0
28 1.24264327190346 0
29 1.24425495806086 0
30 1.242524791221 0
31 1.24050925522883 0
32 1.23893945897653 0
33 1.24135323426929 0
34 1.24338311590798 0
35 1.2424467062533 1
36 1.24005741259552 1
37 1.23935970824349 1
38 1.2403624897809 1
39 1.24014906383698 1
40 1.2389976922112 1
41 1.23903684431019 1
42 1.23887238235833 1
43 1.23791041768853 1
44 1.23828012946441 1
45 1.2380498026729 1
46 1.23798109916096 1

0 7.43185814832222 0
1 2.00984837090748 0
2 1.75579424276897 0
3 7.84931466956135 0
4 2.97654235044102 0
5 2.66850206784937 0
6 3.00662926611522 0
7 2.2731073895057 0
8 2.94249702933036 0
9 2.36065787393663 0
10 1.86890051505325 0
11 2.44689623273865 0
12 1.85774707967184 0
13 1.57362574838012 0
14 1.45130718892348 0
15 1.56560324664741 0
16 1.41253733268406 0
17 1.40314201047769 0
18 1.29459132257199 0
19 1.30172249952599 0
20 1.25656068770606 0
21 1.27301786559676 0
22 1.25540637803812 0
23 1.25815536448091 0
24 1.2542003227239 0
25 1.24303270961712 0
26 1.24099335907483 0
27 1.24416410277651 0
28 1.24648152874134 0
29 1.24600672258303 0
30 1.24233476515395 0
31 1.24051238600307 0
32 1.23894375332274 1
33 1.24031538240271 1
34 1.24138950662046 1
35 1.24121607548748 1
36 1.24006358192987 1
37 1.23916107440305 1
38 1.23833850808054 1
39 1.23931187148812 1
40 1.23852575416777 1
41 1.23816751974645 1
42 1.23827548739124 1
43 1.23777905843581 1
44 1.23822353684299 1
45 1.23790650144104 1
46 1.23788020188755 1

0 8.3539513309582 0
1 3.08912765554538 0
2 1.96579211444623 0
3 6.27105612290713 0
4 3.23999371629239 0
5 3.4964681740493 0
6 3.15999890061796 0
7 1.82414167882237 0
8 3.3161699090397 0
9 3.11026420351825 0
10 1.61665421285013 0
11 2.2666802482433 0
12 1.70376928010436 0
13 1.67090982856706 0
14 1.45619249827418 0
15 1.5031664173051 0
16 1.37772981488601 0
17 1.36540464883633 0
18 1.28491412657954 0
19 1.32078615934748 0
20 1.24816011692005 0
21 1.26006409564075 0
22 1.24739124328448 0
23 1.25949755297238 0
24 1.2479973003535 0
25 1.24091359252231 0
26 1.24474730993134 0
27 1.24179085129974 0
28 1.24265112265516 0
29 1.24426738576684 0
30 1.24253583828175 0
31 1.24051671609924 0
32 1.23894259838222 0
33 1.24135725519236 0
34 1.24338550300009 1
35 1.24244634552859 1
36 1.24005808671728 1
37 1.23936010022699 1
38 1.24036348320911 1
39 1.24015007703342 1
40 1.23899833395586 1
41 1.23903717419344 1
42 1.23887312662288 1
43 1.23791150760346 1
44 1.23828102206454 1
45 1.23805061383475 1
46 1.23798207055374 1

0 3.46035016417182 0
1 3.04653068484 0
2 1.76116133774851 0
3 5.33250655471087 0
4 2.5358841256902 0
5 3.58267636719563 0
6 3.70566851564228 0
7 2.01421369514222 0
8 2.41899177673304 0
9 3.324753779354 0
10 1.7221051859369 0
11 2.42534148414307 0
12 1.51570196609632 0
13 1.41072625134884 0
14 1.52999357714311 0
15 1.44397248433198 0
16 1.36918744003863 0
17 1.39985341052781 0
18 1.28402744770401 0
19 1.3050752990441 0
20 1.25880675524031 0
21 1.2739678659397 0
22 1.24655437454414 0
23 1.2432409831259 0
24 1.24694327025332 0
25 1.23989407909229 0
26 1.24217672397088 0
27 1.23981641392527 0
28 1.24375962210379 0
29 1.24435564400143 0
30 1.24178683862369 0
31 1.24048526318264 0
32 1.23913263318802 0
33 1.24175962853666 0
34 1.24423541249469 1
35 1.24301675335489 1
36 1.24083988427092 1
37 1.24010760635361 1
38 1.2413744623496 1
39 1.23999680794858 1
40 1.23859774802352 1
41 1.23811575294716 1
42 1.23777096836573 1
43 1.23804228546257 1
44 1.23834985009568 1
45 1.23788960720218 1
46 1.23794248081373 1

0 8.86013093923842 0
1 1.87349325068653 0
2 1.79867806856938 0
3 5.38991577943632 0
4 2.54302745584701 0
5 3.56772699527806 0
6 3.70611407332467 0
7 2.01443655087123 0
8 2.41956186407039 0
9 3.32462917498335 0
10 1.72204359763198 0
11 2.42537094132162 0
12 1.5157008502211 0
13 1.41071809512429 0
14 1.5300007428298 0
15 1.44397167584443 0
16 1.36918743390757 0
17 1.39985478666134 0
18 1.28402727531376 0
19 1.30507562394217 0
20 1.25880717802018 0
21 1.2739678676006 0
22 1.24655441319472 0
23 1.24324103250779 0
24 1.2469433130971 0
25 1.23989413637816 0
26 1.24217673625285 0
27 1.23981650467877 0
28 1.24375967503689 0
29 1.24435567621337 0
30 1.24178688159903 0
31 1.24048529641126 0
32 1.23913267376737 0
33 1.24175966108308 0
34 1.24423545256366 1
35 1.24301678174772 1
36 1.24083990605874 1
37 1.24010762686683 1
38 1.24137447993728 1
39 1.23999682763107 1
40 1.2385977673521 1
41 1.23811577312898 1
42 1.23777098632351 1
43 1.23804230141433 1
44 1.23834986714055 1
45 1.2378896205153 1
46 1.23794249278225 1

0 14.0445656922924 0
1 1.93173345833455 0
2 1.7485938036858 0
3 5.39505794997338 0
4 2.54438860865291 0
5 3.56342359205452 0
6 3.70408571505197 0
7 2.0141044207581 0
8 2.41970616522387 0
9 3.32458006132872 0
10 1.72205494253802 0
11 2.4253721132454 0
12 1.51570122081447 0
13 1.41071731997687 0
14 1.53000084152718 0
15 1.44397191555922 0
16 1.36918749378106 0
17 1.39985487761553 0
18 1.28402731560646 0
19 1.30507568626405 0
20 1.25880720257596 0
21 1.27396787469478 0
22 1.2465544191856 0
23 1.24324103734842 0
24 1.24694331785113 0
25 1.23989414054431 0
26 1.24217673742751 0
27 1.2398165104078 0
28 1.24375967867263 0
29 1.24435567882401 0
30 1.24178688446316 0
31 1.24048529864374 0
32 1.23913267659359 0
33 1.24175966327651 0
34 1.24423545507968 1
35 1.24301678365291 1
36 1.24083990754249 1
37 1.24010762818075 1
38 1.24137448102564 1
39 1.23999682898603 1
40 1.23859776868833 1
41 1.23811577446003 1
42 1.23777098748352 1
43 1.23804230246064 1
44 1.23834986826035 1
45 1.23788962141669 1
46 1.2379424936014 1

0 7.18788447941499 0
1 2.93282062163014 0
2 2.07029418200895 0
3 6.42930931002245 0
4 3.27277142711706 0
5 3.36702834147891 0
6 3.11856751626 0
7 1.82438249104709 0
8 3.31878473660873 0
9 3.11153545086003 0
10 1.61637333743826 0
11 2.26652511077086 0
12 1.70376079497638 0
13 1.67092580267851 0
14 1.45618864869965 0
15 1.5031513774822 0
16 1.37773058285176 0
17 1.36540456472976 0
18 1.28491420002332 0
19 1.32078689071248 0
20 1.24816002461837 0
21 1.26006393671525 0
22 1.24739105802358 0
23 1.25949728428301 0
24 1.247997204094 0
25 1.24091354374886 0
26 1.2447473027284 0
27 1.24179085506451 0
28 1.2426510498245 0
29 1.24426728114789 0
30 1.24253574581977 0
31 1.24051665081145 0
32 1.23894256478464 0
33 1.24135721605214 0
34 1.24338547708291 1
35 1.24244634002522 1
36 1.24005807466017 1
37 1.23936009122658 1
38 1.24036347022698 1
39 1.24015006414904 1
40 1.23899832409037 1
41 1.23903716715796 1
42 1.23887311709602 1
43 1.23791149564941 1
44 1.23828101171729 1
45 1.23805060424539 1
46 1.23798205994736 1

0 9.87478551264553 0
1 1.92240650036511 0
2 1.82092368964037 0
3 5.38571724409834 0
4 2.54849610421657 0
5 3.55861252539278 0
6 3.70358931577813 0
7 2.01421544194599 0
8 2.4198804870313 0
9 3.32452995927058 0
10 1.72202760499478 0
11 2.42538339866491 0
12 1.51570082573737 0
13 1.41071404486916 0
14 1.5300035923732 0
15 1.44397165397569 0
16 1.36918750294962 0
17 1.39985541991335 0
18 1.28402725770467 0
19 1.30507582217467 0
20 1.25880736855379 0
21 1.27396787673519 0
22 1.24655443511551 0
23 1.24324105714368 0
24 1.24694333513066 0
25 1.23989416321493 0
26 1.24217674236128 0
27 1.23981654613355 0
28 1.24375969957355 0
29 1.24435569162523 0
30 1.24178690141547 0
31 1.24048531175706 0
32 1.23913269262215 0
33 1.24175967611974 0
34 1.24423547085218 1
35 1.24301679485528 1
36 1.24083991614477 1
37 1.24010763626383 1
38 1.2413744879493 1
39 1.23999683675896 1
40 1.23859777632224 1
41 1.23811578241788 1
42 1.23777099456012 1
43 1.23804230875018 1
44 1.23834987498043 1
45 1.23788962667164 1
46 1.23794249832758 1

0 11.2585865512518 0
1 2.8281909896304 0
2 1.74730936719721 0
3 5.4666067960898 0
4 2.52519943177073 0
5 3.62372593866878 0
6 3.72362304061924 0
7 2.01753307459431 0
8 2.41788299836595 0
9 3.32519716304723 0
10 1.72195506685228 0
11 2.42534694166225 0
12 1.51569734211458 0
13 1.41072964397528 0
14 1.52999686362489 0
15 1.44396941904927 0
16 1.36918679361717 0
17 1.39985326814601 0
18 1.28402691044829 0
19 1.30507482673585 0
20 1.25880674793708 0
21 1.27396779082167 0
22 1.24655433368527 0
23 1.24324096112202 0
24 1.24694324520728 0
25 1.23989406911365 0
26 1.24217671883107 0
27 1.23981640744701 0
28 1.24375961517323 0
29 1.24435563551468 0
30 1.24178683393918 0
31 1.24048525937135 0
32 1.23913262745495 0
33 1.24175962472773 0
34 1.24423540978094 1
35 1.24301675012115 1
36 1.2408398815579 1
37 1.24010760469103 1
38 1.24137446133493 1
39 1.23999680534015 1
40 1.23859774540095 1
41 1.23811575089704 1
42 1.23777096680373 1
43 1.2380422839049 1
44 1.23834984841109 1
45 1.23788960560029 1
46 1.23794247927937 1

0 13.2015109757941 0
1 2.02809083605144 0
2 1.80113036634465 0
3 5.39169982622336 0
4 2.54926082207681 0
5 3.55705371471351 0
6 3.70310490933269 0
7 2.01416770201129 0
8 2.41993326309619 0
9 3.32451384211972 0
10 1.72202589243271 0
11 2.42538522643009 0
12 1.51570083699004 0
13 1.41071343906729 0
14 1.53000400317456 0
15 1.44397165936878 0
16 1.36918751496068 0
17 1.39985551365242 0
18 1.28402725662539 0
19 1.30507585272371 0
20 1.25880739665983 0
21 1.27396787829584 0
22 1.24655443846386 0
23 1.24324106083877 0
24 1.24694333845043 0
25 1.23989416720002 0
26 1.24217674327753 0
27 1.23981655226292 0
28 1.24375970321057 0
29 1.24435569392167 0
30 1.24178690435027 0
31 1.24048531403043 0
32 1.239132695418 0
33 1.24175967834739 1
34 1.24423547355596 1
35 1.24301679679688 1
36 1.24083991763954 1
37 1.24010763765404 1
38 1.24137448913352 1
39 1.2399968381121 1
40 1.23859777765215 1
41 1.23811578379312 1
42 1.23777099577888 1
43 1.23804230983615 1
44 1.23834987614102 1
45 1.23788962758384 1
46 1.23794249914953 1

0 11.8176227859545 0
1 2.27926947717284 0
2 5.13059385090703 0
3 3.59470052557369 0
4 2.25207103768824 0
5 3.04558631752865 0
6 2.19613489465541 0
7 1.63995034984569 0
8 6.45438289005871 0
9 3.4628252313406 0
10 1.69765648478461 0
11 1.99116062311749 0
12 1.85058406488698 0
13 1.4982582963735 0
14 1.34929797111179 0
15 1.38805448576811 0
16 1.40438200249903 0
17 1.4242852371532 0
18 1.25132851514 0
19 1.25660320730087 0
20 1.25105259270165 0
21 1.24679841656228 0
22 1.24468198050459 0
23 1.24068682180803 0
24 1.24682757898857 0
25 1.25250271329377 0
26 1.24719199043209 0
27 1.24167979620936 0
28 1.24239343850936 0
29 1.24240094904724 0
30 1.24026116667689 0
31 1.24149353758491 0
32 1.24139766287285 0
33 1.2407354497543 0
34 1.2379788393045 1
35 1.23951073537602 1
36 1.24042997943606 1
37 1.23867113816019 1
38 1.23924223981516 1
39 1.2388182543159 1
40 1.23863577281928 1
41 1.23820306599713 1
42 1.23807403958916 1
43 1.2377902020957 1
44 1.23818697073332 1
45 1.238644940401 1
46 1.2380841019723 1

0 5.31733948440981 0
1 2.40841053399453 0
2 4.79891490189679 0
3 3.28223399768627 0
4 1.81145173280163 0
5 2.35323288047698 0
6 1.79651613543404 0
7 1.40146782645357 0
8 5.50738572823411 0
9 3.96712334339111 0
10 2.25690104270285 0
11 1.89992769532253 0
12 1.57137938652654 0
13 1.53063127731385 0
14 1.70804278214873 0
15 1.45315344095416 0
16 1.45186932488833 0
17 1.41251939538914 0
18 1.28771171558997 0
19 1.24686992104941 0
20 1.25143912898163 0
21 1.24284288996859 0
22 1.26092782885216 0
23 1.24628222864231 0
24 1.24670704248003 0
25 1.25065615425875 0
26 1.24132717463102 0
27 1.24204611300978 0
28 1.23910014267987 0
29 1.23763447591897 0
30 1.23777016302759 0
31 1.23994120642587 0
32 1.24096155859252 0
33 1.2402666281819 0
34 1.23758441567602 1
35 1.23889377483984 1
36 1.24034473918675 1
37 1.24021811836319 1
38 1.24016976249261 1
39 1.23935580639901 1
40 1.23886133504804 1
41 1.23778576841132 1
42 1.23752049654131 1
43 1.23732269714737 1
44 1.23778072164429 1
45 1.23857838255349 1
46 1.23740930929262 1

0 12.7710187175454 0
1 2.48166536122799 0
2 5.10350359816983 0
3 3.65730008457593 0
4 2.26676239119358 0
5 3.24618729783106 0
6 2.17901371725705 0
7 1.6367135864859 0
8 6.45776326228917 0
9 3.46167259988291 0
10 1.69766429704317 0
11 1.99093874420325 0
12 1.85051899712368 0
13 1.4982927547493 0
14 1.34930086381573 0
15 1.38804262641825 0
16 1.40439204692897 0
17 1.4242808670514 0
18 1.25132339210309 0
19 1.2566002400345 0
20 1.25104911563182 0
21 1.2467958011965 0
22 1.24467975080167 0
23 1.24068484192037 0
24 1.24682534603477 0
25 1.25250041166 0
26 1.24719005523997 0
27 1.24167820632073 0
28 1.24239204249519 0
29 1.24239974937313 0
30 1.24026009681142 0
31 1.24149258215057 0
32 1.24139681472861 0
33 1.24073473544249 0
34 1.23797811708801 1
35 1.23951007349576 1
36 1.24042934040121 1
37 1.23867051671589 1
38 1.23924166580085 1
39 1.238817714824 1
40 1.23863527157929 1
41 1.23820261358437 1
42 1.23807360540984 1
43 1.23778979485563 1
44 1.23818657934755 1
45 1.2386445615339 1
46 1.23808374868843 1

0 22.281019388253 0
1 4.85070653719036 0
2 4.37390363973351 0
3 3.62432214223579 0
4 1.94250891206201 0
5 1.94618607646067 0
6 1.81379967502047 0
7 1.66189925166925 0
8 3.96975325775378 0
9 4.48743483263955 0
10 1.63357431385964 0
11 1.97320385109872 0
12 1.92288802670861 0
13 1.56065800663479 0
14 1.60185103347694 0
15 1.41997524192241 0
16 1.39857086256736 0
17 1.38582306338983 0
18 1.27251844755427 0
19 1.26139444531604 0
20 1.24548041119205 0
21 1.25676002845484 0
22 1.24634985260781 0
23 1.24770305757571 0
24 1.24908146320248 0
25 1.25485247602794 0
26 1.24929306316805 0
27 1.24046637158273 0
28 1.24344862378836 0
29 1.24369680624337 0
30 1.23989243629035 0
31 1.24114542678333 0
32 1.23931879837024 0
33 1.2386690109427 1
34 1.23762347605422 1
35 1.23759660539864 1
36 1.23808265834051 1
37 1.23874089178413 1
38 1.23877902346325 1
39 1.23877454017009 1
40 1.23857206480195 1
41 1.23798116707807 1
42 1.23804664800144 1
43 1.23779498845558 1
44 1.23827723677123 1
45 1.23833544933028 1
46 1.23788290551498 1

0 5.82676888639536 0
1 2.1284487063026 0
2 4.72831472912022 0
3 3.64576772117528 0
4 1.89162668131173 0
5 2.4600703079012 0
6 1.59892762482775 0
7 1.50451377662935 0
8 3.15406299106086 0
9 3.8351076232855 0
10 2.90028340765227 0
11 1.95873443993403 0
12 1.56398087866203 0
13 1.49063699484493 0
14 1.66933438266785 0
15 1.35289342847357 0
16 1.43290549132772 0
17 1.29048585872883 0
18 1.28952258342606 0
19 1.26148538536166 0
20 1.26424693899668 0
21 1.26045765425399 0
22 1.24323633143875 0
23 1.24550858824945 0
24 1.25225945326428 0
25 1.25149832679758 0
26 1.23964387049104 0
27 1.24162485388382 0
28 1.24148231960994 0
29 1.24149612399681 0
30 1.24045966364752 0
31 1.2390101458173 0
32 1.23880131081189 0
33 1.23855441834432 0
34 1.23741744473329 1
35 1.2386048841489 1
36 1.23965967874289 1
37 1.23961090481584 1
38 1.2393757561868 1
39 1.2389827319518 1
40 1.23840738080996 1
41 1.23765460839882 1
42 1.2374265614737 1
43 1.23709647214457 1
44 1.23759760109758 1
45 1.23767134952072 1
46 1.23715071502465 1

0 6.2903069959436 0
1 2.55577783728781 0
2 4.90130229660733 0
3 3.38172943786789 0
4 2.35294571341219 0
5 3.2516335744508 0
6 2.17918552941121 0
7 1.63616410501877 0
8 6.45155752778647 0
9 3.46082619850005 0
10 1.69716774064861 0
11 1.99044748426381 0
12 1.85042824392782 0
13 1.49834770042784 0
14 1.34930679964874 0
15 1.38802464467482 0
16 1.40440911771561 0
17 1.42427426963938 0
18 1.25131560340053 0
19 1.25659572118537 0
20 1.2510437986787 0
21 1.24679183086029 0
22 1.24467635797956 0
23 1.24068182006371 0
24 1.24682193409808 0
25 1.25249689089172 0
26 1.24718709762847 0
27 1.24167577368162 0
28 1.24238990715909 0
29 1.24239791542023 0
30 1.24025845899845 0
31 1.2414911194317 0
32 1.2413955166516 0
33 1.24073364258655 0
34 1.23797701292461 1
35 1.23950906148873 1
36 1.24042836336792 1
37 1.238669566603 1
38 1.23924078811105 1
39 1.23881688990591 1
40 1.23863450489422 1
41 1.23820192146948 1
42 1.23807294126103 1
43 1.2377891718192 1
44 1.23818598055954 1
45 1.2386439818486 1
46 1.23808320831208 1

0 13.3459909447061 0
1 2.34800374847229 0
2 5.34258066162325 0
3 3.21568105492552 0
4 2.40911109444165 0
5 2.85323682740261 0
6 2.22088449526262 0
7 1.6450806028103 0
8 6.45185900777792 0
9 3.46477151722087 0
10 1.69782303337371 0
11 1.99164382758999 0
12 1.85070671806027 0
13 1.49819110083937 0
14 1.34929194378453 0
15 1.38807731811111 0
16 1.40436209993877 0
17 1.42429364944011 0
18 1.25133838641201 0
19 1.25660893148893 0
20 1.25105930104851 0
21 1.24680345355981 0
22 1.244686277191 0
23 1.24069064001526 0
24 1.24683188437699 0
25 1.25250715123983 0
26 1.24719572110572 0
27 1.24168286263826 0
28 1.24239613088003 0
29 1.24240326258663 0
30 1.2402632307757 0
31 1.24149538103741 0
32 1.24139929927503 0
33 1.24073682806344 0
34 1.23798023230262 1
35 1.23951201204261 1
36 1.24043121191606 1
37 1.23867233662524 1
38 1.2392433468683 1
39 1.23881929478333 1
40 1.23863673962301 1
41 1.23820393873354 1
42 1.23807487709774 1
43 1.23779098768398 1
44 1.23818772571957 1
45 1.23864567122887 1
46 1.23808478341376 1

0 31.6243232191853 0
1 6.64612255590981 0
2 4.86481760475179 0
3 5.64413968668549 0
4 1.73381176584656 0
5 2.21912590088983 0
6 1.57179385369921 0
7 1.49689998775085 0
8 3.18350531777888 0
9 3.83500811632989 0
10 2.90609996099246 0
11 1.95795721965062 0
12 1.56337701076085 0
13 1.49014566179102 0
14 1.66922728741098 0
15 1.35287964873507 0
16 1.43283794323931 0
17 1.29047897896089 0
18 1.28952261166662 0
19 1.26147593784126 0
20 1.26424148882184 0
21 1.26044811705391 0
22 1.24322422585682 0
23 1.24550207932058 0
24 1.25225297769834 0
25 1.25149215462364 0
26 1.23963690540728 0
27 1.24161899806203 0
28 1.24147806553449 0
29 1.24149164976356 0
30 1.24045544495046 0
31 1.2390064265591 0
32 1.23879783238408 0
33 1.23855135297171 0
34 1.23741437539166 1
35 1.2386021693492 1
36 1.23965710943862 1
37 1.23960841880368 1
38 1.23937364662744 1
39 1.238980632017 1
40 1.23840530781379 1
41 1.2376526770328 1
42 1.23742473563316 1
43 1.23709472151837 1
44 1.23759595063391 1
45 1.23766981942407 1
46 1.23714929624346 1

