0 9437.3824565324 104
1 9905.63863556904 199
2 9346.71171592377 295
3 8888.31143513617 388
4 8765.07408812007 484
5 7696.62606902965 577
6 6621.7846809472 672
7 5759.91828946235 765
8 4996.2486811599 858
9 4406.6659411871 951
10 3604.00693739291 1042
11 3271.44923941074 1138
12 2830.27546974508 1232
13 2653.59718168108 1338
14 2386.11727072582 1429
15 2258.39140380265 1525
16 2149.79776054857 1616
17 2088.91739425665 1709
18 2029.79651524232 1802
19 1981.44458259322 1896
20 1950.82943277557 1987
21 1931.44650222606 2078
22 1919.69067253482 2171
23 1902.49419281811 2264
24 1891.51555533712 2359
25 1885.03551981279 2450
26 1880.88641654332 2550
27 1878.77390472116 2643
28 1878.02976018807 2752
29 1876.9116350149 2846
30 1876.20874599616 2944
31 1875.86162978516 3036
32 1875.64070878939 3134
33 1875.38271521265 3229
34 1875.23339554723 3325
35 1875.0963204632 3419
36 1874.9363258751 3513
37 1874.87220342804 3607
38 1874.81828979157 3699
39 1874.77428093756 3798
40 1874.71672787519 3894
41 1874.70036396293 3990
42 1874.65861595809 4085
43 1874.63125108129 4188
44 1874.60112594788 4282
45 1874.58269896929 4383

0 9791.24974445284 93
1 9127.01019457762 189
2 9139.0451984184 279
3 9186.35311318204 375
4 8492.83394708693 467
5 7646.88725290942 564
6 6739.61870822179 658
7 5627.88140428473 753
8 5024.41426327919 847
9 4358.41919429374 938
10 3594.26155540605 1032
11 3244.76169102222 1125
12 2898.20196346665 1225
13 2609.36467091507 1317
14 2428.30144975426 1419
15 2279.96931254018 1511
16 2179.92423194204 1607
17 2087.27320356725 1697
18 2035.17236926247 1793
19 1975.51216798478 1885
20 1948.41136627501 1980
21 1929.51430507046 2073
22 1919.10464493932 2171
23 1902.14049316221 2274
24 1890.82424016534 2371
25 1883.85593270796 2465
26 1881.05471933666 2560
27 1878.91698666789 2657
28 1877.69514215495 2752
29 1876.89163386935 2850
30 1876.36590162485 2945
31 1875.88258824382 3040
32 1875.53573634817 3133
33 1875.35707169108 3232
34 1875.18263465169 3322
35 1875.06138357415 3420
36 1874.97463528884 3514
37 1874.91508160961 3610
38 1874.8139963859 3703
39 1874.77940989968 3799
40 1874.7360552628 3891
41 1874.67723871292 3986
42 1874.64280430445 4082
43 1874.65017676491 4174
44 1874.6195089178 4276

0 9983.09261384966 95
1 9415.04443355682 196
2 9688.58231998049 288
3 9616.50430016825 385
4 8415.15372781686 479
5 8265.52677449494 576
6 6935.48534441845 669
7 5678.21942510093 767
8 4851.84165235082 861
9 4333.15934052064 957
10 3650.79668230708 1048
11 3250.1755166226 1149
12 2862.14520359029 1243
13 2658.73172077571 1339
14 2441.43794687563 1432
15 2256.11330537505 1525
16 2179.88133347219 1618
17 2079.68506979977 1709
18 2032.56856356199 1804
19 1988.51683302166 1895
20 1939.99209803267 1992
21 1925.93438730137 2083
22 1918.8864734924 2180
23 1900.78039730817 2274
24 1890.07755688032 2368
25 1884.20430132621 2462
26 1881.27166914102 2561
27 1879.13690557682 2655
28 1877.8580262788 2751
29 1876.91077957256 2846
30 1876.25115421817 2938
31 1875.86578921458 3032
32 1875.5530233805 3124
33 1875.37442890854 3223
34 1875.23346714486 3317
35 1875.10034983793 3414
36 1874.96083904581 3507
37 1874.88052045949 3604
38 1874.87705453416 3696
39 1874.7813760974 3792
40 1874.74957259002 3885
41 1874.70068850741 3983
42 1874.64932344207 4076
43 1874.61928211189 4171
44 1874.61201274062 4267

0 9677.17606388306 95
1 9658.64179784896 189
2 9699.70023802462 282
3 9436.79998550049 377
4 8883.7138126903 470
5 7598.403952981 566
6 7244.27545442406 659
7 5810.41543379404 757
8 4888.40938667732 850
9 4283.47060049181 951
10 3667.60053468736 1044
11 3296.3099298699 1145
12 2893.26863031034 1239
13 2602.69958666767 1335
14 2416.40134137557 1429
15 2286.41788724923 1520
16 2163.076689694 1613
17 2089.27368030993 1705
18 2037.69640916199 1801
19 1980.22797903385 1894
20 1946.40289917265 1993
21 1929.5187317396 2085
22 1916.9538950638 2182
23 1901.68163036132 2276
24 1889.87022734964 2373
25 1884.93374356011 2468
26 1880.90582159639 2569
27 1879.40844523804 2662
28 1877.76027099855 2759
29 1877.14032216239 2851
30 1876.4859721441 2945
31 1875.97573677601 3040
32 1875.58949594446 3134
33 1875.3960715986 3230
34 1875.24185937699 3323
35 1875.16811124379 3425
36 1875.02070982318 3518
37 1874.90086286774 3617
38 1874.81193159068 3711
39 1874.7756351333 3813
40 1874.75012164007 3906
41 1874.70158713117 4009
42 1874.66123525084 4102
43 1874.64150413882 4201
44 1874.61564753681 4294

0 9900.12562290997 99
1 9682.18841852762 190
2 9753.34794253625 284
3 8289.54048827531 377
4 8795.50900186132 469
5 7608.32037711442 563
6 6931.40804059753 656
7 5898.97894693464 753
8 5059.64332934485 845
9 4313.70088709983 941
10 3565.14183205508 1032
11 3233.84662748479 1137
12 2885.06373573118 1229
13 2594.60200142502 1326
14 2404.1464228413 1417
15 2271.22451677318 1512
16 2142.46824099169 1605
17 2080.05312679535 1701
18 2045.28780656948 1793
19 1984.5021290511 1883
20 1947.59883269952 1976
21 1929.86608356834 2066
22 1919.6658559144 2161
23 1903.59565742768 2253
24 1891.14495129559 2351
25 1884.15200436637 2444
26 1880.52383921618 2547
27 1879.25756400593 2639
28 1877.92998716431 2739
29 1876.9132302068 2833
30 1876.27812140532 2928
31 1875.94533138674 3021
32 1875.53470157951 3116
33 1875.33102716206 3210
34 1875.24644263465 3302
35 1875.06027112418 3397
36 1874.96306760934 3490
37 1874.91611648384 3589
38 1874.82550661785 3684
39 1874.78420898171 3786
40 1874.71532666557 3879
41 1874.67212331897 3983
42 1874.66422508585 4076
43 1874.63060866541 4176
44 1874.62588235714 4271

0 9212.71304258781 99
1 9711.37572683476 191
2 9098.27451481097 285
3 9335.39582644561 376
4 8305.82115711104 470
5 7791.92299314525 563
6 6684.22111702935 656
7 5858.97801580688 751
8 5057.28952612362 844
9 4338.41010008193 939
10 3596.52426588161 1033
11 3224.07420386363 1135
12 2890.69984173058 1227
13 2632.44876268392 1325
14 2400.01557406298 1416
15 2286.76204021738 1511
16 2152.34495079247 1602
17 2077.28103666286 1697
18 2032.52457815428 1789
19 1971.6855317165 1885
20 1949.10239424387 1979
21 1928.73042734533 2071
22 1920.77201609944 2164
23 1900.85943293202 2256
24 1890.69818955633 2355
25 1884.76177466256 2449
26 1881.2912933132 2555
27 1879.00954637973 2648
28 1877.72659680955 2748
29 1876.95191272913 2839
30 1876.38896523281 2938
31 1876.04440547619 3029
32 1875.54511852274 3125
33 1875.39165802901 3217
34 1875.21027137822 3313
35 1875.04338203072 3406
36 1874.97712850652 3500
37 1874.88205894078 3596
38 1874.80590720027 3689
39 1874.77860486679 3784
40 1874.71661102798 3878
41 1874.70856099037 3983
42 1874.6577100145 4075
43 1874.62874734314 4172
44 1874.60135343424 4263
45 1874.59888333914 4363

0 9275.97375858969 93
1 9382.05426861744 189
2 9424.78899267372 282
3 9471.07264588818 376
4 8026.69013373954 469
5 7888.58228009698 563
6 7002.36189190626 656
7 6118.75885305611 749
8 4990.04550672399 843
9 4306.69813084238 936
10 3583.93803202681 1041
11 3213.6493879737 1133
12 2913.92910740187 1230
13 2617.35506460006 1320
14 2438.46799272001 1415
15 2283.194669325 1507
16 2183.40797776413 1601
17 2078.27875313022 1691
18 2026.32231212348 1784
19 1976.37684485039 1876
20 1948.87596465848 1967
21 1929.19782124059 2060
22 1918.21168704627 2150
23 1900.30473866222 2246
24 1889.71995862154 2337
25 1884.11865763067 2440
26 1881.35098251517 2531
27 1879.33172172442 2632
28 1877.56389521155 2724
29 1876.82769187367 2819
30 1876.31821219654 2911
31 1876.00353723137 3008
32 1875.60004995847 3102
33 1875.39308902356 3195
34 1875.29237621836 3289
35 1875.08671034311 3381
36 1874.98921868559 3478
37 1874.89544229616 3570
38 1874.80037192983 3667
39 1874.77695784505 3759
40 1874.73871761535 3863
41 1874.69454456991 3956
42 1874.65981898344 4056
43 1874.63395688668 4150
44 1874.61010275875 4247

0 9403.34630911462 93
1 9429.47322202602 187
2 9565.03005286362 280
3 8690.6578862045 373
4 8182.84693251337 467
5 8025.93699160636 559
6 6885.09364933493 652
7 6137.94222388791 743
8 4986.94575296724 840
9 4135.64740895044 931
10 3835.48817767073 1034
11 3278.15260189766 1126
12 2824.93212038948 1225
13 2595.99364925374 1317
14 2409.42035047574 1412
15 2276.11674624269 1502
16 2184.2640006789 1595
17 2076.3708468813 1687
18 2033.5760989421 1780
19 1983.08178557542 1876
20 1947.25174810783 1968
21 1925.72278390214 2063
22 1918.65581586423 2152
23 1902.18371556156 2249
24 1890.63389917377 2340
25 1884.02453464444 2442
26 1881.06945115301 2535
27 1879.48433422808 2635
28 1877.62533916803 2727
29 1876.99889593859 2822
30 1876.34377482375 2914
31 1876.01561767938 3008
32 1875.62917089388 3101
33 1875.37977049328 3194
34 1875.18279535196 3289
35 1875.03522625639 3382
36 1874.96918189612 3480
37 1874.86078854419 3573
38 1874.8137279117 3671
39 1874.77408969783 3766
40 1874.76342394245 3873
41 1874.69572475441 3965
42 1874.66476163577 4066
43 1874.63024553851 4159
44 1874.61643285086 4256
45 1874.60515753341 4349

0 9648.14377912187 98
1 9294.16534922705 189
2 9609.80244360805 282
3 10119.7663731438 375
4 8408.81249568193 469
5 8094.69866974594 563
6 6594.47910934389 657
7 5874.7991335074 753
8 4909.628407634 845
9 4542.99178155261 948
10 3690.18387043692 1041
11 3226.69579551467 1139
12 2889.36821558446 1231
13 2563.42300040625 1326
14 2400.65721265424 1418
15 2257.26259744578 1514
16 2171.54315014592 1605
17 2074.53773641267 1697
18 2040.11504126532 1790
19 1985.3755311234 1881
20 1941.17170657343 1976
21 1928.73163660276 2068
22 1917.43751134045 2164
23 1900.33554227471 2257
24 1890.30255344308 2360
25 1884.40465058753 2454
26 1881.10315267755 2554
27 1879.36055654402 2646
28 1878.1017604685 2743
29 1876.90271442966 2836
30 1876.37404023056 2931
31 1875.91355838912 3025
32 1875.568337924 3118
33 1875.3841885589 3211
34 1875.18793749708 3304
35 1875.05898936547 3399
36 1874.9792823088 3491
37 1874.91688149121 3594
38 1874.83432912332 3686
39 1874.78699620432 3796
40 1874.72257451342 3891
41 1874.68705783478 3989
42 1874.65388819847 4081
43 1874.62439839429 4179
44 1874.61260067165 4271

0 10354.8379538869 98
1 9880.62503448142 196
2 9876.19470748239 292
3 9470.58806582628 383
4 8831.30711817938 477
5 7996.66008990654 570
6 6866.86071921578 665
7 6028.60656858281 759
8 4874.02395688051 853
9 4261.72205400382 952
10 3655.56797040002 1044
11 3140.15566827373 1145
12 2826.50108785681 1235
13 2593.55276138865 1333
14 2433.17012364075 1424
15 2267.78839986172 1519
16 2163.0984391814 1611
17 2082.69639685743 1705
18 2038.44272710898 1796
19 1978.67711856525 1889
20 1950.51975412811 1981
21 1928.2213881606 2072
22 1919.18570264934 2166
23 1901.51011389149 2259
24 1891.52380685055 2363
25 1884.06889672859 2455
26 1880.92266969785 2556
27 1879.29421819617 2649
28 1877.78436890507 2748
29 1877.14418648979 2842
30 1876.26336873279 2938
31 1875.95908249536 3031
32 1875.69766853034 3129
33 1875.45026709299 3222
34 1875.21756366951 3318
35 1875.02283181236 3411
36 1874.91789566292 3505
37 1874.85643663166 3599
38 1874.82474251975 3695
39 1874.75365092593 3795
40 1874.73482405117 3889
41 1874.68647664278 3989
42 1874.66071542671 4083
43 1874.63541182515 4179
44 1874.60740584006 4274
45 1874.5963997754 4371

0 10160.0117018797 93
1 9108.90905776625 190
2 10026.5319929322 287
3 9700.33773067478 390
4 8333.18987849548 483
5 8050.83152204999 577
6 6610.4087028302 670
7 5822.14710663951 767
8 4946.3769088093 870
9 4233.58618729277 965
10 3714.73298413488 1059
11 3263.72938963594 1152
12 2948.408021601 1248
13 2627.12227788465 1341
14 2424.14886977113 1436
15 2255.38630784783 1527
16 2154.51936280292 1622
17 2083.42485707777 1713
18 2020.95879301276 1808
19 1977.90535170283 1901
20 1941.49019748662 1996
21 1925.24546579906 2087
22 1920.22100659369 2187
23 1899.79458234472 2282
24 1890.81449563334 2376
25 1884.70453287611 2472
26 1881.62162709698 2565
27 1879.50811734615 2660
28 1877.89430417002 2752
29 1877.11640553638 2849
30 1876.28670915291 2940
31 1875.82695496685 3037
32 1875.58144276595 3129
33 1875.35505908098 3225
34 1875.16411363046 3318
35 1875.0560160279 3412
36 1874.96647950306 3505
37 1874.89011077607 3598
38 1874.83660180333 3697
39 1874.7737761632 3791
40 1874.74280831353 3889
41 1874.68542841067 3985
42 1874.66098983192 4081
43 1874.62882571188 4172
44 1874.60645412287 4271

0 9512.19113890525 98
1 9767.22572227216 196
2 9615.62939208189 287
3 9477.80238452567 382
4 8942.32677687998 476
5 8232.39441308803 573
6 6829.80720525449 667
7 5778.27867708321 772
8 5083.84103291134 868
9 4282.29749863948 975
10 3579.1911604818 1076
11 3095.73225111104 1171
12 2825.12746037409 1264
13 2615.42774156227 1357
14 2436.88570045788 1452
15 2261.02989253232 1550
16 2164.39226722075 1644
17 2090.15051490253 1737
18 2040.62310964976 1832
19 1980.71932483123 1922
20 1942.07851233481 2021
21 1928.91601788945 2114
22 1923.45587032176 2217
23 1900.33039100989 2310
24 1890.09613554378 2414
25 1884.5810751585 2510
26 1881.24248101588 2610
27 1878.94128573094 2716
28 1877.51872486129 2816
29 1876.71314381125 2909
30 1876.36758661491 3007
31 1875.91093937506 3104
32 1875.62248150595 3203
33 1875.31047333856 3298
34 1875.19626552867 3394
35 1875.07514321378 3488
36 1874.94817176866 3584
37 1874.87946965821 3685
38 1874.82638642112 3785
39 1874.76942110575 3879
40 1874.73197624549 3972
41 1874.69501234467 4070
42 1874.64954992728 4165
43 1874.63308863609 4262
44 1874.62253193186 4359

0 8961.67557137639 99
1 9946.75625284255 192
2 9405.31013381082 288
3 8998.01348012266 380
4 8786.86596096435 477
5 7905.14460377914 569
6 6703.48804250532 670
7 6170.65986429494 764
8 5123.89706563376 860
9 4100.00344406867 954
10 3595.11987794745 1047
11 3350.60023314087 1141
12 2861.89374784987 1233
13 2617.98825958816 1326
14 2406.75734456514 1417
15 2254.17492346385 1512
16 2162.95291500894 1603
17 2091.5360607485 1700
18 2026.5586833683 1791
19 1981.23470446748 1885
20 1946.56383957043 1976
21 1925.73504663187 2073
22 1918.62736297419 2168
23 1900.00501500008 2270
24 1889.59971420753 2365
25 1884.0719250063 2459
26 1881.49430855127 2553
27 1879.24565818565 2646
28 1877.71581757538 2744
29 1876.8944573038 2837
30 1876.23111411558 2934
31 1875.94367925812 3027
32 1875.63648563509 3126
33 1875.3414100573 3218
34 1875.21129877851 3316
35 1875.05804036732 3409
36 1874.96119570131 3512
37 1874.89362023915 3607
38 1874.83618714191 3704
39 1874.77703981377 3799
40 1874.73334582132 3893
41 1874.69729723781 3986
42 1874.65805354621 4079
43 1874.61830843316 4174
44 1874.60977071676 4267

0 10024.0228174077 98
1 8836.18210313716 191
2 9938.22450800312 290
3 8932.54345156948 382
4 8302.16562068235 480
5 8036.77242201653 572
6 6905.80854027345 676
7 5969.98861031962 769
8 5294.85077067905 868
9 4230.50182590883 961
10 3664.95119130403 1054
11 3258.70833536067 1146
12 2893.39625066297 1239
13 2574.3347230765 1333
14 2427.86800497783 1424
15 2265.71787870638 1518
16 2161.18239581983 1609
17 2080.76428766756 1705
18 2036.4043103567 1796
19 1980.07865783308 1892
20 1946.00988094478 1982
21 1928.80085783146 2083
22 1918.71615955606 2177
23 1901.44932650414 2275
24 1890.59464992524 2370
25 1883.92660943944 2463
26 1881.10411577527 2558
27 1879.03935577592 2651
28 1877.84881201177 2746
29 1876.91497423296 2839
30 1876.41553433046 2935
31 1875.91959007627 3033
32 1875.56712114925 3136
33 1875.42491687584 3228
34 1875.14893896317 3325
35 1875.09759358291 3419
36 1874.96583883662 3524
37 1874.85027435341 3616
38 1874.79651315946 3717
39 1874.76999933638 3811
40 1874.74705218028 3908
41 1874.69916707222 4000
42 1874.66011470285 4098
43 1874.62959197578 4192
44 1874.62023401286 4287

0 9394.15351817746 94
1 9600.83974813317 185
2 9332.0238656475 278
3 9510.44737408772 368
4 8486.95071206388 466
5 7503.53551316632 557
6 7195.23936108079 662
7 5586.49087588219 755
8 4939.58127500752 853
9 4202.93748907875 945
10 3884.18315224273 1040
11 3267.75896849235 1132
12 2828.58869899327 1226
13 2684.65817635295 1318
14 2478.1484219675 1409
15 2290.04620775093 1503
16 2171.78388900015 1595
17 2077.22571165593 1693
18 2037.20517429783 1784
19 1973.91099366672 1880
20 1946.41476410348 1972
21 1927.24015723938 2074
22 1918.86977980405 2164
23 1898.32465434034 2265
24 1890.1201525665 2359
25 1884.02421222365 2455
26 1881.43919902055 2551
27 1879.03759333978 2645
28 1877.81571188553 2738
29 1877.00305849325 2831
30 1876.28772172645 2926
31 1875.91591408639 3018
32 1875.53087191431 3113
33 1875.34171298765 3205
34 1875.16654771869 3304
35 1875.02587826117 3395
36 1874.95702264687 3503
37 1874.91836468724 3596
38 1874.82050202964 3696
39 1874.7869937394 3791
40 1874.72995706053 3887
41 1874.69069401238 3980
42 1874.66044065321 4076
43 1874.64320930909 4170
44 1874.62011650274 4264
45 1874.58840230973 4358

0 9556.967253263 95
1 10159.4005998089 189
2 9529.14247568645 281
3 9188.2796500794 377
4 8579.60623001844 473
5 7949.9267414018 576
6 7104.5438111204 668
7 5749.55063935173 769
8 4879.01125420414 861
9 4495.56259210752 957
10 3754.42449343432 1048
11 3235.70446365853 1144
12 2945.9407107607 1237
13 2632.81105799392 1330
14 2405.01910031218 1422
15 2258.35075655915 1514
16 2174.77033029357 1607
17 2079.993054831 1698
18 2028.13361805217 1792
19 1981.14297982125 1885
20 1952.58442067375 1993
21 1927.46648713243 2096
22 1920.69849847452 2192
23 1902.78190026874 2285
24 1888.85366445406 2383
25 1884.18486464973 2475
26 1881.3538006695 2571
27 1879.43538699963 2664
28 1877.63733173529 2760
29 1876.84299966612 2852
30 1876.43263827953 2945
31 1875.92385588396 3039
32 1875.64811919998 3133
33 1875.37779911894 3227
34 1875.2641769853 3321
35 1875.13185101086 3422
36 1874.99309569603 3516
37 1874.88151818271 3615
38 1874.85057881098 3708
39 1874.77785805275 3805
40 1874.73928115555 3897
41 1874.69150750266 3997
42 1874.64421474245 4091
43 1874.63901558552 4187
44 1874.61875745567 4280

0 9642.81986270272 102
1 9768.11127278131 194
2 9281.55826022084 288
3 9342.14914068642 380
4 8576.84818849676 476
5 7741.95592002265 572
6 6941.62864007227 666
7 5742.77834541154 762
8 5151.38966173324 855
9 4238.94760433307 951
10 3763.99888241368 1044
11 3235.40976467809 1140
12 2813.07431273706 1232
13 2596.84542156364 1328
14 2398.2111953326 1419
15 2313.38855926334 1513
16 2151.02894140025 1604
17 2078.21751586617 1695
18 2025.80929282788 1788
19 1975.21285537811 1882
20 1940.14975905902 1979
21 1924.76327729688 2070
22 1918.16311764714 2171
23 1901.1059044573 2265
24 1890.09657530565 2363
25 1884.75874054481 2456
26 1880.811785878 2554
27 1878.92359644666 2647
28 1878.05539345314 2742
29 1877.10517167035 2834
30 1876.3185593159 2929
31 1875.88638915765 3025
32 1875.58656971352 3119
33 1875.4317997348 3214
34 1875.21887884134 3309
35 1875.08967533841 3408
36 1874.96727938091 3502
37 1874.8959975978 3601
38 1874.80544813063 3693
39 1874.77719565288 3791
40 1874.75535314434 3883
41 1874.70770773065 3982
42 1874.65436298014 4074
43 1874.64068514151 4170
44 1874.613249499 4264
45 1874.589741832 4360

0 10046.1633852393 95
1 9297.05258061092 188
2 9317.39311629316 281
3 9080.58978265928 375
4 8773.11792187352 473
5 8215.56088856962 566
6 6832.83466619436 665
7 5935.02058466857 765
8 4855.68791511373 860
9 4328.27706780953 952
10 3734.93068975317 1050
11 3329.67732260444 1141
12 2915.36140267771 1238
13 2565.31704755764 1329
14 2470.27060811364 1429
15 2268.56982484992 1523
16 2169.04378930458 1619
17 2080.20897510308 1714
18 2028.84795723666 1814
19 1978.91188415222 1908
20 1951.64708441502 2000
21 1927.69268066141 2095
22 1917.90540158196 2187
23 1901.64710849008 2283
24 1890.81196246405 2375
25 1884.22923492583 2473
26 1881.2581206053 2567
27 1879.18506096083 2665
28 1877.73476773125 2759
29 1876.89652795126 2856
30 1876.47460124035 2950
31 1875.93132511243 3047
32 1875.60582446875 3140
33 1875.37948970084 3239
34 1875.18191886607 3333
35 1875.10630935381 3440
36 1874.98987465949 3541
37 1874.90542965932 3640
38 1874.82585463883 3733
39 1874.75619306788 3828
40 1874.72836892861 3924
41 1874.69277814135 4016
42 1874.65060893047 4111
43 1874.63018350686 4203
44 1874.61074830915 4298

0 9031.41623055312 93
1 9482.13888577727 190
2 9743.03765006963 282
3 9313.18045967681 385
4 8485.10192502227 478
5 7936.18035102364 577
6 6701.66140121455 671
7 5986.68361987794 767
8 5046.83620219163 859
9 4273.22146837853 952
10 3753.17271373515 1045
11 3254.02476644324 1136
12 2855.7758406501 1232
13 2557.47442919718 1325
14 2429.87704394394 1424
15 2242.59648688592 1517
16 2179.77146509836 1614
17 2090.79505239112 1705
18 2046.88205501846 1807
19 1978.36354850282 1898
20 1942.37831101371 1997
21 1929.05245800114 2088
22 1918.41069340409 2181
23 1902.3287564459 2275
24 1888.76609274419 2371
25 1884.31410873882 2466
26 1881.5610645876 2561
27 1879.27292167769 2657
28 1878.13911382378 2751
29 1876.67501553258 2845
30 1876.35940196252 2936
31 1875.98127149088 3035
32 1875.58642338186 3127
33 1875.45321145715 3233
34 1875.23424372225 3330
35 1875.05213017905 3430
36 1874.9509841811 3525
37 1874.87145227133 3623
38 1874.84957596886 3716
39 1874.77313580159 3812
40 1874.69898340051 3905
41 1874.68408154941 4000
42 1874.65290343877 4093
43 1874.64215842006 4187
44 1874.62448162329 4282

0 10362.4965876755 97
1 9662.46592699869 192
2 9970.57977582675 287
3 9074.78626897359 389
4 8834.4692577672 482
5 7748.9025037446 584
6 6695.69512681854 678
7 5722.30647408569 778
8 5003.38738433288 872
9 4313.43017610846 971
10 3669.01455833126 1064
11 3246.8359541488 1162
12 2909.86497086325 1256
13 2577.42073587615 1352
14 2402.61030483027 1446
15 2263.6935586469 1543
16 2148.25410738569 1636
17 2081.80460491494 1730
18 2037.23520036026 1827
19 1985.07413019659 1921
20 1943.77869397645 2019
21 1931.3436312999 2111
22 1921.47205501029 2213
23 1900.85702715814 2310
24 1890.34608740313 2408
25 1884.57046754329 2501
26 1881.24537140421 2600
27 1879.28040609053 2692
28 1878.06853215906 2789
29 1876.94608999627 2883
30 1876.17489901625 2979
31 1875.77321892345 3074
32 1875.66391471609 3175
33 1875.35051942891 3270
34 1875.17286547654 3369
35 1875.06084874778 3464
36 1874.94163145999 3558
37 1874.88199355825 3652
38 1874.82546302484 3745
39 1874.7954160463 3841
40 1874.73507381953 3934
41 1874.69392574407 4036
42 1874.66067083699 4130
43 1874.62948857604 4230
44 1874.61057947998 4324
45 1874.59453040519 4422

0 9483.1239822098 94
1 9752.02958620713 197
2 9315.01900036384 287
3 9042.06632782155 385
4 8920.56950202583 478
5 7866.51004442973 574
6 7007.94915267021 668
7 6139.75577406694 762
8 4940.98421607653 856
9 4129.96511213393 950
10 3622.44628781665 1044
11 3172.67180887334 1135
12 2933.79127304047 1231
13 2619.12984014938 1323
14 2456.85047762993 1420
15 2250.17105147035 1512
16 2162.57456926813 1615
17 2080.10314797329 1707
18 2036.22258405201 1801
19 1978.60032561044 1893
20 1945.91761849853 1986
21 1935.02978442088 2079
22 1921.87462407386 2170
23 1901.82782437251 2264
24 1890.54797167712 2357
25 1885.04253423094 2453
26 1880.55813429065 2545
27 1878.84062821417 2644
28 1877.6661876518 2738
29 1877.01042971355 2839
30 1876.32890501928 2933
31 1875.91915133347 3037
32 1875.55120255336 3130
33 1875.33468409461 3229
34 1875.20130194074 3322
35 1875.09808826678 3417
36 1874.92902882596 3511
37 1874.89749071975 3606
38 1874.83678678156 3700
39 1874.74906794631 3796
40 1874.70029243457 3891
41 1874.68514768654 3983
42 1874.65905532608 4080
43 1874.62668192755 4172
44 1874.60861216534 4269
45 1874.59928926921 4360

0 10181.7394144825 106
1 9089.93273459837 199
2 9186.93973477737 298
3 9290.53285968945 391
4 8457.24418878242 487
5 7843.67103125005 579
6 6580.44789024988 674
7 6023.89908864749 767
8 4906.13757655568 859
9 4295.93358740637 952
10 3531.65093697568 1044
11 3192.79221802979 1139
12 2849.82072486203 1231
13 2650.9809313137 1331
14 2444.95460175851 1423
15 2277.46198666088 1526
16 2166.23357552198 1617
17 2067.0853809388 1715
18 2030.44736091194 1806
19 1980.10449794596 1900
20 1945.13847569972 1991
21 1930.28610186283 2084
22 1918.29402126183 2177
23 1901.87709373212 2271
24 1890.39381651474 2366
25 1884.30158917265 2459
26 1881.21484003991 2555
27 1879.43999643673 2648
28 1877.53129256906 2747
29 1877.0250229954 2839
30 1876.46161629857 2945
31 1875.99499006835 3038
32 1875.5853943128 3138
33 1875.32862606944 3231
34 1875.10440919421 3327
35 1875.10458175189 3424
36 1874.99163574238 3524
37 1874.85272056529 3616
38 1874.81434111301 3712
39 1874.78634439168 3805
40 1874.71843121921 3898
41 1874.69784223782 3991
42 1874.64421299343 4084
43 1874.63636499552 4180
44 1874.61595247844 4272
45 1874.59629733104 4376

0 10163.4528388815 95
1 9858.37620462727 194
2 9507.94163376375 286
3 9570.76147202864 382
4 8817.30039152348 474
5 7810.58760606602 569
6 7130.38321352742 662
7 5733.91784980321 756
8 4904.49978275653 850
9 4379.33328911708 945
10 3699.94570258195 1040
11 3214.31451924944 1131
12 2885.2179177766 1227
13 2648.08236316829 1319
14 2456.69051212067 1422
15 2239.17836390592 1512
16 2162.6966728785 1610
17 2075.06551054317 1701
18 2051.88266903495 1796
19 1980.69022637689 1888
20 1943.04519387505 1982
21 1930.40874366664 2075
22 1918.62102094172 2169
23 1899.86089469433 2263
24 1889.72121477654 2357
25 1884.31285621496 2451
26 1880.96782923454 2544
27 1878.58684110938 2639
28 1877.8387829711 2732
29 1876.94884465648 2836
30 1876.33902127972 2929
31 1875.99397741711 3031
32 1875.55560460842 3125
33 1875.38499025572 3223
34 1875.18236425004 3318
35 1875.02962521796 3414
36 1874.94149035319 3506
37 1874.89652848699 3601
38 1874.86429157418 3694
39 1874.79736587947 3787
40 1874.74706017708 3882
41 1874.68098286624 3975
42 1874.65658904659 4075
43 1874.6285089971 4171
44 1874.61870448918 4271

0 9273.41353250124 95
1 9386.8811630477 193
2 9025.16572257163 285
3 9099.01123314249 382
4 8246.40202050349 473
5 7768.64534602548 570
6 6890.39102256467 664
7 5809.25875582569 761
8 5083.83385562164 854
9 4292.56006255289 948
10 3741.88122041873 1042
11 3265.89407792305 1134
12 2908.60997715468 1227
13 2626.21524027483 1319
14 2429.48126788193 1418
15 2232.43645695842 1510
16 2157.77175476419 1610
17 2072.69897506869 1701
18 2038.70261619639 1798
19 1973.30885008711 1889
20 1947.48312313236 1983
21 1931.71187878189 2075
22 1921.41443604388 2169
23 1901.31167017273 2261
24 1890.21902146606 2355
25 1884.42872706128 2448
26 1881.48609316384 2541
27 1879.27687327466 2636
28 1877.56026059414 2728
29 1876.97186211074 2832
30 1876.29681854051 2925
31 1875.89302838677 3024
32 1875.62460703025 3117
33 1875.41488535637 3213
34 1875.18134412069 3306
35 1875.06614680136 3403
36 1875.01051452567 3498
37 1874.91564662607 3594
38 1874.82936024124 3686
39 1874.77334479873 3783
40 1874.7472575239 3876
41 1874.6951995278 3970
42 1874.66515974657 4064
43 1874.63712887723 4159
44 1874.61129717243 4259

0 9660.13946935073 95
1 9171.88892585448 189
2 9959.46032075635 279
3 9072.85421700482 375
4 8770.2415211328 466
5 7550.08478072239 568
6 7001.86722597782 662
7 6139.61763029168 758
8 4961.41686347255 851
9 4254.61696959871 946
10 3642.65094705593 1038
11 3125.40508636712 1130
12 2824.0607142305 1223
13 2571.4384419128 1316
14 2401.88799157813 1413
15 2247.48159816913 1509
16 2198.75448705427 1608
17 2080.25082197285 1700
18 2043.12131657702 1797
19 1978.67269782637 1888
20 1946.70132299106 1983
21 1923.22192316709 2073
22 1918.90008827302 2167
23 1901.90924333397 2259
24 1890.04492864292 2354
25 1884.8301822215 2447
26 1881.00845698354 2539
27 1879.42448823907 2635
28 1877.85261711448 2726
29 1876.94740061774 2831
30 1876.26192615339 2924
31 1875.88640529649 3025
32 1875.67143278876 3119
33 1875.36626508445 3216
34 1875.33143412253 3308
35 1875.07005059416 3404
36 1874.99281207691 3497
37 1874.90886205237 3594
38 1874.84378812642 3687
39 1874.76561687862 3782
40 1874.74672605025 3876
41 1874.70133086608 3968
42 1874.65962888902 4061
43 1874.64234142968 4155
44 1874.6214360315 4255
45 1874.59039207199 4348

