0 2459.22853330524 25
1 2486.63001264269 49
2 2354.93931425723 74
3 1874.65910233064 101
4 1453.2642153738 127
5 1076.31000264978 152
6 844.801767628471 176
7 714.939252904639 200
8 631.85945423129 224
9 588.755412609867 248
10 565.897873260298 272
11 553.824554042209 297
12 544.66197728235 322
13 543.299745898747 347
14 542.981722863205 371
15 542.882343813636 395
16 542.847771690108 419
17 542.832068919334 444
18 542.824589531516 468
19 542.820851125475 491

0 2750.90240232736 26
1 2333.83750056537 52
2 2409.29901852362 76
3 1772.76291455273 101
4 1465.74051958061 125
5 1047.1282818992 149
6 825.592652755794 173
7 722.245552059801 197
8 635.194126796928 222
9 587.381894844916 247
10 567.412407413106 274
11 551.77566602015 298
12 545.022757712008 322
13 543.342425102537 346
14 542.992932921101 370
15 542.893069827857 394
16 542.854915379735 418
17 542.838492299659 444
18 542.830622597413 469
19 542.826705351813 493

0 2569.87994760326 25
1 2405.7838632928 49
2 2155.90825127421 73
3 1839.12667671129 98
4 1408.04463993057 123
5 1094.03583913738 149
6 846.284440760178 177
7 707.890876354442 201
8 628.011934168345 225
9 588.106192889003 249
10 568.047100309025 274
11 552.789791020041 298
12 544.917636118947 321
13 543.293871433191 350
14 542.990135941409 376
15 542.895529387229 401
16 542.857699129264 425
17 542.84095232426 449
18 542.832876865013 473
19 542.828878260761 497

0 2355.5557161599 25
1 2626.14175336059 50
2 2360.59012529863 76
3 1795.75137930702 101
4 1405.27895970737 126
5 1078.79393399887 150
6 838.236050707588 174
7 724.086878633969 198
8 630.686409192088 222
9 578.913240246152 246
10 566.773550561366 272
11 552.17570047314 296
12 544.782545525435 319
13 543.271455284805 343
14 542.961813458544 367
15 542.870368339562 391
16 542.834728048583 415
17 542.819508731667 440
18 542.812239792424 465
19 542.8086353966 489

0 2529.00248403208 25
1 2541.14760479348 49
2 2275.68872560882 73
3 1979.10030686526 98
4 1333.62822557242 123
5 1049.96570135754 147
6 816.560228914989 173
7 699.222273817696 197
8 634.642703568131 221
9 585.101093765253 246
10 564.801201249021 270
11 553.418839875083 294
12 544.58040263976 318
13 543.244195071779 342
14 542.948333315492 369
15 542.860843488149 394
16 542.829113847436 420
17 542.81497309689 448
18 542.808238692658 474
19 542.804868729856 499

0 2362.57159995851 27
1 2393.47457764381 53
2 2286.96941576432 82
3 1811.07081206068 112
4 1335.59845781204 137
5 1090.05981830657 163
6 815.281298181343 189
7 712.940759511382 214
8 631.86891740247 238
9 587.792115933921 263
10 568.135563731363 289
11 552.348280811736 313
12 544.819614871949 337
13 543.316619909077 362
14 542.991498029855 386
15 542.890197220664 410
16 542.852101898354 434
17 542.835489579138 459
18 542.82758304805 484
19 542.823618017609 509

0 2513.54213583918 25
1 2551.96264173644 49
2 2180.06548926173 73
3 1861.49339401583 98
4 1404.42818512621 123
5 1020.09060383924 147
6 838.852334342463 173
7 701.513298052401 198
8 628.646127251272 222
9 585.576282089795 246
10 567.274347308733 270
11 553.252712030418 294
12 544.786326549565 318
13 543.309557207224 343
14 542.972422094866 369
15 542.882172572785 395
16 542.845941405075 419
17 542.830244732737 445
18 542.822652737903 469
19 542.818894417687 493

0 2615.60277879866 25
1 2214.28387167266 49
2 2246.05316518454 75
3 1852.37209963484 101
4 1412.83514839636 126
5 1074.174408148 151
6 821.367817595984 175
7 702.474695291087 199
8 632.997577826745 223
9 586.628108909104 247
10 565.546503217654 273
11 553.086556634956 298
12 544.49662772798 322
13 543.303185312897 347
14 542.978399222775 371
15 542.883430475864 395
16 542.847187321638 419
17 542.830997401212 443
18 542.82327471349 468
19 542.819452318097 498

0 2500.04126936223 26
1 2483.59900496008 50
2 2306.39568876513 75
3 1805.32979275634 99
4 1459.99986969427 124
5 1073.40535868549 149
6 848.489133133117 175
7 683.650543438493 202
8 624.224608113245 227
9 584.055523788126 252
10 568.750080769326 280
11 553.903386763805 307
12 544.521054807982 332
13 543.285892375768 356
14 542.966404805255 381
15 542.87403700094 407
16 542.838737985121 431
17 542.823214182448 455
18 542.815886183231 479
19 542.812247237476 504

0 2696.99531540336 25
1 2314.56531058586 50
2 2340.28405725686 76
3 1732.05995359249 102
4 1537.62432945678 127
5 1081.02938430287 151
6 856.046665336516 175
7 707.347831502918 199
8 627.163813706811 223
9 581.978933918636 247
10 568.600701191348 273
11 552.799362765829 298
12 544.983372521494 323
13 543.278301731933 347
14 542.959244429445 371
15 542.868812001974 395
16 542.83426476608 419
17 542.819140099782 443
18 542.81203843747 467
19 542.808467403785 492

0 2635.54772470424 26
1 2425.5373787338 50
2 2347.33276565655 74
3 1793.30903616797 99
4 1381.34463404218 123
5 1078.49405391595 147
6 819.381785138904 172
7 712.854332552598 197
8 628.195953883771 222
9 585.919703441935 246
10 568.097476330356 270
11 553.045023905331 295
12 544.816059985854 319
13 543.304899548505 343
14 542.976462935843 367
15 542.878723196892 391
16 542.84302165258 421
17 542.82712748777 446
18 542.819631965014 470
19 542.815892910187 494

0 2619.80120161542 25
1 2388.01852550603 49
2 2239.15691307553 76
3 1774.42762917738 101
4 1406.26319534428 130
5 1072.28636656269 157
6 835.731260834266 182
7 723.806000752158 207
8 624.318603947664 232
9 585.734950398056 255
10 563.668296808338 280
11 551.612750849753 305
12 544.626571203554 330
13 543.22471281213 355
14 542.954298379189 379
15 542.867046374958 403
16 542.833035771904 427
17 542.818058945853 451
18 542.810956246236 474
19 542.807385078817 499

0 2459.43765138276 26
1 2575.16484428254 50
2 2186.29649155997 74
3 1934.47939291635 99
4 1467.91622445601 123
5 1008.16483011258 147
6 827.634361988184 172
7 706.370079583053 196
8 635.349358644732 221
9 586.521633826858 246
10 566.485134531049 270
11 551.778877968515 294
12 544.745441394927 318
13 543.270198146366 343
14 542.971658830853 366
15 542.875614211262 390
16 542.840778121026 415
17 542.825209783547 440
18 542.81783279713 466
19 542.814167573493 490

0 2559.34369337864 25
1 2650.70149786784 49
2 2367.66617863245 74
3 1896.24765192456 99
4 1467.17447686076 124
5 1027.1476974587 149
6 844.638127245789 175
7 718.00109429158 199
8 634.548114280835 223
9 588.192210212434 247
10 568.472555859345 271
11 553.211071902281 295
12 544.973948934238 319
13 543.378713113809 346
14 543.014219656269 373
15 542.907084207013 397
16 542.865265141672 420
17 542.846880403855 444
18 542.838230446735 468
19 542.833886492945 492

0 2385.97576841316 25
1 2485.80583765185 52
2 2238.74093413703 78
3 1955.58177024308 103
4 1407.8622759258 128
5 1087.04643401813 152
6 831.824719228695 175
7 695.476431643881 200
8 624.301498163599 224
9 586.51179708299 249
10 569.49167462793 275
11 553.413078920143 299
12 544.905479976614 323
13 543.29059204866 347
14 542.987266747215 371
15 542.892200716119 395
16 542.854645440658 419
17 542.837895045123 443
18 542.829890663052 469
19 542.825913818162 493

0 2434.37258280292 25
1 2380.57248860335 49
2 2378.60634043222 73
3 1961.69541043737 99
4 1431.84530729344 123
5 1065.8863327615 148
6 850.520422892766 174
7 705.608984233277 198
8 633.711237263141 222
9 587.877549290354 246
10 567.92681578773 270
11 552.395586581116 294
12 544.719365378507 318
13 543.291988883389 343
14 542.973657724434 369
15 542.878486694896 394
16 542.842174365345 419
17 542.826409121094 443
18 542.818812399753 467
19 542.815025047917 491

0 2310.43031395482 25
1 2536.69608937484 50
2 2440.09469702688 75
3 1744.28366569077 101
4 1401.58815240611 125
5 1060.19488126655 149
6 870.026554613719 175
7 706.826362042153 199
8 631.866006792823 223
9 582.557624608993 248
10 566.52811298046 274
11 553.277432748139 304
12 544.690370154189 331
13 543.284274280149 355
14 542.968361113984 379
15 542.875360108148 403
16 542.841001867548 427
17 542.825331024827 451
18 542.81789232946 477
19 542.814185433021 503

0 2487.21856760776 25
1 2377.96209446915 49
2 2329.42069174342 73
3 1859.11521552814 98
4 1393.92869194687 122
5 1075.26475109813 146
6 835.101936542716 171
7 686.582455743984 197
8 634.501883458987 222
9 587.748173686694 245
10 567.392796312333 269
11 552.878918376805 293
12 544.717039538683 317
13 543.341769308218 341
14 542.982385350735 366
15 542.88616004558 392
16 542.84881701918 416
17 542.83233906713 440
18 542.824481840168 464
19 542.820556404891 488

0 2659.75067921156 25
1 2549.22702887652 48
2 2261.44419861271 73
3 1784.07552161316 100
4 1441.12878344176 126
5 1038.56089055287 151
6 829.979135356577 177
7 725.048851436402 201
8 635.036040662898 226
9 586.181144846832 250
10 568.662234973203 275
11 552.636523438783 300
12 544.672218704614 325
13 543.307621982022 349
14 542.988000736998 373
15 542.887471599642 399
16 542.849439056417 422
17 542.832700051632 446
18 542.824728390181 472
19 542.820746446679 499

0 2605.60152713399 26
1 2427.21317894613 50
2 2244.00178387408 74
3 1721.21701612633 98
4 1457.48711258233 123
5 1040.90633608968 147
6 841.18665538561 171
7 718.6022262944 197
8 629.241656171267 226
9 584.881855281549 251
10 565.049949472879 274
11 553.081737045489 298
12 544.735169404382 322
13 543.29334788137 346
14 542.976442980579 370
15 542.881800948344 395
16 542.846203304354 421
17 542.830465681681 445
18 542.822933772705 469
19 542.819162764325 493

0 2491.6431257558 25
1 2396.90454930876 49
2 2156.91473790082 73
3 1696.20417482868 98
4 1518.22877581145 124
5 1068.64166749424 149
6 816.536327996839 173
7 701.518013406184 197
8 621.415344324101 222
9 588.314543548999 246
10 567.302463667524 270
11 552.844760585468 295
12 544.767271353938 321
13 543.27658589771 345
14 542.957571661352 369
15 542.869310590796 393
16 542.834887219112 417
17 542.819830985122 441
18 542.812679868753 466
19 542.809115278563 491

0 2578.27884928289 27
1 2442.74611180361 53
2 2194.456359701 77
3 1889.77319516258 102
4 1349.77918036082 126
5 1032.26662647526 151
6 855.14538462234 175
7 709.662450925781 199
8 632.538508001018 224
9 588.158478430595 249
10 566.027720732471 274
11 552.904777720072 298
12 544.767148139946 322
13 543.263183515436 346
14 542.958419802322 370
15 542.868735322174 393
16 542.835144938339 418
17 542.820259190798 444
18 542.813094785693 468
19 542.809547047744 492

0 2615.62544346124 26
1 2461.07045628884 50
2 2181.17124818893 75
3 1763.11216033728 99
4 1467.34808155935 125
5 1057.19503892557 154
6 838.627950500666 181
7 699.102289304865 205
8 630.576984348916 229
9 584.742119426023 253
10 566.157162692367 277
11 552.591769301975 301
12 545.055531475691 326
13 543.298367400936 353
14 542.982402530287 378
15 542.884837836636 402
16 542.849214184876 426
17 542.833292791173 452
18 542.825623209997 475
19 542.82180854802 501

0 2386.74871318134 25
1 2360.96630692269 51
2 2298.89981531126 76
3 1796.39434859028 100
4 1411.45687081423 125
5 1065.82552780652 149
6 847.838678545135 173
7 693.419249087516 197
8 627.841028121733 221
9 586.476616139436 246
10 566.643744184703 272
11 552.768872727218 297
12 544.7829133611 321
13 543.333841408898 345
14 542.995893065241 369
15 542.89365171682 393
16 542.854640086002 417
17 542.837682322692 442
18 542.829568625123 468
19 542.825535835349 492

0 2440.36931390058 25
1 2581.64492418703 50
2 2358.47934858844 74
3 1998.9401247499 99
4 1433.78287622891 123
5 1092.51283741539 149
6 839.552426357997 175
7 707.988745579318 199
8 632.147151429222 223
9 586.368937400309 247
10 570.046853527083 271
11 552.438922282272 295
12 544.894426566456 320
13 543.325395471523 346
14 543.006294224744 372
15 542.904455396631 397
16 542.865285862627 422
17 542.847940877695 447
18 542.839639679272 471
19 542.835471738219 495

0 2438.30554414121 25
1 2522.92613700404 51
2 2329.30694834165 81
3 1904.80215587533 107
4 1391.09403446494 131
5 1100.05363734037 155
6 820.206975232865 179
7 710.142159354902 203
8 633.122689978903 227
9 589.853470116254 251
10 565.866075670671 277
11 551.869048483163 302
12 544.730614570405 327
13 543.29314859703 351
14 542.977801049664 375
15 542.881140858808 399
16 542.84565898215 423
17 542.829927350112 446
18 542.822455402766 472
19 542.818709255026 497

0 2454.71412986239 25
1 2472.70835217973 50
2 2376.21929425383 75
3 1930.57467634895 99
4 1332.9057512375 123
5 1039.51317029809 148
6 834.611931671539 174
7 701.457357699877 199
8 633.836015404666 223
9 583.375304837235 247
10 567.655104187245 271
11 551.98837412362 295
12 544.742991979423 319
13 543.385412822078 344
14 543.021646469678 371
15 542.909775125716 397
16 542.868692378463 421
17 542.850379171382 445
18 542.841589507857 471
19 542.837227793083 494

0 2117.69431672327 26
1 2422.32974474351 51
2 2200.33834276051 76
3 1811.04762680613 101
4 1349.19831379782 126
5 1077.53557160301 151
6 853.083657092058 175
7 696.259878327212 200
8 641.696356192656 224
9 590.009303761782 248
10 568.225704039044 272
11 552.476755397899 299
12 544.663895460457 327
13 543.264287587744 352
14 542.957199151247 376
15 542.867862610265 400
16 542.834715634749 424
17 542.819858124511 448
18 542.812737162952 472
19 542.809211265075 497

0 2419.00020505448 26
1 2405.83690643489 51
2 2138.71654154664 77
3 1890.97644917703 102
4 1392.56791715667 126
5 1074.93969799706 150
6 846.953382514098 177
7 715.231530745436 202
8 632.89099829085 227
9 585.050101675623 251
10 567.318783044859 275
11 551.981760454513 299
12 544.777542303744 324
13 543.29276781464 348
14 542.968563352016 373
15 542.877697904858 400
16 542.843012398013 426
17 542.827334704416 450
18 542.819790852062 475
19 542.816043291547 500

0 2490.03279827271 25
1 2626.84218040445 49
2 2282.91772830805 73
3 1872.85413181635 99
4 1345.10745670931 125
5 1069.41184397723 149
6 843.897829647883 173
7 725.233304405837 198
8 629.151941032912 222
9 587.57840042931 245
10 567.228320010039 269
11 552.678299927013 294
12 544.724846408624 320
13 543.235315222054 344
14 542.95688519357 368
15 542.870306687106 392
16 542.836376241945 416
17 542.821784177832 440
18 542.814720550837 464
19 542.811191723226 488

0 2627.96292907053 28
1 2480.06680728087 53
2 2268.58588878551 78
3 1744.85951981936 105
4 1361.57988159284 130
5 1042.81368199593 154
6 840.650526710348 178
7 702.410177819645 205
8 639.737269936037 235
9 585.870843480551 263
10 569.854133620197 288
11 553.02323562143 312
12 544.606164899387 337
13 543.25979247156 361
14 542.980344267157 388
15 542.885716951006 415
16 542.849295052866 440
17 542.833150457594 465
18 542.825436197994 490
19 542.821579405852 515

0 2526.67764946696 25
1 2327.93402228836 50
2 2432.91321160827 74
3 1845.18285002911 99
4 1416.076616775 125
5 988.634608058356 149
6 839.226762058056 173
7 723.723527025782 197
8 632.005648125335 221
9 582.27866641948 245
10 564.816723268732 269
11 551.532187201241 293
12 544.934696844449 319
13 543.288546803273 343
14 542.969684806566 367
15 542.876158109332 392
16 542.841068446365 416
17 542.825698536181 439
18 542.818332255473 463
19 542.814670671694 487

0 2367.00261700239 27
1 2322.04147002237 52
2 2112.11655197117 76
3 1875.81349485915 102
4 1368.04213867749 127
5 1027.24743072445 151
6 853.30193320817 175
7 697.20625018183 200
8 628.72105231565 226
9 591.670496126549 252
10 565.90201139022 276
11 552.394650400992 300
12 544.860333336727 325
13 543.291120843413 349
14 542.97911249289 373
15 542.882615781066 398
16 542.84872219456 425
17 542.832874922258 450
18 542.825365404705 475
19 542.821595725753 498

0 2490.35179697281 27
1 2442.88339181225 52
2 2201.95543227046 76
3 1763.86478785906 100
4 1391.67172147486 127
5 1012.67669304488 156
6 837.995254300893 182
7 688.93389469986 206
8 634.951705625705 230
9 582.73125559288 254
10 564.629547893216 278
11 552.934203246736 302
12 544.52463764035 328
13 543.20428526881 353
14 542.936682686863 378
15 542.854218543312 402
16 542.823171005477 426
17 542.80951625594 450
18 542.802984463424 474
19 542.799706890601 498

0 2763.97326530044 25
1 2679.9089364112 51
2 2124.07592876325 78
3 1802.26936321735 103
4 1449.81711929733 127
5 1046.36494038781 152
6 854.329861942155 176
7 703.729814856773 201
8 634.847582907914 225
9 586.746671812551 250
10 566.542320118223 275
11 552.823025191786 299
12 544.865955658086 323
13 543.329231158396 347
14 542.998471635483 371
15 542.896561723915 396
16 542.858499600974 420
17 542.841374315307 445
18 542.833178854197 471
19 542.829087061526 495

0 2571.34206349956 25
1 2443.12115174992 49
2 2240.98544280522 73
3 1877.3115192132 98
4 1462.85528696716 122
5 1024.08051610474 148
6 823.356161537157 174
7 695.609416413979 198
8 630.659390383083 222
9 584.331479620574 246
10 568.919132063667 270
11 552.303998589394 294
12 544.789949633507 318
13 543.273869245035 342
14 542.957956408833 367
15 542.867943075316 392
16 542.834924742061 416
17 542.820138151571 440
18 542.813167372411 464
19 542.809673595331 488

0 2461.13984558168 25
1 2372.43517459176 50
2 2325.1113767779 79
3 1905.78777867474 107
4 1340.6416680364 133
5 1059.85715533886 159
6 824.335835942278 183
7 719.119116276855 207
8 622.261184652616 232
9 585.921785742109 257
10 566.915741824094 283
11 552.509964300057 307
12 544.577985015226 331
13 543.285956154109 355
14 542.974040899888 379
15 542.879517358108 403
16 542.843218587604 428
17 542.827666568205 454
18 542.820155606358 479
19 542.816433705479 504

0 2453.87201460524 25
1 2479.27257431061 51
2 2363.91614571567 75
3 1928.32116183468 99
4 1328.101313123 123
5 1089.16994005497 148
6 843.943776404404 174
7 723.093331869719 198
8 630.529395851567 223
9 592.161452491231 247
10 567.951446860824 270
11 553.097862919782 294
12 544.784912178452 318
13 543.321779946265 342
14 542.986354755605 367
15 542.888767896891 393
16 542.85067245151 417
17 542.834247485253 441
18 542.826293359292 465
19 542.822366403196 489

0 2641.08716807856 25
1 2570.55209762285 49
2 2165.90284209354 74
3 1845.25106776785 99
4 1414.91140431701 124
5 1047.78891076485 151
6 825.516756825829 175
7 694.835672864717 199
8 636.084583559087 223
9 590.509781014456 248
10 568.073944797199 273
11 552.799935021708 298
12 544.707176144006 323
13 543.286165447235 347
14 542.963318699917 371
15 542.870559414762 395
16 542.835474534768 419
17 542.820442731185 444
18 542.813270385785 468
19 542.809683378641 496

0 2510.27511741885 27
1 2545.17684511132 52
2 2453.8152275954 78
3 1893.49580314673 102
4 1392.23556533328 127
5 1026.0213130241 150
6 843.070962782155 175
7 702.438156461751 200
8 627.127739987744 225
9 583.114851368837 249
10 567.886372629023 273
11 551.735665986721 296
12 544.598262532833 320
13 543.293640562209 348
14 542.986833941992 372
15 542.887598385842 397
16 542.850955531401 422
17 542.834646501053 446
18 542.826747023929 470
19 542.822805207764 494

0 2439.67854844514 24
1 2436.80527616971 49
2 2315.55040086766 73
3 1795.01865093433 98
4 1373.77057809407 124
5 1046.36646990294 148
6 826.925801553527 175
7 693.473460861365 200
8 639.770407547206 224
9 587.159247728006 247
10 564.502756142425 272
11 552.398880879857 297
12 544.617537804882 322
13 543.252400601617 347
14 542.957616953315 371
15 542.866533509017 395
16 542.832986556218 420
17 542.818289310711 444
18 542.81120171537 468
19 542.807669061273 495

0 2492.85916836645 26
1 2405.69150000283 51
2 2405.91969354565 76
3 1761.91390565603 103
4 1393.02546241627 127
5 1049.58964216339 151
6 851.8695896044 175
7 699.454922984735 200
8 623.913070414632 225
9 591.837675659094 249
10 567.061476266543 275
11 552.085512622803 299
12 544.93160855372 322
13 543.27510804876 346
14 542.967105971986 370
15 542.876161925271 394
16 542.841176004153 422
17 542.825849143923 451
18 542.818464879135 477
19 542.814783566731 502

0 2483.49226318417 25
1 2368.32718687972 49
2 2334.76469856432 73
3 1927.70888346597 98
4 1382.49551359245 125
5 1048.65233136329 150
6 837.275670072012 176
7 707.169277809614 200
8 633.031789872475 224
9 585.234906800088 248
10 566.698358495742 274
11 551.278707606871 298
12 544.701146289746 323
13 543.294382347876 347
14 542.974816407907 373
15 542.878102085155 397
16 542.841963139767 421
17 542.826146425134 445
18 542.818611155197 469
19 542.814870683149 495

0 2331.25407562502 26
1 2331.817010298 51
2 2083.73850905087 76
3 1796.86337474983 102
4 1443.91846141688 126
5 1115.5342625886 150
6 832.033040369753 174
7 711.697513459495 198
8 626.012575638463 222
9 587.267481300336 248
10 565.130592443862 273
11 552.249935709239 297
12 544.681422360975 320
13 543.282079385992 344
14 542.974603284753 368
15 542.878779156568 392
16 542.843093260533 416
17 542.827520413903 442
18 542.820054817843 466
19 542.816309503625 490

0 2510.01053904526 25
1 2427.06629074791 49
2 2432.60192858427 73
3 1813.1159599266 97
4 1377.86538306193 128
5 1052.21241566116 156
6 845.370242471914 180
7 695.366746723327 206
8 626.88056052272 230
9 588.677179843592 254
10 564.829344050688 278
11 553.643209681991 303
12 544.791971912491 328
13 543.28611638398 356
14 542.98055544851 383
15 542.879924287269 408
16 542.843166922691 432
17 542.826944199333 456
18 542.819185488721 480
19 542.815339516691 504

0 2623.59314011351 26
1 2558.90413400287 52
2 2371.73819805669 77
3 1867.97384952648 103
4 1398.54944472333 128
5 1067.96526042093 152
6 823.370042513878 176
7 709.966180220594 201
8 634.335799450783 226
9 587.696298583343 251
10 567.609926421881 277
11 553.305911981935 302
12 544.888677090957 326
13 543.302179403513 350
14 542.98193270478 376
15 542.890527648658 400
16 542.852984208955 424
17 542.83624309313 449
18 542.82826281861 474
19 542.824288723215 499

0 2635.18745254337 25
1 2449.4770125705 49
2 2199.51954083545 74
3 1909.62256190581 98
4 1473.93475950625 122
5 1064.28198870442 148
6 845.264677785483 173
7 718.208420023579 199
8 636.636048724885 223
9 586.335012475154 248
10 566.509544705667 271
11 552.167869275017 298
12 544.677082716613 323
13 543.242354292555 348
14 542.961834144217 374
15 542.873559165461 398
16 542.840150146069 422
17 542.825152067596 446
18 542.817849274932 470
19 542.814224933953 494

0 2577.63639897555 26
1 2335.32668165372 51
2 2378.49497082775 76
3 1897.67673712583 102
4 1319.0082161899 129
5 1067.21516095885 153
6 860.237422954282 177
7 703.681434871523 201
8 625.845992332707 225
9 587.506196854155 250
10 567.614387705525 279
11 551.723844445954 306
12 544.85162274487 331
13 543.333535813695 355
14 542.999388867011 379
15 542.897421517515 403
16 542.858500802065 427
17 542.840866860354 451
18 542.832518269942 477
19 542.828380214979 501

0 2714.54136759592 25
1 2511.35232810403 49
2 2225.0705532974 73
3 1745.82710265128 97
4 1412.1102387835 123
5 1015.39421430115 148
6 811.050433208002 173
7 701.303239766715 198
8 625.828797072282 224
9 588.551254272502 247
10 565.883953127757 271
11 552.712355356829 295
12 544.634297954518 319
13 543.237292510256 343
14 542.957448453217 368
15 542.866202102792 393
16 542.832871757375 418
17 542.818330086315 442
18 542.811365394606 466
19 542.807870351558 490

0 2450.21574022485 27
1 2518.34685093828 51
2 2253.47514285814 77
3 1845.10411668161 103
4 1413.76736269765 127
5 1042.6257762343 152
6 837.589083020661 175
7 707.716300333539 200
8 633.231040552471 224
9 586.664826141349 247
10 567.505520191705 272
11 552.95898950686 297
12 544.850030071387 322
13 543.253755188848 346
14 542.950301693508 369
15 542.861953936674 394
16 542.829268612785 418
17 542.814588531228 442
18 542.807572556963 466
19 542.804088539658 491

