0 180938.46938637 685
1 163582.761244845 773
2 128009.073305184 860
3 86726.9345095057 948
4 55409.3021608714 1033
5 36019.6010094385 1122
6 23134.8366926514 1208
7 14345.6454914515 1293
8 8594.31143160101 1379
9 5177.06646061207 1467
10 3432.25727545981 1557
11 2622.87558848898 1644
12 2257.36605698722 1732
13 2089.29500729727 1819
14 2007.34356674183 1906
15 1963.17042368896 1997
16 1936.66896944338 2083
17 1919.37379777411 2172
18 1907.44371083141 2257
19 1898.9316128312 2345
20 1892.7329869047 2432
21 1888.16179948062 2517
22 1884.76351491206 2606
23 1882.22364276962 2694
24 1880.31832364243 2781
25 1878.8852256767 2866
26 1877.80517877023 2956
27 1876.9899680107 3043
28 1876.37391347534 3128
29 1875.90790928003 3216
30 1875.55512727153 3303
31 1875.28788164635 3393
32 1875.08532052738 3480
33 1874.93171549327 3567
34 1874.8151881264 3655
35 1874.72675846637 3740
36 1874.65963195977 3826
37 1874.6086639045 3912
38 1874.56995645077 4000
39 1874.54055487958 4087
40 1874.51821840375 4173
41 1874.50124701627 4260

0 180883.355586181 679
1 161715.061812773 766
2 118097.476550277 853
3 72181.7662169095 940
4 47410.3506421288 1026
5 33335.7458296737 1113
6 24962.6858709472 1200
7 19819.0609938682 1285
8 16389.0770554098 1373
9 13812.7338107271 1459
10 11653.4840337452 1547
11 9717.70803758933 1635
12 7988.93440889113 1722
13 6503.85537624173 1812
14 5262.89621007792 1899
15 4253.84581346507 1991
16 3452.66564875801 2079
17 2856.21564672099 2165
18 2487.7717273103 2252
19 2282.27248263988 2337
20 2158.39001908447 2424
21 2076.6403417329 2511
22 2020.13643430974 2598
23 1980.2385714465 2683
24 1951.73045992941 2772
25 1931.19146701928 2857
26 1916.29496590847 2942
27 1905.42878513402 3030
28 1897.46243657787 3116
29 1891.59587577974 3205
30 1887.25845288123 3290
31 1884.04028728711 3379
32 1881.64511235319 3465
33 1879.85755649362 3550
34 1878.5202437339 3636
35 1877.51763906877 3724
36 1876.76456798028 3810
37 1876.19800194429 3896
38 1875.77114365747 3983
39 1875.44914335223 4070
40 1875.20597982402 4156
41 1875.02217841042 4242
42 1874.8831339281 4328
43 1874.77787325239 4419
44 1874.69813898934 4505
45 1874.63770872664 4594
46 1874.5918878363 4682
47 1874.55713061328 4768
48 1874.53075663442 4855
49 1874.51073797781 4942
50 1874.49553931835 5030

0 180176.008110941 674
1 159430.381729471 763
2 113115.318894276 851
3 64946.4010891436 937
4 38807.83117699 1024
5 25288.3580893058 1110
6 16926.6551168849 1196
7 11394.0641122003 1282
8 7975.60196477443 1369
9 5896.15196689959 1454
10 4604.20994489059 1539
11 3785.75139824457 1626
12 3251.88672772963 1712
13 2890.69674980387 1801
14 2634.59791222079 1888
15 2447.25687229516 1974
16 2307.8243932969 2061
17 2203.07332873621 2148
18 2123.96624907419 2238
19 2064.04604252062 2323
20 2018.57912084465 2413
21 1984.04324304238 2498
22 1957.79425842809 2585
23 1937.83660684318 2670
24 1922.65935191801 2756
25 1911.11624492818 2843
26 1902.33667401029 2929
27 1895.65891842885 3018
28 1890.57982433467 3103
29 1886.71672217173 3190
30 1883.778542754 3276
31 1881.54388016998 3363
32 1879.84431727713 3449
33 1878.55174546876 3536
34 1877.56871951624 3623
35 1876.82112015038 3709
36 1876.25257198401 3797
37 1875.8201968458 3884
38 1875.49138313072 3970
39 1875.24132817297 4057
40 1875.05116874786 4143
41 1874.90655901545 4229
42 1874.79658885754 4315
43 1874.71296115563 4402
44 1874.64936604253 4488
45 1874.60100498001 4575
46 1874.56422879795 4661
47 1874.53626241263 4747
48 1874.51499546903 4836
49 1874.49882312408 4921

0 182022.291851618 679
1 167506.285761541 765
2 133708.039658715 851
3 89447.7221650874 939
4 55077.1372905984 1025
5 33746.2656943191 1112
6 22563.9135303731 1198
7 16481.0742538213 1283
8 12594.0851986931 1368
9 9695.35516587612 1453
10 7355.01533618073 1541
11 5522.27174316669 1627
12 4187.64546527919 1715
13 3268.4956073519 1801
14 2668.28719834002 1888
15 2292.26494064069 1975
16 2074.73132107918 2060
17 1973.39553784637 2145
18 1927.96959371602 2231
19 1905.93940039409 2318
20 1894.17666935636 2403
21 1887.38007484298 2489
22 1883.21013977902 2575
23 1880.53233653795 2660
24 1878.75144891202 2747
25 1877.53464849494 2833
26 1876.68574845203 2919
27 1876.08387467877 3007
28 1875.6517441323 3092
29 1875.33840527808 3180
30 1875.10941328809 3267
31 1874.94100451776 3355
32 1874.81651369917 3442
33 1874.72409834817 3529
34 1874.65525270546 3615
35 1874.60381412929 3700
36 1874.56528550539 3787
37 1874.53636552173 3872
38 1874.51461857527 3960
39 1874.49824016274 4047

0 180304.875610482 676
1 161412.476688202 763
2 123702.258854466 849
3 85103.4737613172 936
4 62490.6748475135 1023
5 49952.9131122574 1109
6 41838.0453877198 1196
7 36226.0314662033 1283
8 32200.2351792751 1371
9 29241.0604942713 1456
10 27084.5538955746 1545
11 25479.3478252887 1631
12 24241.2197526907 1719
13 23233.0237459652 1807
14 22360.4890660092 1894
15 21575.21464457 1983
16 20849.1160778695 2068
17 20159.1111476686 2156
18 19488.5644797001 2242
19 18833.6397519306 2329
20 18190.8760004095 2415
21 17555.9566525469 2501
22 16928.2638595231 2590
23 16307.8777320939 2677
24 15694.7004797235 2764
25 15089.1842923754 2851
26 14488.6314980277 2938
27 13889.0635088135 3024
28 13287.5381513065 3110
29 12682.9706502301 3198
30 12072.0601631483 3284
31 11453.8541541793 3373
32 10827.7829875447 3459
33 10193.4203848284 3545
34 9553.36444188915 3632
35 8906.38778803033 3719
36 8259.92266250986 3806
37 7617.06129229299 3893
38 6986.86433351947 3982
39 6373.19965546858 4068
40 5782.88033376817 4155
41 5221.73910991189 4241
42 4690.19629148748 4327
43 4190.46559046861 4415
44 3727.4558060049 4500
45 3298.21120815442 4590
46 2905.72082405612 4677
47 2569.86864953642 4764
48 2310.56542695693 4851
49 2135.13974446637 4937
50 2027.81612514872 5025
51 1965.87003404551 5111
52 1931.24645304664 5199
53 1911.6890225491 5284
54 1900.07170205055 5371
55 1892.69733251086 5458
56 1887.71354674626 5543
57 1884.21115275737 5631
58 1881.6923409416 5716
59 1879.85397437371 5805
60 1878.49864350036 5892
61 1877.49225630695 5980
62 1876.7410807927 6069
63 1876.17823850038 6155
64 1875.75528999569 6243
65 1875.43676122972 6329
66 1875.19645962784 6416
67 1875.01492706173 6502
68 1874.87764146577 6589
69 1874.77372635415 6675
70 1874.69501331121 6761
71 1874.63535449232 6848
72 1874.59011484426 6934
73 1874.55579499612 7022
74 1874.52974999257 7108
75 1874.50997880457 7196
76 1874.49496638344 7282

0 179903.666418648 678
1 158903.500412831 766
2 114980.006212654 852
3 65822.183994746 941
4 37093.1735481022 1026
5 22630.6084135246 1111
6 14572.3904503407 1197
7 9576.21649770182 1283
8 6444.42594928243 1372
9 4571.35321040147 1458
10 3494.63985149746 1546
11 2880.84680855517 1634
12 2519.48654769329 1723
13 2306.66910929266 1808
14 2176.55885615891 1895
15 2091.85627253705 1982
16 2033.67963743799 2069
17 1992.32772328036 2156
18 1962.31983217753 2241
19 1940.25942530447 2327
20 1923.9017808754 2415
21 1911.70050424996 2501
22 1902.56082044068 2588
23 1895.6931777865 2674
24 1890.52072020929 2761
25 1886.61806322667 2846
26 1883.66939437821 2932
27 1881.43907358349 3021
28 1879.75061772225 3108
29 1878.47146896465 3197
30 1877.50184001274 3283
31 1876.76648094921 3370
32 1876.20856629863 3455
33 1875.78513558135 3542
34 1875.463680525 3630
35 1875.21958346301 3716
36 1875.03419038105 3804
37 1874.89335880359 3889
38 1874.78636193496 3976
39 1874.70506067747 4062
40 1874.64327743241 4147
41 1874.59632212483 4234
42 1874.56063320178 4319
43 1874.53350555846 4411
44 1874.51288424346 4496
45 1874.49720797429 4585

0 182603.211320534 671
1 159394.188569021 759
2 98132.4571093977 845
3 48710.3100659852 931
4 30086.5322973809 1019
5 20890.0172975501 1105
6 14521.4874163665 1193
7 9873.36329022235 1283
8 6667.15622019312 1369
9 4665.92359864879 1456
10 3531.99859846814 1542
11 2907.21271212325 1630
12 2555.04692531857 1717
13 2346.44428199332 1803
14 2216.48066991282 1890
15 2128.76676777505 1976
16 2065.8196260993 2064
17 2019.19029342479 2151
18 1984.17250761397 2239
19 1957.72084907742 2325
20 1937.68551012808 2411
21 1922.48874403336 2497
22 1910.95282238747 2584
23 1902.19158741414 2674
24 1895.53554596782 2761
25 1890.47775630391 2849
26 1886.63385219409 2935
27 1883.7121644661 3021
28 1881.49124601244 3107
29 1879.8029032591 3194
30 1878.51935640665 3280
31 1877.54351017579 3366
32 1876.8015747139 3453
33 1876.23746544611 3539
34 1875.80855111549 3625
35 1875.48242440468 3712
36 1875.23444861853 3798
37 1875.04589358608 3885
38 1874.90251906398 3971
39 1874.79349808961 4060
40 1874.71059862909 4147
41 1874.64756150746 4234
42 1874.59962751392 4321
43 1874.56317789139 4407
44 1874.5354610129 4494
45 1874.51438457642 4580
46 1874.49835760694 4667

0 181791.348757991 675
1 163695.395647418 761
2 124414.180667899 850
3 80529.0602957546 935
4 55802.6458704667 1023
5 43499.1705402821 1111
6 36702.1981937768 1197
7 32248.559281108 1284
8 28912.6599639311 1370
9 26288.1939680821 1456
10 24246.4980223559 1542
11 22641.587053615 1629
12 21348.3936417531 1714
13 20277.8866054719 1799
14 19358.9223157374 1886
15 18536.9199068225 1971
16 17784.7521198576 2058
17 17080.3799915126 2144
18 16412.723780424 2235
19 15770.3882358015 2321
20 15144.6348215764 2408
21 14528.6420419404 2496
22 13918.4090872805 2582
23 13309.2586365797 2669
24 12697.4247228278 2755
25 12078.1757029412 2843
26 11452.236029757 2929
27 10819.1923618112 3014
28 10177.7600479017 3101
29 9529.05906720707 3187
30 8875.04547045361 3275
31 8221.40197350824 3362
32 7572.53062730341 3449
33 6936.08563115537 3535
34 6318.21221858872 3622
35 5724.93543949782 3710
36 5161.169085906 3796
37 4628.42790224049 3885
38 4128.47664348284 3971
39 3665.53679929996 4058
40 3238.30413915285 4143
41 2849.91507947148 4229
42 2524.78980550618 4316
43 2280.19291650602 4403
44 2116.53362119598 4490
45 2017.23746020991 4577
46 1959.78057686705 4665
47 1928.18686342149 4752
48 1910.32560422305 4839
49 1899.53622960247 4926
50 1892.49063937126 5012
51 1887.63476466408 5103
52 1884.18387117578 5189
53 1881.68581395222 5278
54 1879.8553088043 5364
55 1878.50242947405 5449
56 1877.49632265594 5537
57 1876.74465506138 5624
58 1876.18113205915 5712
59 1875.75753868808 5798
60 1875.43847115959 5885
61 1875.1977448135 5971
62 1875.0158873217 6059
63 1874.87835714095 6146
64 1874.77425946437 6232
65 1874.6954106825 6318
66 1874.63565106558 6403
67 1874.59033654085 6494
68 1874.55596100267 6580
69 1874.52987450838 6666
70 1874.51007234951 6752
71 1874.49503676518 6839

0 180945.287803814 677
1 160031.34393496 763
2 110176.097695255 850
3 59048.197831044 936
4 37950.3097050452 1022
5 29842.1999913594 1112
6 25459.8436731263 1199
7 22324.5983183122 1288
8 19682.9817854025 1374
9 17262.566964314 1460
10 15016.0777348869 1546
11 12982.9473298307 1633
12 11198.6425716825 1720
13 9669.01374780463 1806
14 8382.32689571383 1895
15 7305.72214042263 1981
16 6400.3718185838 2069
17 5642.25152246717 2156
18 4991.81408004613 2242
19 4427.45170915429 2339
20 3938.06070925487 2425
21 3511.67562114461 2517
22 3144.20496735569 2603
23 2825.91661195225 2691
24 2553.37137064912 2778
25 2321.29004277055 2865
26 2148.19601264969 2952
27 2041.67138723939 3038
28 1982.2152048087 3125
29 1948.06841973496 3211
30 1926.86798040268 3300
31 1912.72457121316 3386
32 1902.82147751894 3473
33 1895.6757399018 3560
34 1890.42174443302 3647
35 1886.5122695782 3734
36 1883.58092792773 3821
37 1881.3721899077 3910
38 1879.70267662463 3997
39 1878.43818581773 4084
40 1877.47920537602 4171
41 1876.75130346901 4257
42 1876.19849129804 4345
43 1875.77849806302 4432
44 1875.45933371874 4520
45 1875.21675106686 4606
46 1875.03235309576 4693
47 1874.89217219524 4781
48 1874.78559899703 4868
49 1874.70457253463 4955
50 1874.64296684627 5041
51 1874.59612580999 5129
52 1874.56051010791 5214
53 1874.53342914715 5302
54 1874.51283741858 5390
55 1874.49717976584 5475

0 180599.752222612 679
1 162862.671668471 765
2 118677.702455367 852
3 65635.6576311114 939
4 39151.9296076887 1025
5 27568.6971213901 1113
6 20248.4749876286 1198
7 14497.9630020437 1292
8 10009.0974171108 1378
9 6796.436830874 1466
10 4759.85744826523 1553
11 3559.26827794197 1640
12 2870.9751007733 1726
13 2460.43980528442 1816
14 2210.23662940444 1906
15 2064.12678753388 1991
16 1982.74950761793 2078
17 1940.31351168473 2165
18 1917.26438335734 2252
19 1903.54128540344 2338
20 1894.77840343472 2425
21 1888.9286319674 2512
22 1884.9064701205 2599
23 1882.08143597156 2687
24 1880.06493648576 2774
25 1878.60740390575 2862
26 1877.54347121961 2949
27 1876.76078623711 3035
28 1876.18143783707 3126
29 1875.75048493531 3213
30 1875.42865022391 3301
31 1875.18753963685 3386
32 1875.0064399781 3474
33 1874.87012960155 3562
34 1874.76735536579 3648
35 1874.68975735155 3737
36 1874.63110023829 3824
37 1874.58671817173 3911
38 1874.55311035702 3998
39 1874.52764434153 4086
40 1874.50833701698 4174
41 1874.4936921873 4260

0 183014.741204451 676
1 168608.632554144 762
2 129314.267062508 849
3 74567.1528900549 935
4 45860.2567646684 1022
5 33686.1149226037 1109
6 27240.8751516639 1194
7 23049.0718778345 1288
8 20006.8128532553 1373
9 17654.9790999994 1462
10 15761.813498363 1549
11 14214.2459417802 1634
12 12949.4389600329 1721
13 11884.4373237079 1806
14 10955.938575297 1894
15 10111.9754990081 1980
16 9319.09301737346 2066
17 8558.23737517709 2153
18 7824.98353238692 2241
19 7129.0909897757 2328
20 6474.29036982001 2414
21 5859.08699563512 2502
22 5286.9949631322 2588
23 4756.56967399961 2675
24 4268.87671247155 2763
25 3822.4239040767 2849
26 3420.67317978567 2936
27 3068.69176531743 3023
28 2767.06283949658 3110
29 2516.14820629431 3196
30 2317.08035382424 3284
31 2168.95048348092 3371
32 2065.50842410913 3456
33 1997.85224799807 3543
34 1955.3660705319 3628
35 1930.31035862901 3716
36 1914.24815458644 3802
37 1903.28485446167 3889
38 1895.56384808518 3975
39 1890.02776523691 4062
40 1886.00940508708 4150
41 1883.06597674748 4236
42 1880.89470468471 4325
43 1879.28414397172 4412
44 1878.08423035158 4499
45 1877.18709952287 4584
46 1876.51442996723 4670
47 1876.00888674224 4756
48 1875.62822133843 4842
49 1875.34113554446 4933
50 1875.12434216053 5019
51 1874.96045259365 5107
52 1874.8364445344 5195
53 1874.74254183767 5282
54 1874.67139049012 5370
55 1874.61744918386 5455
56 1874.57653661726 5546
57 1874.54549398182 5631
58 1874.52193255364 5719
59 1874.50404444373 5806

0 182012.784019802 676
1 169538.207110786 763
2 143330.301945035 848
3 100912.922815361 936
4 62526.0942998456 1023
5 39427.7080930998 1110
6 26377.7043349726 1198
7 18530.7828191071 1284
8 13314.4090110523 1372
9 9520.86655127012 1459
10 6852.56594948782 1548
11 5126.25699667846 1634
12 4038.87998705594 1721
13 3347.02736841459 1807
14 2898.49478497139 1893
15 2601.43538693947 1981
16 2404.29665068762 2068
17 2268.75759799029 2155
18 2171.26532638637 2242
19 2099.06507859475 2329
20 2044.83658465086 2414
21 2003.84773022317 2500
22 1972.77545504913 2590
23 1949.18700350762 2676
24 1931.2667483871 2766
25 1917.64729390542 2855
26 1907.29420619409 2942
27 1899.42313195976 3028
28 1893.43860703442 3114
29 1888.88826159763 3202
30 1885.42830278962 3289
31 1882.7973973607 3377
32 1880.79686828714 3463
33 1879.27566113025 3551
34 1878.11892364702 3638
35 1877.23932687866 3725
36 1876.57046814182 3811
37 1876.06185585178 3896
38 1875.67509658168 3986
39 1875.38099601567 4072
40 1875.15735468167 4160
41 1874.98729191782 4245
42 1874.85797146605 4332
43 1874.75963243976 4420
44 1874.68485248331 4507
45 1874.62798748395 4598
46 1874.58474552902 4685
47 1874.55186294151 4773
48 1874.52685793486 4860
49 1874.50784328906 4947
50 1874.49338390687 5035

0 182341.255826846 679
1 167818.848151794 766
2 130492.430498261 852
3 76032.2555972001 938
4 44471.4151802714 1025
5 30672.2713688305 1113
6 24569.9211268426 1200
7 21541.6288306798 1287
8 19730.2553341534 1375
9 18476.8308224972 1462
10 17562.7470624188 1551
11 16889.8440986461 1638
12 16380.6487994558 1724
13 15972.2426842645 1814
14 15621.3031456623 1902
15 15299.7517433315 1994
16 14989.498388694 2080
17 14680.1986028975 2168
18 14367.0004314662 2255
19 14042.1358098635 2340
20 13708.1902482954 2426
21 13360.3418033617 2513
22 12998.617489094 2604
23 12620.0831118274 2690
24 12227.3895160555 2777
25 11818.41485107 2865
26 11391.2313689154 2951
27 10948.3646641349 3042
28 10486.5776127591 3129
29 10005.3242740106 3219
30 9507.10144223037 3308
31 8989.98721537066 3396
32 8457.49591151727 3482
33 7911.02120403755 3572
34 7353.62637990708 3660
35 6792.81336759566 3746
36 6233.38563327795 3833
37 5682.05509232544 3919
38 5147.68639767607 4007
39 4628.86239454558 4094
40 4135.22689151031 4179
41 3665.05237133001 4267
42 3231.05580838585 4353
43 2849.89151932106 4442
44 2533.06514431313 4530
45 2289.20542836428 4619
46 2116.69169676235 4708
47 2006.55701794922 4795
48 1942.3282722833 4881
49 1908.02504783645 4967
50 1890.70086793571 5055
51 1882.41948726362 5141
52 1878.50967632943 5229
53 1876.62387928568 5315
54 1875.68052224996 5404
55 1875.18699325945 5492
56 1874.91542602676 5579
57 1874.75773232459 5669
58 1874.66111046162 5755
59 1874.59889321791 5844
60 1874.55708731357 5932
61 1874.52802186309 6022
62 1874.50728437149 6109
63 1874.49220676374 6195

0 182904.057607736 688
1 170020.951915019 773
2 141324.394723752 861
3 94420.9027515952 946
4 54295.5381404245 1034
5 32920.8237279322 1120
6 22208.7713963852 1206
7 15797.1498110181 1294
8 11407.2910204406 1380
9 8220.86381056641 1468
10 5895.4567866232 1554
11 4282.59563478663 1641
12 3262.90946534136 1727
13 2684.29179447408 1812
14 2364.59641401839 1899
15 2182.03756759261 1985
16 2072.8458649585 2072
17 2004.78848538028 2156
18 1961.16144205276 2242
19 1932.6878183473 2329
20 1913.87592124088 2416
21 1901.33231059694 2501
22 1892.90381875275 2586
23 1887.20113104474 2673
24 1883.31742753958 2758
25 1880.65564983374 2844
26 1878.81985814975 2931
27 1877.54580949357 3016
28 1876.65610246398 3102
29 1876.03095047645 3187
30 1875.58900759495 3273
31 1875.27471485929 3357
32 1875.04990470836 3443
33 1874.88820212549 3528
34 1874.77127215837 3614
35 1874.68629228605 3699
36 1874.62424111807 3785
37 1874.57873369351 3870
38 1874.54522449907 3955
39 1874.5204590697 4039
40 1874.50209447816 4130

0 177674.852379024 676
1 145686.588369215 763
2 83496.4061605585 847
3 47310.3545584296 932
4 34350.6095813031 1018
5 28241.4647684842 1104
6 24238.1922769263 1191
7 20863.1409714377 1277
8 17526.8859505372 1364
9 14009.7452367861 1451
10 10498.7129851501 1536
11 7500.95515566616 1623
12 5254.43651226619 1709
13 3719.21914556082 1796
14 2808.64639400811 1882
15 2341.23915996034 1968
16 2115.51336842603 2054
17 2005.06592405413 2140
18 1948.51511675742 2228
19 1918.22829582849 2313
20 1901.34616082965 2399
21 1891.57703672749 2485
22 1885.71420203473 2572
23 1882.06915197293 2657
24 1879.72634889393 2743
25 1878.17459979168 2834
26 1877.11960156178 2920
27 1876.38642769653 3008
28 1875.86769345475 3094
29 1875.49537073062 3179
30 1875.22507978315 3266
31 1875.02709625722 3352
32 1874.88105291498 3440
33 1874.77272419047 3525
34 1874.69201633504 3612
35 1874.63167517191 3698
36 1874.5864333714 3784
37 1874.55243460363 3870
38 1874.52683682225 3955
39 1874.50753430377 4043
40 1874.49296013907 4128

0 180763.860884159 680
1 163926.450753752 766
2 122842.297209734 852
3 67774.5860593297 939
4 37952.9997409309 1025
5 25694.0572893689 1112
6 19682.9994813679 1198
7 15870.7198119137 1284
8 13245.2056474409 1371
9 11315.9537757034 1457
10 9827.46966781517 1546
11 8629.01932116774 1632
12 7625.73322692072 1720
13 6761.15804823289 1807
14 6011.80695123556 1894
15 5354.51201831966 1980
16 4766.77211446982 2066
17 4239.0586758203 2152
18 3757.49808069331 2238
19 3316.31970128847 2326
20 2918.25848789743 2412
21 2580.28598781291 2498
22 2318.24737399411 2585
23 2139.50063973187 2670
24 2028.73130375313 2757
25 1963.96928264362 2842
26 1928.3529924397 2930
27 1908.69851301111 3018
28 1897.35379705034 3104
29 1890.39003632431 3191
30 1885.818183877 3277
31 1882.68157423136 3364
32 1880.47223305573 3450
33 1878.8890340818 3537
34 1877.74058313787 3623
35 1876.89989204765 3709
36 1876.28019854587 3795
37 1875.8209301508 3881
38 1875.47909627686 3969
39 1875.22379305739 4054
40 1875.03258241223 4143
41 1874.88904411748 4229
42 1874.78108608541 4316
43 1874.69975825509 4407
44 1874.63840867315 4492
45 1874.59207647498 4580
46 1874.55705140861 4666
47 1874.53055190435 4753
48 1874.51048839327 4838
49 1874.49528844284 4924

0 182149.161019539 674
1 169121.010992896 759
2 142223.988464543 848
3 101411.799370363 934
4 64681.2040718768 1020
5 42161.0413369818 1106
6 30085.7171433873 1191
7 22749.5520167507 1279
8 17680.6946097438 1363
9 14043.5907935405 1450
10 11367.2115730462 1536
11 9323.26712690126 1623
12 7731.74991989895 1708
13 6484.66736156268 1793
14 5512.54449465762 1880
15 4753.84317285336 1964
16 4153.7044814134 2050
17 3670.05063245408 2137
18 3271.2236044476 2223
19 2935.43380952362 2313
20 2655.68998918752 2399
21 2428.71962975095 2486
22 2252.17087421522 2571
23 2125.2957157893 2658
24 2039.94785166232 2743
25 1986.24247695155 2829
26 1953.30706098348 2916
27 1931.66891910325 3001
28 1916.59393537332 3088
29 1905.76741804881 3173
30 1897.85914571142 3260
31 1892.01974431304 3345
32 1887.6758918349 3432
33 1884.42750543963 3518
34 1881.98904360624 3604
35 1880.15342294719 3695
36 1878.76870692696 3781
37 1877.72247158458 3869
38 1876.93101027746 3954
39 1876.33170980245 4040
40 1875.877572717 4127
41 1875.53323011495 4212
42 1875.27201073889 4300
43 1875.07377062539 4386
44 1874.92327694127 4472
45 1874.80899937123 4558
46 1874.72220332374 4644
47 1874.65626785104 4731
48 1874.60617157359 4816
49 1874.56810461295 4904
50 1874.53917527517 4990
51 1874.5171881247 5077
52 1874.50047593274 5164

0 182263.740330143 677
1 167244.25910759 763
2 134241.206076013 849
3 90466.0190222198 938
4 60394.4037710053 1029
5 44109.8236762 1114
6 34777.3697789887 1202
7 28467.5238826706 1288
8 23503.016902251 1376
9 19309.9701761745 1463
10 15736.159408799 1549
11 12779.5454974392 1637
12 10420.5817183415 1725
13 8606.41244791604 1811
14 7232.28396373089 1898
15 6174.78449807978 1986
16 5345.73595422343 2072
17 4669.38252862098 2159
18 4095.97495971054 2246
19 3593.12726749725 2334
20 3142.78720133465 2423
21 2748.39222358859 2510
22 2413.23677531095 2597
23 2161.52264496649 2682
24 2014.58146642721 2769
25 1944.13686046942 2858
26 1911.74339065028 2944
27 1896.03453389186 3033
28 1887.67073190996 3119
29 1882.84643362723 3207
30 1879.91762820287 3294
31 1878.08046795606 3380
32 1876.90014948644 3468
33 1876.12688482505 3555
34 1875.6117321248 3642
35 1875.26345239284 3729
36 1875.02490542547 3817
37 1874.85961263092 3903
38 1874.74388546627 3990
39 1874.6621042018 4077
40 1874.6038268205 4162
41 1874.56198521683 4253
42 1874.53174056898 4341
43 1874.50974577142 4428
44 1874.49366350084 4514

0 181563.015493651 671
1 166519.984316518 757
2 133960.437676734 843
3 87803.0607418054 931
4 55814.6198407051 1018
5 39402.7215672482 1105
6 29977.5921784059 1192
7 24096.4129607192 1279
8 20416.1403165101 1367
9 17965.0589621251 1453
10 16204.3493873103 1540
11 14915.7774499486 1626
12 13930.3534687903 1713
13 13143.2757547573 1801
14 12476.8634831759 1888
15 11885.813664362 1976
16 11333.8725626671 2061
17 10807.0947965929 2149
18 10288.6380308995 2234
19 9767.85288519329 2321
20 9238.70227794429 2408
21 8699.27162082972 2495
22 8152.13813373447 2584
23 7597.79181721209 2670
24 7036.58690783147 2760
25 6472.89654416957 2847
26 5916.44021959663 2934
27 5370.9641862114 3020
28 4841.27136351866 3106
29 4339.21743930571 3194
30 3878.68287739886 3280
31 3469.36432225892 3368
32 3108.46304518771 3453
33 2796.76912411579 3539
34 2525.63035311678 3625
35 2302.65462987322 3712
36 2132.0177151401 3799
37 2015.69340953241 3886
38 1946.41516026409 3981
39 1909.46643458119 4068
40 1891.21132546583 4157
41 1882.51107338891 4243
42 1878.40466022506 4330
43 1876.44491856469 4417
44 1875.49031787298 4503
45 1875.01334924877 4592
46 1874.76791765344 4679
47 1874.63729579865 4766
48 1874.56507277763 4851
49 1874.52343615795 4938
50 1874.49836702975 5026
51 1874.48261794368 5111

0 181572.433360947 678
1 166849.79234345 765
2 134319.639568372 855
3 91006.2915603772 941
4 61000.9083997386 1026
5 43560.3757186725 1114
6 32462.4305417511 1199
7 24963.15548947 1285
8 19573.9851286987 1371
9 15637.7952342889 1456
10 12866.0260086632 1543
11 10944.3387280688 1629
12 9588.17409025531 1721
13 8586.27838691613 1807
14 7779.92900676033 1895
15 7077.79829104022 1982
16 6420.38175998597 2068
17 5771.87187474719 2153
18 5109.32202855354 2238
19 4416.71519444552 2326
20 3721.31625729284 2413
21 3127.98460598908 2501
22 2672.65741784034 2587
23 2340.17822461682 2675
24 2121.01517776581 2762
25 1994.71475389889 2849
26 1929.76119426937 2939
27 1900.016576366 3025
28 1887.32373567868 3116
29 1881.69882920252 3202
30 1878.92390794437 3288
31 1877.39551427494 3384
32 1876.47677840529 3471
33 1875.88735958504 3558
34 1875.49062331305 3644
35 1875.21406084585 3733
36 1875.01635765246 3820
37 1874.87248994572 3907
38 1874.76648663094 3993
39 1874.68770237286 4079
40 1874.62879316026 4165
41 1874.58455796135 4253
42 1874.55124152919 4341
43 1874.5260944158 4427
44 1874.50708344262 4515
45 1874.49269441782 4602

0 180189.520902875 674
1 157232.802421838 760
2 101857.127297955 847
3 52541.478460962 934
4 31481.972389612 1020
5 22192.0815165615 1107
6 17054.5954353728 1193
7 13785.2099117928 1280
8 11527.3964567095 1371
9 9883.09691330253 1457
10 8614.07401717903 1546
11 7587.2399067888 1633
12 6730.46494786556 1720
13 5998.08475184485 1806
14 5361.29076114586 1892
15 4800.5953652734 1978
16 4297.34940948464 2064
17 3845.78397198663 2151
18 3437.64654258801 2237
19 3068.12510021454 2323
20 2732.32056489653 2411
21 2431.41945448394 2497
22 2208.73591794555 2586
23 2067.33702241139 2673
24 1980.74188817282 2762
25 1933.80889394868 2849
26 1909.99391671906 2937
27 1897.38700650365 3028
28 1890.09112912561 3116
29 1885.52021633579 3203
30 1882.48132770573 3290
31 1880.37259799554 3380
32 1878.86444624262 3467
33 1877.76317182422 3554
34 1876.94769199785 3640
35 1876.33824500047 3726
36 1875.88002816797 3813
37 1875.5341692468 3900
38 1875.27245852036 3987
39 1875.0740991236 4074
40 1874.92359622441 4160
41 1874.80932453028 4249
42 1874.72252210688 4336
43 1874.65656549407 4424
44 1874.60643808818 4511
45 1874.56833550592 4599
46 1874.53937025485 4685
47 1874.5173495374 4771
48 1874.50060749387 4857

0 178731.551837826 676
1 152935.49121705 769
2 97610.6279362477 856
3 54472.4889415622 946
4 34878.7556627254 1032
5 23678.491399523 1120
6 16402.9465677325 1207
7 11614.3711900244 1293
8 8451.52559284473 1380
9 6335.9306041304 1465
10 4933.22865393687 1552
11 4013.16273996836 1638
12 3399.11502980326 1724
13 2976.48332178129 1811
14 2679.04966976288 1898
15 2467.53812803646 1985
16 2315.1712314329 2070
17 2203.79533863389 2161
18 2121.45864315451 2249
19 2060.1604835366 2337
20 2014.32982328696 2425
21 1979.9638690931 2512
22 1954.13756697649 2599
23 1934.69404773979 2686
24 1920.03394928 2774
25 1908.96650936037 2861
26 1900.60233942105 2948
27 1894.27538920876 3035
28 1889.48574738453 3121
29 1885.85748496977 3209
30 1883.10744631467 3296
31 1881.02205713077 3384
32 1879.44003412546 3471
33 1878.2394583312 3560
34 1877.32808744128 3648
35 1876.63608040337 3735
36 1876.11052379138 3822
37 1875.71130737858 3908
38 1875.40801222762 3996
39 1875.1775600665 4083
40 1875.00243598767 4171
41 1874.86934351993 4258
42 1874.76818616423 4343
43 1874.69129568249 4433
44 1874.63284705263 4521
45 1874.58841474172 4609
46 1874.55463603567 4695
47 1874.5289555128 4784
48 1874.50943105094 4869
49 1874.49458651598 4955

0 183079.053111222 679
1 172697.317385531 765
2 148337.598872329 853
3 103505.486145413 939
4 62552.4073571218 1024
5 39741.8264736719 1111
6 26996.7072324181 1197
7 19288.0965614906 1285
8 14099.6488691654 1372
9 10392.17328163 1461
10 7696.85369087954 1548
11 5800.33981876933 1635
12 4506.01081261834 1722
13 3663.96548232507 1808
14 3121.27589500476 1893
15 2764.97441985355 1980
16 2522.43807458689 2067
17 2351.57690164389 2154
18 2228.48492747438 2240
19 2138.54479741988 2326
20 2072.21032898205 2412
21 2022.96518238047 2500
22 1986.23188171647 2586
23 1958.732597392 2674
24 1938.0884904091 2759
25 1922.55635616256 2845
26 1910.84954340079 2933
27 1902.0131426635 3020
28 1895.33540325143 3108
29 1890.28400135549 3194
30 1886.45970961861 3281
31 1883.56244471389 3368
32 1881.36622728228 3454
33 1879.70062032012 3541
34 1878.43691266329 3629
35 1877.47779936566 3717
36 1876.74965208324 3804
37 1876.19671574669 3892
38 1875.77674285397 3978
39 1875.45770379197 4063
40 1875.21530450824 4150
41 1875.03111118258 4238
42 1874.89113206232 4329
43 1874.7847441102 4416
44 1874.70388005171 4504
45 1874.64241227637 4590
46 1874.59568568781 4678
47 1874.56016334042 4765
48 1874.5331575328 4850
49 1874.51262568688 4938
50 1874.49701536284 5024

0 181501.836516874 677
1 166066.835021051 770
2 127163.33953479 857
3 73200.894595275 943
4 42734.2239288538 1030
5 30438.093600959 1118
6 24836.106810133 1204
7 21532.6113462894 1291
8 19236.3749867095 1376
9 17394.2149199826 1463
10 15755.676377648 1550
11 14200.7375451346 1638
12 12685.8157986996 1726
13 11229.8549359493 1812
14 9845.95820035014 1899
15 8537.97431388583 1985
16 7309.46226943521 2069
17 6167.8150366525 2159
18 5167.67960850528 2245
19 4339.15285086334 2335
20 3682.08434872666 2421
21 3169.27805006744 2507
22 2780.11177746044 2593
23 2488.7751572353 2679
24 2278.36471315862 2769
25 2133.05492041357 2856
26 2038.51791552392 2944
27 1979.90275782327 3029
28 1945.12827737147 3118
29 1923.22217591976 3204
30 1909.29704522894 3290
31 1899.9579381119 3377
32 1893.37270795113 3463
33 1888.59400445823 3557
34 1885.07160150333 3643
35 1882.45110341622 3730
36 1880.48999717846 3817
37 1879.01648197108 3905
38 1877.90623155446 3992
39 1877.06801356692 4077
40 1876.43424429972 4164
41 1875.95452868989 4250
42 1875.59111383886 4337
43 1875.3156230739 4422
44 1875.10667519439 4508
45 1874.94813063461 4593
46 1874.82778965302 4680
47 1874.73642074086 4770
48 1874.66703257741 4856
49 1874.61432685431 4944
50 1874.57428611351 5032
51 1874.54386274647 5118
52 1874.52074401074 5205
53 1874.50317429195 5292

0 182049.330218511 675
1 166847.640529199 760
2 132931.117750117 846
3 90495.7043046849 933
4 64604.1532113794 1019
5 52914.1153830337 1110
6 47021.7354662131 1196
7 43589.2202576923 1283
8 41280.4809666672 1371
9 39477.16904612 1460
10 37903.6731492985 1546
11 36399.4077907198 1631
12 34887.0271909595 1718
13 33351.3473480011 1804
14 31822.4140547487 1891
15 30362.8930215941 1978
16 29014.0010110748 2064
17 27788.5548694613 2150
18 26687.6903340628 2236
19 25702.3095283117 2323
20 24821.0954868468 2409
21 24037.40981822 2502
22 23343.0774998321 2588
23 22731.1796701173 2676
24 22188.3394959352 2761
25 21700.9822902757 2847
26 21258.1861255847 2934
27 20851.6158282607 3020
28 20475.0622649158 3108
29 20122.1304709912 3193
30 19790.7802030875 3280
31 19478.1645809362 3366
32 19179.573515353 3453
33 18891.4081341096 3541
34 18609.8872062672 3627
35 18333.2453394267 3715
36 18060.9617322197 3801
37 17789.0875790117 3888
38 17515.4369105359 3976
39 17236.4024357161 4062
40 16951.601207288 4149
41 16661.1384424604 4236
42 16360.8835731758 4324
43 16048.4734106306 4410
44 15722.870765368 4497
45 15385.3987513191 4582
46 15037.5033981032 4668
47 14672.4576250579 4755
48 14290.3705657481 4841
49 13898.0088288769 4929
50 13492.9473096064 5015
51 13071.2599955412 5101
52 12638.2805163402 5187
53 12195.404570098 5272
54 11740.7260276084 5363
55 11274.4960352674 5449
56 10801.5165441524 5537
57 10317.2616932608 5624
58 9821.72565334171 5710
59 9316.68734807081 5797
60 8797.98785373161 5884
61 8268.73183129241 5972
62 7730.46040774833 6058
63 7184.67806861002 6146
64 6636.69147959108 6231
65 6092.92951583776 6317
66 5559.44868425134 6403
67 5044.50534549722 6491
68 4552.44103542555 6579
69 4090.45250106285 6665
70 3664.066528959 6755
71 3280.23911926532 6841
72 2943.26166710671 6928
73 2655.9641251232 7015
74 2421.54770563601 7101
75 2240.78146706542 7189
76 2110.68842172156 7276
77 2023.14096162967 7364
78 1966.81971693801 7450
79 1934.5145392833 7538
80 1915.42213613443 7626
81 1903.19403511612 7711
82 1894.95688046038 7799
83 1889.25322700446 7885
84 1885.23320327862 7972
85 1882.36210379591 8059
86 1880.2898331851 8146
87 1878.78119844779 8236
88 1877.67507278482 8322
89 1876.85928404392 8411
90 1876.25467963923 8500
91 1875.80476478929 8587
92 1875.4688241675 8673
93 1875.21727283997 8759
94 1875.02846374095 8850
95 1874.88646457715 8938
96 1874.77949076475 9024
97 1874.69878896995 9111
98 1874.63783428675 9200
99 1874.59174829908 9285
100 1874.55687432994 9375
101 1874.53046557112 9462
102 1874.5104549226 9550
103 1874.49528439116 9640

