0 45898.9583932138 115
1 39248.1162510378 138
2 25966.0233447374 161
3 14940.0773429126 185
4 9310.9892214205 210
5 6754.3630310889 234
6 5408.73389891195 259
7 4601.70685925608 282
8 4098.42158296518 305
9 3767.01614798941 328
10 3533.05576720069 353
11 3350.42496379007 378
12 3192.59479625357 402
13 3045.47138773591 425
14 2902.67677033939 449
15 2760.80527669207 472
16 2614.03222924285 496
17 2463.026702477 519
18 2308.08047611548 542
19 2148.61585492328 565
20 1987.25048748049 589
21 1825.29784825285 613
22 1665.35199092251 636
23 1509.57026762111 660
24 1359.35245665571 683
25 1218.84988629106 707
26 1090.6097276568 730
27 973.54808874258 753
28 870.965709745289 777
29 779.872864738007 801
30 704.624722786942 825
31 643.610676618965 848
32 601.057938302053 871
33 573.278056488303 896
34 557.953191961849 919
35 550.088086323203 943
36 546.332329382897 967
37 544.561467347213 990
38 543.707696679693 1015
39 543.278767565379 1039
40 543.051770722046 1062
41 542.92444939525 1086
42 542.848615107124 1109
43 542.800793180952 1132
44 542.769099310552 1155
45 542.747240251942 1179
46 542.731707492815 1203
47 542.720433322089 1227
48 542.712130077534 1251
49 542.705954811694 1274
50 542.70133234484 1297

0 44818.380395078 116
1 34368.2705462192 140
2 19595.9787808691 163
3 12466.8911685641 186
4 9645.88208406729 211
5 8188.37652550731 235
6 7241.15486245174 258
7 6532.59407406539 282
8 6002.04960558077 306
9 5622.93986798359 331
10 5353.19150094545 356
11 5159.68839474151 379
12 5010.93191095735 402
13 4893.8649758624 425
14 4797.52022280498 448
15 4715.73633606965 471
16 4644.91688311578 494
17 4581.51625890844 519
18 4525.80828472243 544
19 4476.0813399788 567
20 4430.94545313509 590
21 4387.20008101416 614
22 4343.82525923072 638
23 4298.92293405267 661
24 4252.22806496203 684
25 4201.61766795868 708
26 4147.73243828818 732
27 4089.55667111435 756
28 4026.77706493406 779
29 3958.17356820025 802
30 3884.21136789736 826
31 3803.68749010775 849
32 3716.30961360819 872
33 3622.481470324 895
34 3520.04239326087 919
35 3410.55690684527 943
36 3291.42397328724 967
37 3164.19699400648 990
38 3027.63237657055 1014
39 2882.8272558693 1037
40 2729.29636057168 1061
41 2567.75476827441 1084
42 2399.0706534184 1108
43 2225.39655840071 1133
44 2048.19665818724 1157
45 1869.88551568709 1180
46 1691.93369799913 1203
47 1518.10093428038 1227
48 1349.25743929251 1250
49 1187.9083703317 1274
50 1037.41211757411 1298
51 903.349942348489 1322
52 787.689515720641 1345
53 696.550756933458 1369
54 630.007850157053 1393
55 588.006837108457 1417
56 564.810277011558 1440
57 553.43586849904 1464
58 548.288937951416 1487
59 545.889110231916 1510
60 544.673162875752 1535
61 543.999097643728 1559
62 543.594016751734 1582
63 543.333875599669 1605
64 543.158068173994 1629
65 543.034769093436 1653
66 542.946039861568 1676
67 542.881069967634 1700
68 542.832947637367 1723
69 542.79703435476 1748
70 542.770099780284 1773
71 542.749833246667 1796
72 542.734550914921 1819
73 542.723010167804 1843
74 542.714286226582 1866
75 542.707686971579 1889
76 542.702692456515 1913

0 45966.0064835204 119
1 41114.805387919 144
2 30187.3807785648 170
3 16826.9039646107 195
4 9348.55483362995 223
5 5730.01513819071 248
6 3701.00407565042 274
7 2443.80917999068 299
8 1698.44054526284 325
9 1266.0039256663 352
10 1006.77138863985 378
11 843.499461356976 403
12 737.662652962459 430
13 665.804054639168 456
14 617.160265586461 482
15 585.196604027742 507
16 565.56535560143 533
17 554.095183162816 559
18 548.958015619479 584
19 546.716215138842 610
20 545.50560611718 637
21 544.72415001291 663
22 544.179418070133 689
23 543.788324928833 714
24 543.503679105492 740
25 543.29482699176 766
26 543.140713660738 791
27 543.026493689979 817
28 542.941541202529 843
29 542.878172488604 868
30 542.830788544087 894
31 542.79528445099 920
32 542.768635534896 945
33 542.748603712156 970
34 542.733527045864 996
35 542.722167703818 1022
36 542.713601360416 1048
37 542.707136278391 1073
38 542.702253810527 1099

0 46030.7332401897 114
1 40857.4474167046 139
2 30279.6337826353 164
3 18944.69996039 188
4 11776.6967030481 211
5 8032.87704215979 235
6 5912.64784416871 258
7 4446.47891053643 281
8 3351.17960424247 304
9 2542.74203647307 329
10 1962.40906277707 353
11 1556.49855684681 377
12 1280.73451709493 401
13 1089.21354251377 424
14 951.529460255328 448
15 850.191622297968 471
16 774.606557753018 494
17 717.848486854031 517
18 675.086158686027 541
19 642.813352829846 565
20 618.433687366533 588
21 600.005695315212 611
22 586.07063469177 634
23 575.529723052776 657
24 567.554157044176 681
25 561.518241372084 705
26 556.949340049039 729
27 553.490278530961 753
28 550.871041074748 778
29 548.887439182179 801
30 547.385021230515 825
31 546.24692844036 848
32 545.384725003946 871
33 544.731471184392 894
34 544.236488850822 917
35 543.861404622964 942
36 543.577157871703 965
37 543.361737659523 989
38 543.19847058382 1013
39 543.07472510722 1036
40 542.980930851596 1059
41 542.909836146858 1083
42 542.855945854345 1107
43 542.815095625697 1131
44 542.784129440944 1155
45 542.760655341529 1179
46 542.742860376591 1202
47 542.729370394891 1225
48 542.719143805917 1248
49 542.711391074242 1272
50 542.705513709976 1295
51 542.701058031607 1318

0 45714.2160250505 116
1 38428.4488197535 142
2 23081.9053761672 167
3 11174.2537586748 193
4 5919.88008829625 218
5 3408.8064296073 246
6 2119.43885228043 273
7 1440.14042567828 299
8 1067.53987754173 326
9 860.449183281284 351
10 747.178615531916 377
11 681.964505379535 402
12 642.36848384329 428
13 616.163805666934 455
14 597.621385749624 481
15 584.025053596136 506
16 573.889824855335 531
17 566.276945587239 557
18 560.537308261645 582
19 556.201416345403 608
20 552.922256816178 634
21 550.440578018685 660
22 548.561599820502 686
23 547.138520452908 712
24 546.060493592921 737
25 545.24372589996 763
26 544.624827263587 788
27 544.155818466229 814
28 543.800371655834 840
29 543.530973742318 866
30 543.326783459269 892
31 543.172011083902 917
32 543.05469260884 943
33 542.965761937347 969
34 542.89834842029 994
35 542.847244873623 1020
36 542.808504625123 1046
37 542.779136248033 1072
38 542.756872271365 1098
39 542.739993921658 1123
40 542.727198311321 1149
41 542.717497786125 1175
42 542.710143640517 1200
43 542.704568298317 1226
44 542.700341487487 1253

0 45212.0637304205 114
1 40306.6318964145 137
2 33014.7193181507 161
3 25634.4267955535 184
4 19307.3501257989 209
5 14390.1951595346 233
6 10782.3719741489 257
7 8026.58347028545 280
8 5889.05302631044 304
9 4262.20667988694 327
10 3106.00246337653 350
11 2317.61327156459 374
12 1769.96228318189 398
13 1384.73883567039 423
14 1109.18845565326 448
15 909.667732011994 472
16 764.736360491342 495
17 664.125624856983 519
18 605.381493276059 542
19 575.298489502051 566
20 560.33685933696 590
21 552.79026526047 614
22 548.79015262399 638
23 546.528761547102 661
24 545.178658150307 684
25 544.339925314041 708
26 543.803475737538 731
27 543.452533684724 754
28 543.218676516579 777
29 543.060386560646 801
30 542.951784309494 825
31 542.876380952096 849
32 542.823473907025 872
33 542.786002868236 895
34 542.759242751402 919
35 542.73999012489 942
36 542.726047579848 965
37 542.7158916454 989
38 542.708455793637 1013
39 542.702986759804 1037
40 542.698948240265 1060

0 46567.1000316753 115
1 42012.4674282545 141
2 31996.7952064969 168
3 19521.8903271396 194
4 12851.3087520095 219
5 9780.70302561033 245
6 8179.65932289078 270
7 7265.53813184361 296
8 6676.25659770563 321
9 6253.60899656998 347
10 5923.40393854151 373
11 5649.92665985252 398
12 5421.27097327277 424
13 5220.39462153909 449
14 5046.25393232789 475
15 4892.56163542579 500
16 4765.59654031884 526
17 4661.06990517023 551
18 4579.81331491357 578
19 4510.30542853042 603
20 4446.24696868339 629
21 4384.34769100041 655
22 4322.23864344773 680
23 4260.3346634227 705
24 4195.36311756615 731
25 4127.84584852817 758
26 4058.66657145396 784
27 3986.13881676007 811
28 3911.48779790047 836
29 3833.27802836675 862
30 3750.31195046634 887
31 3662.65096236436 913
32 3570.32468170067 938
33 3476.1411835548 964
34 3377.13783059508 991
35 3273.42163431761 1016
36 3164.29741963388 1042
37 3050.32531041764 1067
38 2931.72062316181 1093
39 2807.26365042231 1119
40 2676.97952757417 1144
41 2540.34687191903 1171
42 2396.09761371349 1197
43 2246.32668295102 1223
44 2089.53847904159 1248
45 1927.88138249496 1273
46 1761.50190887546 1298
47 1598.33050889835 1324
48 1438.35841174638 1349
49 1288.06424742579 1376
50 1148.48277962141 1402
51 1022.2760213476 1428
52 909.129559697558 1453
53 810.97618458698 1479
54 727.778554322083 1504
55 662.345912874446 1530
56 614.031094046115 1556
57 582.903511864151 1582
58 564.219878352868 1608
59 554.32896084429 1634
60 549.21390148084 1659
61 546.486685440668 1684
62 544.97858177182 1710
63 544.114642868781 1735
64 543.602828435786 1761
65 543.289903733133 1788
66 543.092921877607 1814
67 542.965604779908 1841
68 542.881358175353 1867
69 542.82445362199 1892
70 542.785328794761 1918
71 542.7580168945 1946
72 542.738703807392 1972
73 542.724897231373 1998
74 542.714936034942 2024
75 542.707693403236 2049
76 542.702393023555 2075

0 45764.4019864375 114
1 41551.710787095 138
2 34805.3422647526 162
3 27445.7189582434 185
4 21797.0872395789 208
5 17845.8961135673 231
6 15300.3447193717 254
7 13679.4447191493 277
8 12509.9133163917 302
9 11508.1009705391 327
10 10544.8570576614 351
11 9587.29495730914 375
12 8662.47814641074 398
13 7811.87669228773 421
14 7032.23035322535 444
15 6337.0879889351 468
16 5722.80381771876 491
17 5187.65841314235 516
18 4737.92058168722 539
19 4377.49719599833 562
20 4102.72010029333 585
21 3898.52137687727 609
22 3736.20283953669 632
23 3592.04696926832 655
24 3452.05233119855 679
25 3312.57225210212 703
26 3171.82332750759 727
27 3031.90693474401 751
28 2890.03034719954 774
29 2743.84694963963 797
30 2594.6091083035 820
31 2443.73505792048 843
32 2287.63835812721 867
33 2129.36711470589 889
34 1970.70222001563 913
35 1810.83163892069 938
36 1652.80466548054 961
37 1499.02577396433 985
38 1352.09996293117 1008
39 1213.53630317802 1031
40 1084.75353428411 1055
41 968.968885543951 1078
42 867.661692080361 1101
43 781.615021281073 1125
44 711.538164434577 1149
45 657.573350360591 1172
46 618.222848390087 1195
47 591.704336296207 1218
48 572.690528734637 1242
49 562.230449748593 1265
50 556.037173591237 1289
51 552.046815924378 1313
52 549.356115761783 1336
53 547.494704899215 1359
54 546.184339516956 1383
55 545.249554585891 1406
56 544.575608569068 1429
57 544.085537270231 1452
58 543.726672519852 1476
59 543.462374148112 1499
60 543.266800038686 1525
61 543.121513317803 1549
62 543.013233163635 1574
63 542.932315427621 1597
64 542.871709315479 1620
65 542.826230714443 1644
66 542.79204980795 1668
67 542.766325940668 1695
68 542.746945038536 1719
69 542.732329300983 1744
70 542.72129835032 1767
71 542.712967346153 1791
72 542.706671860395 1815
73 542.701912254387 1838

0 45663.6881806836 117
1 40092.4589241033 142
2 30109.3286427082 167
3 19132.3073368848 193
4 11309.4320477961 218
5 7042.22712008868 244
6 4528.08024529549 269
7 2984.10668836493 296
8 2065.92591152119 323
9 1512.73172616534 348
10 1168.08090522828 374
11 949.501784700495 400
12 814.043821628201 426
13 721.111145139285 451
14 658.61049089576 477
15 620.211781280742 504
16 597.116579155123 529
17 582.260991554957 555
18 572.019414031082 580
19 564.642983789192 605
20 559.20564147186 631
21 555.149727315058 657
22 552.105031871528 683
23 549.811254958337 709
24 548.079535557461 735
25 546.770445679059 761
26 545.780022356147 786
27 545.03028770751 812
28 544.462543050392 837
29 544.032502898524 863
30 543.706707959671 890
31 543.459854899788 916
32 543.272796315683 941
33 543.131036869444 967
34 543.023599684798 992
35 542.942170463398 1018
36 542.880450590585 1043
37 542.833667843753 1069
38 542.798206118535 1095
39 542.771325119872 1123
40 542.750948101609 1149
41 542.735501101837 1175
42 542.723791160644 1200
43 542.714914056099 1226
44 542.708184395989 1251
45 542.703082643803 1276

0 46561.9277382824 115
1 42848.5928669832 139
2 34880.8544075057 161
3 23040.6661054042 184
4 14589.3668035004 208
5 10387.6414025255 232
6 7989.15190578304 256
7 6451.41972414713 279
8 5289.99826172925 302
9 4286.61909381985 325
10 3331.29196294554 348
11 2437.65605840718 372
12 1729.89231363523 396
13 1262.7166502674 419
14 967.880928334325 444
15 786.827183501081 468
16 684.011446889409 491
17 631.198091523576 515
18 604.163334767783 538
19 587.710684639914 562
20 576.283116118926 585
21 567.937789980094 609
22 561.730404388884 633
23 557.075755929715 657
24 553.570807195926 681
25 550.925282740685 704
26 548.925573528042 728
27 547.412660641172 751
28 546.267373321832 774
29 545.400045190681 798
30 544.743042039027 821
31 544.245268008544 845
32 543.868082225828 869
33 543.58224312302 893
34 543.365611981731 916
35 543.201422324487 939
36 543.076973406734 963
37 542.982642721693 986
38 542.911139034257 1009
39 542.856937050425 1033
40 542.815849391346 1057
41 542.7847024348 1081
42 542.761090768725 1104
43 542.743191163825 1128
44 542.729621620971 1151
45 542.719334561741 1174
46 542.711535884996 1198
47 542.705623622087 1221
48 542.701141442398 1246

0 45950.3876806761 119
1 38860.2078368274 144
2 26205.8548848038 170
3 15787.9580356714 195
4 10242.6647983623 222
5 7329.70396567323 248
6 5616.88522270155 273
7 4492.44104347147 299
8 3684.30774174173 324
9 3053.92394168935 350
10 2547.53672133298 376
11 2126.82579004709 403
12 1767.47141562981 429
13 1458.11036560322 454
14 1193.93744844604 480
15 985.373306175162 505
16 835.911223824271 531
17 734.879868757394 556
18 669.10583465001 582
19 627.296525556178 608
20 600.233218418298 634
21 582.314375268797 660
22 570.25924326837 685
23 562.051759134234 711
24 556.405889772682 737
25 552.484461953166 762
26 549.735635898157 787
27 547.79197007781 814
28 546.406445686634 840
29 545.41139693019 866
30 544.691919260195 891
31 544.168515664689 917
32 543.785678013744 942
33 543.504307367045 968
34 543.29663596504 994
35 543.142792829563 1020
36 543.028458732394 1047
37 542.943249848051 1072
38 542.879593434341 1097
39 542.831938896585 1123
40 542.796199603971 1148
41 542.769354915714 1175
42 542.749164411932 1201
43 542.733961359409 1228
44 542.722502563258 1253
45 542.713858633174 1279
46 542.707333407311 1305
47 542.702404538541 1331

0 46433.3856853915 116
1 43161.0813222505 142
2 36420.8305060595 166
3 26339.6121769668 189
4 17927.7431881211 212
5 12632.7083152999 236
6 9573.86607207308 259
7 7823.69747509961 283
8 6755.88528108068 307
9 6031.43597011434 330
10 5506.55478048175 355
11 5127.13588959195 378
12 4835.11184569379 401
13 4590.61849296643 425
14 4370.57334037421 448
15 4163.57638802899 471
16 3960.84766421535 495
17 3756.3969381075 519
18 3552.63764665181 542
19 3346.08793238349 565
20 3139.03248256832 588
21 2928.53786131046 611
22 2718.33344948444 634
23 2509.38440365756 657
24 2301.72255739439 681
25 2098.11843268262 705
26 1902.00671992744 729
27 1714.03542672877 752
28 1532.67262210327 775
29 1362.9855882597 798
30 1207.62632052637 822
31 1062.18754246046 845
32 932.028644500258 869
33 819.777623365268 894
34 729.300425228677 918
35 659.071406816536 942
36 611.50617348882 965
37 583.770842593866 989
38 568.739468409568 1012
39 560.366163900666 1035
40 555.253247893336 1059
41 551.832834628032 1082
42 549.423265411631 1106
43 547.683381302564 1130
44 546.410362976411 1153
45 545.471181684416 1177
46 544.774280383263 1200
47 544.254957055749 1224
48 543.866712226037 1247
49 543.575733268051 1270
50 543.357220399471 1293
51 543.192866012818 1317
52 543.069087748936 1341
53 542.975769749897 1364
54 542.905354796498 1387
55 542.852183253141 1410
56 542.812008141757 1434
57 542.781637337029 1457
58 542.75866833114 1481
59 542.741290884313 1506
60 542.728139740288 1531
61 542.71818443238 1555
62 542.710646669915 1579
63 542.704938295918 1603
64 542.700614626762 1626

0 46566.9792405304 117
1 42401.50286292 142
2 32959.4556934014 167
3 20248.8065304345 193
4 12285.487550939 219
5 8347.64339749531 245
6 6356.81288184019 270
7 5220.66891444506 296
8 4475.00660672988 323
9 3954.91729461272 348
10 3562.79458814387 373
11 3244.75726653041 399
12 2959.00871929269 424
13 2688.5360969175 450
14 2428.82527278581 475
15 2179.58174849321 501
16 1942.30437000387 527
17 1723.11799014442 553
18 1521.5334000057 578
19 1343.02307490186 603
20 1184.89352616946 629
21 1045.51673958081 654
22 926.7243203156 680
23 827.914891476529 707
24 749.167955477348 732
25 686.927322137124 758
26 638.665116618805 783
27 603.033513301761 808
28 578.63054906233 834
29 563.450595205723 859
30 555.038707788149 885
31 550.520987629798 911
32 547.901918511254 936
33 546.265581195197 961
34 545.193685972296 987
35 544.46963226551 1012
36 543.969602288175 1037
37 543.618367510692 1063
38 543.368317158232 1089
39 543.188377286139 1115
40 543.057759111193 1141
41 542.962269238256 1167
42 542.892053080624 1192
43 542.840172630501 1218
44 542.801686478317 1243
45 542.773041185866 1269
46 542.751660768885 1297
47 542.735665165935 1324
48 542.723674399223 1350
49 542.714670675491 1376
50 542.707900266507 1401
51 542.702803066628 1426

0 45935.7857392672 115
1 40815.1396449932 138
2 31322.5922104809 162
3 19883.9943072826 185
4 11167.1910062764 208
5 6449.53209814408 231
6 3951.72631564435 254
7 2577.60460153731 278
8 1787.53434326465 302
9 1323.14351846099 325
10 1046.75821350135 349
11 877.510000473523 372
12 777.189302704842 395
13 713.143155167859 419
14 668.999288303229 442
15 637.187646936101 465
16 613.740145397085 490
17 596.258494275706 513
18 583.144776949482 537
19 573.273290439809 560
20 565.826700758038 583
21 560.201711636483 607
22 555.948833242329 630
23 552.731303584758 653
24 550.295940591613 677
25 548.45196713348 701
26 547.055407974135 725
27 545.997490599932 748
28 545.195973557501 771
29 544.588639024903 794
30 544.128396879072 817
31 543.779594479642 841
32 543.515231566053 865
33 543.314856210915 889
34 543.162974112546 912
35 543.047845302669 936
36 542.960573514309 959
37 542.894416792296 983
38 542.844265451991 1006
39 542.806246676728 1029
40 542.777424981138 1053
41 542.755575265706 1077
42 542.739010850974 1101
43 542.726453159771 1124
44 542.716932953691 1148
45 542.709715478632 1171
46 542.704243728581 1194
47 542.70009544046 1217

0 46354.8866577914 119
1 42071.1570601219 145
2 34416.5490223055 170
3 25118.3153231923 196
4 17739.8806693274 221
5 12954.7481789646 246
6 10035.3936082111 273
7 8128.29957889732 300
8 6825.78526144565 325
9 5930.84762873837 351
10 5316.55248345245 377
11 4871.7298100881 403
12 4537.85184579135 428
13 4284.72013469086 454
14 4091.83181396279 480
15 3936.36518895695 506
16 3799.02722398754 532
17 3668.18706331701 557
18 3539.2145054265 582
19 3410.33461164221 608
20 3279.03354994154 633
21 3145.9338484985 659
22 3011.03733264844 687
23 2873.67644061744 713
24 2732.18297509064 739
25 2587.99516532611 764
26 2440.81197971485 790
27 2286.3088486954 816
28 2125.32416022655 841
29 1964.43399680801 867
30 1802.34430854504 894
31 1642.98393461549 920
32 1489.67415448719 946
33 1342.56467376095 971
34 1204.65441244726 998
35 1077.32265361211 1023
36 962.353395357822 1049
37 860.931713327859 1074
38 774.642323247228 1101
39 704.745770201964 1127
40 650.845940594475 1152
41 612.325913189597 1178
42 587.139843302684 1204
43 569.609154975779 1229
44 560.022378945512 1255
45 554.338712262127 1281
46 550.723512867591 1308
47 548.331117905352 1333
48 546.70652981664 1359
49 545.581575149074 1385
50 544.790280128345 1410
51 544.226502802654 1436
52 543.820578014678 1462
53 543.525768914364 1490
54 543.310127916512 1517
55 543.151464651387 1544
56 543.034154775281 1570
57 542.947069481974 1596
58 542.882204367435 1621
59 542.833754725064 1647
60 542.797481786635 1673
61 542.770272176823 1700
62 542.749827870442 1727
63 542.734445641228 1753
64 542.722858710094 1778
65 542.714122140662 1804
66 542.707529326233 1829
67 542.702550775467 1855

0 46277.2787928472 116
1 42630.8690486844 140
2 35679.9010724997 163
3 25225.4726590725 186
4 16230.2845227998 210
5 11088.302806775 233
6 7817.26149229937 258
7 5354.64023866557 281
8 3483.68843354788 306
9 2267.17878008941 329
10 1568.68540952525 352
11 1169.78169144906 376
12 929.208493529343 399
13 770.656848642994 423
14 670.868671621663 447
15 609.918283766392 471
16 575.751089897549 495
17 559.230187737174 519
18 551.861803535267 542
19 548.399244836188 565
20 546.544478144503 589
21 545.414558587298 612
22 544.665359841819 635
23 544.143687304999 660
24 543.769786761737 683
25 543.496887548774 707
26 543.295312618957 730
27 543.145216394356 753
28 543.032835564939 776
29 542.948374492496 799
30 542.884731011072 823
31 542.836687382394 847
32 542.800374321009 871
33 542.772903587279 895
34 542.75210929572 918
35 542.736362014175 941
36 542.724433130063 964
37 542.715394792559 987
38 542.708545511355 1011
39 542.703354520198 1034

0 46023.6736670511 118
1 40993.9189063459 143
2 31825.7292967507 168
3 21713.0081714786 193
4 14535.6008717857 220
5 9920.68895931748 246
6 7137.91882753215 272
7 5480.25920584452 298
8 4439.47318878589 323
9 3757.5154741893 349
10 3269.66675853204 374
11 2900.87712496643 399
12 2601.16288227748 425
13 2348.50928106299 452
14 2125.35930020415 477
15 1920.57397651096 502
16 1731.98291798492 528
17 1556.69522660157 553
18 1396.29664940022 578
19 1249.36968427196 604
20 1116.22116406453 630
21 997.001349514714 657
22 892.877534942523 682
23 803.8109200186 708
24 730.897307270509 733
25 673.518748208898 759
26 630.55002820268 785
27 600.137723571989 811
28 579.560233856764 838
29 567.124898011058 864
30 559.611924866299 890
31 554.720776075362 916
32 551.376316483517 942
33 549.026901991898 968
34 547.348027272958 993
35 546.133633488692 1019
36 545.247154436128 1045
37 544.595472438876 1071
38 544.113747069888 1096
39 543.756090365247 1122
40 543.489611984798 1147
41 543.290499659481 1172
42 543.141374889325 1198
43 543.029472642432 1224
44 542.945367491777 1251
45 542.88207010689 1276
46 542.834379356911 1302
47 542.7984135097 1327
48 542.77126849383 1353
49 542.750767248343 1378
50 542.735274938218 1403
51 542.723562143002 1429
52 542.714703199584 1457
53 542.708000437281 1483
54 542.702927566156 1509

0 45766.7140706497 114
1 39244.989686025 139
2 25140.9938482465 162
3 12341.312984749 186
4 6444.96076951999 209
5 3731.01868546946 233
6 2313.11163265255 256
7 1512.39514570544 279
8 1055.35537977515 304
9 809.678949927665 328
10 679.469023055847 352
11 609.884215760998 375
12 574.236119661213 398
13 557.781435394397 422
14 550.162762872906 445
15 546.624420102297 468
16 544.917809337954 491
17 544.029500429789 514
18 543.533114752562 538
19 543.239974723194 562
20 543.059107704766 586
21 542.943396904112 609
22 542.867078097137 632
23 542.815433411079 655
24 542.77973130776 679
25 542.754612633441 702
26 542.736685064035 726
27 542.72374078301 750
28 542.714307046515 774
29 542.707380134942 797
30 542.702263289398 820

0 45858.4106812306 116
1 41354.422133103 143
2 33205.0835189383 169
3 24101.5945177245 195
4 17275.6980917648 220
5 13128.0285916854 245
6 10732.1324907159 270
7 9301.44723943617 295
8 8436.01409868952 322
9 7869.70457432426 348
10 7462.3201424649 375
11 7143.77282471376 401
12 6878.82524711188 426
13 6660.07786850898 452
14 6481.07378890159 478
15 6331.1178103399 503
16 6202.35914732612 530
17 6086.16887913114 556
18 5975.21407717352 583
19 5862.04769442781 608
20 5742.92755600967 634
21 5615.69145601567 659
22 5479.6306954736 684
23 5330.01899307423 710
24 5165.09500425108 737
25 4983.85564572909 763
26 4784.60231029789 791
27 4570.68423250359 816
28 4345.00845542059 842
29 4108.70581879441 867
30 3864.09138593837 893
31 3618.13006761911 918
32 3374.93691263012 945
33 3137.3192038507 971
34 2904.36965845433 997
35 2678.36299772276 1023
36 2459.76493125101 1048
37 2251.04416187702 1074
38 2053.82071245091 1099
39 1869.9015703686 1125
40 1696.4154177333 1151
41 1536.82858526686 1176
42 1388.31938738111 1202
43 1251.82961923095 1227
44 1125.71797881205 1253
45 1009.90797203636 1279
46 907.142744287905 1304
47 817.456222629613 1330
48 741.876142046691 1357
49 680.756128349967 1383
50 634.60570710838 1408
51 601.783042684784 1434
52 579.614033895509 1459
53 566.171626146826 1485
54 558.411905938441 1510
55 553.590899858219 1537
56 550.412470681401 1563
57 548.242589440806 1589
58 546.72651055098 1614
59 545.649006525454 1640
60 544.873122225354 1665
61 544.308718741547 1691
62 543.894874129223 1717
63 543.589518626716 1744
64 543.363090097392 1770
65 543.194520910322 1796
66 543.068625843883 1822
67 542.974359194739 1848
68 542.903626921361 1874
69 542.850462436294 1900
70 542.810446087234 1927
71 542.78029115241 1954
72 542.757545526125 1981
73 542.740374924745 2009
74 542.727404221658 2035
75 542.717600646452 2061
76 542.710187386547 2086
77 542.70457942192 2112
78 542.700335712843 2138

0 46790.7793351896 116
1 43501.820937283 139
2 37052.4125394041 162
3 27095.1999416036 186
4 18177.8786018352 209
5 12731.797198496 234
6 9897.47249075496 257
7 8490.24968533987 280
8 7652.06920927956 303
9 6999.35429292291 326
10 6371.38517342561 350
11 5703.36236518697 374
12 4978.70927757467 399
13 4205.63945222145 423
14 3428.79686918306 447
15 2712.19223615481 470
16 2094.10321309321 494
17 1617.61435191505 517
18 1295.01656668935 541
19 1082.91800527387 564
20 938.571915462142 588
21 836.079316602858 612
22 761.451153409951 636
23 706.413301163245 659
24 665.539369493706 683
25 635.050548758548 706
26 612.236564406847 730
27 595.123877471601 753
28 582.262581209177 776
29 572.581015578322 799
30 565.28346980614 824
31 559.77695848043 847
32 555.618234349309 871
33 552.475140955504 894
34 550.09824643739 918
35 548.299913504033 942
36 546.938786621253 966
37 545.908249990695 990
38 545.127811761761 1013
39 544.536654789352 1038
40 544.088797948148 1061
41 543.749458817627 1084
42 543.492315117348 1108
43 543.297440135334 1131
44 543.149744618179 1155
45 543.037799865796 1178
46 542.952948142637 1201
47 542.888629880996 1226
48 542.839874610738 1251
49 542.802915629196 1275
50 542.774898246161 1298
51 542.753658826114 1321
52 542.737557415466 1345
53 542.725350939379 1368
54 542.716097122384 1392
55 542.709081680844 1416
56 542.703763145825 1441

0 46083.6904281562 116
1 40171.2716355216 142
2 26842.7995651107 167
3 15428.3578613881 193
4 10648.2251304116 219
5 8684.08034579422 246
6 7694.26253428577 271
7 7034.84802095824 297
8 6542.38151480307 324
9 6137.9711073046 350
10 5788.66917130761 375
11 5478.7528953156 402
12 5194.87221047235 428
13 4923.27269925039 453
14 4651.59243706298 478
15 4377.1413560493 504
16 4097.39410032979 530
17 3809.02768342805 555
18 3518.67983194476 580
19 3234.7218332205 607
20 2955.47712434048 633
21 2686.13419545469 659
22 2430.02429467696 684
23 2181.8849254528 709
24 1950.54418693528 735
25 1735.92185391276 760
26 1536.91974134027 786
27 1359.70152460673 812
28 1202.34403038997 838
29 1066.87727313648 863
30 950.967932434194 889
31 854.492889840979 914
32 772.555098655976 941
33 705.199137520882 967
34 651.84498027173 994
35 612.277573628695 1021
36 585.139829006653 1047
37 568.100131086952 1072
38 558.591110626894 1098
39 553.227801139009 1123
40 549.938981016652 1149
41 547.797031174886 1175
42 546.348727827269 1200
43 545.343710313814 1228
44 544.63270067274 1255
45 544.12221246377 1281
46 543.751507653712 1306
47 543.479937845425 1332
48 543.279632475989 1357
49 543.131102809317 1383
50 543.020504242204 1410
51 542.937876942985 1437
52 542.875983551684 1462
53 542.82952285152 1488
54 542.794587006082 1514
55 542.768280601436 1539
56 542.748449545864 1565
57 542.733485956323 1591
58 542.722186432258 1618
59 542.713648331492 1644
60 542.707193390978 1669
61 542.702311200869 1694

0 46451.9318175676 114
1 42423.2424743451 138
2 33450.8306687558 161
3 20094.2402639292 185
4 12129.2362843888 208
5 9203.48585600252 232
6 7961.39133577311 255
7 7234.66741770237 279
8 6655.01796378273 303
9 6123.06272582206 327
10 5610.23668968867 351
11 5115.9680090939 375
12 4649.22115231021 398
13 4212.60032691796 422
14 3812.70285694063 445
15 3447.63164896461 468
16 3109.18514508323 492
17 2797.76160542681 516
18 2513.45983883836 540
19 2256.81836549793 564
20 2023.03164039504 587
21 1819.56333194691 610
22 1636.9707648359 634
23 1471.67426867991 657
24 1320.92070952986 680
25 1186.01761659181 703
26 1057.8532190828 728
27 940.101489206066 752
28 834.484824595117 775
29 745.560497132646 799
30 671.249576191358 822
31 620.097161429579 846
32 587.734717756665 869
33 568.94283419905 892
34 558.553198337569 916
35 552.146843876423 941
36 548.710213836966 966
37 546.782101584961 990
38 545.582357848703 1013
39 544.780580314206 1036
40 544.222042567186 1059
41 543.822872101774 1083
42 543.532763464483 1106
43 543.319496818793 1131
44 543.1614746732 1154
45 543.04373538703 1178
46 542.955663026092 1201
47 542.889593684494 1225
48 542.839925575061 1248
49 542.80252771251 1271
50 542.774334277496 1295
51 542.7530594246 1319
52 542.736993036111 1343
53 542.724852444158 1367
54 542.715673708034 1390
55 542.708731311624 1414
56 542.703478531354 1437

0 46382.1657718994 117
1 42555.7605832259 142
2 35558.5619264832 167
3 26981.2880314873 193
4 20808.454821864 218
5 17035.0216257854 243
6 13845.8958326214 269
7 10529.0999971427 295
8 7528.15379928222 321
9 5377.94523277046 347
10 4022.46005458335 372
11 3167.37232196658 397
12 2576.00139459925 423
13 2126.32060301889 448
14 1771.09376221083 473
15 1483.6317000509 499
16 1250.53430730944 525
17 1066.29872517915 551
18 927.4544488037 577
19 822.632109140395 602
20 746.573370016372 627
21 692.441091697631 653
22 653.813580288133 679
23 625.988351750422 705
24 605.546352024996 731
25 590.250311345019 757
26 578.709611739812 783
27 569.97838440126 808
28 563.366733949631 834
29 558.358343871562 859
30 554.563758681129 885
31 551.688479256454 914
32 549.509603689334 941
33 547.858348706999 967
34 546.606878974634 993
35 545.658356919774 1018
36 544.939417211293 1044
37 544.394471787261 1069
38 543.981398661684 1094
39 543.668277492432 1121
40 543.430917304108 1148
41 543.250983862176 1174
42 543.114581075912 1200
43 543.011176232405 1226
44 542.932785650171 1251
45 542.873357600912 1277
46 542.828304680079 1303
47 542.794149409038 1329
48 542.768255636776 1355
49 542.748624959365 1381
50 542.733742412567 1407
51 542.722459507761 1432
52 542.713905571278 1458
53 542.707420536245 1483
54 542.702503995457 1509

0 45262.9910953108 114
1 36916.2858531083 137
2 22401.1756469563 161
3 12551.7081563615 184
4 8489.9518572726 208
5 6534.53102255277 232
6 5363.35701015212 255
7 4478.36720658758 279
8 3742.19037506815 303
9 3124.86730535293 326
10 2612.86594834916 350
11 2191.46408674892 374
12 1834.43761967491 397
13 1526.83749591128 422
14 1265.04298026936 445
15 1045.06953604563 469
16 869.432371935883 493
17 751.594905342043 517
18 684.178351980275 540
19 644.364629462282 563
20 618.116131582046 587
21 599.379467873742 611
22 585.509535945623 635
23 575.096673479727 659
24 567.236817389268 683
25 561.290762146988 706
26 556.787925763306 730
27 553.37626126065 753
28 550.79062195264 776
29 548.830695811828 800
30 547.34491911501 825
31 546.218517810726 849
32 545.364536066728 874
33 544.717075059121 897
34 544.22618502819 920
35 543.854000997928 944
36 543.571816952138 968
37 543.357869436326 991
38 543.195658030443 1015
39 543.072672383421 1040
40 542.979427262272 1063
41 542.908731020978 1087
42 542.855130993438 1110
43 542.814493004835 1135
44 542.783682560745 1159
45 542.760323124517 1182
46 542.742612841672 1206
47 542.729185579158 1230
48 542.7190055644 1254
49 542.711287500318 1278
50 542.705435996486 1302
51 542.700999646148 1325

0 46184.533852365 117
1 40789.655747884 142
2 28263.4118805127 168
3 15427.4933281156 193
4 8498.72743705528 218
5 5022.44197866258 243
6 3076.21492386523 269
7 1949.75466000512 294
8 1310.45319733106 321
9 953.931361355236 347
10 769.723025654895 372
11 671.577393876213 397
12 619.318997625348 423
13 587.624587308367 448
14 570.796905034185 474
15 561.138011973261 501
16 555.127448437269 527
17 551.217557396297 552
18 548.610173410979 580
19 546.842260591704 605
20 545.6280724876 631
21 544.785157045729 657
22 544.194437620751 682
23 543.776936863788 708
24 543.479585571885 734
25 543.266320741245 759
26 543.112387950549 785
27 543.000637663104 811
28 542.919086659462 836
29 542.859294470304 861
30 542.815271477178 888
31 542.782737664741 914
32 542.758614942283 942
33 542.740676489199 969
34 542.727302595445 994
35 542.717309339017 1020
36 542.709827488112 1045
37 542.704216309047 1072
38 542.700001818107 1098

