0 4500.01979535358 8
1 3867.14438753688 11
2 2878.81234866324 15
3 1976.20640604608 18
4 1440.30048536156 21
5 1122.9082186633 24
6 897.385320973575 27
7 691.1004281053 30
8 506.963794904821 33
9 360.108074101756 36
10 262.290873703862 40
11 206.835753293195 43
12 176.743403312869 46
13 161.079548558994 49
14 153.50346495328 52
15 149.611612761647 55
16 147.240826798606 58
17 145.458188729683 61
18 143.997062279857 64
19 142.600443225804 67
20 141.128808140988 70
21 140.22748201749 73
22 139.739418168393 76
23 139.434999307127 79
24 139.218853036175 82
25 139.055475238471 85
26 138.92835126919 88
27 138.82769740404 91
28 138.746918690658 94
29 138.681349186431 97
30 138.627611814428 100
31 138.583196935602 103
32 138.546176679502 106
33 138.51502954864 109
34 138.48854273925 112
35 138.465756477013 115
36 138.445925302543 118
37 138.428484059422 121
38 138.413014142251 124
39 138.399209226289 128
40 138.386841979712 131
41 138.375734915485 134
42 138.365738713424 137
43 138.356719604518 140
44 138.348554776016 143
45 138.341132848628 146
46 138.334356137732 149
47 138.328142318082 152
48 138.322424422633 155
49 138.317149169655 158
50 138.312274197515 161
51 138.307764947657 165
52 138.303591823486 167
53 138.29972801111 171
54 138.296148088597 174
55 138.292827346744 177
56 138.2897416297 180
57 138.286867475707 183
58 138.28418237071 186
59 138.28166498793 189
60 138.279295347936 192
61 138.27705488135 195
62 138.274926405762 198
63 138.272894042161 201
64 138.270943099164 204
65 138.269059950566 207
66 138.267231926856 211
67 138.265447236357 214
68 138.26369492771 217
69 138.261964902225 221
70 138.260247982152 224
71 138.258536038188 227
72 138.256822175986 230
73 138.255100976254 233
74 138.253368775845 236
75 138.251623967964 239
76 138.249867288983 242
77 138.248102048881 246
78 138.246334254774 249
79 138.244572575627 252
80 138.242828104286 255
81 138.241113892688 258
82 138.239444266602 261
83 138.23783396353 264
84 138.236297173588 267
85 138.234846588992 270
86 138.233492575153 273

0 4634.22513344478 8
1 4387.10613909157 11
2 3997.74117429367 14
3 3324.35339041561 17
4 2383.99239752119 20
5 1592.50565263428 23
6 1108.07434472293 26
7 817.672025560363 29
8 637.96756816252 32
9 515.767698880117 35
10 424.136294121586 38
11 354.739556952166 41
12 299.06272079682 44
13 256.12976040625 47
14 223.617458340554 50
15 200.632349585155 53
16 183.351507661428 56
17 169.936707962984 59
18 160.858277626128 62
19 155.035841318056 66
20 151.079896188153 69
21 148.136048821625 72
22 145.799302896844 75
23 143.952433072209 78
24 142.569573146117 81
25 141.568352350109 84
26 140.838234636837 87
27 140.292769517121 90
28 139.875892683754 93
29 139.551927222806 96
30 139.297056104966 99
31 139.094313702279 102
32 138.930644109922 105
33 138.794563444124 108
34 138.672692755843 111
35 138.541565040104 114
36 138.351218936524 118
37 138.036279086824 121
38 137.644074779561 124
39 137.338870658696 127
40 137.163150892665 130
41 137.06692032813 133
42 137.011158901942 136
43 136.976608426143 140
44 136.953814659659 146
45 136.937868152986 149
46 136.92610816931 152
47 136.917038274432 155
48 136.909782307679 158
49 136.903803527935 161
50 136.898756967998 164
51 136.894410372975 167
52 136.890600860068 171
53 136.887210410932 174
54 136.884151453068 177
55 136.881357970011 180
56 136.878779738689 183
57 136.876378409935 186
58 136.874124729022 189
59 136.871996496786 192
60 136.869977032818 195
61 136.86805398998 198
62 136.866218419835 202
63 136.864464019981 205
64 136.862786515369 208
65 136.86118314114 211
66 136.859652205778 214
67 136.858192721843 217
68 136.856804097056 220
69 136.855485881927 223

0 4557.30888018225 8
1 4112.92486979289 11
2 3356.41726865937 14
3 2440.3754606448 17
4 1646.65693541199 20
5 1128.04611765416 23
6 800.787524783517 26
7 577.200037902506 30
8 415.612174485896 33
9 303.398430398907 36
10 232.287675868957 39
11 190.519535561931 42
12 166.783166235712 45
13 154.473977069817 48
14 148.239274009213 51
15 144.752821711509 54
16 142.567225917313 57
17 141.089518230102 60
18 140.044268192511 63
19 139.284151327912 66
20 138.721753279109 69
21 138.301248769583 72
22 137.984761345398 75
23 137.745327811058 78
24 137.563229048335 82
25 137.423918760775 85
26 137.316650261091 88
27 137.233468499929 91
28 137.168464698463 94
29 137.117236514603 97
30 137.076499041401 100
31 137.043800259462 103
32 137.017308675984 106
33 136.995653002438 109
34 136.97780123021 113
35 136.962970378216 116
36 136.950560161288 119
37 136.940104990281 123
38 136.931239626847 126
39 136.923674687272 131
40 136.917179046105 134
41 136.911566980608 137
42 136.906688561836 141
43 136.902422304634 144
44 136.898669440147 147
45 136.89534939842 150
46 136.892396222974 153
47 136.88975571787 157
48 136.887383175427 160
49 136.885241564768 164
50 136.883300085312 168
51 136.881533008697 171
52 136.8799187486 174
53 136.878439111059 177
54 136.877078688284 180

0 4576.23378116399 8
1 4076.42878381882 11
2 3345.18837206962 14
3 2569.85280547899 17
4 1926.33943357835 20
5 1445.54100520218 23
6 1117.5665312743 26
7 899.907354652006 29
8 744.685292118785 33
9 619.074339877788 36
10 514.599679135206 39
11 429.095514347223 42
12 358.049368332175 45
13 301.081890131367 48
14 254.234631777525 51
15 219.301893625483 54
16 195.047308426001 57
17 178.687922594212 60
18 167.47992078289 63
19 159.528016618835 66
20 153.830592423944 69
21 149.732373864362 72
22 146.732791775345 75
23 144.493119167131 78
24 142.795654920345 81
25 141.495923339935 84
26 140.49364027029 87
27 139.71683906255 90
28 139.112653854216 93
29 138.641533999109 96
30 138.273449775354 100
31 137.985352699376 103
32 137.759434724743 106
33 137.581890453136 109
34 137.442001213101 112
35 137.331437669542 115
36 137.243722629114 118
37 137.173817464952 121
38 137.117805053803 124
39 137.072646989285 127
40 137.035996470925 130
41 137.006051551215 133
42 136.981436713875 136
43 136.961104474007 140
44 136.944252775606 143
45 136.930257418562 146
46 136.918620235225 152
47 136.90893287362 156
48 136.900853956134 159
49 136.894095771488 162
50 136.888416454886 165
51 136.88361457952 169
52 136.879524427663 172
53 136.87601129818 175
54 136.872966824501 178
55 136.870304502247 181
56 136.867955628508 184
57 136.865865774437 187
58 136.863991826518 190
59 136.862299569884 193
60 136.860761752458 196
61 136.859356555745 199
62 136.858066398358 202

0 4506.81839233928 8
1 3944.3780108612 11
2 3101.47936185536 14
3 2238.480424279 17
4 1537.59766516879 20
5 1048.67053368062 23
6 717.546393249745 26
7 506.389490487892 29
8 377.987617638161 32
9 300.247585485038 35
10 249.422008562495 38
11 216.096506283464 41
12 194.490452012193 44
13 179.589723067753 47
14 168.716984618386 51
15 160.609828960699 54
16 154.836810330718 57
17 150.749362492193 60
18 147.796717674569 63
19 145.613630159311 66
20 143.967573306817 69
21 142.708715877807 72
22 141.736219247909 75
23 140.978283783448 78
24 140.380130438804 81
25 139.894003908747 84
26 139.464677094861 87
27 139.01242689644 90
28 138.480711606955 93
29 137.970305568729 96
30 137.611125213543 100
31 137.387949118032 103
32 137.244507894008 106
33 137.146486757001 109
34 137.076212516826 113
35 137.024013515808 116
36 136.984206471902 119
37 136.953254152997 122
38 136.928838963352 125
39 136.909369365304 128
40 136.89370681129 131
41 136.88100931152 134
42 136.870638248747 138
43 136.862100314893 141
44 136.855009517387 144
45 136.849061099289 147
46 136.844012898463 150
47 136.839671649091 153
48 136.835882793504 156
49 136.832522940272 159
50 136.829494393275 163
51 136.826721297687 166
52 136.824146964054 170
53 136.821731888499 173
54 136.819451943566 176
55 136.817296241172 179
56 136.815264328461 182
57 136.813362676907 185
58 136.811600784614 188
59 136.80998748181 191
60 136.808528074045 194
61 136.807222747833 197

0 4626.12310037628 8
1 4262.99195178973 11
2 3685.41443466137 14
3 2852.79973817785 17
4 2065.58896105279 20
5 1576.28501476914 23
6 1281.29380637419 26
7 1097.75810499544 30
8 988.528606277106 33
9 915.186865496665 36
10 869.552778194712 39
11 836.200720640393 42
12 808.085893760078 45
13 784.94904761633 48
14 766.063457478435 51
15 751.902347728871 54
16 741.199736741048 57
17 732.703842986406 60
18 725.254249756422 63
19 718.378126261506 66
20 711.851655440434 69
21 705.518558961227 73
22 699.28101994238 76
23 692.943105177771 79
24 686.332342792559 82
25 679.293732918563 85
26 671.733349830412 88
27 663.493277525147 91
28 654.229927969954 94
29 643.622921179239 97
30 631.353638864139 100
31 617.384276279426 103
32 601.674258666633 106
33 584.801093877122 109
34 567.208392261093 112
35 548.132338322453 115
36 526.281010474635 118
37 500.887188580185 121
38 473.493209379165 124
39 442.528926306145 127
40 408.211102853445 130
41 372.89137951369 133
42 338.323566757495 137
43 305.134893414352 140
44 272.919427934535 143
45 240.601227115819 146
46 210.688170938391 149
47 185.053253550307 152
48 165.357037930212 156
49 152.10841278337 159
50 144.502437241922 162
51 141.194139883837 165
52 139.92828081633 168
53 139.263142860789 171
54 138.589124599069 174
55 137.968216485373 177
56 137.575499486521 180
57 137.366999728572 183
58 137.25234530208 187
59 137.180708750796 190
60 137.129892416663 193
61 137.090349130266 196
62 137.057762131059 199
63 137.030105980797 202
64 137.006406823175 205
65 136.986134739643 208
66 136.968890304872 211
67 136.954273796213 214
68 136.941867976651 217
69 136.931270864748 220
70 136.9221312781 223
71 136.914165948364 226
72 136.907157838246 229
73 136.900943997888 232
74 136.895401019437 235
75 136.890432659709 238
76 136.885961057781 241
77 136.881921208363 245
78 136.878257737908 248
79 136.874923055266 251
80 136.871876208799 254
81 136.869082055484 257
82 136.866510549892 260
83 136.864136081898 263
84 136.861936851208 266
85 136.859894288263 269
86 136.857992533659 272
87 136.856217983433 275
88 136.854558901627 278
89 136.853005096702 281
90 136.851547655411 284
91 136.850178726392 287
92 136.848891345488 290

0 4463.73532929385 8
1 3788.51179867216 11
2 2769.22298705614 14
3 1903.11217381282 17
4 1437.61440240205 20
5 1229.4789040049 23
6 1146.04371827342 26
7 1107.82950619016 29
8 1084.20594928778 33
9 1063.65154518188 36
10 1046.9173882276 39
11 1030.98410927265 42
12 1013.58499026834 45
13 994.331512477246 48
14 972.925473330727 52
15 948.414059070736 55
16 920.555880749855 58
17 888.966109848192 61
18 849.833136833429 64
19 801.710041521207 67
20 745.688921075468 70
21 684.186826575976 73
22 620.852088748827 76
23 559.207734816187 80
24 500.692057460515 83
25 445.728917292448 86
26 395.405236948257 89
27 349.534280580657 92
28 309.038391885006 95
29 275.696903405019 98
30 246.092884650201 101
31 217.964399553064 104
32 193.44931425849 107
33 174.093019404686 110
34 159.505135736967 113
35 148.171022713206 116
36 141.667947831018 119
37 138.79055501358 123
38 137.827558822418 126
39 137.490691832094 129
40 137.337666952917 132
41 137.249383519254 135
42 137.189226064328 138
43 137.143220767054 141
44 137.105144919166 144
45 137.072089964317 147
46 137.042806175733 150
47 137.016880605972 153
48 136.994217188623 157
49 136.97472070764 160
50 136.958168175981 163
51 136.94421391781 166
52 136.932454160263 169
53 136.922495423122 173
54 136.913999260552 176
55 136.906697035982 179
56 136.900381009353 182
57 136.894883425269 185
58 136.89005466897 188
59 136.885747163108 191
60 136.881806763431 194
61 136.878070673975 197
62 136.874371194772 200
63 136.870546883577 204
64 136.866464494785 207
65 136.862052793164 210
66 136.857339952214 213
67 136.852472653948 216
68 136.847691578563 219
69 136.843260195679 222
70 136.839380630344 225
71 136.83614344959 229
72 136.833530765702 232
73 136.831454941435 235
74 136.829802777048 238
75 136.828466463814 241

0 4656.93558330928 8
1 4374.2151827365 11
2 3979.36206998623 14
3 3397.33681342113 18
4 2694.2407218723 21
5 2065.90790698955 24
6 1632.20533221543 27
7 1368.57005719831 30
8 1204.58253577806 34
9 1094.79502174481 37
10 1012.7076939489 40
11 946.381519188141 43
12 895.612989745534 46
13 850.941333930682 50
14 807.331439597708 53
15 763.5739069155 56
16 720.666384122647 59
17 679.615291811755 62
18 637.980334220288 65
19 596.240943484174 68
20 554.000050516356 72
21 511.142975136094 75
22 469.150705437488 78
23 432.240690244358 81
24 399.668837512607 84
25 367.146867382025 87
26 335.302007048415 90
27 306.569652822872 93
28 282.887217490635 96
29 262.98883320417 100
30 244.328739646715 103
31 225.844613191766 106
32 209.006089531299 109
33 195.446962860996 112
34 184.924324029039 115
35 176.672317363305 118
36 169.787663121438 121
37 163.567223676649 124
38 158.216634331376 127
39 154.044568239459 130
40 150.764876624359 134
41 148.082626444352 137
42 145.848707023079 140
43 143.75676274856 143
44 141.982069294432 146
45 140.844471517687 149
46 140.154999170085 152
47 139.705578901446 155
48 139.389508308982 158
49 139.155459677722 161
50 138.976499821222 165
51 138.836915735036 168
52 138.726571923754 171
53 138.638319733595 174
54 138.566690507268 177
55 138.507063825393 180
56 138.454744680375 183
57 138.403043404047 186
58 138.337925442124 189
59 138.224283094364 192
60 137.995857783002 195
61 137.640455479805 198
62 137.309207312357 201
63 137.107424468408 204
64 137.00188490733 207
65 136.945570707994 211
66 136.913778305101 214
67 136.894754973199 217
68 136.882644373766 220
69 136.874413661862 224
70 136.868452008858 227
71 136.863882948613 230
72 136.860215488484 233
73 136.857164406316 236
74 136.85455668909 239
75 136.852282242495 242
76 136.850267518983 245
77 136.848461107863 248
78 136.846825637337 251
79 136.845333058717 254
80 136.843961782418 258
81 136.842694857564 261

0 4509.57628944389 8
1 4150.93706908851 11
2 3598.09349644015 14
3 2814.78587998009 17
4 2029.13071142916 20
5 1505.03049632175 23
6 1227.57967432208 26
7 1083.68818036722 29
8 998.886223472644 32
9 944.588369700779 36
10 906.898640842545 39
11 879.292264343382 42
12 858.175485895087 45
13 840.678414098019 48
14 825.326062458391 51
15 810.866372598431 54
16 797.224628930677 58
17 785.274453234237 61
18 775.682811218908 64
19 768.136493801511 67
20 761.974735516849 70
21 756.712847939958 73
22 752.079461717501 76
23 747.908376795461 79
24 744.052245505106 82
25 740.369020711894 85
26 736.726854613794 88
27 732.998810372472 91
28 729.057774726897 94
29 724.788899637332 97
30 720.095838543427 100
31 714.860897738431 104
32 708.925667771824 107
33 702.264474840541 110
34 695.345196281688 113
35 688.456317437289 116
36 681.252358899457 119
37 673.369103272037 122
38 664.590351983724 125
39 654.721801697055 128
40 643.553334205235 132
41 630.803957217735 135
42 616.175389267648 138
43 599.408455350691 141
44 580.08871629103 144
45 558.254233298508 147
46 534.899073046807 150
47 510.529117986656 153
48 485.292946495532 156
49 458.637739683437 160
50 430.289781085946 163
51 400.758759430717 166
52 369.120475376617 169
53 335.444286567763 173
54 303.462844519016 177
55 271.471870048591 180
56 242.822761118616 183
57 217.77935309406 187
58 193.78076393776 190
59 173.249115201558 193
60 159.370467060263 196
61 148.560515767444 199
62 142.553396108792 202
63 139.990459990789 206
64 139.218802612104 210
65 138.961242331973 213
66 138.828005527224 216
67 138.737179710574 219
68 138.66789169987 222
69 138.61205549619 225
70 138.565359266174 228
71 138.525187140381 231
72 138.489981958448 234
73 138.458938067844 237
74 138.431745515016 240
75 138.408318548275 243
76 138.388536480638 247
77 138.372077060409 250
78 138.358391877557 253
79 138.346786349656 256
80 138.336521421672 259
81 138.326878041149 262
82 138.31716058926 265
83 138.306604772235 268
84 138.294058492614 271
85 138.277003269595 274
86 138.24851613562 278
87 138.188089239662 281
88 138.043156848745 284
89 137.751260348695 287
90 137.390074063342 290
91 137.129653729443 293
92 136.991092577767 296
93 136.921289722208 299
94 136.885005066408 303
95 136.865452393262 306
96 136.854514819317 309
97 136.848104877282 312
98 136.844125436505 315
99 136.84149055425 318
100 136.839632225808 321
101 136.838248158798 324
102 136.837172564351 327

0 4606.59610155869 8
1 4166.91443325956 11
2 3382.08796585162 14
3 2440.66497191394 18
4 1720.08254088072 21
5 1286.89960424854 24
6 1057.99524117815 27
7 925.340379541138 30
8 820.247550612409 33
9 719.99710741467 36
10 616.952484165451 40
11 519.064494111024 43
12 429.523224909394 46
13 352.068556070472 50
14 286.827642024636 53
15 235.568956230144 56
16 198.333291909183 60
17 172.593056849583 63
18 154.547513810181 66
19 144.744333695747 69
20 140.765684978237 72
21 139.248956646621 76
22 138.566893337247 79
23 138.188465718542 82
24 137.944336423359 85
25 137.772060552689 88
26 137.644323487502 91
27 137.546966279081 94
28 137.471386546499 97
29 137.411752638846 100
30 137.363909178164 104
31 137.32485029212 107
32 137.292388862137 110
33 137.26492058972 113
34 137.241255847622 116
35 137.220501152847 120
36 137.201972971812 123
37 137.185133457804 126
38 137.169545866707 129
39 137.154851690152 132
40 137.140771011726 135
41 137.127122091389 138
42 137.113845614297 142
43 137.101008686784 145
44 137.088767402009 148
45 137.077293263475 151
46 137.066699540229 154
47 137.057005659602 157
48 137.048147971333 160
49 137.040016151255 163
50 137.032489657812 166
51 137.025460934191 169
52 137.018844623269 172
53 137.012577628461 176
54 137.006615010366 179
55 137.000924934918 182
56 136.995484198324 185
57 136.990274805323 188
58 136.985281577377 191
59 136.980490592542 194
60 136.975888237194 197
61 136.971460684639 200
62 136.967193662011 203
63 136.963072407893 206
64 136.959081754568 210
65 136.955206291448 213
66 136.951430581869 216
67 136.947739415722 219
68 136.944118086809 222
69 136.940552686932 225
70 136.937030409389 228
71 136.933539853006 231
72 136.930071314697 235
73 136.926617054557 238
74 136.923171513523 241
75 136.919731461147 244
76 136.916296051071 248
77 136.912866765925 251
78 136.909447241637 254
79 136.906042973527 257
80 136.902660920999 261
81 136.899309041728 264
82 136.895995796672 267
83 136.892729671565 270
84 136.889518757437 273
85 136.886370422649 276
86 136.883291094353 280
87 136.880286151225 283
88 136.877359915177 286
89 136.874515719839 289
90 136.871756028968 292
91 136.869082578248 295
92 136.866496518084 298
93 136.863998541039 301
94 136.861588984311 304
95 136.859267903682 307
96 136.857035120027 310
97 136.854890242715 313
98 136.852832675846 316
99 136.850861613793 319
100 136.848976032025 323
101 136.847174678255 326
102 136.845456067589 329
103 136.843818484003 332
104 136.842259989202 335
105 136.840778438814 338
106 136.83937150504 341
107 136.838036704357 344

0 4660.93980077992 8
1 4417.19854471589 11
2 4027.32916881126 14
3 3382.95664364795 17
4 2626.5084846933 20
5 2029.22604769509 23
6 1627.71259037184 26
7 1348.18668622455 30
8 1142.93966041779 33
9 961.350892414326 36
10 784.160565543149 39
11 628.287673536783 42
12 508.041494248233 45
13 419.013144031131 48
14 352.319893890705 51
15 303.460119877836 54
16 264.317885326183 57
17 230.945897870025 61
18 203.797889235083 64
19 181.462089711545 67
20 165.904610542379 70
21 155.224330940236 73
22 148.194190579614 76
23 143.938075141613 79
24 141.626234869225 82
25 140.332886031991 85
26 139.519083862722 89
27 138.952841224577 92
28 138.534390980232 95
29 138.214486273413 98
30 137.964838742473 102
31 137.767512669475 105
32 137.610487144226 108
33 137.485199409583 111
34 137.385038420316 114
35 137.304621738947 117
36 137.239568525249 121
37 137.186404450987 124
38 137.142430292876 127
39 137.105565926906 130
40 137.074218578973 133
41 137.047191133461 136
42 137.02361750259 139
43 137.00290463359 142
44 136.984666229434 145
45 136.968645507898 148
46 136.954639411227 151
47 136.94244466995 154
48 136.931838162393 158
49 136.92258630346 161
50 136.9144665376 164
51 136.907285420273 167
52 136.900886422046 170
53 136.895148242137 173
54 136.889977781598 176
55 136.88530187875 180
56 136.881060383102 183
57 136.877201515161 186
58 136.873679345872 189
59 136.870452732507 192
60 136.867485008213 195
61 136.864743911141 198
62 136.862201473452 201
63 136.859833773263 204
64 136.857620558535 207
65 136.855544794443 211
66 136.853592189891 214
67 136.851750745614 217
68 136.850010349304 220
69 136.848362428584 223
70 136.846799662638 226
71 136.845315747519 229
72 136.843905207464 232
73 136.842563244092 235

0 4610.62780488252 8
1 4188.4562161668 11
2 3646.0749609236 14
3 2972.35385335492 17
4 2255.11814435143 20
5 1660.98979859526 23
6 1286.07103535305 26
7 1059.05083131383 29
8 907.370541390787 32
9 792.055022114499 35
10 686.162735643403 38
11 595.460075280575 41
12 518.009955978453 45
13 452.38521683016 48
14 396.104913601788 51
15 346.39873883013 54
16 302.920522988751 57
17 266.87355415754 60
18 236.082437252866 63
19 209.358120621712 66
20 188.261819060702 70
21 174.484527886863 73
22 165.527221764681 76
23 159.278704762481 79
24 154.654928113362 82
25 151.121472389793 85
26 148.371595652197 88
27 146.189618539995 91
28 144.389815563132 95
29 142.819559427731 98
30 141.464935035531 101
31 140.410289349142 104
32 139.635843252515 107
33 139.059750715816 110
34 138.620809197501 113
35 138.281576930704 116
36 138.017456748338 119
37 137.810873325578 122
38 137.648691394291 125
39 137.520903393279 128
40 137.41982184025 131
41 137.33952166226 134
42 137.27543147052 137
43 137.224022598161 140
44 137.182568294001 144
45 137.148956997437 147
46 137.121548440789 150
47 137.099063522797 153
48 137.080500452488 156
49 137.065071075093 159
50 137.052152553929 162
51 137.041250646082 165
52 137.031971677136 168
53 137.024001018299 171
54 137.017086424433 174
55 137.011025023724 178
56 137.005653076977 181
57 137.000837864317 184
58 136.996471228598 187
59 136.992464425495 190
60 136.988744015385 193
61 136.985248592933 196
62 136.981926195258 199
63 136.978732263668 202
64 136.975628060737 205
65 136.972579465703 208
66 136.969556087888 211
67 136.966530650513 214
68 136.96347860622 217
69 136.960377950668 220
70 136.957209202195 223
71 136.953955513791 227
72 136.950602879568 230
73 136.947140392449 233
74 136.943560505204 236
75 136.939859244813 239
76 136.936036332914 242
77 136.932095173899 245
78 136.928042687333 248
79 136.923888981133 251
80 136.919646883486 255
81 136.915331370549 258
82 136.910958940002 261
83 136.906546984695 264
84 136.902113215584 267
85 136.897675170663 271
86 136.893249829801 274
87 136.888853338364 277
88 136.88450082854 280
89 136.88020631838 283
90 136.875982665317 286
91 136.871841552443 289
92 136.867793490536 293
93 136.863847824919 296
94 136.860012742014 299
95 136.856295275167 302
96 136.852701312133 305
97 136.849235607904 308
98 136.84590180643 311
99 136.842702473826 314
100 136.839639144259 317
101 136.836712378348 320
102 136.833921832738 323
103 136.831266338656 326
104 136.828743986841 329
105 136.82635221611 332
106 136.824087902949 335
107 136.821947449808 338
108 136.819926870231 341
109 136.818021869285 344
110 136.816227918294 347
111 136.814540323116 350
112 136.812954285659 353
113 136.811464958471 356
114 136.810067492531 359
115 136.808757078473 362

0 4535.25955720021 8
1 4021.44769782261 11
2 3137.16149688242 14
3 2130.61254790087 17
4 1411.40684629587 20
5 988.50910573512 23
6 719.852094676143 26
7 531.713060438263 29
8 396.764715787143 33
9 306.484192155202 36
10 249.340222662101 39
11 210.066605337246 42
12 183.235668015438 45
13 165.979045502878 48
14 155.356496767701 51
15 149.402141873529 54
16 145.964569393651 57
17 143.69616714847 60
18 142.123459831268 64
19 141.089851291808 67
20 140.421481519808 70
21 139.968090090099 73
22 139.641639578926 76
23 139.396040544094 79
24 139.206017260915 82
25 139.056341022357 85
26 138.937030760654 88
27 138.841131944634 91
28 138.763575233041 94
29 138.700530537848 97
30 138.649027120116 100
31 138.606729496733 103
32 138.571798811872 107
33 138.542793715106 110
34 138.518587244795 113
35 138.498293183108 116
36 138.481203950729 120
37 138.466743322804 123
38 138.454434324263 126
39 138.443879272278 129
40 138.434747403276 132
41 138.426766086346 135
42 138.419713205828 138
43 138.413409780774 141
44 138.407712777958 144
45 138.402508399113 147
46 138.397706115448 150
47 138.393233594321 153
48 138.389032533268 156
49 138.385055329082 159
50 138.381262467329 162
51 138.377620508502 165
52 138.374100557537 168
53 138.370677123315 171
54 138.367327297538 174
55 138.364030204274 177
56 138.360766690656 181
57 138.357519244251 184
58 138.354272132246 187
59 138.351011760039 190
60 138.347727239772 193
61 138.344411140356 196
62 138.341060358671 199
63 138.337677008222 202
64 138.334269173732 205
65 138.330851341449 208
66 138.327444304538 211
67 138.324074380906 214
68 138.320771878332 217
69 138.31756889028 220
70 138.314496671744 223
71 138.311582975564 226
72 138.308849774511 230
73 138.30631172824 233
74 138.303975592919 236
75 138.301840568298 239
76 138.299899396978 242
77 138.298139923219 245
78 138.296546799517 248
79 138.295103082087 251
80 138.293791547584 254

0 4601.25586911769 8
1 4327.27493679171 11
2 4013.0753680187 14
3 3596.72034221446 17
4 3060.54098924469 20
5 2451.3414351928 23
6 1895.70871210226 26
7 1489.65654382629 29
8 1231.81531652623 32
9 1067.62635383432 35
10 948.075613152875 38
11 859.826661521986 41
12 797.241747958251 44
13 752.077696687789 47
14 713.599216674864 51
15 679.420700946933 54
16 645.111805304791 57
17 608.857193797572 60
18 571.02788114466 64
19 530.005405066481 67
20 486.505375134836 70
21 443.094631620291 74
22 401.919559865055 77
23 363.044802710504 80
24 325.702468632174 83
25 290.429239949652 86
26 259.049478686705 89
27 233.316959267685 93
28 213.126903375031 97
29 196.976513804177 100
30 183.946346334698 103
31 173.366091136285 106
32 164.76097545102 109
33 157.964715182251 112
34 152.712578432194 115
35 148.793227705925 118
36 145.611144158333 121
37 143.074126979928 124
38 141.369547511586 127
39 140.251721199296 130
40 139.479225966075 133
41 138.91726856927 136
42 138.49310800169 140
43 138.165720089652 143
44 137.910428042781 146
45 137.710812706989 149
46 137.554704542432 152
47 137.43249804049 155
48 137.336522702411 158
49 137.260733316448 162
50 137.200444880938 165
51 137.152070604102 168
52 137.112882373935 171
53 137.080808992837 174
54 137.054275104272 177
55 137.032077695241 180
56 137.013295546771 183
57 136.997225894309 186
58 136.983340353629 189
59 136.97125048455 192
60 136.96067488007 195
61 136.95140505741 198
62 136.943273730803 201
63 136.936131721457 204
64 136.929837099164 208
65 136.92425498827 211
66 136.919263002713 214
67 136.91475716498 217
68 136.910655197905 220
69 136.906896340584 223
70 136.903438308918 226
71 136.900252626228 230
72 136.89731958527 233
73 136.894623836528 236
74 136.892151193396 239
75 136.889886821125 242
76 136.887814634292 245
77 136.885917533099 248
78 136.88417806988 252
79 136.882579210695 255
80 136.881104979335 258
81 136.879740889368 261

0 4613.15779613817 10
1 4182.24191044675 13
2 3458.04360090377 16
3 2427.48882550145 20
4 1527.55398140413 23
5 980.384578292323 26
6 676.558446055923 29
7 497.55586938713 32
8 388.999954964652 35
9 314.461464066877 38
10 261.227761056628 41
11 223.138751662594 44
12 193.894711600873 47
13 171.174316728251 50
14 154.67487502353 53
15 145.739666064808 56
16 141.874559654612 59
17 140.321385053083 62
18 139.217819697222 66
19 138.449163112259 69
20 138.010182258022 72
21 137.764205520665 75
22 137.612205535334 78
23 137.50784886882 81
24 137.430564200872 84
25 137.370484907747 87
26 137.322314087119 90
27 137.282867291502 93
28 137.250036214492 96
29 137.222320860379 99
30 137.198600266579 102
31 137.178009089188 105
32 137.159864972172 108
33 137.143622581213 111
34 137.128842898059 114
35 137.115172173407 117
36 137.102327802937 120
37 137.09008956892 124
38 137.078294808867 127
39 137.066835704873 130
40 137.055656521229 133
41 137.044748613786 136
42 137.034141631708 139
43 137.023890586492 142
44 137.014060109859 145
45 137.004708645132 148
46 136.995875804109 151
47 136.987575333863 154
48 136.979794411026 157
49 136.972498151938 160
50 136.965637091652 163
51 136.959155245913 166
52 136.952996992935 169
53 136.947111913764 172
54 136.941457504801 175
55 136.936000140367 179
56 136.930714827894 181
57 136.925584265671 184
58 136.920597592037 187
59 136.915749079896 191
60 136.911036918884 194
61 136.906462149227 197
62 136.90202776349 200
63 136.897737966689 203
64 136.893597574387 207
65 136.889611525976 210
66 136.88578449285 213
67 136.882120565542 216
68 136.878623008812 219
69 136.875294077894 222
70 136.872134892134 225
71 136.869145363675 228
72 136.866324178888 231
73 136.863668828993 234
74 136.861175684544 237
75 136.858840106374 240
76 136.856656584107 243
77 136.854618892374 246
78 136.852720254937 249
79 136.85095350772 252
80 136.849311253214 255
81 136.847786000582 258
82 136.84637028771 261
83 136.845056783359 265

0 4667.94743297746 8
1 4286.75305330237 11
2 3802.87785638956 14
3 3257.52814371816 17
4 2743.75195336435 20
5 2259.79135909335 23
6 1799.21112179315 26
7 1374.27662558517 30
8 1014.87674194323 33
9 755.092043312571 36
10 583.901429114122 39
11 477.23955346327 42
12 402.585162337622 45
13 350.216740491116 48
14 309.095408053408 51
15 275.712506834905 54
16 249.102116045383 57
17 227.706453219377 60
18 209.58288416256 63
19 194.117955296553 66
20 181.070052478289 69
21 170.589674594183 72
22 162.509991713886 75
23 156.34164585686 78
24 151.705663822386 81
25 148.249358854332 84
26 145.657650028259 87
27 143.6930628832 90
28 142.18978363626 93
29 141.032093887043 96
30 140.136820830073 99
31 139.442442570137 102
32 138.902597549958 105
33 138.481988909216 108
34 138.15359291977 111
35 137.896647582118 114
36 137.695159849799 117
37 137.536782561416 120
38 137.411963970269 123
39 137.313301090558 127
40 137.235046384477 130
41 137.172730277276 133
42 137.122871477932 136
43 137.082754097549 139
44 137.0502557612 143
45 137.023714783322 146
46 137.001827375808 149
47 136.983568039904 152
48 136.968127946291 155
49 136.954867368987 159
50 136.943279204965 162
51 136.932961347881 165
52 136.923596228231 168
53 136.914936196124 171
54 136.906793601135 174
55 136.899034408637 177
56 136.891574005863 180
57 136.884373587326 183
58 136.877435363849 186
59 136.870795076157 189
60 136.864511112048 192
61 136.858650859266 195
62 136.853276326494 198
63 136.848431855148 201
64 136.844136431627 204
65 136.840381771197 207
66 136.837135629676 210
67 136.834348505103 214
68 136.831961474047 217
69 136.829913299408 220
70 136.828145747946 223
71 136.82660684481 226
72 136.825252326318 229

0 4584.56904389841 8
1 3922.56044768992 11
2 2857.36634368969 14
3 1920.55182762357 17
4 1419.71628342791 20
5 1185.57042686113 23
6 1048.81076286976 26
7 927.865904068716 29
8 789.932082862004 33
9 650.109570281402 36
10 529.158986067101 39
11 430.655097168091 42
12 355.264527563048 45
13 306.739860353808 48
14 274.402700009429 51
15 250.722060045449 54
16 232.817164213422 58
17 217.871353761599 61
18 205.338069724409 64
19 194.264975108801 67
20 184.582371504375 70
21 176.307058419888 73
22 169.138503298895 76
23 162.038166305742 79
24 156.299575319263 82
25 151.884545060194 85
26 148.176982248203 88
27 144.972929402553 91
28 142.455281798371 94
29 140.724853487635 97
30 139.69239179057 101
31 139.01585399465 104
32 138.418468161328 107
33 137.892653502555 110
34 137.529574945172 113
35 137.321599567741 117
36 137.206596344147 120
37 137.137941164492 123
38 137.091957268421 126
39 137.05781668532 129
40 137.030532499121 132
41 137.007695151598 135
42 136.988067251026 138
43 136.970959961297 141
44 136.955941481668 144
45 136.942701906233 147
46 136.930996532705 150
47 136.920624107337 153
48 136.911415608793 156
49 136.903224338162 159
50 136.895917403792 162
51 136.889371042498 165
52 136.883470374706 168
53 136.878111950295 171
54 136.873206751838 174
55 136.868682000696 177
56 136.864481180685 180
57 136.860562476857 184
58 136.856896174998 187
59 136.853461612537 190
60 136.850244176026 193
61 136.847232700071 196
62 136.84441747523 199
63 136.841788933423 202
64 136.839336962418 205
65 136.837050720615 208
66 136.834918786962 211
67 136.832929485206 214
68 136.831071253549 217
69 136.829332974353 220
70 136.827704220352 223
71 136.826175405932 226
72 136.824737852478 229
73 136.82338378651 232

0 4422.09757181682 8
1 3772.22359598199 12
2 2770.75336307662 15
3 1874.9947001609 18
4 1371.306243465 21
5 1106.14960420785 24
6 921.816918730896 27
7 755.367281417595 30
8 592.768388555784 33
9 451.248518863508 36
10 342.847164125732 39
11 267.494636284122 42
12 217.029827439558 45
13 186.220321740459 48
14 165.142962805788 51
15 154.433073493354 54
16 147.849037284752 57
17 142.9699934061 60
18 140.85137031426 63
19 140.029456888479 66
20 139.570224130656 70
21 139.161774345614 73
22 138.679168321058 76
23 138.163301472364 79
24 137.772050604708 82
25 137.530414152594 85
26 137.380765381566 88
27 137.281662021113 91
28 137.211956574735 94
29 137.160466971677 97
30 137.120807834713 100
31 137.089110487086 103
32 137.062928563847 106
33 137.040681481864 110
34 137.02135992515 113
35 137.004352345667 116
36 136.989314478754 119
37 136.976050426008 122
38 136.964411772723 125
39 136.954235351469 128
40 136.945326630242 131
41 136.937474490258 134
42 136.930475366339 137
43 136.924151597462 140
44 136.918359455735 144
45 136.912988907714 147
46 136.907958927191 150
47 136.903211406802 153
48 136.898705384001 156
49 136.894412269853 159
50 136.89031218905 162
51 136.886391288031 165
52 136.882639799677 168
53 136.879050666723 171
54 136.87561856648 174
55 136.872339221433 177
56 136.869208914499 180
57 136.8662241529 183
58 136.863381441885 186
59 136.860677140809 189
60 136.858107381494 193
61 136.855668033445 196
62 136.853354703691 199
63 136.851162761279 202
64 136.849087378185 205
65 136.847123579913 208
66 136.845266300404 211
67 136.843510437084 214
68 136.841850902985 218
69 136.840282673807 221
70 136.838800828708 224
71 136.837400584131 227
72 136.836077320671 230

0 4718.57060113395 8
1 4454.446206737 11
2 4054.31573130922 14
3 3380.04817192211 17
4 2571.75243669929 21
5 1953.34368054375 24
6 1562.16041030996 27
7 1301.17068034661 30
8 1111.79865965924 33
9 974.632569867261 36
10 867.617376297155 39
11 779.68562478528 42
12 704.802572896225 45
13 641.72384733657 49
14 587.326454993041 52
15 540.713625252586 55
16 498.493943111849 58
17 457.545356213847 61
18 417.78201996307 64
19 380.596675244313 67
20 347.76020004 71
21 318.756388314112 74
22 291.169112512349 77
23 264.987475463359 80
24 242.062048947633 83
25 222.922352918785 86
26 206.636006214641 89
27 192.929089522318 92
28 181.463025605293 95
29 172.4133132259 98
30 165.49413354295 102
31 160.013966006726 105
32 155.623096434863 108
33 152.128200396163 111
34 149.292926037593 114
35 147.122318191736 117
36 145.469007498983 120
37 143.945835317399 123
38 142.612611589756 126
39 141.678879198323 129
40 140.9900070764 132
41 140.293990240736 135
42 139.644985267159 138
43 139.203700055241 141
44 138.94963709522 144
45 138.799928422337 147
46 138.702296504515 150
47 138.632535947998 153
48 138.579614162184 156
49 138.537987424735 159
50 138.504500132426 163
51 138.477151432151 166
52 138.454569281355 169
53 138.435761056453 172
54 138.419981246604 175
55 138.40665447329 178
56 138.395327791622 181
57 138.385639796325 184
58 138.377299709927 187
59 138.370072446332 190
60 138.363767320926 193
61 138.35822913653 196
62 138.353330995338 199
63 138.348968497091 202
64 138.345055104372 205
65 138.341518486864 208
66 138.33829766212 211
67 138.335340760896 214
68 138.332603267571 217
69 138.330046616134 220
70 138.327637053185 223
71 138.32534470682 226
72 138.323142821742 229
73 138.321007137187 232
74 138.318915396133 235
75 138.316846983409 238
76 138.314782697671 241
77 138.312704668317 244
78 138.31059643263 248
79 138.308443189694 251
80 138.306232243703 254
81 138.30395363726 257
82 138.301600952442 260
83 138.299172222048 264
84 138.296670847172 267
85 138.294106366862 270
86 138.291494885517 274
87 138.288858953502 277
88 138.286226736984 281
89 138.283630415258 284
90 138.281103898127 287
91 138.278680126615 290
92 138.276388352463 293
93 138.274251833251 297
94 138.272286306082 301
95 138.27049943288 304
96 138.268891200436 307
97 138.267455076112 310
98 138.26617961471 313

0 4629.56930970511 8
1 4172.89994589941 11
2 3369.40636750226 14
3 2375.31181489401 17
4 1552.11276195859 20
5 1039.49518595892 23
6 761.80056924611 26
7 590.868702368601 29
8 474.725470991256 32
9 389.202124088675 35
10 324.417264192692 38
11 274.624681232672 41
12 236.498178179622 44
13 208.447394905604 47
14 189.762205359785 50
15 177.389243720747 53
16 168.401862280138 57
17 161.510225471469 60
18 155.996112031155 63
19 151.3713604219 66
20 147.47938379511 69
21 144.80045245688 72
22 142.88881198268 75
23 141.356707745478 78
24 140.200512001343 81
25 139.390175001097 84
26 138.816388751703 87
27 138.392300833391 90
28 138.068926211924 93
29 137.818521409043 96
30 137.623287147323 99
31 137.470509489641 102
32 137.350623624817 105
33 137.25631033207 109
34 137.181940306545 112
35 137.123169599902 115
36 137.076632849195 118
37 137.039711524922 121
38 137.010359897298 124
39 136.986974224766 127
40 136.968293801508 130
41 136.953325456783 133
42 136.941285460468 136
43 136.93155451212 140
44 136.923642696572 143
45 136.917162123337 146
46 136.911805548198 149
47 136.907329685355 153
48 136.903542210946 156
49 136.900291667546 159
50 136.89745962694 162
51 136.894954573018 165
52 136.892707044314 168
53 136.890665644395 172
54 136.888793603704 175
55 136.887065669596 178
56 136.885465210793 181
57 136.883981533018 184
58 136.882607488955 187
59 136.88133750382 190

0 4635.42448751706 8
1 4242.72799517448 11
2 3593.20742679228 14
3 2670.95914265032 17
4 1922.65985640157 21
5 1501.63188153514 24
6 1266.44066059157 27
7 1158.19686375545 30
8 1090.79747542309 33
9 1036.83058760255 36
10 980.373974917992 39
11 913.831603222501 42
12 839.429183002499 45
13 754.693765781693 48
14 663.315285547988 51
15 572.03968486988 54
16 483.16672018035 57
17 399.50852465647 60
18 330.924165308871 63
19 278.715927572817 67
20 239.31238661264 70
21 208.093384990387 73
22 183.668337606466 76
23 165.763820895066 79
24 154.841119969515 82
25 149.212539107218 85
26 146.191036108868 88
27 144.32945268792 91
28 142.970481482383 94
29 141.851966110688 97
30 140.960003327366 101
31 140.312542896672 104
32 139.859803671669 107
33 139.534810391779 110
34 139.291380056936 113
35 139.102964886924 116
36 138.954065012459 119
37 138.834804441269 122
38 138.738321571197 125
39 138.659583349971 128
40 138.594814931227 132
41 138.541165107779 135
42 138.496460474378 138
43 138.459014151172 141
44 138.427489908356 144
45 138.40081688066 147
46 138.378137179794 150
47 138.358766528534 153
48 138.342156829139 156
49 138.327860528171 160
50 138.315502035831 163
51 138.304759923976 166
52 138.295358987009 169
53 138.287067939358 173
54 138.279698247909 176
55 138.273101386035 179
56 138.267163893728 182
57 138.261800942848 185
58 138.25694947603 188
59 138.252561778713 191
60 138.248599983731 194
61 138.245031734769 198
62 138.241827079861 201
63 138.238956563378 204
64 138.236390383216 207
65 138.234098381025 211
66 138.232050570429 214
67 138.23021790549 217
68 138.22857304582 220
69 138.227090960426 223
70 138.225749299839 226

0 4640.53481774893 8
1 4440.24141568305 11
2 4184.79823956038 14
3 3751.17845059446 17
4 2990.79307207793 20
5 2074.25445148396 23
6 1386.21335870602 26
7 992.576172040828 29
8 770.604357659083 32
9 627.545442818365 35
10 520.464979397581 38
11 427.942098737072 41
12 357.084980692823 44
13 301.632113378392 47
14 255.960150877299 50
15 223.703087623621 53
16 202.009995105079 57
17 186.212086725344 60
18 174.248019208087 63
19 164.346575426234 66
20 155.942333577836 69
21 148.715516278363 72
22 144.557538932856 75
23 142.180183591537 78
24 140.752852061094 81
25 139.809717756396 84
26 139.037220457176 87
27 138.387992740084 90
28 137.934964682071 93
29 137.663212814303 96
30 137.503874042952 99
31 137.404449610625 103
32 137.33717196963 106
33 137.288473338564 109
34 137.251453410149 112
35 137.222309410043 115
36 137.198763955887 118
37 137.179336414802 121
38 137.162974961981 124
39 137.148863089011 127
40 137.136319046586 130
41 137.124741545875 134
42 137.113572915891 137
43 137.102266825753 140
44 137.090264630927 143
45 137.077005987673 146
46 137.062024660984 149
47 137.045177769512 152
48 137.026945358924 155
49 137.008512484742 158
50 136.991340436523 161
51 136.976457477981 164
52 136.964102036486 167
53 136.953918089008 171
54 136.945344148743 174
55 136.937873311355 176
56 136.931139573565 179
57 136.924909126107 182
58 136.919043688145 186
59 136.91346590486 189
60 136.908134534134 191
61 136.903028682571 194
62 136.89813843619 197
63 136.893459512625 200
64 136.888990282007 204
65 136.884730125473 207
66 136.880678528454 210
67 136.876834572671 212
68 136.873196647101 216
69 136.869762285714 219
70 136.866528086398 222
71 136.863489688755 225
72 136.860641798916 228
73 136.857978253391 231
74 136.855492114644 234
75 136.853175790734 237
76 136.851021170929 240
77 136.84901976922 243
78 136.847162868113 246
79 136.845441656194 249
80 136.843847354264 252
81 136.842371326361 255
82 136.841005173468 258

0 4563.92381060067 8
1 4128.82772109279 11
2 3434.97418873733 14
3 2488.72274306286 17
4 1689.42708799029 20
5 1208.2792848936 24
6 936.640547918553 27
7 765.394665761801 30
8 647.289189789222 33
9 553.711779285925 36
10 475.254020365451 39
11 413.318470697974 42
12 365.85101791213 45
13 328.955855989227 48
14 300.357408803581 51
15 277.692053913778 54
16 258.576504173426 57
17 242.115543733853 60
18 227.340571653335 64
19 215.59794460213 67
20 206.140369126147 70
21 198.144506446708 73
22 191.010945569256 76
23 184.223867307149 79
24 178.031369550319 82
25 172.410601527741 85
26 167.121069335666 88
27 162.363044103065 91
28 158.007925336982 95
29 154.318276929503 98
30 151.505701451552 101
31 149.869531909963 104
32 149.018520311174 107
33 148.441385437107 110
34 147.827374573246 113
35 147.011801750862 116
36 146.02396288397 119
37 144.973736637333 122
38 144.014817386209 125
39 143.022349180651 128
40 141.928239893473 131
41 140.960670579661 134
42 140.097009656779 137
43 139.400806596479 140
44 138.949132400869 143
45 138.704020987749 146
46 138.581781996655 149
47 138.520281946226 152
48 138.486458801233 156
49 138.464986594134 159
50 138.44915781705 162
51 138.436107340493 165
52 138.424624724944 168
53 138.414197494177 171
54 138.404599977513 174
55 138.395720075157 177
56 138.38748935157 180
57 138.379856906865 183
58 138.372780458784 187
59 138.366223186013 190
60 138.360151966918 193
61 138.354535821046 196
62 138.349344559672 199
63 138.344547902251 202
64 138.340115190435 205
65 138.336015636583 208
66 138.332218914696 211
67 138.328695869344 214
68 138.325419158411 217
69 138.322363718859 220
70 138.3195070173 223
71 138.31682910046 226
72 138.314312489809 229
73 138.311941973433 232
74 138.309704343945 235
75 138.307588120494 238
76 138.305583280782 241
77 138.30368101826 244
78 138.301873531421 247
79 138.300153846541 251
80 138.298515671826 254
81 138.296953279263 257
82 138.295461409789 260
83 138.294035197514 263
84 138.292670109063 266

0 4610.68377451403 8
1 4281.86183496979 11
2 3779.73251960849 15
3 3105.91504232605 18
4 2481.23169380757 21
5 2057.68776756783 24
6 1774.74291518622 27
7 1565.53839256134 30
8 1390.74948580474 34
9 1233.30612982823 37
10 1082.71553547444 40
11 947.031294226756 43
12 822.203159125577 46
13 704.871764154092 49
14 600.332492102053 52
15 517.084159730975 55
16 452.101301229648 58
17 401.427253739172 61
18 361.798354833591 64
19 327.298987716542 67
20 295.69672347018 70
21 266.472870731456 73
22 240.648931082392 77
23 216.785915263373 80
24 196.22118698123 83
25 180.152187778268 86
26 167.576225840567 89
27 158.185958801971 92
28 152.534203231086 95
29 147.663720831704 98
30 142.893893958482 101
31 139.700952546625 104
32 138.174712667799 108
33 137.550506479332 111
34 137.294696231675 114
35 137.179098556999 117
36 137.118715115387 120
37 137.081933058537 123
38 137.056263534114 126
39 137.036257358105 130
40 137.019219855133 133
41 137.003655768727 136
42 136.988705927016 139
43 136.973953159086 142
44 136.959339027719 145
45 136.945062579043 148
46 136.931424731621 151
47 136.918671186282 154
48 136.906911335073 157
49 136.896132065483 160
50 136.886260615205 163
51 136.877221832346 166
52 136.868965070601 169
53 136.861463926072 172
54 136.854702845392 175
55 136.848663020924 178
56 136.843313906248 181
57 136.838611208446 184
58 136.834499332031 187
59 136.830915762474 190
60 136.827795604414 193
61 136.825075382409 196
62 136.822695813168 199
63 136.820603556393 203
64 136.818752077116 206
65 136.817101803634 209
66 136.815619780988 212
67 136.814279010059 215

0 4694.80164111043 8
1 4405.98728823941 12
2 3890.11780236346 15
3 3010.92453799927 18
4 2067.59506308575 21
5 1425.82226514863 24
6 1058.9901733569 27
7 842.349846186071 30
8 700.622101765636 33
9 601.836622534389 37
10 529.195451534791 40
11 468.236114853693 43
12 412.896144803649 46
13 363.686504950753 49
14 320.996706450554 52
15 284.067337476943 55
16 251.70928058233 58
17 224.073641417668 61
18 202.32610168452 64
19 186.14457573351 67
20 174.131696612614 71
21 165.294145625665 73
22 158.8226643376 77
23 153.991686167422 80
24 150.081958157382 83
25 146.562123504395 86
26 143.686367408718 89
27 141.801625264329 92
28 140.598955217901 95
29 139.764581764874 98
30 139.146941645122 101
31 138.674819268338 104
32 138.308382609462 107
33 138.021659327179 111
34 137.796160995054 114
35 137.618129500084 117
36 137.477095382894 120
37 137.364998371957 124
38 137.275593392033 127
39 137.204023516917 130
40 137.146501368219 134
41 137.100066536468 137
42 137.062399276598 140
43 137.031677295496 143
44 137.00646596982 146
45 136.985634382051 149
46 136.968290998922 152
47 136.95373402715 155
48 136.941412570372 159
49 136.930895673641 162
50 136.921847170561 165
51 136.914004949053 168
52 136.907163816557 171
53 136.901161540035 174
54 136.89586782954 177
55 136.891176038973 181
56 136.886997246514 184
57 136.883256250681 187
58 136.879888956623 190
59 136.876840658543 193
60 136.874064826562 197
61 136.871522136149 200
62 136.869179596419 203
63 136.867009719394 206
64 136.864989722527 209
65 136.863100778721 212
66 136.861327332063 216
67 136.859656492737 219
68 136.858077517085 222
69 136.856581371929 225
70 136.855160377283 229
71 136.853807918756 232

