0 137272.592312735 72
1 140903.596538383 144
2 141195.070369953 223
3 87154.3417198205 294
4 42442.0404029048 364
5 19569.064318353 439
6 10025.4731309906 509
7 7520.14179403684 582
8 6501.87413545684 657
9 6151.92390289353 725
10 6004.99936212612 799
11 5939.84253062129 872
12 5909.36411860828 941
13 5905.40276732362 1022
14 5904.61553971893 1093
15 5904.36926833861 1168
16 5904.27974399979 1244
17 5904.24497040592 1312
18 5904.23111034959 1382
19 5904.22553450068 1454

0 197995.431084413 72
1 161682.686535589 145
2 134000.061095819 216
3 79477.4011910684 285
4 38615.934493125 358
5 19891.7405899816 430
6 10678.9784890652 498
7 7439.48960222346 581
8 6509.85565583603 653
9 6138.63244299658 727
10 6003.09396845423 814
11 5945.80577090181 884
12 5917.26846848393 955
13 5912.93935677237 1028
14 5912.11460399641 1096
15 5911.86905695399 1171
16 5911.77871333142 1242
17 5911.74351313735 1311
18 5911.72950930655 1387
19 5911.72387646003 1461

0 132952.674317248 72
1 167606.659300927 146
2 127829.000400735 216
3 79151.5964565968 290
4 37210.2037884834 364
5 18143.0360298629 433
6 10227.8295731736 506
7 7464.69433175497 577
8 6536.85928132543 645
9 6164.65176918499 719
10 6003.88187668557 789
11 5944.27433798977 857
12 5917.11975980673 930
13 5912.30576857874 1001
14 5911.39589962239 1069
15 5911.1205702646 1141
16 5911.01982032465 1209
17 5910.98075638242 1281
18 5910.96525400095 1359
19 5910.95902541967 1429

0 143086.910335231 74
1 141543.520962078 158
2 132184.923338443 230
3 96889.1760954139 310
4 40104.2130478448 382
5 19944.2111235152 453
6 10770.2709924913 531
7 7318.39638098455 604
8 6534.49244071687 673
9 6154.20451955194 751
10 6008.47458244762 822
11 5937.87839759244 895
12 5912.00991709123 969
13 5907.79627620898 1037
14 5906.96242473627 1109
15 5906.7125590707 1180
16 5906.62183142731 1248
17 5906.58668523635 1330
18 5906.57273144423 1401
19 5906.56712498365 1471

0 149870.292031089 84
1 145990.091567388 156
2 105545.642601688 228
3 69640.4867019879 306
4 37675.1940291382 378
5 18296.3249429316 454
6 10103.8944785412 528
7 7221.67939384297 596
8 6450.97386023037 673
9 6045.62743689626 747
10 5910.36208834104 818
11 5852.34041261063 894
12 5829.72859027979 965
13 5825.22147298016 1037
14 5824.40992692084 1117
15 5824.16342464713 1187
16 5824.07384165204 1264
17 5824.03924598212 1337
18 5824.02550138243 1408
19 5824.01997797231 1486

0 132146.532382285 72
1 159593.872957302 141
2 116306.338577562 217
3 81400.2824937397 288
4 38631.9346798634 361
5 19235.0740649884 435
6 10173.5120160271 505
7 7352.70692407626 579
8 6356.07393670095 652
9 6051.33039513719 719
10 5950.98880033875 797
11 5863.41219581358 868
12 5837.82772842232 939
13 5833.19376433342 1013
14 5832.36969312615 1082
15 5832.11521458958 1150
16 5832.02384580592 1224
17 5831.98856390006 1295
18 5831.97451274276 1367
19 5831.96886463033 1438

0 178962.810967837 71
1 159601.102303834 144
2 114971.904112249 219
3 94636.664365985 289
4 39621.6159038619 362
5 19406.1704095858 432
6 10201.4973512598 502
7 7462.7878703502 575
8 6426.21553279692 645
9 6077.31878818207 713
10 5924.1682989798 790
11 5863.37538331266 860
12 5834.43212568271 930
13 5829.74378679471 1009
14 5828.83752016501 1078
15 5828.55143982897 1149
16 5828.44622826288 1224
17 5828.40541913797 1293
18 5828.38914494186 1365
19 5828.38260575213 1437

0 198796.646378714 73
1 145401.566733688 148
2 120395.371636836 221
3 83318.9166515909 292
4 40651.1916460888 368
5 17283.3121615175 438
6 9975.91707384844 508
7 7494.50125429506 585
8 6514.37402586752 658
9 6166.20990865837 735
10 5998.23937437897 809
11 5936.80386389874 879
12 5912.35353395451 952
13 5908.22245119749 1023
14 5907.45566801378 1093
15 5907.22295923936 1172
16 5907.13870760704 1241
17 5907.10609112519 1310
18 5907.09313557355 1389
19 5907.08792892916 1461

0 146818.735783649 75
1 138613.763425402 148
2 114999.25521113 220
3 76041.9950895364 294
4 41316.103297893 364
5 19062.844362344 435
6 10202.2713161641 508
7 7279.1792837002 577
8 6501.58382037387 648
9 6179.03637275994 732
10 6009.52618928302 803
11 5944.72923590672 873
12 5917.54270733384 951
13 5912.65755426896 1020
14 5911.68223847174 1091
15 5911.38624498733 1167
16 5911.2804534711 1237
17 5911.23957622235 1312
18 5911.22333615934 1383
19 5911.21681396501 1453

0 139327.108054443 78
1 159074.750028622 151
2 132432.15402388 224
3 108441.454396068 302
4 38998.0106038748 373
5 18954.1439327691 447
6 10752.5852848688 525
7 7515.75444001676 597
8 6472.39428248216 679
9 6145.96760026264 756
10 6005.06788475638 827
11 5945.8888250158 903
12 5918.12769773385 973
13 5914.05237574832 1043
14 5913.25485495989 1117
15 5913.01071633049 1186
16 5912.92356304808 1258
17 5912.88988754321 1331
18 5912.87652735566 1399
19 5912.87115451805 1472

0 169528.15277117 73
1 147526.45151047 142
2 120282.464236224 216
3 87198.2365711685 290
4 39431.81410834 358
5 18846.8421071788 440
6 9982.93402192267 512
7 7269.71518341405 585
8 6376.34224498446 660
9 6078.6714737147 729
10 5915.60310257653 804
11 5850.22150558338 877
12 5825.49659974128 946
13 5820.85954244328 1019
14 5820.00880914619 1092
15 5819.75257511782 1160
16 5819.66157528952 1234
17 5819.62628853853 1306
18 5819.61226560195 1379
19 5819.60663332751 1455

0 135809.600846687 73
1 170925.102445572 143
2 140846.465613688 220
3 89030.2093604049 290
4 39579.5668401959 369
5 18403.0947808541 442
6 10220.2814085551 510
7 7434.13316860355 588
8 6530.63112022955 661
9 6197.84027456244 729
10 6006.60794710424 805
11 5935.98437486574 878
12 5912.51527503653 948
13 5907.80358763026 1023
14 5906.89809191689 1092
15 5906.62538256814 1161
16 5906.52628528469 1238
17 5906.48785818803 1309
18 5906.47256557664 1382
19 5906.46641964604 1454

0 154798.160626658 71
1 153550.841944202 146
2 119184.776224128 220
3 80558.204052233 290
4 39190.1161691411 370
5 19518.4926344194 445
6 10108.0556174045 518
7 7330.08907076875 597
8 6351.85966546813 667
9 6046.31490760353 738
10 5906.39044306619 811
11 5850.49471605627 881
12 5825.03433222543 954
13 5821.28607557885 1026
14 5820.57038643276 1094
15 5820.35602642302 1169
16 5820.27921338599 1244
17 5820.24945576171 1314
18 5820.23763335923 1391
19 5820.23288562712 1463

0 143416.69272836 77
1 187350.076877663 151
2 115544.326090662 221
3 76543.2475259313 296
4 37586.2879390263 371
5 21098.5170609385 443
6 9908.11003893863 525
7 7609.74940457513 601
8 6507.51792623507 673
9 6165.41306011425 750
10 6000.71635498563 823
11 5938.76699566973 896
12 5911.942298736 968
13 5908.02521462921 1037
14 5907.2479260798 1109
15 5907.00466795407 1180
16 5906.91682887743 1247
17 5906.88286841791 1320
18 5906.86936743544 1391
19 5906.8639412707 1461

0 179565.184527263 77
1 141884.65692192 148
2 128582.273298645 221
3 79122.2991561909 301
4 39211.2486603052 374
5 18285.7889077702 451
6 10595.3426582712 527
7 7386.52098771822 596
8 6437.66113759864 670
9 6066.07657688662 743
10 5920.97114011909 813
11 5862.97518850964 889
12 5837.17945925802 960
13 5832.72000132152 1033
14 5831.80363569954 1108
15 5831.5210168754 1177
16 5831.41725726923 1249
17 5831.37689766338 1324
18 5831.36084154247 1393
19 5831.35438799594 1467

0 168881.258225602 74
1 186474.858270842 143
2 138813.292507727 222
3 80490.5516389113 294
4 39222.6049022671 364
5 19644.6945615774 447
6 9883.55377358415 517
7 7300.32694877534 590
8 6454.52224512633 662
9 6094.12080825983 731
10 5917.06139528364 805
11 5860.40619720224 877
12 5836.42941058051 946
13 5831.58353312911 1019
14 5830.84021607073 1090
15 5830.60566708174 1158
16 5830.52054066854 1231
17 5830.48749069746 1301
18 5830.47434842664 1370
19 5830.46906902572 1445

0 153677.724746932 72
1 136641.002195763 146
2 143591.739489138 229
3 91332.0557482331 300
4 40185.6594616488 375
5 16185.7901645572 445
6 10382.5586297823 515
7 7292.35137331536 587
8 6365.56238011226 658
9 6069.91736598818 726
10 5928.23107197937 800
11 5859.00082659307 870
12 5832.01315503592 939
13 5827.02536011703 1013
14 5826.10404087948 1082
15 5825.81277623153 1156
16 5825.70567231802 1229
17 5825.66402152133 1299
18 5825.64740359977 1370
19 5825.64071792206 1441

0 144391.480012199 71
1 150535.488110325 149
2 116960.089049626 225
3 92438.9916675627 294
4 39015.1712081052 372
5 18256.1191979903 448
6 9682.96120231758 522
7 7397.05939173319 601
8 6366.77734702898 674
9 6046.07907393932 747
10 5918.77414339412 820
11 5852.67001424819 888
12 5826.56622903195 961
13 5821.98133752765 1032
14 5821.17035305131 1101
15 5820.92933924064 1178
16 5820.84076410287 1251
17 5820.80644921595 1320
18 5820.79283261515 1396
19 5820.78735533092 1468

0 140646.179826823 73
1 152863.935952365 152
2 138233.262934026 223
3 86388.7695926567 301
4 38531.6393909878 376
5 18080.6337554142 446
6 10296.0231919988 520
7 7477.16342826375 592
8 6393.82803708677 663
9 6075.3663065103 739
10 5922.22409274372 810
11 5856.96683941069 881
12 5829.0872743559 955
13 5825.17396625234 1024
14 5824.39400264512 1095
15 5824.16970634631 1169
16 5824.08779242247 1239
17 5824.05617372421 1313
18 5824.0436018775 1386
19 5824.03855127611 1454

0 142715.046577173 81
1 158909.520771631 161
2 116713.793918432 248
3 78223.2532543809 327
4 35881.2089040669 402
5 19918.549080432 478
6 10689.0429918341 555
7 7333.69324839718 632
8 6379.667355459 707
9 6086.37923744858 785
10 5919.23873928991 876
11 5861.22670792453 961
12 5833.86533674391 1045
13 5828.63113274462 1125
14 5827.73919899568 1203
15 5827.47873458753 1287
16 5827.38389055032 1365
17 5827.3470800505 1438
18 5827.3324278155 1520
19 5827.32653918951 1591

0 134302.182267579 73
1 142615.667277899 146
2 157014.871757534 217
3 81037.7073458135 291
4 36214.2777519506 365
5 18682.0081061565 433
6 11415.3539128943 505
7 7363.98484412462 577
8 6476.95125365479 645
9 6046.54885407643 720
10 5931.97172519672 793
11 5861.59967300575 861
12 5832.88911051918 937
13 5828.21983861425 1008
14 5827.37507909334 1078
15 5827.12048681879 1157
16 5827.02872536797 1228
17 5826.99315298962 1305
18 5826.97901879107 1379
19 5826.97333439941 1447

0 154478.404950361 81
1 140058.558539974 156
2 126147.836351552 232
3 87324.9781222465 315
4 40940.0097317701 388
5 18444.0348451193 461
6 10844.9547151937 537
7 7553.57180852207 608
8 6481.96394078676 680
9 6175.63558756174 752
10 5997.50481057743 822
11 5938.86174713158 901
12 5910.85141985309 973
13 5906.60252085153 1042
14 5905.76438887317 1124
15 5905.51660585327 1196
16 5905.42570683341 1268
17 5905.39035124717 1342
18 5905.37629673039 1410
19 5905.37065177427 1481

0 154083.324337087 73
1 178606.915859459 144
2 134791.75771188 218
3 85761.5139852851 290
4 38821.2528075136 363
5 19749.49221038 441
6 10205.6954654412 511
7 7299.65152568976 582
8 6363.80351955516 659
9 6064.56287453642 728
10 5911.56723263226 801
11 5856.72477722758 873
12 5828.91868755123 941
13 5824.60091165141 1018
14 5823.8092336212 1091
15 5823.5778934982 1159
16 5823.49337472985 1232
17 5823.46066110498 1303
18 5823.44765201566 1375
19 5823.44242511063 1451

0 146820.222805003 71
1 150924.123247351 141
2 137336.90030283 219
3 85512.032539538 291
4 39266.991152491 364
5 17763.2934264579 437
6 10263.2482736625 505
7 7404.19086980586 579
8 6437.55933462814 652
9 6069.11666062508 720
10 5928.48057866337 792
11 5860.69859695405 863
12 5834.51966613344 934
13 5830.43769453443 1022
14 5829.63759959414 1094
15 5829.39153483399 1166
16 5829.3030704976 1242
17 5829.26916287131 1313
18 5829.25569131313 1384
19 5829.25027549846 1456

0 145752.153990365 72
1 188512.286162854 146
2 122983.411520907 220
3 79355.9969846901 289
4 42536.2605087294 365
5 19642.3371804941 436
6 10373.3329727986 509
7 7515.32273123512 583
8 6511.95786856041 651
9 6145.70893779288 722
10 6002.10030905463 796
11 5940.91858898774 866
12 5914.58336581579 942
13 5909.43416784448 1014
14 5908.47672131785 1082
15 5908.18378852657 1160
16 5908.07899744376 1229
17 5908.03841968124 1297
18 5908.02228182863 1373
19 5908.01579908612 1443

0 150780.461828444 79
1 143846.593801038 160
2 138517.955615723 234
3 75074.6607608743 312
4 37454.349359107 388
5 18375.3627670132 457
6 9703.99848290667 534
7 7327.05596935825 605
8 6424.99454411117 674
9 6088.4289917943 750
10 5925.00780385738 821
11 5859.78522128555 891
12 5835.28220460479 968
13 5830.63514589987 1040
14 5829.76092205448 1117
15 5829.49541534174 1188
16 5829.40049603177 1256
17 5829.36368507596 1328
18 5829.34902792273 1399
19 5829.34315188304 1466

0 167192.807268053 79
1 174041.109842725 150
2 112235.88399899 220
3 79265.9057374206 298
4 38818.2745830968 369
5 18271.3911655288 439
6 10076.5901034203 513
7 7760.52176960922 582
8 6584.26531081488 657
9 6154.03842825571 735
10 6028.87442268721 807
11 5942.37538554869 889
12 5916.37765598148 961
13 5912.1166656416 1029
14 5911.32164820412 1105
15 5911.07401822995 1174
16 5910.98452185899 1244
17 5910.94977346264 1314
18 5910.93596492994 1382
19 5910.93041608081 1451

0 151303.056569764 72
1 144281.194867895 141
2 118456.524122871 213
3 81081.4136534542 285
4 37611.9453293161 354
5 18764.9668185328 425
6 10170.6407789126 498
7 7347.75126925969 566
8 6365.99794938055 638
9 6067.12508301703 714
10 5919.82036188172 794
11 5854.38733034036 869
12 5830.99768377139 937
13 5826.79059287839 1008
14 5825.96913774023 1084
15 5825.71435189589 1154
16 5825.62145444164 1227
17 5825.58540752003 1299
18 5825.57104774492 1369
19 5825.56527114618 1441

0 173203.761131943 74
1 161723.342321933 146
2 133031.852357767 221
3 82446.529051469 293
4 38723.745523798 362
5 17591.6590471786 438
6 10218.496962925 511
7 7210.65272573692 583
8 6547.1282901017 660
9 6162.33493974739 732
10 6008.96480905137 812
11 5939.13750192844 887
12 5910.92370296253 956
13 5906.12538359227 1035
14 5905.26261290484 1108
15 5904.99343345704 1177
16 5904.89484988846 1254
17 5904.85679776361 1325
18 5904.84166401285 1396
19 5904.83558310293 1472

0 178178.795261182 72
1 140196.541574045 145
2 135677.029424687 219
3 83067.5021703273 292
4 36286.5816089828 373
5 19232.0340659827 447
6 10484.3428205356 519
7 7304.6729606583 597
8 6576.8870511109 668
9 6139.41902796035 743
10 6008.49005975446 822
11 5940.15348167484 899
12 5915.01063146086 975
13 5910.19579893309 1047
14 5909.29000442973 1116
15 5909.02119730965 1192
16 5908.92318175872 1266
17 5908.88513652952 1340
18 5908.86999118853 1414
19 5908.86390375862 1482

0 147762.725266251 75
1 160626.602200987 148
2 142126.422448855 220
3 91066.0113577126 300
4 38096.4896126923 374
5 19061.3659841072 444
6 10151.8537249269 523
7 7493.45811576727 596
8 6434.38178663757 671
9 6042.59272159541 755
10 5917.59815352852 831
11 5861.16430007172 908
12 5834.66529389432 982
13 5830.65733998156 1053
14 5829.84438942456 1131
15 5829.60499332667 1203
16 5829.51776829358 1276
17 5829.48376728774 1350
18 5829.47027170919 1419
19 5829.46484485386 1493

0 139340.91384109 75
1 146436.275409574 144
2 130250.364881817 218
3 95526.2988707639 291
4 38809.6121876464 364
5 18758.0356641934 442
6 10097.3918838376 517
7 7385.0155171412 590
8 6394.28410803389 669
9 6057.31231041655 741
10 5912.71898958523 812
11 5852.98404172122 883
12 5829.39777233844 951
13 5824.81337880772 1022
14 5823.98495232066 1093
15 5823.7370630755 1161
16 5823.64665102826 1235
17 5823.6115311694 1305
18 5823.59757197197 1378
19 5823.59196397751 1454

0 148668.106018559 72
1 149013.917761376 141
2 140594.373060003 220
3 82233.2420953768 292
4 45386.3221392654 364
5 19649.5977575807 440
6 9997.6825758593 510
7 7464.12068005669 588
8 6496.31932562809 661
9 6131.2293795299 732
10 6009.65035527557 807
11 5937.77624045011 878
12 5914.28221805743 950
13 5909.21252647587 1026
14 5908.33581270332 1097
15 5908.07373352337 1168
16 5907.97875585033 1244
17 5907.94179132443 1313
18 5907.92707657145 1384
19 5907.92116698426 1456

0 165420.24288353 71
1 154067.900547652 144
2 127178.385482475 217
3 84653.0161277744 287
4 39295.4342791605 360
5 21823.1162753403 432
6 11274.3909913687 505
7 7586.4813273859 585
8 6535.03267073073 656
9 6156.44821691474 728
10 6004.77968663422 802
11 5938.30945874747 870
12 5914.00334707508 942
13 5910.03895515787 1015
14 5909.23129113622 1084
15 5908.99421514022 1156
16 5908.9089379223 1228
17 5908.87615360354 1298
18 5908.86313422664 1372
19 5908.85790286639 1443

0 170043.896968826 76
1 153211.392663588 154
2 149699.27338023 225
3 80435.873916763 297
4 39478.5598234674 370
5 18849.8288079458 438
6 10891.4396258025 514
7 7432.12189605319 586
8 6503.20854998704 654
9 6118.91741840721 732
10 5995.39673966724 810
11 5933.13852855875 879
12 5908.36648928577 958
13 5903.81653609379 1032
14 5902.91290253695 1105
15 5902.64618670999 1182
16 5902.55082501607 1250
17 5902.51381734559 1321
18 5902.49914648093 1393
19 5902.49325432485 1463

0 143727.332014188 78
1 158344.914376979 150
2 118288.628275751 219
3 87356.345982359 293
4 42374.1579184359 363
5 17379.1226280454 433
6 10064.3286814335 513
7 7356.79480687584 583
8 6466.53621532712 659
9 6083.12139787241 730
10 5923.49352648067 797
11 5862.51994399574 868
12 5834.15204712362 939
13 5830.26775249848 1008
14 5829.51280817307 1080
15 5829.28864765092 1152
16 5829.20906962711 1221
17 5829.17813202621 1293
18 5829.16585324296 1366
19 5829.16091719415 1435

0 156189.12204867 76
1 127131.139703096 147
2 132899.722340806 221
3 70171.8622035856 295
4 38475.1723257935 366
5 18493.8219009604 438
6 9996.09189771062 515
7 7470.94210616258 584
8 6451.63075076879 657
9 6080.17160103144 731
10 5929.40197242673 799
11 5863.41098362122 872
12 5834.92220947595 943
13 5830.13646896574 1012
14 5829.11252421696 1087
15 5828.80207337542 1159
16 5828.68933569844 1231
17 5828.64596282561 1309
18 5828.6287539043 1378
19 5828.62184208761 1448

0 176702.670118934 75
1 154843.127026946 144
2 132271.798116405 216
3 92340.3173579414 292
4 39498.9085083175 360
5 20197.3211559252 438
6 10335.1613501254 510
7 7483.12688598844 578
8 6512.16376617606 654
9 6153.73745405611 726
10 6001.25512887988 800
11 5941.71279701542 876
12 5916.80683431293 945
13 5912.35625910171 1014
14 5911.45804916636 1089
15 5911.18135964659 1157
16 5911.08259487104 1229
17 5911.044194203 1302
18 5911.02894466131 1370
19 5911.02282234363 1442

0 149283.709244841 72
1 159377.174037798 140
2 131518.420667521 214
3 91058.5016275357 288
4 37920.4376744628 361
5 18106.152068831 446
6 10256.4966023268 517
7 7504.04321093109 589
8 6562.1838923086 670
9 6153.42003821097 741
10 6000.42312937767 817
11 5942.22554703591 891
12 5915.26294618361 959
13 5910.66356222663 1034
14 5909.86964108949 1105
15 5909.63187290445 1174
16 5909.54721129638 1252
17 5909.51440369114 1323
18 5909.50137052052 1395
19 5909.49613336748 1471

0 144882.596187711 74
1 132628.178104987 151
2 123467.546136605 224
3 70898.0639889252 293
4 44074.1656819517 373
5 20630.6782757873 445
6 10352.7388437606 514
7 7501.53925040692 594
8 6428.05967183019 665
9 6149.15292599682 735
10 5997.89396226626 807
11 5938.17889012928 876
12 5912.66233934087 950
13 5908.08255556482 1022
14 5907.23188888333 1091
15 5906.97517179338 1162
16 5906.88293254888 1233
17 5906.84741483578 1301
18 5906.83327112637 1374
19 5906.82758448133 1445

0 161464.30746273 72
1 133844.060998738 148
2 120043.035672637 221
3 79154.6968602152 293
4 39742.4092193184 374
5 19547.6707925511 447
6 9919.10325922377 524
7 7343.40074916888 597
8 6467.01455832635 665
9 6071.22973186732 737
10 5917.04380822275 808
11 5862.44196153264 876
12 5834.61226574744 951
13 5830.08322471155 1023
14 5829.29600284913 1091
15 5829.06125398878 1166
16 5828.97693604421 1237
17 5828.94427187216 1306
18 5828.93126524615 1382
19 5828.92604303586 1451

0 179088.673911478 75
1 141356.520616687 148
2 114616.793604854 218
3 80441.9402682791 294
4 34116.9418635651 368
5 19709.1548366191 437
6 9840.11976734901 513
7 7249.99320035077 583
8 6436.23817068008 652
9 6050.57257357544 728
10 5911.6893034754 798
11 5851.95825629137 868
12 5826.90535187532 943
13 5822.6032047348 1014
14 5821.90069525506 1089
15 5821.69090524152 1161
16 5821.61623111455 1229
17 5821.58735602347 1301
18 5821.57588676569 1373
19 5821.57128419346 1443

0 176846.973928209 78
1 164924.183556682 151
2 133466.273315643 222
3 75211.5027615527 308
4 39993.9161360796 379
5 19232.3254571713 450
6 11184.1869246741 524
7 7364.88164800124 594
8 6601.09990488427 674
9 6142.46182368494 748
10 6017.0030837762 816
11 5942.13861033515 892
12 5915.71835906865 963
13 5912.12468537698 1032
14 5911.33997037258 1107
15 5911.10905905473 1177
16 5911.02533512059 1246
17 5910.99300448425 1320
18 5910.98012676066 1388
19 5910.97495163802 1458

0 186853.05124036 84
1 166433.12169116 158
2 137038.240981881 235
3 73285.7075167128 308
4 41801.1135126991 377
5 17993.4551447782 452
6 10469.5598495031 523
7 7254.13629663331 593
8 6460.87380829198 668
9 6085.15449550329 737
10 5921.61196008462 807
11 5858.67479087259 879
12 5834.66027311515 947
13 5830.10743604691 1018
14 5829.27218500704 1091
15 5829.02669154081 1160
16 5828.93723641199 1233
17 5828.90250175186 1304
18 5828.88869399624 1372
19 5828.88314452185 1452

0 122312.817653801 71
1 154402.78417205 141
2 124591.288468853 217
3 90488.7869398885 288
4 41567.3052851539 358
5 18515.7150576481 435
6 10223.8708340719 506
7 7490.92251385918 576
8 6489.42394147683 649
9 6157.49260512407 719
10 6007.94681954069 794
11 5943.37078982006 866
12 5915.90874568046 936
13 5911.50951911651 1009
14 5910.67046790211 1082
15 5910.41465714459 1150
16 5910.32092494199 1225
17 5910.28499029053 1296
18 5910.27069705614 1365
19 5910.26495355607 1446

0 153257.345199655 71
1 133053.893276119 145
2 144015.330860482 219
3 82238.1744074959 290
4 38500.0992019003 368
5 18658.9045281422 444
6 10473.0249338403 514
7 7306.6672206423 589
8 6414.28812123522 659
9 6093.14504489024 727
10 5913.29898510847 804
11 5864.327645811 875
12 5833.93250321662 944
13 5828.91989405389 1019
14 5828.07465853435 1088
15 5827.82652257142 1161
16 5827.73655805881 1234
17 5827.70174369999 1304
18 5827.68792620086 1384
19 5827.68237481849 1458

0 154032.411663297 72
1 152294.367067682 149
2 136608.23502067 223
3 76722.2969452135 294
4 40503.2754837682 368
5 18171.3928851156 437
6 10159.8705649715 510
7 7320.73883328919 586
8 6405.38606202361 659
9 6061.46732907611 732
10 5911.05247392653 803
11 5854.92177042247 873
12 5831.34347681661 947
13 5826.97450973188 1018
14 5826.17229555039 1087
15 5825.92330230069 1162
16 5825.8333675312 1232
17 5825.79880890999 1302
18 5825.78508130151 1381
19 5825.77956647838 1450

0 130295.104864957 76
1 143979.051923683 154
2 134142.051562589 226
3 95341.5331120438 300
4 41051.8945897033 373
5 17837.2809451345 446
6 9866.85360280179 523
7 7218.72639027318 595
8 6381.93672364182 665
9 6043.87801621646 739
10 5909.11962490997 808
11 5853.0067626164 878
12 5826.25169751555 952
13 5822.29156248313 1022
14 5821.49799352258 1095
15 5821.25897907097 1167
16 5821.17211939737 1234
17 5821.13845639021 1312
18 5821.12507664952 1383
19 5821.11969973102 1454

0 173725.724636569 84
1 136248.111967996 156
2 146172.264846434 227
3 89229.8784870419 303
4 39227.2857796596 372
5 18595.1864813408 445
6 10411.1303684171 519
7 7490.22114740775 587
8 6485.48438070376 659
9 6198.71625133955 732
10 6019.55696648682 802
11 5946.52239643781 877
12 5918.66456388394 948
13 5913.84346941544 1019
14 5913.02364989666 1097
15 5912.77697844722 1168
16 5912.68657694024 1239
17 5912.6513208498 1317
18 5912.63731222063 1385
19 5912.63167925639 1459

0 191066.872730251 73
1 143578.450038957 142
2 119464.714317603 216
3 85253.0290630503 296
4 36055.1097230103 370
5 19779.9094040216 453
6 10690.672305201 526
7 7628.74592785386 599
8 6535.00583602243 684
9 6127.77943502548 768
10 6003.28995944591 845
11 5938.40190286141 923
12 5909.92325446 1000
13 5905.83685367337 1073
14 5905.08168959152 1144
15 5904.85217167501 1221
16 5904.76813091803 1308
17 5904.73559083873 1394
18 5904.7226740279 1476
19 5904.71748750595 1555

