0 380.428951840708 0
1 328.964325271171 1
2 277.570468233174 1
3 231.588593417494 1
4 197.864451333727 2
5 172.6334847538 2
6 150.897323202508 2
7 131.867089803372 3
8 118.493877789818 3
9 110.020733060934 3
10 104.149462328431 4
11 100.276846732165 4
12 97.7481724361551 4
13 95.9924262680145 5
14 94.4652708186198 5
15 93.1668833500736 5
16 92.3063648362278 6
17 91.7453701267787 6
18 91.360736134669 6
19 91.0788065388787 7
20 90.8563209759633 7
21 90.6682400951131 8
22 90.5019143968954 8
23 90.3524212216479 8
24 90.2176732616469 9
25 90.0951528268437 9
26 89.9809337866636 9
27 89.8703404325369 10
28 89.7598046555467 10
29 89.6489030630375 10
30 89.5405105036694 11
31 89.4386010543743 11
32 89.3459295439002 12
33 89.2633157480178 12
34 89.1901322033456 12
35 89.1249941112832 13
36 89.0662017875512 13
37 89.0119552263291 14
38 88.9604884407259 14
39 88.9102501985287 14
40 88.8602051400552 15
41 88.810228789152 15
42 88.7613799898399 16
43 88.7156833395426 16
44 88.6752882200979 16
45 88.6414922351792 17
46 88.6143488760995 17
47 88.5929953158804 18
48 88.5762352203701 18
49 88.5629517408057 19
50 88.5522647903022 19
51 88.543532156701 19
52 88.5362967288361 20
53 88.5302315134038 20
54 88.5250979010555 20
55 88.5207174275809 21
56 88.5169534105642 21
57 88.5136990209113 22
58 88.5108693780761 22
59 88.5083961531388 22
60 88.5062237639913 23
61 88.5043066119427 23
62 88.5026070230687 23
63 88.5010936824604 24
64 88.4997404233643 24
65 88.4985252781197 25
66 88.4974297260574 25
67 88.4964380919526 25
68 88.495537061073 26
69 88.4947152855176 26

0 386.37445299647 0
1 340.306406838544 1
2 287.29638996295 1
3 233.238497917579 1
4 191.396687312923 2
5 160.474323152254 2
6 137.399304071707 2
7 121.850843671991 3
8 112.580551961552 3
9 105.941275703043 3
10 99.9813037852992 4
11 96.2219306760294 4
12 93.8668202824139 5
13 92.3838175207902 5
14 91.414936409126 5
15 90.7588963946556 6
16 90.299448304551 6
17 89.9670265749839 6
18 89.7205570288204 7
19 89.5357171815281 7
20 89.3968990179367 7
21 89.2928394909822 8
22 89.2148605406783 8
23 89.1562487208354 9
24 89.1119128499248 9
25 89.0780659950363 9
26 89.0519250358133 10
27 89.0314559234307 10
28 89.0151742443592 11
29 89.0019958615138 11
30 88.9911274535379 11
31 88.9819870366541 12
32 88.9741464422086 12
33 88.9672897008714 12
34 88.9611829052751 13
35 88.9556523461816 13
36 88.9505686125399 13
37 88.9458349933931 14
38 88.9413789858308 14
39 88.937146048182 14
40 88.933094978105 15
41 88.9291944678453 15
42 88.9254205129941 15
43 88.9217544403638 16
44 88.9181813850447 16
45 88.9146890932573 16
46 88.9112669612124 17
47 88.9079052443424 17
48 88.9045943883541 18
49 88.9013244454236 18
50 88.8980845467824 18
51 88.894862408032 19
52 88.8916438466849 19
53 88.8884122936129 19
54 88.8851482823212 20
55 88.8818289036223 20
56 88.8784272201823 20
57 88.874911648254 21
58 88.8712453364235 21
59 88.8673856084044 21
60 88.863283594519 22
61 88.8588842590502 22
62 88.8541271365694 22
63 88.8489482028115 23
64 88.8432833789167 23
65 88.8370741146032 23
66 88.8302751928006 24
67 88.8228642380771 24
68 88.8148514214616 24
69 88.8062868437613 25
70 88.7972626628358 25
71 88.7879078446127 25
72 88.778375560602 26
73 88.7688258968858 26
74 88.7594082711675 26
75 88.7502477898626 27
76 88.7414379236342 27
77 88.7330395065937 28
78 88.7250843582713 28
79 88.7175812676883 28
80 88.7105224261212 29
81 88.7038891243987 29
82 88.6976562199039 30
83 88.6917953409966 30
84 88.6862770255101 30
85 88.6810720560384 31
86 88.676152234753 31
87 88.6714907886403 31
88 88.6670625416835 32
89 88.6628439456061 32
90 88.6588130278845 32
91 88.6549492933011 33
92 88.6512336007813 33
93 88.6476480281226 33
94 88.644175731669 34
95 88.6408008046107 34
96 88.6375081355754 34
97 88.6342832679509 35
98 88.6311122595996 35
99 88.6279815420992 36
100 88.6248777782443 36
101 88.621787716204 36
102 88.6186980384068 37
103 88.6155952028827 37
104 88.6124652744409 37
105 88.6092937426475 38
106 88.6060653231209 38
107 88.6027637381479 38
108 88.5993714720506 39
109 88.5958694960985 39
110 88.5922369570743 39
111 88.5884508228874 40
112 88.584485477945 40
113 88.5803122604071 40
114 88.5758989331531 41
115 88.5712090804795 41
116 88.5662014237047 41
117 88.56082905157 42
118 88.5550385666904 42
119 88.5487691589044 42
120 88.5419516326671 43
121 88.5345074422612 43
122 88.526347830664 44
123 88.5173732321433 44
124 88.5074731927672 44
125 88.4965271933781 45
126 88.48440692564 45
127 88.4709807547929 45
128 88.4561212477138 46
129 88.4397166382577 46
130 88.4216867591657 46
131 88.4020030653885 47
132 88.3807107584851 47
133 88.3579488516032 47
134 88.333962004299 48
135 88.3090974022045 48
136 88.2837821963801 49
137 88.2584823248283 49
138 88.2336501828775 49
139 88.2096732616416 50
140 88.1868357021079 50
141 88.1652996387746 50
142 88.1451061117474 51
143 88.1261898601358 51
144 88.1084004284745 51
145 88.0915233464349 52
146 88.075298103563 52
147 88.0594328421616 53
148 88.0436184739214 53
149 88.02754703446 53
150 88.0109399029552 54
151 87.9935893887741 54
152 87.975409904561 54
153 87.9564826201041 55
154 87.9370671375502 55
155 87.9175585996739 55
156 87.8983948395615 56
157 87.8799495738274 56
158 87.8624562530431 56
159 87.8459851915063 57
160 87.8304655562694 57
161 87.8157278071541 57
162 87.8015452147814 58
163 87.787664452534 58
164 87.7738249826431 58
165 87.7597718408473 59
166 87.7452675520114 59
167 87.7301079679408 60
168 87.7141444916362 60
169 87.6973113090222 60
170 87.679651090779 61
171 87.6613280104437 61
172 87.6426165098145 61
173 87.6238610308702 62
174 87.6054142965546 62
175 87.5875725186615 62
176 87.5705276472919 63
177 87.5543483492562 63
178 87.5389889211415 63
179 87.5243164128208 64
180 87.5101442238557 64
181 87.4962636796153 65
182 87.4824699638637 65
183 87.4685826310646 65
184 87.4544628257152 66
185 87.4400293002749 66
186 87.425273518755 66
187 87.410271044004 67
188 87.3951834930342 67
189 87.3802450559624 67
190 87.3657317695524 68
191 87.3519192595366 68
192 87.3390409056349 68
193 87.3272586800805 69
194 87.3166529372735 69
195 87.3072294792413 69
196 87.2989370785133 70
197 87.291687937112 70
198 87.2853758245408 70
199 87.2798895681207 71
200 87.2751217326722 71
201 87.2709734010088 72
202 87.2673562331453 72
203 87.2641928349301 72
204 87.2614161897142 73
205 87.2589686441056 73
206 87.2568007400528 73
207 87.254870052525 74
208 87.2531401103037 74
209 87.2515794304743 74
210 87.2501606719809 75
211 87.2488599011452 75
212 87.247655956692 75
213 87.2465299002735 76
214 87.2454645388729 76
215 87.2444440068273 77
216 87.243453397035 77
217 87.242478433063 77
218 87.2415051762816 78
219 87.2405197649341 78
220 87.2395081853295 78
221 87.2384560792586 79
222 87.2373485963872 79
223 87.2361703057484 79
224 87.2349051862282 80
225 87.2335367213894 80
226 87.2320481277413 80
227 87.2304227454635 81
228 87.2286446137499 81
229 87.2266992363003 81
230 87.2245745138212 82
231 87.2222617804529 82
232 87.2197568352927 82
233 87.2170608203075 83
234 87.2141807780426 83
235 87.2111297420055 84
236 87.2079262758488 84
237 87.2045934748772 84
238 87.2011575490073 85
239 87.1976461866639 85
240 87.1940869283442 86
241 87.1905057504668 86
242 87.1869259899759 86
243 87.1833676555588 87
244 87.1798470986523 87
245 87.1763769718855 88
246 87.1729663863329 88
247 87.1696211848297 88
248 87.1663442663183 89
249 87.1631359168414 89
250 87.1599941207719 90
251 87.1569148389163 90
252 87.1538922481908 90
253 87.1509189417214 91
254 87.1479860898222 91
255 87.1450835624835 91
256 87.1422000135811 92
257 87.1393229264676 92
258 87.1364386201469 92
259 87.1335322149325 93
260 87.1305875563526 93
261 87.1275870960458 93
262 87.124511728522 94
263 87.1213405829327 94
264 87.1180507695006 94
265 87.1146170811086 95
266 87.1110116518539 95
267 87.1072035762545 96
268 87.1031584952782 96
269 87.098838158224 96
270 87.0941999720864 97
271 87.0891965508422 97
272 87.0837752732523 97
273 87.0778778440979 98
274 87.071439821938 98
275 87.0643900135749 98
276 87.0566495228794 99
277 87.0481300534649 99
278 87.038730765014 99
279 87.0283325194103 100
280 87.0167876399622 100
281 87.0039021915332 101
282 86.9894059874245 101
283 86.9729025534696 101
284 86.9537864927226 102
285 86.931109077765 102
286 86.9033687625323 102
287 86.8682237366635 103
288 86.8222443074973 103
289 86.7612053101626 103
290 86.682031447356 104
291 86.5868999710094 104
292 86.4857675610264 104
293 86.3914886473439 105
294 86.3116762476077 105
295 86.2469523201574 105
296 86.1945765157798 106
297 86.1515467529474 106
298 86.115614606324 107
299 86.0852495825111 107
300 86.0593904253543 107
301 86.0372547757091 108
302 86.018230891197 108
303 86.0018217892951 108
304 85.9876162237723 109
305 85.9752720078861 109
306 85.9645047110241 110
307 85.9550787053336 110
308 85.9467993973143 110
309 85.939506285092 111
310 85.9330667904136 111
311 85.9273708975997 112
312 85.9223266210177 112
313 85.9178562815788 112
314 85.9138935311807 113
315 85.9103810341251 113
316 85.9072686993728 113
317 85.9045123554098 114
318 85.9020727669767 114
319 85.8999149062002 115
320 85.8980074064841 115
321 85.8963221434228 115
322 85.8948339014336 116
323 85.893520096969 116
324 85.8923605387557 117
325 85.8913372126931 117
326 85.8904340841115 117
327 85.8896369134608 118

0 386.770569433298 0
1 335.814364692202 1
2 285.393532599639 1
3 241.724820396984 2
4 202.143537658091 2
5 171.614468672485 2
6 148.726212705215 3
7 129.329703775222 3
8 115.092841968724 4
9 106.281426087268 4
10 100.322708243473 4
11 95.7638761932537 5
12 92.874202134778 5
13 91.1432441325524 6
14 90.1424653860391 6
15 89.5655859886852 6
16 89.2162386355192 7
17 88.9883086749221 7
18 88.8276862883918 7
19 88.7065013823924 8
20 88.6097135467992 8
21 88.5285844404615 8
22 88.4576313177875 9
23 88.3932273822428 9
24 88.3329160756942 10
25 88.2750082719249 10
26 88.2183038744881 10
27 88.161929945202 11
28 88.1053349568115 11
29 88.0484070077877 11
30 87.9915598583488 12
31 87.9356307769495 12
32 87.8816133313509 13
33 87.8303915445409 13
34 87.7825953745113 13
35 87.7385798557136 14
36 87.6984739608273 14
37 87.66224872603 14
38 87.629775529344 15
39 87.6008645668917 15
40 87.5752858737438 15
41 87.552780362198 16
42 87.5330678767768 16
43 87.5158560039532 17
44 87.5008500685687 17
45 87.4877629252004 17
46 87.4763229274688 18
47 87.4662791448366 18
48 87.457403743105 19
49 87.4494920244463 19
50 87.4423608474376 19
51 87.4358461137991 20
52 87.429799852145 20
53 87.4240872510864 20
54 87.4185838459983 21
55 87.4131729600532 21
56 87.4077434353646 21
57 87.4021876520391 22
58 87.3963998096215 22
59 87.3902744278667 22
60 87.3837050054919 23
61 87.3765827492966 23
62 87.3687952370554 23
63 87.360224773519 24
64 87.3507459761579 24
65 87.3402216765448 24
66 87.3284953727498 25
67 87.3153769618499 25
68 87.3006159434861 25
69 87.2838521947833 26
70 87.2645283447169 26
71 87.2417411025755 26
72 87.2140124956893 27
73 87.1790209846479 27
74 87.1335674773585 27
75 87.0745541823464 28
76 87.0018063916531 28
77 86.921089063151 28
78 86.8424621898395 29
79 86.7739665573365 29
80 86.7180709800996 30
81 86.6733834766193 30
82 86.6374577524074 30
83 86.6081679874352 31
84 86.5839633568434 31
85 86.563748830016 31
86 86.5467337321733 32
87 86.5323256097145 32
88 86.5200651702012 32
89 86.5095868760014 33
90 86.5005941808736 33
91 86.4928431381609 34
92 86.4861309832188 34
93 86.4802878182232 35
94 86.4751703241687 35
95 86.470656854185 35
96 86.4666435034769 36
97 86.4630408908686 36
98 86.4597714689244 36
99 86.4567672276037 37
100 86.4539676838505 37
101 86.451318064014 37
102 86.4487675916139 38
103 86.4462677914221 38
104 86.4437707121941 38
105 86.4412269535446 39
106 86.4385833551607 39
107 86.4357801658479 39
108 86.432747452466 40
109 86.4294004325802 40
110 86.425633322436 41
111 86.4213112000169 41
112 86.4162593394709 41
113 86.4102495933249 42
114 86.4029839250776 42
115 86.3940765759764 42
116 86.3830392770598 43
117 86.3692791072306 43
118 86.3521258815635 43
119 86.33091223923 44
120 86.3051265227925 44
121 86.2746339506883 44
122 86.239910995302 45
123 86.2021828948989 45
124 86.163344999191 45
125 86.1256266193698 46
126 86.0910970647926 46
127 86.0612194505789 47
128 86.0366362361166 47
129 86.0172329582374 47
130 86.0023845056767 48
131 85.9912387788661 48
132 85.9829353338725 48
133 85.9767275765246 49
134 85.9720252085803 49
135 85.9683888215325 49
136 85.9655037569788 50
137 85.9631498276082 50
138 85.9611746335775 50
139 85.9594728251987 51
140 85.9579710891394 51
141 85.9566177323562 51
142 85.9553756370454 52
143 85.9542175597286 52
144 85.9531230089563 53
145 85.9520761660944 53
146 85.9510644885099 53
147 85.9500777577445 54
148 85.9491074184383 54
149 85.9481461083767 54
150 85.9471873152848 55
151 85.9462251185471 55
152 85.9452539883771 55
153 85.9442686240978 56
154 85.9432638190148 56
155 85.9422343431102 56
156 85.9411748372005 57
157 85.9400797137798 57
158 85.9389430608239 57
159 85.9377585455226 58
160 85.936519315403 58
161 85.935217894657 58
162 85.9338460737662 59
163 85.9323947907794 59
164 85.9308540028689 59
165 85.9292125471347 60
166 85.9274579900712 60
167 85.9255764657129 60
168 85.9235525033028 61
169 85.921368846425 61
170 85.9190062669999 61
171 85.9164433793908 62
172 85.9136564622042 62
173 85.9106192981627 62
174 85.9073030457172 63
175 85.903676159726 63
176 85.8997043824256 63
177 85.8953508297728 64
178 85.8905762016703 64
179 85.8853391470855 64
180 85.8795968158955 65
181 85.873305627506 65
182 85.8664222804316 65
183 85.8589050150817 66
184 85.8507151212313 66
185 85.8418186490624 66
186 85.8321882363476 67
187 85.8218049063764 67
188 85.8106596313303 68
189 85.7987544143473 68
190 85.7861026496015 68
191 85.7727286012717 69
192 85.7586660081351 69
193 85.7439560427115 69
194 85.7286450643742 70
195 85.7127827179884 70
196 85.6964208796388 70
197 85.67961373595 71
198 85.6624189703642 71
199 85.6448997261176 71
200 85.627126818559 72
201 85.6091806222149 72
202 85.5911521400572 72
203 85.573142914854 73
204 85.555263610233 73
205 85.5376312493496 74
206 85.5203652586409 74
207 85.5035826321071 74
208 85.4873926932267 75
209 85.4718920452608 75
210 85.4571603187879 76
211 85.4432572234067 76
212 85.4302212041787 76
213 85.4180697439474 77
214 85.4068011064559 77
215 85.3963971382114 77
216 85.3868266677471 78
217 85.3780490563448 78
218 85.3700175385701 79
219 85.3626821091252 79
220 85.3559918328622 79
221 85.3498965557292 80
222 85.3443480659581 80
223 85.3393007960328 81
224 85.3347121716621 81
225 85.3305427111802 81
226 85.3267559647158 82
227 85.3233183631613 82
228 85.3201990269551 83
229 85.3173695667925 83
230 85.3148038941191 83
231 85.3124780490308 84
232 85.3103700467007 84
233 85.3084597399708 84
234 85.3067286944474 85
235 85.3051600725015 85
236 85.3037385233526 85
237 85.3024500774128 86
238 85.3012820440076 86
239 85.3002229123151 86
240 85.2992622558196 87
241 85.2983906408152 87
242 85.2975995395293 87

0 402.028850284055 0
1 373.416583112362 0
2 347.646412321846 1
3 323.633344562571 1
4 299.556576555447 2
5 275.644447472104 2
6 253.741100619381 2
7 235.629906460779 3
8 220.677759988325 3
9 209.068620775351 3
10 199.019439015486 4
11 190.393689872723 4
12 181.753401546019 4
13 174.565399502067 5
14 168.241419427433 5
15 162.109719147526 5
16 156.224676697668 6
17 150.392058847426 6
18 144.766754727122 7
19 138.683901932258 7
20 132.28050579223 7
21 126.132207257556 8
22 120.280579754108 8
23 114.503891147069 8
24 109.679588358727 9
25 106.056303508913 9
26 102.772632817338 10
27 100.246600287606 10
28 97.7879665067796 10
29 95.3320097014965 11
30 93.3779163070458 11
31 91.9059995156303 11
32 90.9598320667541 12
33 90.3579364048202 12
34 89.9657409758462 12
35 89.7013658495722 13
36 89.5166820738087 13
37 89.3835508196243 13
38 89.2854877826639 14
39 89.2124157299639 14
40 89.1575442870623 14
41 89.1158316019473 15
42 89.0834053565242 15
43 89.0573781518275 15
44 89.0357338334214 16
45 89.0171807486648 16
46 89.0009714332028 16
47 88.986714484399 17
48 88.9742067852262 17
49 88.9633099150629 18
50 88.9538815917258 18
51 88.9457550132045 18
52 88.9387468733184 19
53 88.932674490405 19
54 88.9273700390496 19
55 88.9226880428976 20
56 88.9185070623575 20
57 88.9147279195622 20
58 88.911270455667 21
59 88.9080700297676 21
60 88.905074330354 21
61 88.9022406906479 22
62 88.8995339152019 22
63 88.8969245533068 22
64 88.8943875371331 23
65 88.8919011072815 23
66 88.8894459604178 23
67 88.8870045665053 24
68 88.884560614584 24
69 88.8820985554899 25
70 88.8796032175567 25
71 88.8770594775248 25
72 88.8744519740175 26
73 88.8717648554156 26
74 88.8689815581006 27
75 88.8660846151783 27
76 88.8630555001333 27
77 88.8598745146487 28
78 88.8565207350046 28
79 88.8529720369485 28
80 88.849205224091 29
81 88.8451962887369 29
82 88.8409208347981 30
83 88.83635468753 30
84 88.8314747010609 30
85 88.8262597486671 31
86 88.8206918402986 31
87 88.81475725793 31
88 88.8084475387825 32
89 88.8017600845681 32
90 88.794698155786 33
91 88.7872700533141 33
92 88.7794874210085 33
93 88.7713628305518 34
94 88.7629071072996 34
95 88.7541271517965 34
96 88.7450251902751 35
97 88.7356003108145 35
98 88.7258527007347 35
99 88.7157901950439 36
100 88.7054357670153 36
101 88.6948338367226 36
102 88.6840531993938 37
103 88.6731852088661 37
104 88.6623373376188 38
105 88.65162370096 38
106 88.6411548998391 38
107 88.6310293570067 39
108 88.6213274692303 39
109 88.6121088895087 39
110 88.603412495232 40
111 88.5952582362591 40
112 88.5876500278478 41
113 88.5805790136534 41
114 88.5740267441337 41
115 88.5679680159573 42
116 88.5623732656409 42
117 88.5572105032724 42
118 88.5524468214042 43
119 88.5480495347556 43
120 88.5439870106456 44
121 88.5402292464851 44
122 88.536748244081 44
123 88.5335182233631 45
124 88.5305157114603 45
125 88.5277195371067 45
126 88.5251107552196 46
127 88.5226725220496 46
128 88.520389937534 47
129 88.5182498682443 47
130 88.516240761592 47
131 88.5143524596273 48
132 88.5125760187934 48
133 88.5109035403094 48
134 88.509328014421 49
135 88.5078431805392 49
136 88.5064434042519 49
137 88.5051235713593 50
138 88.5038789983983 50
139 88.5027053586173 51
140 88.5015986219976 51
141 88.5005550077027 51
142 88.4995709472204 52
143 88.4986430564744 52
144 88.4977681152495 52

0 412.88813880212 0
1 379.5223770644 1
2 342.916671475499 1
3 303.254992436654 1
4 265.407343748038 2
5 233.486486217145 2
6 207.967702517711 2
7 189.704011386474 3
8 177.560315939233 3
9 170.243773198289 3
10 165.790839548479 4
11 162.796277654214 4
12 160.569215368674 5
13 158.717059537299 5
14 156.885042730577 5
15 155.059744048108 6
16 153.387963740873 6
17 151.883288667195 7
18 150.541218232013 7
19 149.196547578869 7
20 147.52678246637 8
21 145.903943494271 8
22 144.306939861543 8
23 142.710043390255 9
24 141.097280521523 9
25 139.448461690607 10
26 137.668461982804 10
27 135.62295259123 10
28 133.327453029963 11
29 130.583010899808 11
30 127.498935490487 11
31 124.598040175018 12
32 121.462408932143 12
33 116.797731976906 12
34 112.051075617417 13
35 107.807425996395 13
36 103.51886627637 13
37 99.8736512786504 14
38 96.5353634938219 14
39 93.5123245850761 14
40 91.049862953077 15
41 89.3030285663725 15
42 88.1905692824448 15
43 87.4985122752303 16
44 87.0548591543512 16
45 86.7608702596089 16
46 86.5582754733197 17
47 86.4115295235431 17
48 86.2998707120983 18
49 86.2116182180387 18
50 86.1400939699648 18
51 86.0811902745246 19
52 86.0321110597746 19
53 85.9907774445036 19
54 85.9555557656219 20
55 85.9251255753743 20
56 85.8984048505266 20
57 85.874499718567 21
58 85.8526671042275 21
59 85.8322862184395 21
60 85.8128371209694 22
61 85.7938853082558 22
62 85.7750716033209 23
63 85.7561067766538 23
64 85.7367702532108 23
65 85.7169119065072 24
66 85.6964553499556 24
67 85.6754004977863 24
68 85.6538228167145 25
69 85.6318670015188 25
70 85.6097339867034 25
71 85.5876620515675 26
72 85.5659046347833 26
73 85.5447085202698 27
74 85.5242957808729 27
75 85.5048514390655 27
76 85.4865169890555 28
77 85.4693885983673 28
78 85.4535184310511 28
79 85.4389179580789 29
80 85.4255627916407 29
81 85.4133989634384 30
82 85.4023504656645 30
83 85.3923274733196 30
84 85.3832343268824 31
85 85.3749763304757 31
86 85.3674647243894 31
87 85.3606196475801 32
88 85.3543713100082 32
89 85.3486598279431 33
90 85.3434342288571 33
91 85.3386510638376 33
92 85.3342729447177 34
93 85.330267201398 34
94 85.3266047572347 35
95 85.3232592527989 35
96 85.3202064069055 35
97 85.3174235817622 36
98 85.3148895100763 36
99 85.3125841411783 37
100 85.3104885672994 37
101 85.3085849977272 37
102 85.3068567560793 38
103 85.3052882832353 38
104 85.3038651349007 39
105 85.3025739679525 39
106 85.3014025135512 39
107 85.3003395375748 40
108 85.2993747904497 40
109 85.2984989491381 40
110 85.2977035541686 41

0 386.898148456788 0
1 348.951748111082 0
2 307.766638388854 1
3 268.875488095165 1
4 234.988569827839 2
5 204.696356109292 2
6 178.006634489508 2
7 157.950817418584 3
8 142.407339441568 3
9 130.223512443446 3
10 120.275072677213 4
11 112.285985204338 4
12 105.735650669347 4
13 100.656779545467 5
14 97.1282821310616 5
15 94.7263909674508 5
16 93.1823141478138 6
17 92.1528500527957 6
18 91.4305063189534 6
19 90.8969707830209 7
20 90.4990975927992 7
21 90.2025074452518 8
22 89.9784495904461 8
23 89.8049334563309 8
24 89.6662304474697 9
25 89.5509389186683 9
26 89.4499442575751 9
27 89.3552160952675 10
28 89.2603526298307 10
29 89.1630462638913 10
30 89.0665336408528 11
31 88.9764741077421 11
32 88.8962170705535 12
33 88.8251256949932 12
34 88.7589966532371 12
35 88.69067721006 13
36 88.6122959204589 13
37 88.5195373987518 13
38 88.4120872472505 14
39 88.2910360556776 14
40 88.1592888723121 14
41 88.0228496004314 15
42 87.8892031425743 15
43 87.7628081028712 16
44 87.644420130163 16
45 87.534635568323 16
46 87.4351708873645 17
47 87.3475388816953 17
48 87.2720824445283 18
49 87.2081917316142 18
50 87.1548819723402 18
51 87.1110775572083 19
52 87.075610499201 19
53 87.0471805342543 20
54 87.0243954992448 20
55 87.0058522722261 20
56 86.990173307895 21
57 86.9759416484569 21
58 86.9615171978471 21
59 86.9447895648603 22
60 86.9231557100984 22
61 86.8943855850944 22
62 86.8585741099781 23
63 86.8192145482676 23
64 86.7812792558608 24
65 86.7482743599683 24
66 86.7212924957572 24
67 86.6998519207939 25
68 86.6829329144292 25
69 86.6695347301434 25
70 86.6588469393488 26
71 86.6502534110409 26
72 86.6432920287854 27
73 86.6376142407497 27
74 86.632954209982 27
75 86.6291069211502 28
76 86.6259127660074 28
77 86.6232465253976 28
78 86.6210093299393 29
79 86.6191226826321 29
80 86.6175239477145 30
81 86.616162907864 30
82 86.6149991149152 30
83 86.6139998383926 31
84 86.6131384690836 31

0 382.265557488057 0
1 346.850107004655 1
2 311.851697142633 1
3 281.862027373152 1
4 255.120379824008 2
5 226.607068144661 2
6 198.989161658027 2
7 173.365191277386 3
8 153.307285982364 3
9 138.35361441199 3
10 126.908256489518 4
11 118.136702583554 4
12 111.27935878287 5
13 105.502648198373 5
14 101.401436791247 5
15 98.4969081807358 6
16 96.3752471305878 6
17 94.8540826560376 6
18 93.6814935492684 7
19 92.7167538978354 7
20 91.9318778147365 7
21 91.2882503339947 8
22 90.7595457624726 8
23 90.3418753207786 8
24 90.0152799219673 9
25 89.753243626564 9
26 89.5338457635836 9
27 89.3415944906825 10
28 89.1662473374935 10
29 89.0012995986624 11
30 88.8425240417425 11
31 88.6864273980492 11
32 88.5289802617819 12
33 88.3658113542175 12
34 88.1953431493157 12
35 88.0207991064277 13
36 87.8451784737995 13
37 87.664478088724 13
38 87.4700089418268 14
39 87.265723184282 14
40 87.06699985819 14
41 86.8858424517463 15
42 86.7291542980529 15
43 86.5985089310081 15
44 86.4912568910408 16
45 86.4030764203123 16
46 86.3298759248916 17
47 86.2684366417401 17
48 86.2163678965081 17
49 86.1718984245883 18
50 86.133696034632 18
51 86.1007409454437 18
52 86.072238268359 19
53 86.0475556293387 19
54 86.0261777477645 19
55 86.0076735740756 20
56 85.9916733198991 20
57 85.9778532982176 20
58 85.9659266189687 21
59 85.9556378744855 21
60 85.9467601818305 21
61 85.9390933294137 22
62 85.9324622131982 22
63 85.9267151423299 22
64 85.9217218834379 23
65 85.9173714842805 23
66 85.9135699915007 24
67 85.9102381873686 24
68 85.907309447407 25
69 85.9047277867652 25
70 85.9024461306043 25
71 85.900424818078 26
72 85.8986303318264 26
73 85.8970342342962 26
74 85.8956122869606 27
75 85.8943437269732 27
76 85.8932106765729 28
77 85.8921976626465 28
78 85.8912912265556 28
79 85.8904796072061 29

0 407.591509002415 0
1 373.949328275891 1
2 331.619644191933 1
3 282.121733856862 1
4 234.657178178022 2
5 197.604717976005 2
6 171.316160495751 2
7 151.243728447486 3
8 134.726576207271 3
9 123.017580087368 3
10 113.728489730763 4
11 105.644112888393 4
12 100.377890586467 5
13 96.8842166087832 5
14 94.3887822573598 5
15 92.8155041504278 6
16 91.7203066542653 6
17 90.9145005567254 6
18 90.3900576617884 7
19 90.0518281824146 7
20 89.8184385615983 8
21 89.6429394718646 8
22 89.5050293070642 8
23 89.3977512364194 9
24 89.3153994777532 9
25 89.25157709946 9
26 89.2007895634198 10
27 89.1590079915521 10
28 89.1234028839243 11
29 89.0919592295823 11
30 89.063198699596 11
31 89.0360095866425 12
32 89.0095482412092 12
33 88.9831821890669 12
34 88.9564505059149 13
35 88.9290208277339 13
36 88.9006301601225 13
37 88.8710076546414 14
38 88.8397857236125 14
39 88.8064071724502 14
40 88.7700331156062 15
41 88.7294579522188 15
42 88.683054552104 16
43 88.628810437407 16
44 88.5645504982094 16
45 88.4883868853003 17
46 88.3991991465582 17
47 88.2966996496514 17
48 88.1808366925763 18
49 88.0504427688947 18
50 87.9006155036105 18
51 87.7291780057111 19
52 87.5560113450292 19
53 87.4025221278201 20
54 87.2738733241136 20
55 87.167170919869 20
56 87.0778224769131 21
57 87.0015698561944 21
58 86.9349278327328 21
59 86.8751795111575 22
60 86.820282622254 22
61 86.7687792568092 23
62 86.7197195582721 23
63 86.6725864387796 23
64 86.6272074193932 24
65 86.5836501444291 24
66 86.5421120913987 25
67 86.5028233250804 25
68 86.4659782505968 25
69 86.4317010243161 26
70 86.4000380395702 26
71 86.3709660198713 26
72 86.3444057575453 27
73 86.3202356601702 27
74 86.2983027402875 27
75 86.2784304667937 28
76 86.2604234234119 28
77 86.2440686806499 28
78 86.2291335764435 29
79 86.2153593574466 29
80 86.2024499910483 30
81 86.1900558210264 30
82 86.1777536262103 30
83 86.1650300170386 31
84 86.1512862249182 31
85 86.1358971747472 31
86 86.1183591543591 32
87 86.0985133190838 32
88 86.0767305725098 32
89 86.05388831369 33
90 86.0310924145212 33
91 86.0093121447207 34
92 85.9891483750765 34
93 85.9708073554323 34
94 85.9542043794394 35
95 85.9390944084977 35
96 85.925173540802 35
97 85.9121413306523 36
98 85.8997344114419 36
99 85.8877441352357 36
100 85.8760264711167 37
101 85.8645073288089 37
102 85.8531828667865 37
103 85.8421127922713 38
104 85.8314053319481 38
105 85.8211950310665 38
106 85.8116174885324 39
107 85.8027867299762 39
108 85.7947800489327 40
109 85.787632303363 40
110 85.7813385199033 40
111 85.7758617552395 41
112 85.7711429188345 41
113 85.7671101250806 41
114 85.7636863041339 42
115 85.7607947239475 42
116 85.7583626058486 42
117 85.7563232250959 43
118 85.7546169093179 43
119 85.7531912876274 43
120 85.7520010624147 44
121 85.7510075011542 44
122 85.7501777853248 44

0 407.011736295289 0
1 368.370120220286 0
2 326.261342906945 1
3 280.590272502809 1
4 235.840556809358 2
5 196.67626771622 2
6 166.944076506003 2
7 146.167025822269 3
8 129.444244651839 3
9 117.516024537053 3
10 107.685250032404 4
11 99.8957994366082 4
12 94.8942328015919 4
13 91.9816107073753 5
14 90.2892716601487 5
15 89.235120568895 5
16 88.4802682937508 6
17 87.6453546310384 6
18 86.8066359282027 6
19 86.2472796590476 7
20 85.9441205663052 7
21 85.7836732671152 7
22 85.691142377985 8
23 85.6317662807812 8
24 85.5901735452618 9
25 85.559026480856 9
26 85.5344498786042 9
27 85.5142304546085 10
28 85.4970376619845 10
29 85.482043920926 10
30 85.4687208856845 11
31 85.4567228093757 11
32 85.4458169334448 11
33 85.4358408882464 12
34 85.4266763133586 12
35 85.4182325170484 12
36 85.4104364501396 13
37 85.4032266568759 13
38 85.3965496988716 13
39 85.3903580785092 14
40 85.3846090390583 14
41 85.3792638541735 14
42 85.3742873755103 15
43 85.3696477076637 15
44 85.3653159414908 15
45 85.361265912959 16
46 85.3574739742723 16
47 85.3539187737262 16
48 85.3505810448954 17
49 85.3474434069686 17
50 85.3444901779651 18
51 85.3417072019856 18
52 85.3390816909776 18
53 85.3366020809471 19
54 85.3342579021207 19
55 85.3320396622893 19
56 85.3299387424077 20
57 85.32794730344 20
58 85.3260582034321 20
59 85.324264923814 21
60 85.3225615039833 21
61 85.3209424832827 21
62 85.3194028495569 22
63 85.3179379935442 22
64 85.3165436684323 22
65 85.3152159539693 23
66 85.3139512245974 23
67 85.3127461211218 24
68 85.3115975254992 24
69 85.3105025383623 24
70 85.3094584589568 25
71 85.3084627672005 25
72 85.3075131076118 25
73 85.3066072748849 26
74 85.3057432009243 26
75 85.3049189431659 27

0 398.209739500272 0
1 354.034576232557 1
2 311.057632622427 1
3 274.614290284156 1
4 239.78008000402 2
5 208.379956762912 2
6 180.384827768353 2
7 155.161126200535 3
8 132.400050945607 3
9 115.177483508379 3
10 105.050044158672 4
11 99.3630983894288 4
12 95.7684629932227 5
13 92.1237900713133 5
14 90.1907479429057 5
15 88.9535540977902 6
16 88.1372655151292 6
17 87.6088383142618 6
18 87.2532319596969 7
19 86.9994512116003 7
20 86.8066940941935 8
21 86.6504357110284 8
22 86.5183375228056 8
23 86.4071811588118 9
24 86.3172967116092 9
25 86.2476290618054 9
26 86.1948186662453 10
27 86.1547426358133 10
28 86.123818470864 11
29 86.0993909523476 11
30 86.0796213081628 11
31 86.0632625166069 12
32 86.0494679713639 12
33 86.0376572110976 12
34 86.0274267709563 13
35 86.0184912166026 13
36 86.0106436550423 14
37 86.0037290459454 14
38 85.9976262428554 14
39 85.9922361677018 15
40 85.9874743219118 15
41 85.9832662984565 16
42 85.9795452739907 16
43 85.9762507156425 16
44 85.9733277581694 17
45 85.9707268930959 17
46 85.9684037566299 18
47 85.9663189067707 18
48 85.9644375469067 18
49 85.962729191519 19
50 85.9611672880384 19
51 85.95972881499 19
52 85.9583938758809 20
53 85.9571453045384 20
54 85.9559682930346 21
55 85.9548500490114 21
56 85.9537794857173 21
57 85.952746945415 22
58 85.9517439550009 22
59 85.9507630115014 22
60 85.9497973944637 23
61 85.9488410019362 23
62 85.94788820669 24
63 85.9469337294112 24
64 85.9459725257744 24
65 85.944999684525 25
66 85.9440103339293 25
67 85.942999554152 26
68 85.94196229334 26
69 85.9408932853401 26
70 85.9397869671293 27
71 85.9386373941522 27
72 85.9374381518554 27
73 85.9361822618002 28
74 85.9348620808182 28
75 85.9334691917842 29
76 85.9319942847212 29
77 85.9304270271584 29
78 85.9287559229625 30
79 85.9269681593 30
80 85.9250494420094 31
81 85.9229838205179 31
82 85.9207535046051 31
83 85.9183386768468 32
84 85.9157173065356 32
85 85.9128649733111 32
86 85.9097547116841 33
87 85.9063568910397 33
88 85.9026391495082 33
89 85.8985664040927 34
90 85.8941009633543 34
91 85.8892027723805 34
92 85.8838298221005 35
93 85.8779387554614 35
94 85.8714857003857 36
95 85.8644273521192 36
96 85.8567223132032 36
97 85.848332674922 37
98 85.8392257868683 37
99 85.8293761103615 37
100 85.8187669911473 38
101 85.8073921301472 38
102 85.7952565014859 38
103 85.7823764942349 39
104 85.7687791614249 39
105 85.7545006450554 39
106 85.7395840684038 40
107 85.7240773714938 40
108 85.7080316307433 40
109 85.6915003036436 41
110 85.6745395931986 41
111 85.6572098158794 41
112 85.6395773865025 42
113 85.6217168839919 42
114 85.603712655418 42
115 85.5856595177056 43
116 85.5676622684819 43
117 85.5498338761415 43
118 85.5322923741833 44
119 85.5151566469324 44
120 85.498541465373 44
121 85.4825522873931 45
122 85.4672804284996 45
123 85.4527991930724 45
124 85.4391614195138 46
125 85.426398663546 46
126 85.4145219815333 47
127 85.4035240459671 47
128 85.393382177007 47
129 85.3840618255961 48
130 85.3755200837722 48
131 85.3677088961226 49
132 85.3605777678692 49
133 85.354075880835 49
134 85.3481536206948 50
135 85.3427635806529 50
136 85.3378611392357 50
137 85.333404719018 51
138 85.3293558260765 51
139 85.3256789537 52
140 85.3223414139722 52
141 85.3193131412686 52
142 85.3165664948476 53
143 85.314076074706 53
144 85.3118185558658 53
145 85.3097725407803 54
146 85.3079184268496 54
147 85.3062382852529 54
148 85.3047157476529 55
149 85.3033358982432 55
150 85.3020851696076 56
151 85.3009512417643 56
152 85.2999229444048 56
153 85.2989901627352 57
154 85.2981437474884 57

0 380.958361761534 0
1 325.195251743565 0
2 272.37732208669 1
3 229.920281464001 1
4 197.891664891053 2
5 170.76019454444 2
6 148.228610697304 2
7 129.277390687225 3
8 114.700096850638 3
9 104.577481404524 3
10 98.3656317525494 4
11 94.6396516571637 4
12 92.390072950301 5
13 90.8415732341578 5
14 89.5122681885184 5
15 88.4749206755568 6
16 87.8854486854616 6
17 87.5892954368309 6
18 87.4304978450625 7
19 87.3348809290896 7
20 87.2717307664009 8
21 87.2271778206936 8
22 87.1940287301045 8
23 87.1681028710451 9
24 87.1467810919902 9
25 87.1283459258972 9
26 87.1116398643281 10
27 87.095869627997 10
28 87.0804859456366 10
29 87.0651061067065 11
30 87.0494624021979 11
31 87.0333670834152 11
32 87.016688390642 12
33 86.9993343840332 12
34 86.9812425833445 13
35 86.9623742167194 13
36 86.9427124101346 13
37 86.9222640025297 14
38 86.901064828784 14
39 86.8791881761441 14
40 86.8567555541773 15
41 86.8339478418372 15
42 86.811013420788 15
43 86.788268609555 16
44 86.766085571541 16
45 86.7448649737885 16
46 86.7249953398856 17
47 86.7068068816249 17
48 86.6905315929895 18
49 86.6762806648054 18
50 86.6640445019243 18
51 86.653712747085 19
52 86.6451059066922 19
53 86.6380088167996 19
54 86.6321986845756 20
55 86.6274644419769 20
56 86.623617516406 20
57 86.6204959477814 21
58 86.6179642188415 21
59 86.6159108047376 21
60 86.6142448255577 22
61 86.6128926118497 22
62 86.6117945802559 22
63 86.6109025637819 23
64 86.6101776075617 23

0 409.447767927397 0
1 373.557923438978 0
2 330.332346441858 1
3 281.797627402035 1
4 233.91507934806 2
5 193.771306397047 2
6 167.969417602282 2
7 152.302343755752 3
8 141.177621462085 3
9 133.024503150884 4
10 126.068886923796 4
11 119.999391109385 4
12 114.414201110645 5
13 109.07354062203 5
14 104.365591114544 6
15 100.253884819542 6
16 96.9038293935967 6
17 94.0610270239662 7
18 90.9474631243258 7
19 88.1976664824935 8
20 86.9155361558415 8
21 86.4455447964625 8
22 86.2471304675729 9
23 86.1417222109148 10
24 86.0767195432508 11
25 86.0329546720308 12
26 86.0015734562425 14
27 85.977765943932 15
28 85.9586111411624 15
29 85.9421510715328 16
30 85.9269207547036 16
31 85.9116907647284 17
32 85.8953590987309 17
33 85.8770122635727 17
34 85.8561697413366 18
35 85.8330743568718 18
36 85.8087154709831 18
37 85.7844244457727 19
38 85.7613208371753 19
39 85.7400101014849 20
40 85.7206145759758 20
41 85.7029596055106 20
42 85.6867486494257 21
43 85.6716703891374 21
44 85.6574471012896 22
45 85.6438487026678 22
46 85.6306910831476 22
47 85.6178290264485 23
48 85.6051484356002 23
49 85.592559682601 23
50 85.5799926180419 24
51 85.5673932745945 24
52 85.554722111785 25
53 85.5419535558671 25
54 85.5290764983298 25
55 85.5160953110459 26
56 85.5030308388951 26
57 85.4899207913752 26
58 85.4768190275577 27
59 85.4637934414456 27
60 85.450922477449 28
61 85.4382906448466 28
62 85.4259836346457 28
63 85.4140836879359 29
64 85.4026657230937 29
65 85.3917944829952 29
66 85.381522723511 30
67 85.3718903086551 30
68 85.3629240230764 30
69 85.3546379292104 31
70 85.3470341397864 31
71 85.3401039133177 32
72 85.3338289978414 32
73 85.3281831495809 32
74 85.3231337480334 33
75 85.318643426155 33
76 85.3146716385753 33
77 85.3111761026086 34
78 85.3081140640093 34
79 85.3054433586614 35
80 85.3031232597528 35
81 85.3011151153925 35
82 85.2993827930694 36
83 85.2978929546836 36
84 85.2966151895233 36
85 85.2955220332882 37
86 85.2945888998521 37
87 85.293793949741 38

0 377.197200488401 0
1 326.094062418571 1
2 276.642824888856 1
3 232.552415833804 1
4 199.390926818484 2
5 173.091951349189 2
6 155.575614766077 2
7 143.482135740121 3
8 132.102538694655 3
9 124.572338449724 4
10 119.099122381708 4
11 114.650414685967 4
12 111.537190529499 5
13 109.348990348659 5
14 107.860705005009 5
15 106.912755167137 6
16 106.309369278189 6
17 105.906843229623 7
18 105.62391906501 7
19 105.420524580802 8
20 105.274205590434 8
21 105.168764370817 9
22 105.091747028164 9
23 105.034215669495 10
24 104.990165087396 10
25 104.955658106198 10
26 104.928092470901 11
27 104.905707314534 11
28 104.887276771117 11
29 104.871921639079 12
30 104.858992148858 12
31 104.847994218011 12
32 104.838542841926 13
33 104.830332444729 13
34 104.82311766025 13
35 104.816700380062 14
36 104.810920509839 14
37 104.805648942441 14
38 104.800781926441 15
39 104.796236398192 15
40 104.791946052176 15
41 104.787858023726 16
42 104.783930101378 16
43 104.780128403525 17
44 104.77642546168 17
45 104.772798657393 17
46 104.769228964126 18
47 104.765699949562 18
48 104.762196997827 18
49 104.758706714884 19
50 104.755216483936 19
51 104.751714141243 19
52 104.748187746368 20
53 104.744625424543 20
54 104.741015262498 20
55 104.737345242617 21
56 104.73360320345 21
57 104.72977681747 21
58 104.725853579352 22
59 104.721820800113 22
60 104.717665604308 22
61 104.713374929223 23
62 104.708935526954 23
63 104.704333972458 23
64 104.699556683297 24
65 104.694589959747 24
66 104.689420057108 25
67 104.684033304767 25
68 104.678416288267 25
69 104.672556110144 26
70 104.666440741536 26
71 104.660059468626 26
72 104.653403425407 27
73 104.646466188018 27
74 104.639244388503 27
75 104.631738291838 28
76 104.623952274917 28
77 104.615895155052 28
78 104.607580339938 29
79 104.599025806517 29
80 104.59025395127 29
81 104.581291373522 30
82 104.572168643129 30
83 104.56292006256 30
84 104.553583375112 31
85 104.544199323528 31
86 104.534810954767 31
87 104.525462609917 32
88 104.516198620909 32
89 104.507061825144 32
90 104.498092069481 33
91 104.489324885169 33
92 104.480790476817 34
93 104.472513101076 34
94 104.464510839059 34
95 104.456795710329 35
96 104.449374044334 35
97 104.442247017065 35
98 104.435411270062 36
99 104.428859547645 36
100 104.422581309394 36
101 104.416563293666 37
102 104.410790022063 37
103 104.405244243975 38
104 104.399907325215 38
105 104.394759586869 38
106 104.389780600752 39
107 104.384949447435 39
108 104.380244942212 39
109 104.37564583388 40
110 104.371130980952 40
111 104.366679509794 41
112 104.362270959052 41
113 104.357885414626 41
114 104.353503639019 42
115 104.349107198342 42
116 104.344678589313 42
117 104.340201367405 43
118 104.335660275804 43
119 104.331041373148 43
120 104.326332156186 44
121 104.321521671666 44
122 104.316600610137 45
123 104.311561373075 45
124 104.306398104018 45
125 104.301106674479 46
126 104.295684616254 46
127 104.290130993586 46
128 104.284446211174 47
129 104.27863175716 47
130 104.272689883538 47
131 104.266623229468 48
132 104.260434395316 48
133 104.254125476395 49
134 104.247697565038 49
135 104.241150227619 49
136 104.234480959348 50
137 104.227684614127 50
138 104.220752799551 50
139 104.213673218045 51
140 104.206428923879 51
141 104.198997451471 52
142 104.191349751325 52
143 104.183448843051 52
144 104.175248054682 53
145 104.166688653191 53
146 104.157696561504 53
147 104.148177656742 54
148 104.138010748836 54
149 104.127036494102 54
150 104.11503854505 55
151 104.101708360684 55
152 104.086572100743 56
153 104.068822252879 56
154 104.046906054894 56
155 104.01760690568 57
156 103.974991564149 57
157 103.912650449026 57
158 103.829948484238 58
159 103.729463973009 58
160 103.608371644019 58
161 103.458240974744 59
162 103.270900900112 59
163 103.052148652902 60
164 102.834569761838 60
165 102.646003457609 60
166 102.485858825857 61
167 102.342040675347 61
168 102.202666992467 61
169 102.056779549224 62
170 101.893065282361 62
171 101.701410715423 62
172 101.479104917701 63
173 101.23576309475 63
174 100.987281800258 64
175 100.744221939837 64
176 100.508136436568 64
177 100.277007677154 65
178 100.052146114048 65
179 99.8387268642967 65
180 99.6340129071374 66
181 99.4035463616154 66
182 99.1259688091838 66
183 98.8588159155902 67
184 98.625684148251 67
185 98.4193870560711 68
186 98.2320447752326 68
187 98.0596174588672 68
188 97.8978504591846 69
189 97.7371592334093 69
190 97.5578718091831 69
191 97.3403278322513 70
192 97.0890860867195 70
193 96.8131189993583 70
194 96.4976619151701 71
195 96.1385651337238 71
196 95.7726944222609 72
197 95.4339963201133 72
198 95.1317187785728 72
199 94.8605316494269 73
200 94.61167028466 73
201 94.3777179681421 73
202 94.153780281645 74
203 93.937178746838 74
204 93.7264112328874 74
205 93.520317000446 75
206 93.3181395209297 75
207 93.1198819223557 76
208 92.9260780295884 76
209 92.7373253889794 76
210 92.5545678008779 77
211 92.3797709182949 77
212 92.2150591899699 77
213 92.0594451843771 78
214 91.9042771354695 78
215 91.7372594880647 79
216 91.5663916441728 79
217 91.4102543937905 79
218 91.2737069636504 80
219 91.1533062879503 80
220 91.042427304386 80
221 90.9271981928631 81
222 90.7888676252898 81
223 90.6376954710732 82
224 90.492674684262 82
225 90.3587119388788 82
226 90.235786754818 83
227 90.1230084221806 83
228 90.0193119579771 83
229 89.9235907317004 84
230 89.834707373603 84
231 89.7514837323475 85
232 89.6727288117984 85
233 89.5973218515312 85
234 89.5243383755428 86
235 89.453183339237 86
236 89.3836705778267 86
237 89.3159840031864 87
238 89.2505072554043 87
239 89.1875969776668 88
240 89.1274150928899 88
241 89.0698806626851 88
242 89.0147179209966 89
243 88.961543177723 89
244 88.909947719133 89
245 88.8595571202567 90
246 88.8100615473996 90
247 88.7612190983865 91
248 88.7128392830096 91
249 88.6647567478421 91
250 88.616805475365 92
251 88.5688014111736 92
252 88.5205381323305 92
253 88.4717963610771 93
254 88.4223633516621 93
255 88.3720526633692 94
256 88.3207124044758 94
257 88.2682181817134 95
258 88.2144690372023 95
259 88.1594256245841 95
260 88.1032146493036 96
261 88.0462551583675 96
262 87.989300392502 97
263 87.9333305588181 97
264 87.879352827586 98
265 87.8282229881256 98
266 87.7805539484017 98
267 87.7367060816789 99
268 87.6968244876875 99
269 87.6608910509105 99
270 87.6287723935046 100
271 87.6002569938445 100
272 87.5750822125773 100
273 87.5529545642351 101
274 87.5335659910324 101
275 87.516607306341 101
276 87.5017788351926 102
277 87.4887979853655 102
278 87.4774037484426 103
279 87.4673585224981 103
280 87.4584478980308 103
281 87.4504790951587 104
282 87.4432786415233 104
283 87.436689722505 104
284 87.4305694815639 105
285 87.424786429313 105
286 87.4192180409028 105
287 87.4137485752486 106
288 87.4082671251596 106
289 87.4026658939098 107
290 87.3968386833776 107
291 87.3906795664568 107
292 87.3840816985896 108
293 87.3769361948059 108
294 87.3691309465912 108
295 87.3605491466498 109
296 87.3510670681992 109
297 87.340550203309 109
298 87.3288460367747 110
299 87.3157702724863 110
300 87.3010808767071 111
301 87.2844303473846 111
302 87.2652806933484 111
303 87.242758813788 112
304 87.2154320041881 112
305 87.1810357695773 113
306 87.1364046781694 113
307 87.0783506589902 113
308 87.0063772572739 114
309 86.9258416462083 114
310 86.8467312101539 115
311 86.7774254245474 115
312 86.7207500341876 115
313 86.675456133156 116
314 86.6390919238622 116
315 86.6094851031387 116
316 86.5850442451435 117
317 86.5646475201338 117
318 86.5474878479909 117
319 86.5329626647122 118
320 86.5206061637993 118
321 86.5100483661078 119
322 86.5009895298925 119
323 86.4931833061433 119
324 86.4864250638742 120
325 86.4805434217027 120
326 86.4753938635261 120
327 86.4708537679595 121
328 86.4668184338029 121
329 86.4631978294072 122
330 86.4599138789709 122
331 86.4568981485314 122
332 86.4540898228463 123
333 86.4514338794412 123
334 86.4488793721414 123
335 86.4463777351734 124
336 86.4438810106491 124
337 86.4413398857842 125
338 86.4387013994452 125
339 86.4359061375444 125
340 86.4328846801748 126
341 86.4295529879393 126
342 86.4258063232218 127
343 86.4215112096093 127
344 86.4164948854263 127
345 86.4105318166137 128
346 86.4033273354371 128
347 86.394499803292 128
348 86.3835655403213 129
349 86.3699358486646 129
350 86.3529426827924 130
351 86.3319159778877 130
352 86.3063332176047 130
353 86.2760383693065 131
354 86.2414776405035 131
355 86.2038438196241 131
356 86.165008642636 132
357 86.1271967235461 132
358 86.0924945412064 133
359 86.0623977399374 133
360 86.0375845594848 133
361 86.0179688046283 134
362 86.0029412958925 134
363 85.9916545326105 134
364 85.9832452476066 135
365 85.9769606224472 135
366 85.9722035206807 136
367 85.9685285111007 136
368 85.9656162034321 136
369 85.9632429373055 137
370 85.9612538689449 137
371 85.9595419719291 137
372 85.9580327979019 138
373 85.9566738889645 138
374 85.9554276107098 139
375 85.9542663681256 139
376 85.9531694279111 139
377 85.9521208028998 140
378 85.951107831512 140
379 85.9501202104499 140
380 85.9491493234792 141
381 85.9481877647796 141
382 85.947228991276 141
383 85.9462670613497 142
384 85.9452964319681 142
385 85.9443117955692 142
386 85.9433079439959 143
387 85.9422796505677 143
388 85.9412215638516 144
389 85.9401281083046 144
390 85.9389933880185 144
391 85.9378110905111 145
392 85.9365743880144 145
393 85.935275834051 145
394 85.9339072533883 146
395 85.9324596237096 146
396 85.930922947617 146
397 85.9292861139201 147
398 85.9275367475987 147
399 85.9256610484318 147
400 85.9236436190876 148
401 85.9214672845708 148
402 85.9191129063451 148
403 85.916559196297 149
404 85.9137825380079 149
405 85.9107568255836 149
406 85.9074533335535 150
407 85.903840635008 150
408 85.8998845890192 150
409 85.8955484222701 151
410 85.8907929332691 151
411 85.8855768500722 152
412 85.8798573733712 152
413 85.8735909351297 152
414 85.8667341973279 153
415 85.859245303738 153
416 85.8510853773376 153
417 85.842220223939 154
418 85.8326221569042 154
419 85.8222718002009 154
420 85.81115966692 155
421 85.7992872675277 155
422 85.7866675055134 155
423 85.7733241959685 156
424 85.7592907050944 156
425 85.744607929557 156
426 85.7293220473831 157
427 85.7134825901738 157
428 85.6971413440366 157
429 85.6803523778197 158
430 85.663173186228 158
431 85.6456666291053 159
432 85.6279031450391 159
433 85.6099626637273 159
434 85.5919357190534 160
435 85.5739234155151 160
436 85.5560360684637 161
437 85.5383904992085 161
438 85.5211061253643 161
439 85.5043001544999 162
440 85.488082351803 162
441 85.4725499692673 162
442 85.4577834469033 163
443 85.4438433997675 163
444 85.4307692019118 163
445 85.4185792198639 164
446 85.4072725001388 164
447 85.3968315344813 165
448 85.3872256428417 165
449 85.3784145258155 165
450 85.3703516202683 166
451 85.3629870092816 166
452 85.3562697583169 167
453 85.3501496515713 167
454 85.3445783753639 167
455 85.3395102378841 168
456 85.3349025312806 168
457 85.3307156399191 168
458 85.3269129849108 169
459 85.32346087582 169
460 85.3203283204084 169
461 85.3174868252347 170
462 85.3149102055059 170
463 85.3125744121643 171
464 85.3104573775391 171
465 85.3085388773117 171
466 85.3068004051435 172
467 85.3052250563581 172
468 85.3037974178037 172
469 85.3025034620371 173
470 85.3013304449071 173
471 85.3002668063471 174
472 85.2993020746687 174
473 85.2984267748755 174
474 85.2976323415765 175

0 376.335876346259 0
1 325.677324399817 1
2 269.561319580546 1
3 221.690657854333 1
4 184.227699021449 2
5 156.226981506562 2
6 137.354124258696 3
7 122.196201844057 3
8 111.74482916191 3
9 104.481958272606 4
10 100.189117254449 4
11 97.2999619888257 4
12 95.5404964710595 5
13 94.4245387813902 5
14 93.6573485158337 5
15 93.1014080804991 6
16 92.6696547326075 6
17 92.299100995843 7
18 91.94962391425 7
19 91.6043744659066 7
20 91.2674704410732 8
21 90.9523137191305 8
22 90.6676854683126 8
23 90.4166834833294 9
24 90.2007281699573 9
25 90.0196700470418 9
26 89.8708174557667 10
27 89.7495398290901 10
28 89.6504427075605 10
29 89.5682609310663 11
30 89.4984291036505 11
31 89.4374081925405 11
32 89.382758462957 12
33 89.3329599442929 12
34 89.2870796533946 12
35 89.2444453900364 13
36 89.2044390514211 13
37 89.1664204193559 14
38 89.1297266264703 14
39 89.0936889412903 14
40 89.0576335108948 15
41 89.020853912981 15
42 88.9825545575615 15
43 88.9417743353096 16
44 88.8973216568877 16
45 88.8477929182481 16
46 88.7917867179099 17
47 88.7283714862022 17
48 88.6575927977951 17
49 88.5805082064792 18
50 88.4985154171035 18
51 88.4125243733595 18
52 88.3226876397925 19
53 88.2287424615781 19
54 88.1305341660327 20
55 88.0283341513061 20
56 87.922816713352 20
57 87.8148575404306 21
58 87.7055504246484 21
59 87.5966903560681 22
60 87.4912851128223 22
61 87.3932068978665 22
62 87.3059032498618 23
63 87.2312163105991 23
64 87.1691502431927 24
65 87.1184270231452 24
66 87.0772247972994 24
67 87.0437062717588 25
68 87.0162712146046 25
69 86.9936216852763 26
70 86.9747387143041 26
71 86.9588316001518 26
72 86.9452874061165 27
73 86.9336294267496 27
74 86.9234853669012 27
75 86.9145634621351 28
76 86.9066344908993 28
77 86.8995180332025 29
78 86.8930718118532 29
79 86.887183329629 29
80 86.881763269667 30
81 86.8767402851432 30
82 86.8720569011701 30
83 86.8676663123118 31
84 86.8635298996732 31
85 86.8596153216268 31
86 86.8558950567561 32
87 86.8523452987133 32
88 86.8489451212386 32
89 86.8456758477862 33
90 86.8425205741009 33
91 86.8394638037358 34
92 86.8364911660447 34
93 86.8335891938214 34
94 86.8307451437415 35
95 86.8279468473889 35
96 86.825182584152 35
97 86.8224409699282 36
98 86.8197108575703 36
99 86.8169812465325 36
100 86.8142412003674 37
101 86.8114797717216 37
102 86.8086859353458 37
103 86.805848530481 38
104 86.8029562148407 38
105 86.7999974333226 38
106 86.7969604055939 39
107 86.7938331377608 39
108 86.7906034644583 40
109 86.7872591287713 40
110 86.7837879083013 40
111 86.7801777961967 41
112 86.7764172458058 41
113 86.7724954863683 41
114 86.7684029144289 42
115 86.7641315609734 42
116 86.7596756272766 42
117 86.7550320730074 43
118 86.7502012285627 43
119 86.7451873908443 43
120 86.7399993495114 44
121 86.7346507816347 44
122 86.7291604496677 44
123 86.72355214364 45
124 86.717854325298 45
125 86.7120994594504 46
126 86.7063230531224 46
127 86.7005624607595 47
128 86.6948555464237 47
129 86.6892393145726 47
130 86.6837486248566 48
131 86.6784150924492 48
132 86.6732662470811 48
133 86.6683249876846 49
134 86.6636093330159 49
135 86.6591324383599 49
136 86.6549028284049 50
137 86.6509247874906 50
138 86.6471988491059 50
139 86.6437223337551 51
140 86.6404898949083 51
141 86.6374940440183 51
142 86.6347256357746 52
143 86.6321743029959 52
144 86.6298288366711 52
145 86.6276775108614 53
146 86.6257083548528 53
147 86.6239093765334 53
148 86.6222687417867 54
149 86.6207749150068 54
150 86.6194167658413 54
151 86.6181836470562 55
152 86.6170654480965 55
153 86.6160526285056 56
154 86.6151362349367 56
155 86.6143079050332 56

0 403.363821844247 0
1 374.251105642678 1
2 343.772631195127 1
3 310.042931478829 1
4 272.632572263987 2
5 232.466325000573 2
6 197.067732676049 2
7 170.51964203309 3
8 150.73740988914 3
9 135.78248385908 3
10 123.826349482289 4
11 114.876445788493 4
12 107.896239528995 5
13 102.989072902612 5
14 99.3560394859287 5
15 96.7405579107738 6
16 94.620633226537 6
17 91.8348808399902 6
18 89.8131341028306 7
19 88.6149370170264 7
20 87.9234425372893 8
21 87.4846911507897 8
22 87.1790852747882 8
23 86.9457905810936 9
24 86.7542231789788 9
25 86.5916151718236 10
26 86.4535952381716 10
27 86.338559293972 10
28 86.2450211619266 11
29 86.1707599754813 11
30 86.1128891659353 11
31 86.0682810394528 12
32 86.0339916405252 12
33 86.0075198597059 13
34 85.9868877678881 13
35 85.9706031490337 13
36 85.9575709944383 14
37 85.9469978689131 14
38 85.9383095942908 14
39 85.9310878261017 15
40 85.9250240878692 15
41 85.919887550775 15
42 85.9155027884601 16
43 85.9117344551913 16
44 85.9084766621422 17
45 85.905645517796 17
46 85.9031738062155 17
47 85.9010071253818 18
48 85.8991010382833 18
49 85.8974189391462 18
50 85.8959304339672 19
51 85.894610097384 19
52 85.8934365092269 19
53 85.8923915017044 20
54 85.8914595670033 20
55 85.89062738815 20

0 419.435673771328 0
1 391.648364242036 1
2 363.606400542512 1
3 332.230481163658 1
4 298.625823812932 2
5 267.965514156716 2
6 243.508038294634 2
7 222.207565492953 3
8 207.924030897346 3
9 196.037664918854 3
10 184.989249669778 4
11 175.230492676077 4
12 165.062708542483 4
13 155.587050676538 5
14 147.767537310083 5
15 141.446771894055 5
16 136.029490904251 6
17 131.315310115937 6
18 127.311370964671 7
19 123.839110665683 7
20 120.773288493763 7
21 118.184996080593 8
22 115.901661079957 8
23 113.509657524714 9
24 110.923333384919 9
25 108.640224717607 9
26 106.97022203395 10
27 105.528298692547 10
28 104.111125573844 10
29 102.844538322212 11
30 101.43434615234 11
31 100.120116187767 11
32 98.8587732094702 12
33 97.3235164159073 12
34 95.9939273239599 12
35 94.9312438211083 13
36 94.1185309695176 13
37 93.5083195491238 14
38 93.0412057194163 14
39 92.6639597078339 14
40 92.343393579347 15
41 92.066894370155 15
42 91.8325086558003 15
43 91.639269699936 16
44 91.4824218229604 16
45 91.3539572547569 16
46 91.2455591778019 17
47 91.1505492915492 17
48 91.0642524170471 18
49 90.9837123463969 18
50 90.9073896774645 18
51 90.8348607806472 19
52 90.7663325100532 19
53 90.7020384006552 19
54 90.641820137229 20
55 90.5850453906577 20
56 90.5307397102516 20
57 90.4777455338127 21
58 90.4248088839914 21
59 90.3705799003482 21
60 90.3135626845001 22
61 90.2521011896707 22
62 90.1845567976199 23
63 90.1098089651917 23
64 90.0278765932671 23
65 89.940036836214 24
66 89.8481668507408 24
67 89.7539292571678 25
68 89.658446901186 25
69 89.5624369276138 25
70 89.4664913823111 26
71 89.3712884116528 26
72 89.2776067763668 26
73 89.1861073354121 27
74 89.0969845389386 27
75 89.009639391109 28
76 88.9225085288807 28
77 88.8333786602259 28
78 88.7407354714779 29
79 88.645605806962 29
80 88.5515982865654 29
81 88.4628155846403 30
82 88.38214920529 31
83 88.3109833929367 31
84 88.2495669251108 31
85 88.1974387817561 32
86 88.1537470578973 32
87 88.1174651662629 32
88 88.0875316843504 33
89 88.0629352693291 33
90 88.0427606731931 33
91 88.0262081918718 34
92 88.0125960969154 34
93 88.0013532025416 34
94 87.9920065882259 35
95 87.9841677077342 35
96 87.9775187546531 35
97 87.9718002223724 36
98 87.966800019851 36
99 87.9623441823277 36
100 87.9582890560723 37
101 87.9545147698225 37
102 87.9509197886688 38
103 87.9474163532384 38
104 87.9439266244732 38
105 87.9403793755303 39
106 87.936707094657 39
107 87.932843386095 39
108 87.9287205815604 40
109 87.9242675058366 40
110 87.9194073815661 40
111 87.9140559178036 41
112 87.9081197137836 41
113 87.9014952339805 41
114 87.8940687798378 42
115 87.8857180914342 42
116 87.8763164223581 42
117 87.8657400508132 43
118 87.8538800486532 43
119 87.8406584883638 43
120 87.8260479153232 44
121 87.8100908952245 44
122 87.7929143661101 44
123 87.77473263105 45
124 87.7558345012851 45
125 87.7365546813587 45
126 87.7172353182754 46
127 87.6981876126993 46
128 87.6796631373814 47
129 87.6618402916395 47
130 87.644825743213 47
131 87.6286665863418 48
132 87.6133675205461 48
133 87.5989081564344 48
134 87.5852573660707 49
135 87.572383384711 49
136 87.5602596428283 49
137 87.5488670045722 50
138 87.5381933587063 50
139 87.528231527561 50
140 87.5189763565733 51
141 87.5104216905042 51
142 87.5025577621749 52
143 87.49536932963 52
144 87.488834711608 52
145 87.4829257064492 53
146 87.4776082537113 53
147 87.4728436223707 53
148 87.4685898860584 54
149 87.4648034655764 54
150 87.4614405668641 55
151 87.458458401977 55
152 87.4558161378543 55
153 87.4534755639522 56
154 87.451401501724 56
155 87.4495619968926 57
156 87.4479283421593 57
157 87.4464749769003 57
158 87.4451793048022 58
159 87.4440214627816 58
160 87.4429840666645 59
161 87.4420519519718 59
162 87.4412119222013 59

0 399.044511389672 0
1 361.2726427235 1
2 323.610080767505 1
3 287.837477633859 1
4 259.367447616957 2
5 237.007244147382 2
6 216.613570217481 2
7 196.920353400066 3
8 179.824257748517 3
9 165.264296720562 4
10 152.460621198429 4
11 141.876083649998 4
12 131.86741974198 5
13 122.01312147559 5
14 113.99206122275 5
15 107.495492238368 6
16 102.377660419919 6
17 97.9283614282137 6
18 94.5244062314253 7
19 92.1699667762613 7
20 90.29055133264 8
21 89.0340697326939 8
22 88.2242184395568 8
23 87.692334098852 9
24 87.3434129371763 9
25 87.1201957300476 10
26 86.9759823307406 10
27 86.87807519375 10
28 86.8070496114298 11
29 86.7522236511213 11
30 86.7078515068749 11
31 86.6708034265545 12
32 86.6393014204769 12
33 86.6122607292362 13
34 86.588954247129 13
35 86.5688439994861 14
36 86.5514976519854 14
37 86.5365477960526 14
38 86.5236724656823 15
39 86.512585927622 15
40 86.5030341681345 15
41 86.49479226877 16
42 86.4876623234426 16
43 86.4814713292249 16
44 86.4760688892174 17
45 86.4713247566328 17
46 86.4671263172328 17
47 86.4633761100292 18
48 86.4599894595701 18
49 86.4568922578026 19
50 86.4540188997797 19
51 86.4513103489757 19
52 86.4487122846015 20
53 86.4461732628994 20
54 86.4436428039037 20
55 86.4410692909685 21
56 86.4383975385774 21
57 86.4355658403487 21
58 86.4325022497259 22
59 86.4291197682595 22
60 86.4253100238275 23
61 86.4209349314171 23
62 86.4158157938077 23
63 86.409719441014 24
64 86.4023415809384 24
65 86.3932890063576 25
66 86.3820653796872 25
67 86.3680706874253 25
68 86.3506318119766 26
69 86.3290875862725 26
70 86.3029473939508 27
71 86.2721157710589 27
72 86.2371234485752 27
73 86.1992519139852 28
74 86.1604350671232 28
75 86.1229061227517 28
76 86.0887000626073 29
77 86.0592203855392 29
78 86.0350464652452 29
79 86.0160156547731 30
80 86.0014770085831 30
81 85.9905723342901 30
82 85.9824475753588 31
83 85.9763679165452 31
84 85.9717554773119 32
85 85.9681815610344 32
86 85.9653398084092 32
87 85.9630160551542 33
88 85.9610620959583 33
89 85.9593754286501 33
90 85.9578846453943 34
91 85.9565393206525 34
92 85.955303180184 34
93 85.9541495450743 35
94 85.9530583052468 35
95 85.9520139026893 35
96 85.9510039750447 36
97 85.9500184298826 36
98 85.949048800525 36
99 85.9480877870997 37
100 85.9471289205584 37
101 85.9461663091821 38
102 85.9451944409389 38
103 85.9442080238967 38
104 85.9432018525116 39
105 85.9421706912381 39
106 85.9411091692394 39
107 85.9400116815187 40
108 85.9388722927939 40
109 85.9376846411353 40
110 85.9364418388451 41
111 85.9351363684209 41
112 85.9337599717075 41
113 85.9323035306108 42
114 85.9307569380169 42
115 85.9291089579129 43
116 85.9273470741498 43
117 85.9254573279116 43
118 85.9234241447908 44
119 85.9212301534915 44
120 85.9188559996547 45
121 85.9162801601885 45
122 85.9134787658368 45
123 85.9104254425569 46
124 85.9070911855813 46
125 85.9034442837299 47
126 85.8994503154314 47
127 85.895072241762 47
128 85.890270625204 48
129 85.8850040052288 48
130 85.8792294625309 49
131 85.8729034017295 49
132 85.8659825761987 49
133 85.8584253662911 50
134 85.8501933008131 50
135 85.8412527782115 50
136 85.8315768967889 51
137 85.8211472447947 51
138 85.8099554417796 51
139 85.7980041831448 52
140 85.7853075497986 52
141 85.7718904315812 53
142 85.7577870836346 53
143 85.7430390586775 53
144 85.7276929650862 54
145 85.7117986043067 54
146 85.6954079803903 55
147 85.6785754508701 55
148 85.6613589724136 55
149 85.6438220951812 56
150 85.6260361713032 56
151 85.6080822047076 57
152 85.5900518577049 57
153 85.5720472844391 58
154 85.5541796288412 58
155 85.5365661845778 59
156 85.5193263744593 59
157 85.5025768750946 60
158 85.4864263727126 60
159 85.4709705451512 60
160 85.4562878761389 61
161 85.4424367988197 61
162 85.4294544541443 61
163 85.4173570892018 62
164 85.40614187718 62
165 85.3957897691627 63
166 85.3862689148106 63
167 85.3775382095061 63
168 85.3695506129042 64
169 85.3622560029606 64
170 85.3556034491385 65
171 85.3495428878337 65
172 85.3440262526712 65
173 85.339008151842 66
174 85.3344461989824 66
175 85.3303011004185 66
176 85.3265365870296 67
177 85.3231192595297 67
178 85.3200183960003 68
179 85.3172057528096 68
180 85.3146553760342 68
181 85.3123434305068 69
182 85.3102480473187 69
183 85.3083491872858 69
184 85.3066285166854 70
185 85.3050692917009 70
186 85.3036562488051 71
187 85.3023754993314 71
188 85.301214427388 71
189 85.300161591 72
190 85.299206626795 72
191 85.2983401587712 72
192 85.2975537117219 73

0 397.777879005166 0
1 362.031889428934 1
2 324.198502846786 1
3 282.247851083252 1
4 239.36160380997 2
5 205.397924016311 2
6 176.300620234469 2
7 152.159948932714 3
8 132.486118374918 3
9 119.576756110806 3
10 110.654587708922 4
11 104.206342413841 4
12 99.9030516022647 4
13 96.8730022345892 5
14 94.4630584653403 5
15 92.5766683657074 5
16 91.3002444065279 6
17 90.4312740735356 6
18 89.8224699457194 7
19 89.3764473640046 7
20 89.036926935461 7
21 88.774992501824 8
22 88.5719056933547 8
23 88.4059154280521 8
24 88.220353820938 9
25 87.9748884809533 9
26 87.7375505703716 10
27 87.5389733068735 10
28 87.3857690560541 10
29 87.270454049276 11
30 87.1818773731424 11
31 87.1109481247001 11
32 87.0513335455322 12
33 86.9983995117569 12
34 86.9481214737349 13
35 86.8967529030627 13
36 86.8417756799837 13
37 86.7831837448931 14
38 86.7230799146035 14
39 86.664118899463 14
40 86.6084635090204 15
41 86.5574115329478 15
42 86.5114185672832 15
43 86.4703421361485 16
44 86.4337328192193 16
45 86.401054581132 17
46 86.371804942575 17
47 86.3455582044653 17
48 86.321966125024 18
49 86.300741787805 18
50 86.2816406474052 18
51 86.2644443185834 19
52 86.2489481050619 19
53 86.2349512577994 19
54 86.222248230514 20
55 86.2106189431465 20
56 86.1998158861092 21
57 86.1895458133364 21
58 86.1794443942503 21
59 86.1690453433325 22
60 86.157754996327 22
61 86.1448632807279 22
62 86.1296464204245 23
63 86.111606510393 23
64 86.0907867986999 24
65 86.067939504135 24
66 86.0443355652838 24
67 86.0212983558565 25
68 85.9997864263939 25
69 85.9802467358839 25
70 85.9627024015641 26
71 85.946924110821 26
72 85.932577587462 26
73 85.9193157172596 27
74 85.9068256679591 27
75 85.8948502244607 28
76 85.8831975320237 28
77 85.8717462379708 28
78 85.8604475514831 29
79 85.8493226118669 29
80 85.8384527612023 29
81 85.8279617406907 30
82 85.8179917519142 30
83 85.8086781522271 30
84 85.8001285165719 31
85 85.7924102145636 31
86 85.7855474956328 32
87 85.7795261585519 32
88 85.7743024738075 32
89 85.7698132072924 33
90 85.7659846436727 33
91 85.7627396507891 33
92 85.760002642672 34
93 85.7577027220722 34
94 85.7557754218529 34
95 85.7541634506396 35
96 85.7528167754054 35
97 85.751692291531 36
98 85.750753259199 36
99 85.7499686286999 36

0 417.435156297759 0
1 385.441049759313 1
2 348.052767569169 3
3 308.236295606918 5
4 270.214973218637 6
5 235.16606765394 6
6 202.717106291307 7
7 175.552542403231 7
8 152.553709064149 7
9 136.321991445098 8
10 122.923175546893 8
11 112.153497673223 8
12 104.608998370446 9
13 99.9988390570793 9
14 97.0210657428274 10
15 94.6444909145632 10
16 92.155936786896 10
17 90.6107970772416 11
18 89.4875430239554 11
19 88.6197443323856 11
20 88.0596260107812 12
21 87.7106235416584 12
22 87.4801376455815 13
23 87.3213344667989 13
24 87.209143670869 13
25 87.1273161479383 14
26 87.064514902311 14
27 87.0127732424836 15
28 86.9664875433246 15
29 86.9219123577514 15
30 86.8771672493705 16
31 86.8322762300727 16
32 86.7885820908299 17
33 86.7475812440132 17
34 86.7100117396192 17
35 86.6757382629137 18
36 86.6441667384695 18
37 86.6146788897094 18
38 86.5868494925781 19
39 86.5604673067847 19
40 86.5354564881777 20
41 86.5117733940889 20
42 86.4893155715836 20
43 86.467853038837 21
44 86.4469793787688 21
45 86.4260791325672 22
46 86.4043173742149 22
47 86.3806782718818 23
48 86.3541085082361 23
49 86.3238300992804 24
50 86.2898041547648 24
51 86.2531120509373 24
52 86.2158662923847 25
53 86.1805271212845 25
54 86.1490481006583 26
55 86.1224106108586 26
56 86.1006861125008 26
57 86.0833768647345 27
58 86.0697576482493 27
59 86.0590962694679 28
60 86.050754719282 28
61 86.0442155024441 28
62 86.0390731572968 29
63 86.0350146283137 29
64 86.031799213897 30
65 86.0292416936455 30
66 86.0271991479901 30
67 86.0255609468369 31
68 86.0242411978539 31
69 86.023173036935 32
70 86.0223042877702 32
71 86.0215941433788 32

0 382.520855886019 0
1 344.395825886372 1
2 306.870613685597 1
3 276.351862131344 1
4 248.388424233999 2
5 221.873799708932 2
6 198.016381904358 3
7 177.98839955462 3
8 160.41461742797 3
9 145.775233534612 4
10 131.787867996329 4
11 120.038268892703 4
12 111.66477226242 5
13 105.581456030254 5
14 101.122851710873 6
15 97.8780741102033 6
16 95.1858493733262 6
17 93.1167255114204 7
18 91.7420252485021 7
19 90.8568773043934 7
20 90.177419674837 8
21 89.6613642712734 8
22 89.2519523447877 8
23 88.8866920342893 9
24 88.5527249706035 9
25 88.2764064602057 10
26 88.0699079091483 10
27 87.9192302984566 10
28 87.8059334833961 11
29 87.7170971112253 11
30 87.6450350014735 11
31 87.5852470911592 12
32 87.5349169935874 12
33 87.4920845843047 12
34 87.4552711637155 13
35 87.4233300872118 13
36 87.3953785650174 13
37 87.3707480182073 14
38 87.3489362613519 14
39 87.3295619025783 14
40 87.3123249221265 15
41 87.2969763817551 15
42 87.2832981204927 15
43 87.2710913585687 16
44 87.2601719211396 16
45 87.2503694705694 16
46 87.2415285141348 17
47 87.2335096679996 17
48 87.2261903770208 18
49 87.2194648295117 18
50 87.2132431255029 18
51 87.2074498976858 19
52 87.2020226114168 19
53 87.1969097402786 19
54 87.1920689637874 20
55 87.1874654838433 20
56 87.1830705148063 20
57 87.1788599707914 21
58 87.1748133521371 21
59 87.1709128192387 21
60 87.1671424341334 22
61 87.163487546654 22
62 87.1599343012025 22
63 87.1564692411433 23
64 87.1530789896723 23
65 87.149749988261 24
66 87.1464682760218 24
67 87.14321929545 24
68 87.1399877118628 25
69 87.1367572354469 25
70 87.1335104362119 25
71 87.1302285433219 26
72 87.1268912213609 26
73 87.1234763171365 26
74 87.119959571754 27
75 87.1163142940157 27
76 87.1125109928238 28
77 87.1085169682845 28
78 87.104295863547 28
79 87.0998071818094 29
80 87.0950057745294 29
81 87.089841305977 29
82 87.0842576925253 30
83 87.0781924967209 30
84 87.0715762166322 30
85 87.0643313353572 31
86 87.0563708615789 31
87 87.04759586709 31
88 87.0378911631791 32
89 87.0271176801531 32
90 87.0150991982189 32
91 87.0015996022798 33
92 86.9862844102176 33
93 86.9686563617221 33
94 86.947948856988 34
95 86.9229544934633 34
96 86.8917700998941 34
97 86.8514999140371 35
98 86.798200175907 35
99 86.727909053876 35
100 86.6398649993705 36
101 86.5404911604255 36
102 86.4421676571685 36
103 86.3554010722178 37
104 86.2836841780296 37
105 86.225427116831 37
106 86.1776654418017 38
107 86.1378881055487 38
108 86.1043323943515 38
109 86.0757858197416 39
110 86.051370918567 39
111 86.0304105986663 39
112 86.0123571063435 40
113 85.9967561184226 40
114 85.9832274850447 40
115 85.9714531821795 41
116 85.9611682249943 41
117 85.9521528462526 41
118 85.9442253905772 42
119 85.9372358397863 42
120 85.9310600326542 42
121 85.9255946520427 43
122 85.9207530098595 43
123 85.9164616077496 44
124 85.9126574078529 44
125 85.9092857200556 44
126 85.9062985999801 45
127 85.9036536525292 45
128 85.9013131450423 45
129 85.8992433482589 46
130 85.8974140391492 46
131 85.8957981151182 46
132 85.8943712827391 47
133 85.893111795446 47
134 85.8920002233416 47
135 85.8910192446944 48
136 85.8901534531387 48
137 85.8893891774925 48

0 388.575962719091 0
1 349.415309904322 1
2 312.978061272175 1
3 281.749135943015 1
4 258.420815933606 2
5 240.543461007884 2
6 224.740429168716 2
7 209.815542125111 3
8 195.471093396498 3
9 182.308177688957 3
10 169.445968640611 4
11 157.671387804991 4
12 148.232877719265 4
13 141.884224459847 5
14 136.70410705237 5
15 131.370321276185 5
16 126.065647150117 6
17 121.260079283963 6
18 117.23801013721 6
19 114.091404227222 7
20 111.587094155089 7
21 109.604034173068 8
22 107.78172219092 8
23 105.932745189697 8
24 104.524492587706 9
25 103.385250988722 9
26 102.183001051517 9
27 100.645715019539 10
28 99.0099857225103 10
29 97.7863383213597 10
30 96.9683103386515 11
31 96.3832733662944 11
32 95.9043093496812 12
33 95.4958255577419 12
34 95.1595404794538 12
35 94.8827306519143 13
36 94.6471988588748 13
37 94.4262518417381 13
38 94.172663336805 14
39 93.9172535826305 14
40 93.6855798339823 15
41 93.4716777040691 15
42 93.2679722934511 15
43 93.0692304088166 16
44 92.8719695386887 16
45 92.6747321013677 17
46 92.4799967660972 17
47 92.2935361584002 17
48 92.1185621169866 18
49 91.9509825330626 18
50 91.7829188974523 18
51 91.6140504769581 19
52 91.4513183452868 19
53 91.2984502160083 19
54 91.1550178537593 20
55 91.0190785152362 20
56 90.8880096944731 20
57 90.7580668072332 21
58 90.624958369331 21
59 90.4879742859788 22
60 90.3525309422051 22
61 90.2249908213748 22
62 90.1082824577741 23
63 90.0024754304811 23
64 89.9063510976113 24
65 89.8182623801925 24
66 89.7364884594536 25
67 89.6594001856035 25
68 89.5855821533134 25
69 89.5139608171775 26
70 89.4439325998849 26
71 89.3754365840736 26
72 89.3088889227718 27
73 89.24494067299 27
74 89.1841416562645 28
75 89.126683143263 28
76 89.0723394495727 28
77 89.020584004335 29
78 88.9707679988606 29
79 88.9222684599506 29
80 88.8745723636146 30
81 88.8273032493171 30
82 88.7802084209571 30
83 88.7331235472601 31
84 88.6859281885982 31
85 88.6385029438984 32
86 88.5906961729394 32
87 88.5423058860477 32
88 88.4930809080868 33
89 88.4427439229617 33
90 88.3910349491288 33
91 88.3377656175187 34
92 88.2828667242961 34
93 88.226415111124 35
94 88.1686454454546 35
95 88.1099672641136 35
96 88.0509880451052 36
97 87.9925039463336 36
98 87.935421152841 36
99 87.8806257145325 37
100 87.8288620205354 37
101 87.7806652565801 37
102 87.7363522499916 38
103 87.696049630296 38
104 87.6597353691273 39
105 87.6272781882974 39
106 87.5984690529448 39
107 87.5730453013301 40
108 87.5507100683824 40
109 87.5311489550539 40
110 87.5140444058345 41
111 87.4990873295403 41
112 87.4859854354513 41
113 87.4744682044827 42
114 87.4642889151929 42
115 87.4552244378124 43
116 87.4470735591898 43
117 87.4396544889274 43
118 87.4328020222477 44
119 87.4263646680369 44
120 87.4202019228674 44
121 87.4141817880899 45
122 87.4081785780426 45
123 87.402071039525 46
124 87.3957407832883 46
125 87.3890710071444 46
126 87.3819454587759 47
127 87.3742475338311 47
128 87.3658593118984 47
129 87.3566601603977 48
130 87.3465242121674 48
131 87.3353154270432 48
132 87.3228778975532 49
133 87.3090172790329 49
134 87.2934662996597 49
135 87.2758226691542 50
136 87.2554411057386 50
137 87.2312556162237 51
138 87.2015217108693 51
139 87.1635678601432 51
140 87.1139775078962 52
141 87.050151373694 52
142 86.9736545598932 53
143 86.8922835416593 53
144 86.8162958834856 53
145 86.752025860005 54
146 86.7002812011099 54
147 86.6589998493043 54
148 86.6257152105994 55
149 86.5984699195801 55
150 86.5758742330553 56
151 86.556948798294 56
152 86.5409814478626 56
153 86.5274338769676 57
154 86.5158855014919 57
155 86.5059994271155 57
156 86.4975009066075 58
157 86.4901629533755 58
158 86.4837962276582 58
159 86.4782415989999 59
160 86.4733644654171 59
161 86.4690502767217 60
162 86.4652009153148 60
163 86.4617317058011 60
164 86.4585688929461 61
165 86.4556474665534 61
166 86.4529092333955 61
167 86.4503010467499 62
168 86.4477731065386 62
169 86.4452772385897 62
170 86.4427650496968 63
171 86.4401858343498 63
172 86.4374840766766 63
173 86.4345963440655 64
174 86.4314473040296 64
175 86.4279445123931 65
176 86.4239715256446 65
177 86.4193788094321 65
178 86.4139719182514 66
179 86.4074966660292 66
180 86.3996218096225 66
181 86.3899216765131 67
182 86.3778649379348 67
183 86.3628218868986 67
184 86.3441100892192 68
185 86.3211021258436 68
186 86.2934088265364 68
187 86.2611158073052 69
188 86.2249942498548 69
189 86.1865634690283 69
190 86.1479062662875 70
191 86.1112492545547 70
192 86.078461278439 70
193 86.0506844575399 71
194 86.0282354272244 71
195 86.0107593907636 71
196 85.9975079581268 72
197 85.9876048334578 72
198 85.9802259044282 72
199 85.9746858251719 73
200 85.9704573665816 73
201 85.9671549825031 73
202 85.9645055846184 74
203 85.9623191616918 74
204 85.960464403354 75
205 85.9588503714938 75
206 85.9574134898926 75
207 85.9561086249585 76
208 85.9549030931534 76
209 85.9537726735773 76
210 85.9526989588803 77
211 85.9516675861381 77
212 85.9506670422511 78
213 85.9496878440845 78
214 85.9487219639484 78
215 85.9477624168896 79
216 85.9468029557291 79
217 85.9458378385897 79
218 85.9448616456175 80
219 85.9438691292147 80
220 85.94285508698 80
221 85.941814249675 81
222 85.9407411785836 81
223 85.9396301679559 81
224 85.9384751491264 82
225 85.9372695934922 82
226 85.9360064119695 82
227 85.934677848857 83
228 85.933275368306 83
229 85.9317895318581 83
230 85.9302098658028 84
231 85.9285247174863 84
232 85.9267211002059 85
233 85.9247845270077 85
234 85.9226988346341 85
235 85.9204460000986 86
236 85.9180059539764 86
237 85.9153563965337 87
238 85.91247262534 87
239 85.9093273860059 87
240 85.9058907611336 88
241 85.9021301163598 88
242 85.8980101262722 88
243 85.8934929067405 89
244 85.8885382833125 89
245 85.8831042272633 90
246 85.8771474908056 90
247 85.870624469739 90
248 85.863492313824 91
249 85.8557102900429 91
250 85.8472413787552 92
251 85.8380540447606 92
252 85.8281240737061 92
253 85.8174363038121 93
254 85.8059860273155 93
255 85.7937798098492 94
256 85.7808355095094 94
257 85.7671813933583 94
258 85.7528544432671 95
259 85.7378981704959 95
260 85.722360439683 95
261 85.7062918550572 96
262 85.6897451418475 96
263 85.6727756902161 97
264 85.655443106191 97
265 85.637813343752 97
266 85.6199608536824 98
267 85.6019701947944 98
268 85.5839366711452 99
269 85.5659657225438 99
270 85.5481709610635 99
271 85.5306709045919 100
272 85.5135846212296 100
273 85.4970266673008 100
274 85.4811018501827 101
275 85.465900427578 101
276 85.4514943257715 102
277 85.4379348115112 102
278 85.4252518169744 102
279 85.4134548552202 103
280 85.4025352395961 103
281 85.3924691811052 103
282 85.3832212982559 104
283 85.3747481208342 104
284 85.3670012711224 104
285 85.3599301284375 105
286 85.3534838973568 105
287 85.3476130897836 105
288 85.3422704901098 106
289 85.3374117029936 106
290 85.3329953906478 106
291 85.3289832984176 107
292 85.3253401505876 107
293 85.3220334783414 108
294 85.319033422345 108
295 85.3163125358928 108
296 85.3138456018961 109
297 85.3116094683137 109
298 85.3095829014459 110
299 85.3077464539879 110
300 85.3060823440881 110
301 85.3045743420656 111
302 85.3032076623628 111
303 85.3019688593003 111
304 85.3008457260733 112
305 85.2998271970434 112
306 85.298903253744 112
307 85.298064835166 113

0 392.970762331486 0
1 353.018987872082 0
2 313.934502987338 1
3 276.851308028306 1
4 242.159297986903 2
5 213.81198774951 2
6 189.976315359401 2
7 171.107598151037 3
8 157.211564404769 3
9 144.616211721856 4
10 133.583931589088 4
11 124.404396825905 4
12 116.862683221295 5
13 111.156913580193 5
14 106.997935935965 5
15 103.650997299869 6
16 100.746244351177 6
17 98.2100420513761 6
18 96.1200785602102 7
19 94.475250334822 7
20 93.1898374386432 8
21 92.2059184139533 8
22 91.452778104585 8
23 90.8536378374078 9
24 90.3973766919291 9
25 90.0618685817461 9
26 89.8106272325872 10
27 89.6124233102783 10
28 89.4448039037685 10
29 89.2918134601839 11
30 89.1409340334379 11
31 88.9803482675879 11
32 88.7980234270146 12
33 88.5863932071957 12
34 88.3503323903396 13
35 88.104486083847 13
36 87.8618702200785 13
37 87.6288475030003 14
38 87.4072519547145 14
39 87.1983808295758 14
40 87.0053366166085 15
41 86.8320934331472 15
42 86.6813234250187 16
43 86.5534635293419 16
44 86.4470581328412 16
45 86.3595255324835 17
46 86.2878626262625 17
47 86.2291338821415 17
48 86.1807384756225 18
49 86.1405102759831 18
50 86.1067169109798 18
51 86.0780103465965 19
52 86.0533616120506 19
53 86.0319962648989 19
54 86.0133371946043 20
55 85.9969562995515 20
56 85.9825346072734 21
57 85.9698300128974 21
58 85.9586519711612 21
59 85.9488426294373 22
60 85.9402638233624 22
61 85.9327891112414 22
62 85.9262997575059 23
63 85.9206834418637 23
64 85.9158345343586 23
65 85.9116550045748 24
66 85.908055337854 24
67 85.904955124026 25
68 85.9022832090625 25
69 85.8999774406259 25
70 85.8979841054861 26
71 85.8962571727878 26
72 85.8947574446867 26
73 85.8934516918868 27
74 85.8923118263987 27
75 85.8913141424101 27
76 85.8904386400771 28
77 85.8896684360784 28

0 393.192502588796 0
1 349.471925772591 0
2 306.169617967253 1
3 267.848301005076 1
4 237.423142675742 2
5 211.566719648381 2
6 191.198448831582 2
7 173.49625679899 3
8 160.906909765755 3
9 151.313886637393 3
10 143.905187985906 4
11 137.533980650897 4
12 130.33524636129 4
13 122.28781609123 5
14 114.231191464447 5
15 108.121750564055 6
16 103.339498475969 6
17 99.1007937272388 6
18 96.1797023981998 7
19 94.3619889398244 7
20 93.1573382000737 8
21 92.252442562523 8
22 91.5267380423961 8
23 90.9470406741987 9
24 90.4909752811107 9
25 90.1317967139456 10
26 89.8443363037235 10
27 89.6071531972014 10
28 89.4034418007517 11
29 89.222227724426 11
30 89.0580389342965 11
31 88.9092224876592 12
32 88.7759686237296 12
33 88.6586722063319 13
34 88.5569375914698 13
35 88.4692905258211 13
36 88.393372644049 14
37 88.3262788185265 14
38 88.2648008742916 14
39 88.2055041805941 15
40 88.144681816532 15
41 88.0783072993457 16
42 88.0021615061271 16
43 87.9123140038696 16
44 87.8060574277449 17
45 87.6832148373833 17
46 87.5473013234849 17
47 87.4054111589337 18
48 87.2662003192672 18
49 87.1372739583142 19
50 87.0238219822288 19
51 86.9285710982827 19
52 86.8520910244328 20
53 86.7931156592954 20
54 86.7490733502842 20
55 86.7168274150577 21
56 86.6933558333573 21
57 86.6761514876953 22
58 86.6633319011948 22
59 86.653570930323 22
60 86.6459672283916 23
61 86.6399165968754 23
62 86.6350127590415 23
63 86.6309782570594 24
64 86.6276190936047 24
65 86.6247958347612 25
66 86.6224053936021 25
67 86.6203695109405 25
68 86.6186273744559 26
69 86.6171307914634 26
70 86.6158409504865 27
71 86.6147261868148 27
72 86.613760396008 27
73 86.6129218761293 28

0 395.329499894631 0
1 350.066845543347 1
2 300.410143355698 1
3 249.750799006201 1
4 205.668119271868 2
5 174.195199571355 2
6 151.390736997066 3
7 135.551088403994 3
8 122.794764551485 3
9 111.745362903172 4
10 104.58431927036 4
11 99.9941708662274 4
12 94.7910660363784 5
13 92.1885517269143 5
14 90.7767738771057 5
15 89.9907629416156 6
16 89.5007841618568 6
17 89.1331006383856 6
18 88.8360426446191 7
19 88.5900269516246 7
20 88.3835382784547 7
21 88.2053813419428 8
22 88.0457476495845 8
23 87.9004837571388 9
24 87.7699053087644 9
25 87.6549459064402 9
26 87.5549780915046 10
27 87.4681226543794 10
28 87.39232714036 11
29 87.3259984633202 11
30 87.2680855218964 11
31 87.2178779330156 12
32 87.1747509061575 12
33 87.1379869727655 12
34 87.1067095045095 13
35 87.0798860493206 13
36 87.0562911288885 14
37 87.0341035370606 14
38 87.008884841304 14
39 86.9696865637713 15
40 86.9117317269911 15
41 86.8498670856687 16
42 86.7928137885096 16
43 86.7405484102308 16
44 86.6913161265503 17
45 86.6437622804537 17
46 86.5971010461078 17
47 86.5509967926781 18
48 86.505469359122 18
49 86.4608161534727 19
50 86.4175249767611 19
51 86.3761772736358 19
52 86.3373545063108 20
53 86.3015590924007 20
54 86.2691563630185 20
55 86.240341322672 21
56 86.215132398053 21
57 86.19339067426 22
58 86.174857645108 22
59 86.1592007173495 22
60 86.1460560748484 23
61 86.1350622526958 23
62 86.1258822986294 23
63 86.1182156733775 24
64 86.1118025094742 24
65 86.1064229663412 25
66 86.1018938832227 25
67 86.0980642472211 26
68 86.0948104069143 26
69 86.0920315408662 26
70 86.089645619498 27
71 86.0875859386528 27
72 86.0857982160495 27
73 86.0842381994521 28
74 86.0828697189251 28
75 86.081663113245 29
76 86.0805939653217 29
77 86.0796420893149 29
78 86.0787907207769 30

0 414.630202787579 0
1 381.125793818263 1
2 342.256022354807 1
3 293.878565672683 1
4 245.678588660705 2
5 207.369899059872 2
6 176.466958920747 2
7 149.976105082937 3
8 132.814674181177 3
9 120.571458856444 3
10 112.05297315674 4
11 106.1280920272 4
12 101.267657678924 4
13 97.3298259348862 5
14 94.624820343036 5
15 92.8482147394487 5
16 91.6405699521851 6
17 90.8037718805512 6
18 90.2332107844386 7
19 89.8463007597911 7
20 89.5772997416826 7
21 89.3811209520018 8
22 89.2292951301754 8
23 89.1041421422768 8
24 88.9946758089689 9
25 88.8944092872043 9
26 88.8001631779806 9
27 88.710909080951 10
28 88.626316000818 10
29 88.5455197836922 10
30 88.4666367971373 11
31 88.3868161211755 11
32 88.3024330591382 12
33 88.2098046559485 12
34 88.1071087182839 12
35 87.9958944935566 13
36 87.8798224107599 13
37 87.762491954438 13
38 87.6467733343103 14
39 87.5351362970284 14
40 87.4297705319077 14
41 87.3321963558504 15
42 87.2428466900474 15
43 87.1611041583593 16
44 87.0857642973243 16
45 87.0155670248414 16
46 86.9495223898941 17
47 86.8869831467271 17
48 86.8275600542984 17
49 86.7710033222881 18
50 86.7171283105776 18
51 86.6658003431973 18
52 86.6169526846081 19
53 86.5706025312387 19
54 86.5268424664489 19
55 86.4858057928504 20
56 86.4476202239314 20
57 86.4123677052114 21
58 86.3800609193467 21
59 86.3506374472045 21
60 86.3239665650359 22
61 86.2998621292442 22
62 86.2780960616588 22
63 86.2584087560818 23
64 86.2405143482507 23
65 86.2240999538274 23
66 86.2088187992752 24
67 86.1942781564225 24
68 86.1800251909286 24
69 86.165538837464 25
70 86.1502446838405 25
71 86.133579037921 25
72 86.1151227806655 26
73 86.0947819797949 26
74 86.0729173881685 27
75 86.0502995560163 27
76 86.0278707884784 27
77 86.0064501206467 28
78 85.9865471093514 28
79 85.9683379943305 29
80 85.9517473546373 29
81 85.936555698054 29
82 85.9224870281 30
83 85.9092659934251 30
84 85.8966513255497 30
85 85.8844550127976 31
86 85.8725534471732 31
87 85.8608926919907 31
88 85.8494871553257 32
89 85.8384101154823 32
90 85.827775854594 32
91 85.8177158773496 33
92 85.8083542038546 33
93 85.7997873491364 33
94 85.7920728181523 34
95 85.7852268124274 34
96 85.7792291046097 34
97 85.7740318122276 35
98 85.7695690725747 35
99 85.7657656645722 36
100 85.7625437126399 36
101 85.7598273684212 36
102 85.7575457534167 37
103 85.755634567744 37
104 85.7540367526709 37
105 85.7527025240347 38
106 85.7515890152769 38
107 85.7506597006863 38
108 85.7498837158829 39

