0 22678.474708368 54
1 20612.3536458786 67
2 17666.2351933442 80
3 14296.7114949329 93
4 11378.7093363242 106
5 9051.13389193111 119
6 7276.83222291244 134
7 6033.03322822076 147
8 5229.0221679267 161
9 4694.34383797136 174
10 4305.81138804528 188
11 3994.39048279605 201
12 3723.60010609868 214
13 3487.67639551344 228
14 3284.14086473547 241
15 3103.37932265113 255
16 2936.5446051932 268
17 2782.09725644717 281
18 2645.00017006958 295
19 2523.31618680414 308
20 2413.36256608531 321
21 2315.87618122019 334
22 2226.82402930187 348
23 2143.34929620071 361
24 2066.21589128694 374
25 1993.3149745513 388
26 1925.27197920381 401
27 1863.60167295836 415
28 1806.97582681774 428
29 1753.25225660973 441
30 1700.13663794069 455
31 1646.722546502 468
32 1593.69372426944 481
33 1538.73716546675 494
34 1481.39793383076 507
35 1424.62278078709 520
36 1368.88315388521 533
37 1315.75468988303 546
38 1268.68335223982 559
39 1233.56093699963 572
40 1209.63077572141 587
41 1194.16635766656 601
42 1184.83223968643 616
43 1178.93117969671 629
44 1174.83528854908 642
45 1171.81451269363 656
46 1169.45743591932 669
47 1167.66643190654 682
48 1166.28075913609 695
49 1165.06168099705 708
50 1164.04555670764 721
51 1163.23310846991 734
52 1162.55829956832 747
53 1161.96798191211 760
54 1161.43945096949 774
55 1160.98473880199 788
56 1160.6187847805 802
57 1160.33377144336 816
58 1160.10585730455 829
59 1159.91318238524 842
60 1159.74773378878 855
61 1159.612585569 869
62 1159.51014632775 882
63 1159.43642447769 895
64 1159.38400106174 908
65 1159.34605584651 921
66 1159.3177765173 934
67 1159.29609765895 948
68 1159.27909141627 961
69 1159.265504315 974
70 1159.25448178235 988

0 22786.2574461005 56
1 21058.5548991051 68
2 18534.9001968462 82
3 15439.3281195615 95
4 12674.2965051397 108
5 10598.5488936616 121
6 9046.47685743439 134
7 7816.24184832092 147
8 6834.32517461665 161
9 6035.45985983415 174
10 5357.35059773474 187
11 4744.28993771878 201
12 4178.59914745377 214
13 3661.53981714904 228
14 3194.72033239374 241
15 2778.04656227895 254
16 2421.80100648883 267
17 2127.89259919216 280
18 1889.21301163687 294
19 1690.60400634769 307
20 1521.75500513534 321
21 1385.56911106036 334
22 1288.94398750533 348
23 1231.64576707623 361
24 1200.78629401895 374
25 1184.19364379024 387
26 1174.99513184033 400
27 1169.68429649684 414
28 1166.44472556781 427
29 1164.36361747645 441
30 1162.95564217344 454
31 1161.94858506337 467
32 1161.1921422786 480
33 1160.60843326812 493
34 1160.15640215239 506
35 1159.81012983206 520
36 1159.54937964611 533
37 1159.35622632165 546
38 1159.21458359133 560
39 1159.11091825155 573
40 1159.03470959798 585
41 1158.97823215094 599
42 1158.93597529295 613
43 1158.90404310342 626
44 1158.87967622913 640
45 1158.86090757411 653
46 1158.84632286539 666
47 1158.83489554644 679

0 22326.5623078024 54
1 19626.0489842147 67
2 15595.1586146975 80
3 11257.1987212953 93
4 8327.45190220636 106
5 6729.58832771281 120
6 5764.19138083965 133
7 5076.08000892186 147
8 4524.33139915049 160
9 4041.89188641548 173
10 3618.43490135613 186
11 3251.44827841796 199
12 2933.99080066815 212
13 2659.53661461091 225
14 2412.68345332147 238
15 2184.90858235076 251
16 1980.0735866637 264
17 1801.14246903706 278
18 1648.3902990835 291
19 1522.91536017683 304
20 1427.09180226048 318
21 1356.14714095146 331
22 1304.40108640924 345
23 1266.74944411345 359
24 1239.20652948445 374
25 1218.86078027968 387
26 1203.74399654924 400
27 1192.48107253712 413
28 1184.12008839238 426
29 1177.93125472984 439
30 1173.34454074884 452
31 1169.93111270759 465
32 1167.37592554427 478
33 1165.44966168401 491
34 1163.98648446301 504
35 1162.86780278333 517
36 1162.009720497 531
37 1161.35214733258 545
38 1160.84995446022 559
39 1160.46761647385 572
40 1160.17687590359 585
41 1159.95561783745 598
42 1159.78686507879 611
43 1159.65774732385 624
44 1159.55856859595 637
45 1159.4820428482 651
46 1159.42269787146 664
47 1159.37642070028 677
48 1159.34011460054 691
49 1159.31144190273 704
50 1159.28863207921 717
51 1159.27033896591 731
52 1159.25553471398 745
53 1159.24343101494 758
54 1159.23342048519 772

0 22265.6873254061 53
1 18471.2390821836 67
2 13069.4492483448 80
3 8812.67489180585 93
4 6517.54069193615 106
5 5143.06908437884 119
6 4127.51624288204 132
7 3281.42051690702 145
8 2607.97064347882 159
9 2085.71129469554 173
10 1699.744243055 186
11 1439.59491347323 199
12 1297.31290480022 213
13 1224.44211935324 226
14 1190.58635287654 239
15 1176.34786958217 251
16 1169.76195870805 265
17 1165.54985673653 278
18 1163.40095641817 291
19 1162.2272467063 304
20 1161.53904867529 317
21 1161.10316522593 331
22 1160.80122053901 344
23 1160.57085082449 357
24 1160.38131427109 371
25 1160.22176796508 384
26 1160.09130509085 398
27 1159.98982330681 411
28 1159.91391662395 425
29 1159.85787144842 438
30 1159.81596984952 451
31 1159.78373517925 464
32 1159.7580796502 477
33 1159.7369894094 490
34 1159.71916089427 504
35 1159.70372669244 517
36 1159.69007846006 530
37 1159.67775902494 543
38 1159.66639620782 556

0 22540.8106104807 54
1 20454.8821198608 67
2 17364.4417157142 80
3 13592.0200782574 93
4 10246.872741214 106
5 7928.85270865931 120
6 6401.67299261155 133
7 5322.24774814416 146
8 4569.88152857187 160
9 4053.55411404742 173
10 3673.22215955433 186
11 3373.94036180232 199
12 3109.82824274854 213
13 2858.33201806357 227
14 2607.54730211816 240
15 2359.54410118815 253
16 2126.59589782256 266
17 1906.01237754697 279
18 1706.52217679588 293
19 1538.87283949869 306
20 1406.24544575355 319
21 1309.40765331452 332
22 1241.84904821241 345
23 1205.05061103238 359
24 1187.54890648567 372
25 1178.82807200663 385
26 1173.86742943919 398
27 1170.73998995287 411
28 1168.41463024181 425
29 1166.74246211773 439
30 1165.4262228018 452
31 1164.43030099783 467
32 1163.68473929236 480
33 1163.09858416753 493
34 1162.59838148414 506
35 1162.14470696166 519
36 1161.73970601778 533
37 1161.39372059449 546
38 1161.10080065892 559
39 1160.84853276021 572
40 1160.6319494224 585
41 1160.45222780984 599
42 1160.30770715106 612
43 1160.19103246666 626
44 1160.09199598675 639
45 1160.00024660782 653
46 1159.9068071369 667
47 1159.8060893017 680
48 1159.69875314876 693
49 1159.59233877677 706
50 1159.49651369615 719
51 1159.41644281063 732
52 1159.350711541 745
53 1159.29390102905 758
54 1159.23987247473 771
55 1159.18393278581 785
56 1159.12423800372 798
57 1159.06252884081 810
58 1159.00332752314 824
59 1158.95144048694 838
60 1158.90955432093 851
61 1158.87769165213 864
62 1158.85423034737 877
63 1158.83713114822 890
64 1158.82462449309 903
65 1158.81538983079 917

0 23077.244331759 54
1 21609.2752289604 67
2 19352.7368747602 80
3 15979.3566106992 94
4 12369.5124245064 107
5 9861.25447832671 121
6 8348.40765034582 135
7 7272.58189404971 148
8 6251.85572058986 161
9 5257.96162711042 174
10 4385.70541636521 187
11 3639.45410612165 200
12 2988.40197000616 214
13 2450.47512326733 227
14 2053.30946701792 240
15 1773.45036612643 253
16 1577.51459315404 266
17 1441.59476407629 279
18 1347.27811560473 292
19 1284.03676934356 306
20 1243.54661601632 320
21 1216.88430165915 333
22 1199.35538450355 346
23 1187.80294950691 359
24 1180.01023865783 372
25 1174.60239614385 386
26 1170.7259511876 399
27 1167.83930494203 412
28 1165.63164079948 426
29 1163.97048618869 439
30 1162.78091789828 452
31 1161.96236437166 465
32 1161.40264349138 478
33 1161.01025818678 491
34 1160.72484176025 505
35 1160.51114968417 519
36 1160.34874851894 532
37 1160.22406419129 545
38 1160.12655880911 559
39 1160.04768936328 572
40 1159.98079541932 585
41 1159.92107271889 598
42 1159.86553215187 611
43 1159.81294371018 624
44 1159.76360792439 637
45 1159.71877298126 650
46 1159.67978120624 663
47 1159.64733840462 676
48 1159.62125724664 689
49 1159.60066442602 702
50 1159.58439321029 716
51 1159.57130757839 729
52 1159.56046857263 743

0 22769.2162221512 54
1 20482.6844426784 67
2 16814.9041693075 80
3 12834.2764513145 93
4 10104.1849640253 106
5 8510.16014455932 120
6 7477.12381480308 133
7 6705.46490483489 146
8 6113.19289805574 159
9 5661.72561088447 173
10 5303.61808436674 187
11 4995.11251277626 201
12 4700.2739189712 216
13 4398.69905273117 229
14 4082.5401858648 242
15 3749.68983782044 255
16 3423.94076018179 268
17 3118.26243356184 281
18 2834.79297682321 295
19 2578.64306649285 308
20 2345.29287609697 321
21 2130.25995042453 334
22 1936.15522019271 347
23 1760.39096114703 360
24 1611.08714642137 375
25 1486.35869855761 388
26 1388.1747967388 402
27 1315.9497569018 415
28 1266.33097807685 428
29 1233.57052669175 441
30 1211.59198817658 455
31 1196.415536376 467
32 1185.92231504018 480
33 1178.63915538315 494
34 1173.49527761207 507
35 1169.81912198637 520
36 1167.15643706657 533
37 1165.20102363211 546
38 1163.75840711165 559
39 1162.69468949179 572
40 1161.90417948071 586
41 1161.30512189764 600
42 1160.83997764069 613
43 1160.47106014862 626
44 1160.17414748903 639
45 1159.93355851933 652
46 1159.73878326905 666
47 1159.5820760341 679
48 1159.45700107112 692
49 1159.35784717908 706
50 1159.27955447237 719
51 1159.21778968549 732
52 1159.16897967663 745
53 1159.13026530671 758
54 1159.09940366914 771
55 1159.07465417794 785
56 1159.05467148234 798
57 1159.03841516669 812
58 1159.02507803158 825
59 1159.01403093938 838

0 22580.9159414198 53
1 20143.2979313583 66
2 16306.2629363084 80
3 12140.2780391711 93
4 9018.60810211511 105
5 7087.16272667689 119
6 5818.47129447479 132
7 4857.12731836036 145
8 4108.96210200306 160
9 3535.18223760191 174
10 3101.01139834931 187
11 2778.87007354214 200
12 2542.97676009667 213
13 2364.20085539229 226
14 2229.44635870975 239
15 2121.45085396564 252
16 2030.82499944813 266
17 1948.42116754687 279
18 1872.88391858157 292
19 1801.14755324879 305
20 1730.24714250363 318
21 1656.36393468765 331
22 1578.29150757818 344
23 1499.14891633035 358
24 1425.14335979776 372
25 1351.69209197241 385
26 1280.75294877813 398
27 1228.0536105493 411
28 1198.99302921471 425
29 1184.67012397757 438
30 1176.63275939768 451
31 1171.745980826 464
32 1168.58135327026 477
33 1166.40861767625 491
34 1164.76101796884 504
35 1163.48090567285 517
36 1162.50454335516 530
37 1161.75870020888 544
38 1161.18712482426 557
39 1160.74718061439 571
40 1160.40700038321 585
41 1160.14301714367 598
42 1159.9376399724 611
43 1159.77740437342 624
44 1159.65172729671 637
45 1159.55216383421 651
46 1159.47195543028 663
47 1159.40569769376 677
48 1159.34905564696 690
49 1159.29853160272 703
50 1159.25132900097 716
51 1159.20536547278 729
52 1159.15945734819 742
53 1159.11358660741 755
54 1159.06898823793 770
55 1159.02775475254 784
56 1158.99197184693 798
57 1158.96286720959 812
58 1158.94049341881 826
59 1158.92399724999 839
60 1158.91212839381 852
61 1158.90365335222 865

0 22721.6548904346 53
1 20967.8273699211 66
2 18586.6438438023 79
3 15568.0994742977 93
4 12412.3299066028 106
5 9813.2460940032 120
6 8022.58693450517 134
7 6870.06127418135 147
8 6121.36976533861 160
9 5636.89141371255 174
10 5314.67844569508 187
11 5095.28842751662 200
12 4937.05318693835 213
13 4815.19048456413 226
14 4711.62622783039 239
15 4621.3551166165 252
16 4540.54698570445 265
17 4464.44550090597 278
18 4390.53227030119 291
19 4318.63787054502 305
20 4248.06767788679 318
21 4179.39789726752 331
22 4110.4441078732 344
23 4043.22975845299 357
24 3977.79189819923 370
25 3911.80686877551 383
26 3845.19841658514 396
27 3779.22507167352 409
28 3710.95420885865 422
29 3639.60052131071 435
30 3565.83347119523 448
31 3486.73846972004 461
32 3402.92126696521 474
33 3312.97669403851 488
34 3219.27515044498 502
35 3123.57372188142 515
36 3026.80881260955 529
37 2931.37997028662 542
38 2837.30809286286 555
39 2744.32350676679 569
40 2652.82938778807 582
41 2559.71174822431 595
42 2462.39802774169 609
43 2354.6795924749 622
44 2236.34579737583 635
45 2112.67119433564 648
46 1985.26455836266 661
47 1860.425985308 674
48 1738.85149950294 687
49 1620.35126143059 700
50 1506.21701898679 714
51 1401.5069842417 728
52 1316.71453646818 741
53 1255.2601239864 754
54 1215.63798366168 767
55 1192.51085051414 780
56 1180.37749819272 793
57 1173.78834645231 806
58 1169.77685965535 820
59 1167.12367227615 833
60 1165.27872574997 846
61 1163.95042078538 859
62 1162.9735148269 872
63 1162.24874069278 885
64 1161.70892624636 899
65 1161.30498822289 913
66 1161.00064237463 927
67 1160.76921955742 940
68 1160.5910525419 954
69 1160.45136693118 967
70 1160.33868081142 980
71 1160.24359966841 993
72 1160.15788857016 1007
73 1160.07386488677 1020
74 1159.98450028271 1034
75 1159.88492978986 1047
76 1159.77530478757 1061
77 1159.6622358185 1074
78 1159.55516470777 1087
79 1159.45982947051 1101
80 1159.37556399543 1115
81 1159.2980621859 1128
82 1159.22376912805 1141
83 1159.15253840407 1155
84 1159.08731243646 1168
85 1159.03157699493 1181
86 1158.98699534608 1194
87 1158.95294988076 1207
88 1158.92751790058 1221
89 1158.9085618843 1234
90 1158.89429557917 1247
91 1158.8834001061 1260

0 22949.0024684606 55
1 21173.8399267744 69
2 18386.2934501308 83
3 14584.0359387821 98
4 11075.9489595704 111
5 8580.7465260719 124
6 6778.66300457106 138
7 5522.00848647864 151
8 4670.21686362317 164
9 4073.43789255332 177
10 3630.13345931827 190
11 3304.13055705538 204
12 3070.4082865123 217
13 2896.51758443018 230
14 2760.15708198594 244
15 2649.106074778 258
16 2549.23218377312 272
17 2449.05808317536 286
18 2346.26119404752 299
19 2233.11306918562 312
20 2102.15810882609 326
21 1942.37382827563 339
22 1760.21876984609 352
23 1580.89608051463 365
24 1434.68659108493 378
25 1332.44478303887 392
26 1259.83442794696 405
27 1211.72310018672 418
28 1183.90717356839 431
29 1171.84418493941 445
30 1166.74926348006 459
31 1164.25073761585 472
32 1162.80826239766 485
33 1161.89424715273 498
34 1161.28502017869 511
35 1160.86347929669 525
36 1160.56065578027 538
37 1160.33389203385 551
38 1160.1564974981 564
39 1160.01201323339 577
40 1159.89068962258 590
41 1159.78708891562 603
42 1159.69830275924 616
43 1159.62263186983 629
44 1159.55873527545 642
45 1159.5052280551 656
46 1159.46060715968 669
47 1159.42333918924 683
48 1159.39197779099 696
49 1159.36524437123 709
50 1159.3420583262 722
51 1159.32152830448 735
52 1159.30292139145 748
53 1159.28562365487 761
54 1159.26910047935 774
55 1159.25286161615 788
56 1159.23643461023 801
57 1159.21935102924 814
58 1159.20115196629 827
59 1159.18142086119 840
60 1159.15984926864 854
61 1159.13633017858 868
62 1159.11105264959 881
63 1159.08455063362 894
64 1159.05765943877 907
65 1159.03137021987 920
66 1159.00662943296 933
67 1158.98416322614 946
68 1158.96438892759 959
69 1158.947424274 972
70 1158.93316067711 985
71 1158.92135421757 998
72 1158.911701856 1011

0 23208.6750682091 53
1 21595.530290086 67
2 18894.9118312878 80
3 14747.9161614878 93
4 10709.9601377213 106
5 8226.67961998927 119
6 6804.90765294551 133
7 5904.56366140054 146
8 5283.94801422209 159
9 4826.40885108272 172
10 4468.56922165584 185
11 4166.33614699216 199
12 3908.55046196946 212
13 3681.32773343186 225
14 3466.32793256105 238
15 3250.95495271933 251
16 3035.98079627277 265
17 2815.58067065194 278
18 2595.63648972676 292
19 2377.11450379431 305
20 2171.31631840548 318
21 1979.97304207624 331
22 1809.03821942971 344
23 1659.03381461646 357
24 1526.88918854428 370
25 1417.32373048815 383
26 1333.68756375409 396
27 1272.47471580757 410
28 1232.62657160615 423
29 1207.66382441972 436
30 1192.24108281874 449
31 1182.8104246105 464
32 1176.63794385665 477
33 1172.31359062053 490
34 1169.16776859202 505
35 1166.85128434323 518
36 1165.13615500086 531
37 1163.8534054843 544
38 1162.8855661872 557
39 1162.15412621865 570
40 1161.60258274398 583
41 1161.18544748598 596
42 1160.86580596757 609
43 1160.61598091334 623
44 1160.41722084765 636
45 1160.2572256842 650
46 1160.12696252724 664
47 1160.01890657083 678
48 1159.92655607625 691
49 1159.84422595915 704
50 1159.76690026211 717
51 1159.69044218992 730
52 1159.61244200992 743
53 1159.5334078905 757
54 1159.45704249639 770
55 1159.38846499177 783
56 1159.33137927076 796
57 1159.28658648377 809
58 1159.25258575962 822
59 1159.2269946116 835
60 1159.20756567529 849
61 1159.19255601937 862
62 1159.18071849919 876
63 1159.17117826726 889

0 22611.6512654597 53
1 20580.2270417314 66
2 17625.3491132689 79
3 14008.7838864028 92
4 10947.1212764402 105
5 9006.34480730065 119
6 7822.65766316585 132
7 7087.66069985732 145
8 6616.59888572302 158
9 6275.37020585633 172
10 5989.7647221405 186
11 5730.45933839019 199
12 5475.53002794869 212
13 5196.42390302609 225
14 4897.38376579891 238
15 4615.82895053805 252
16 4394.99597870198 265
17 4234.62608062166 278
18 4115.41026066328 291
19 4022.1722692832 304
20 3941.39326129795 317
21 3867.96668048853 330
22 3797.66950945915 343
23 3728.07908685186 356
24 3657.43608170541 369
25 3585.75542438244 383
26 3512.40390850549 397
27 3437.85218677717 410
28 3362.36644552118 423
29 3284.25403088648 436
30 3205.43342707639 451
31 3125.04168218074 464
32 3042.92213823356 477
33 2961.30207848502 491
34 2880.96499194391 504
35 2799.33379005707 517
36 2715.91137987613 530
37 2631.52310044323 543
38 2548.09868217467 556
39 2465.48408240513 569
40 2382.169553986 583
41 2302.1873279963 596
42 2225.78007277488 609
43 2152.19323083268 623
44 2081.04309726886 636
45 2012.30468468878 649
46 1943.52310249953 662
47 1877.07124196486 675
48 1813.77573920129 688
49 1753.75318031067 701
50 1698.42116835384 715
51 1643.80547368718 728
52 1588.70102545272 741
53 1532.43359266327 754
54 1476.01028399168 767
55 1420.46020057791 781
56 1367.26800735628 795
57 1319.65559290385 809
58 1279.4453253695 822
59 1246.534772568 835
60 1221.36245037574 848
61 1204.81081896548 861
62 1193.90638224926 875
63 1186.68490407625 888
64 1181.45119274605 901
65 1177.40648321295 914
66 1174.15457856056 928
67 1171.56408447323 941
68 1169.50217721937 954
69 1167.82303276241 967
70 1166.47921958334 981
71 1165.27949289615 995
72 1164.20225319265 1009
73 1163.35909190963 1023
74 1162.68241962386 1036
75 1162.1028725077 1050
76 1161.58005238344 1063
77 1161.11932915505 1076
78 1160.74502772932 1089
79 1160.46342464702 1102
80 1160.26117037896 1115
81 1160.11791088156 1129
82 1160.0152106773 1142
83 1159.93931451056 1155
84 1159.88066445533 1168
85 1159.83264988326 1182
86 1159.7906651459 1196
87 1159.75169793444 1209
88 1159.71421935961 1223
89 1159.67793369303 1236
90 1159.64315514733 1249
91 1159.61009296682 1262
92 1159.57848772166 1275
93 1159.5476761013 1289
94 1159.51684661699 1302
95 1159.48528836692 1315
96 1159.45259349616 1328
97 1159.41882932537 1341
98 1159.38464782327 1354
99 1159.35124149976 1367
100 1159.32007950223 1381
101 1159.29249014463 1394
102 1159.26928854657 1407
103 1159.25063156101 1421
104 1159.23612313629 1435
105 1159.22505120566 1448

0 22822.3789709121 54
1 20692.2001034192 67
2 16946.2398545079 80
3 12444.01984557 93
4 9345.41729812188 106
5 7657.17939677588 119
6 6584.20787675516 133
7 5745.07468677434 146
8 4972.2590377104 159
9 4241.57606947972 173
10 3548.74210960417 186
11 2938.69544335719 199
12 2462.8876708994 212
13 2110.08722862817 225
14 1847.33944198037 238
15 1643.87536320334 251
16 1493.1120318559 264
17 1389.0372799793 277
18 1318.64224945042 291
19 1270.41412136981 304
20 1237.70880742784 317
21 1215.22585522125 330
22 1199.56114826343 344
23 1188.50696972259 357
24 1180.61880172258 371
25 1174.93867866806 384
26 1170.81918007009 397
27 1167.81501609651 410
28 1165.61520728901 423
29 1163.99926522756 436
30 1162.80864569522 449
31 1161.92832856682 462
32 1161.27467807221 476
33 1160.78695456547 489
34 1160.42109445568 502
35 1160.14510780708 515
36 1159.93571035067 528
37 1159.77589082412 541
38 1159.65316737511 555
39 1159.55834029376 569
40 1159.48459804667 582
41 1159.42687401555 595
42 1159.38138155449 609
43 1159.34527651717 622
44 1159.31641142058 635
45 1159.29315581017 648
46 1159.27426462466 661
47 1159.25878144562 674
48 1159.24596713824 687
49 1159.23524699971 700

0 22883.0579697022 55
1 20969.2132192771 68
2 17858.9248573576 81
3 13835.8112416709 95
4 10462.3319022392 109
5 8438.68286043181 122
6 7292.33874496533 135
7 6580.57994227967 148
8 6092.85941018974 161
9 5747.74286907672 174
10 5496.3589066596 187
11 5297.17504707974 200
12 5124.79840052589 213
13 4962.98296454541 226
14 4802.04485781201 240
15 4635.74834100412 253
16 4474.59119424161 268
17 4326.4626024375 282
18 4187.36644485823 296
19 4051.36765015345 310
20 3911.94550838353 324
21 3761.96272371811 337
22 3599.60255032909 350
23 3423.00730293404 363
24 3228.90410149219 376
25 3020.28307338125 390
26 2798.15201256579 403
27 2572.44828550629 416
28 2345.33975536131 429
29 2122.376359366 442
30 1911.54642281973 456
31 1726.68754744154 470
32 1577.4042248452 483
33 1468.06045937996 496
34 1389.47443295472 509
35 1331.78044867119 523
36 1290.19083455995 536
37 1259.22779897075 549
38 1235.60308862642 562
39 1217.73021537804 575
40 1203.79896518834 588
41 1193.13816137089 601
42 1185.33210838052 614
43 1179.45566824479 627
44 1174.91366698603 640
45 1171.49310899511 654
46 1168.91002722432 668
47 1166.92308825891 681
48 1165.40262862677 694
49 1164.25188144377 707
50 1163.3758026312 721
51 1162.6967059738 734
52 1162.16262501808 747
53 1161.74149940437 760
54 1161.41185128677 773
55 1161.15665305435 786
56 1160.96073722067 799
57 1160.81029936263 812
58 1160.69333025674 826
59 1160.59999563966 839
60 1160.52249423024 853
61 1160.4544564389 866
62 1160.39009041287 879
63 1160.32324922581 893
64 1160.24676957491 906
65 1160.15311068531 919
66 1160.03799876623 932
67 1159.90649453679 945
68 1159.77439922114 958
69 1159.65933465694 971
70 1159.57032413853 984
71 1159.5064506317 997
72 1159.46183665418 1010
73 1159.43012320865 1023
74 1159.40634651568 1037
75 1159.38714548149 1050
76 1159.37039699999 1063
77 1159.35480668933 1077
78 1159.33960514691 1090
79 1159.32435463998 1103
80 1159.30883655728 1116
81 1159.29299038818 1129
82 1159.27688172296 1142
83 1159.26068214846 1156
84 1159.24464751777 1169
85 1159.22908515811 1182
86 1159.21430778253 1195
87 1159.20058175565 1208
88 1159.18808469626 1221
89 1159.17688618353 1234

0 22742.0869410703 54
1 20770.6114933 69
2 17621.5080395572 82
3 13538.1538863248 95
4 10187.8224252212 108
5 8131.64481539599 121
6 6856.20370821196 134
7 6018.39853025691 148
8 5430.06719618124 161
9 5002.96426229631 174
10 4680.41264472452 187
11 4432.86841762923 200
12 4240.44915091469 213
13 4090.66035389083 226
14 3969.33070696197 240
15 3864.33648747653 254
16 3767.29562967167 267
17 3668.02499974245 281
18 3560.14847841369 294
19 3438.59719637535 307
20 3301.20872801465 320
21 3145.89306813346 333
22 2971.24246889219 347
23 2778.06207377956 360
24 2564.82715589145 373
25 2343.539092325 386
26 2131.5883089708 400
27 1940.08980122871 413
28 1772.90146735645 426
29 1624.90061197049 440
30 1493.94675564417 454
31 1380.62065816071 468
32 1294.46221839762 482
33 1229.85240707547 496
34 1190.66593075645 509
35 1173.6757637923 522
36 1167.50588110347 536
37 1164.93903663592 549
38 1163.52058369483 562
39 1162.58185374144 575
40 1161.90946820305 589
41 1161.41031517741 602
42 1161.0324959378 615
43 1160.74282851568 629
44 1160.51854592038 642
45 1160.34342207216 656
46 1160.20562952784 669
47 1160.09641863548 683
48 1160.00924604695 695
49 1159.93917469338 709
50 1159.88244930536 722
51 1159.83619077826 735
52 1159.79817343226 748
53 1159.76666115097 761
54 1159.74028571633 774
55 1159.71795539028 787
56 1159.69878494536 801
57 1159.68204044849 814
58 1159.6670934348 827
59 1159.6533798011 841
60 1159.64035885764 855
61 1159.62746756285 869
62 1159.61406433225 882
63 1159.59935710674 895
64 1159.58231515174 908
65 1159.56158238176 921
66 1159.53545896406 934
67 1159.50211019193 948
68 1159.46023802283 961
69 1159.41026236804 974
70 1159.35533523287 987
71 1159.30086714386 1000
72 1159.25224672359 1013
73 1159.21253893449 1026
74 1159.18199750366 1040
75 1159.15913881781 1054
76 1159.14201796736 1067
77 1159.12894520342 1080
78 1159.11867734554 1093

0 22785.1626534316 53
1 20215.3110483013 67
2 16367.4946136392 80
3 12439.7656974555 93
4 9545.81627996436 106
5 7635.45357293487 119
6 6337.3517209904 132
7 5406.08638603734 146
8 4677.38729860456 160
9 4058.08158036132 173
10 3517.73569998983 187
11 3070.89421797115 200
12 2712.05617313735 213
13 2417.98090901537 226
14 2171.94633116227 239
15 1959.07585037528 252
16 1781.65168148666 265
17 1632.32596698123 278
18 1508.57331869269 291
19 1408.71628679588 304
20 1334.01526299851 317
21 1281.65823886873 330
22 1248.07193791367 343
23 1226.63321286295 357
24 1211.973984476 370
25 1201.18587822062 384
26 1193.1661451548 397
27 1186.94194686337 410
28 1182.1013189712 423
29 1178.17646434261 436
30 1175.03397882976 449
31 1172.5281919588 462
32 1170.53089013268 475
33 1168.92332749151 489
34 1167.49053267637 502
35 1166.26463665456 515
36 1165.17286016959 528
37 1164.19440718035 541
38 1163.43676413858 555
39 1162.83275999922 569
40 1162.3156792181 582
41 1161.84832620091 595
42 1161.43473714021 608
43 1161.09241647999 621
44 1160.82482542949 635
45 1160.62137665372 647
46 1160.46610969347 660
47 1160.3440766788 674
48 1160.24351763342 687
49 1160.15559474752 700
50 1160.07350863451 713
51 1159.99199047404 726
52 1159.90755964208 739
53 1159.81935341094 752
54 1159.72958375999 767
55 1159.64253422233 782
56 1159.56239617222 796
57 1159.491674323 809
58 1159.43113629987 823
59 1159.38058285533 836
60 1159.33941853424 848
61 1159.30679376586 861
62 1159.28160310128 875
63 1159.2625603751 888
64 1159.24835233294 901
65 1159.23778450779 914

0 22910.1301360145 54
1 20909.447091868 68
2 17458.7612292478 82
3 12658.7865244574 96
4 8300.42403854325 109
5 5464.89582569215 122
6 3871.21511808727 135
7 2973.26318499099 148
8 2421.86454531056 161
9 2048.46250401814 174
10 1774.9957187246 187
11 1570.19338946926 200
12 1423.5848836755 213
13 1331.74477889568 227
14 1275.923439947 240
15 1242.02137585691 253
16 1220.24780016528 267
17 1205.67304242251 281
18 1195.89779154237 294
19 1189.12482396372 307
20 1183.78157538488 320
21 1179.31552170806 333
22 1175.83247678462 347
23 1173.10000864334 360
24 1170.95899927995 373
25 1169.17357469993 386
26 1167.63540643046 399
27 1166.34720891597 412
28 1165.30672171376 426
29 1164.49440443243 439
30 1163.87092920428 453
31 1163.39241350603 466
32 1163.01456701524 480
33 1162.69438690701 493
34 1162.39335508311 506
35 1162.06990591529 519
36 1161.65044827995 532
37 1161.22693848981 546
38 1160.87092183565 559
39 1160.58681210478 572
40 1160.36562189977 585
41 1160.1950821478 598
42 1160.06241648637 612
43 1159.95649805483 625
44 1159.8687371656 638
45 1159.79298083857 652
46 1159.72507028318 666
47 1159.66241721882 679
48 1159.60367382445 693
49 1159.54843213191 706
50 1159.49687645025 719
51 1159.44938915241 732
52 1159.40620164755 745
53 1159.36719794339 759
54 1159.33190121201 772
55 1159.29958233607 785
56 1159.26940015968 798
57 1159.24051686937 811
58 1159.21218157087 824
59 1159.18380295431 838
60 1159.15502798727 851
61 1159.12581714261 864
62 1159.0964786629 878
63 1159.06762065078 891
64 1159.04001315411 904
65 1159.01440346963 918
66 1158.99135593264 931
67 1158.97117019948 944
68 1158.95388674494 957
69 1158.93935015236 970
70 1158.92728966311 983
71 1158.91738776205 997

0 22644.3696280155 54
1 20524.1750546842 68
2 17459.6400614371 81
3 14247.1191765681 95
4 11901.2424480926 109
5 10322.1806929752 122
6 9133.04943664702 135
7 8151.04544212631 148
8 7330.17814994649 162
9 6660.20314394137 175
10 6126.85202947681 188
11 5685.17642433591 201
12 5306.67943258128 214
13 4969.13857381126 228
14 4656.49839116559 241
15 4363.98239685723 254
16 4083.39173169278 267
17 3809.11022243013 283
18 3533.49322462286 297
19 3273.48339451427 311
20 3047.84424061063 325
21 2852.6356159884 338
22 2682.53338914065 351
23 2541.953305091 364
24 2423.518846612 377
25 2318.07045600243 391
26 2223.4025099013 404
27 2133.96458573646 417
28 2050.3446201938 430
29 1973.55229973545 444
30 1902.14292630286 456
31 1836.29471400383 470
32 1775.71756431892 484
33 1718.28368495999 498
34 1664.35707322929 511
35 1610.41898881954 524
36 1556.01983561834 537
37 1501.51860467319 551
38 1446.14799912291 564
39 1391.5939011889 577
40 1340.32161837824 590
41 1296.07531002836 604
42 1259.13919025667 617
43 1229.45376710078 630
44 1209.26339228134 643
45 1196.16713445407 656
46 1187.98492061676 670
47 1182.386589016 683
48 1178.1461685908 697
49 1174.81802942299 711
50 1172.21146494576 724
51 1170.23444973013 737
52 1168.66214579859 750
53 1167.28447271131 763
54 1165.93127458297 776
55 1164.74559049554 789
56 1163.79759394184 802
57 1163.03286373446 815
58 1162.36686449471 828
59 1161.75684014449 841
60 1161.28164207034 854
61 1160.92857199728 867
62 1160.66100798367 880
63 1160.44768322793 894
64 1160.26820748292 908
65 1160.11218764466 921
66 1159.97587441685 934
67 1159.85808003668 947
68 1159.75728135976 960
69 1159.67091750479 973
70 1159.59612181637 987
71 1159.53058688689 1000
72 1159.47291648582 1013
73 1159.42247449019 1026
74 1159.37898516696 1039
75 1159.3421426357 1053
76 1159.31139219623 1066
77 1159.2859117651 1080
78 1159.26471860036 1094
79 1159.24680232949 1107
80 1159.23122100828 1121
81 1159.21714351956 1134
82 1159.20384972003 1147
83 1159.19070775375 1160
84 1159.17714574715 1173
85 1159.16263114695 1186
86 1159.14666878455 1199
87 1159.12882762602 1212
88 1159.10880222238 1225
89 1159.08650289933 1238
90 1159.0621472438 1251
91 1159.03630454555 1264
92 1159.00984645766 1277
93 1158.98379575056 1291
94 1158.95912237694 1304
95 1158.93656797875 1318
96 1158.91656006058 1331
97 1158.89922439422 1344
98 1158.88446038951 1357
99 1158.87203280704 1370
100 1158.86164782547 1383

0 23196.9850723447 53
1 21717.8825311305 67
2 19521.9964274824 80
3 16406.6881980906 93
4 12998.1619910731 106
5 10190.4722998562 120
6 8138.21617176472 133
7 6679.34932089793 147
8 5642.93474025078 160
9 4864.62472929188 173
10 4227.11603919468 186
11 3679.72984502803 200
12 3197.6959786535 213
13 2774.52381334411 226
14 2409.8194232392 239
15 2107.89680842629 253
16 1869.09527980068 266
17 1682.6559821399 279
18 1543.32900124799 292
19 1442.02282958161 306
20 1367.72414688029 320
21 1311.58815714011 334
22 1270.36467086197 349
23 1236.76026952876 362
24 1214.53505142707 375
25 1200.20463477583 389
26 1190.6382305445 402
27 1184.03532103988 415
28 1179.34188037137 428
29 1175.88565539927 441
30 1173.17751997618 454
31 1170.81489795804 467
32 1168.87129445051 480
33 1167.11280385151 493
34 1165.50753524792 507
35 1164.25618498994 521
36 1163.31675538474 535
37 1162.58312227406 548
38 1161.95689197835 562
39 1161.41891080328 575
40 1160.99826539806 588
41 1160.68153131211 601
42 1160.44290861432 615
43 1160.25982162178 628
44 1160.11579204464 641
45 1159.99948450762 654
46 1159.90310362859 667
47 1159.82111582857 680
48 1159.74944400516 694
49 1159.68503366958 707
50 1159.62566610819 721
51 1159.56992488839 734
52 1159.51722502941 748
53 1159.46778538444 761
54 1159.42242517257 775
55 1159.38216318636 788
56 1159.34776011089 801
57 1159.31941963923 814
58 1159.29676145012 828
59 1159.27900361588 841
60 1159.26520614215 854
61 1159.25446214915 867

0 22768.7696846643 55
1 20289.5063618531 68
2 16015.8042243842 81
3 11516.2627267486 94
4 8788.48152805348 107
5 7222.16458857436 120
6 6116.20765330256 133
7 5107.3725334115 147
8 4181.5875930442 160
9 3395.56991520778 173
10 2765.58379212393 186
11 2287.70015734065 199
12 1941.43338055313 213
13 1692.49665301208 226
14 1522.28036624996 239
15 1409.14735737174 253
16 1332.66583838369 267
17 1282.51513197586 280
18 1249.59028966383 293
19 1227.04349452785 306
20 1210.31123945152 319
21 1197.72518510743 333
22 1188.66936165958 346
23 1182.02711028296 359
24 1177.01903036268 373
25 1173.19123240327 386
26 1170.17846361347 400
27 1167.91955313316 413
28 1166.26965320642 426
29 1165.04001266124 439
30 1164.08408967268 453
31 1163.3017130083 467
32 1162.63799204582 480
33 1162.08318441161 493
34 1161.64333007525 506
35 1161.30729192218 519
36 1161.04877313477 532
37 1160.84149437514 545
38 1160.66657392069 559
39 1160.51294800096 571
40 1160.37538648497 585
41 1160.25216141976 599
42 1160.14299565353 612
43 1160.04758798083 624
44 1159.96484333763 637
45 1159.89269211505 651
46 1159.82824520338 665
47 1159.76809526358 678
48 1159.70876040272 691
49 1159.64742878148 704
50 1159.58306528559 717
51 1159.51735744543 730
52 1159.45438750135 743
53 1159.39864849063 756
54 1159.35284290433 770
55 1159.31718766347 783
56 1159.29022360349 796
57 1159.26996825996 809
58 1159.25463047729 823
59 1159.24283519687 836
60 1159.23359247341 850

0 22826.9528946128 56
1 20730.8532555721 69
2 17304.4656622535 82
3 12733.394141394 96
4 8777.37370732312 109
5 6180.47472001316 123
6 4567.56915325123 136
7 3510.16430501014 149
8 2803.67910344655 162
9 2353.95558647294 175
10 2063.95435002472 188
11 1878.38071736609 201
12 1751.4992123816 215
13 1658.76244619943 229
14 1582.0179728266 242
15 1511.55470709599 256
16 1440.13317736845 269
17 1369.87480626654 283
18 1305.59473705515 296
19 1257.2579277803 309
20 1224.34461268864 322
21 1203.73615672031 335
22 1191.32453381107 348
23 1183.69293563071 362
24 1178.47948341875 375
25 1174.77121505824 388
26 1171.98137736001 402
27 1169.75946881912 415
28 1167.88443335444 428
29 1166.23122092239 442
30 1164.7159087805 455
31 1163.32973134551 468
32 1162.1653244015 482
33 1161.27096411888 494
34 1160.62055854713 508
35 1160.15819851853 521
36 1159.82796106524 534
37 1159.5875016089 547
38 1159.40948535615 561
39 1159.27690569486 573
40 1159.17838149164 586
41 1159.10546406119 600
42 1159.05156228551 613
43 1159.011579891 627
44 1158.98169944859 640
45 1158.95914394999 653
46 1158.94192889537 667
47 1158.92864463328 680
48 1158.91828690773 693

0 22714.6743677145 54
1 20728.8613275364 67
2 17762.2855270614 80
3 14072.7169232061 93
4 10966.2295522897 106
5 8900.875857326 120
6 7602.9347002294 133
7 6775.21152767079 147
8 6187.10218817144 160
9 5719.94745819402 173
10 5312.45245744051 186
11 4920.0847465946 199
12 4513.17199724997 212
13 4095.49441632867 226
14 3669.67982191539 239
15 3244.43366168879 252
16 2843.48172563188 265
17 2488.28497833839 278
18 2178.05013852016 292
19 1911.9306552434 305
20 1683.68814984558 318
21 1508.42981549329 332
22 1379.93608772301 346
23 1294.13808884817 359
24 1241.6419297483 372
25 1211.60964338584 386
26 1193.63246304369 399
27 1182.57672676961 412
28 1175.5135501459 425
29 1170.76083421476 438
30 1167.63103155458 451
31 1165.56546115218 464
32 1164.12506892853 477
33 1163.01714131868 491
34 1162.13601792836 504
35 1161.45933012635 517
36 1160.95620280093 531
37 1160.59005794829 544
38 1160.3247961368 558
39 1160.13024897442 571
40 1159.98469605601 584
41 1159.87397072945 598
42 1159.78907929065 611
43 1159.72399023219 624
44 1159.67422505304 637
45 1159.63618959719 650
46 1159.60693366934 663
47 1159.58406478081 676
48 1159.56567534593 689
49 1159.55024531227 702
50 1159.53652554915 715
51 1159.52341303591 729
52 1159.50982249349 743
53 1159.49455613673 757
54 1159.47618482577 771
55 1159.4529948383 785
56 1159.42313727337 798
57 1159.38519822589 811
58 1159.33927797155 824
59 1159.28804506471 837
60 1159.23653520303 850
61 1159.19014700588 864
62 1159.1522922209 877
63 1159.12361786811 890
64 1159.10287587251 903
65 1159.08818742956 917
66 1159.07783400918 931

0 22692.2031422798 54
1 20732.5296373158 68
2 17781.0736172811 81
3 14040.6100825791 94
4 10705.1185025519 107
5 8446.17056501588 120
6 6947.68011497323 133
7 5880.79214576682 146
8 5027.54915416084 160
9 4296.51164535188 173
10 3681.13198560007 186
11 3166.5985705712 199
12 2742.08346413134 213
13 2402.77844219968 227
14 2137.13646801062 240
15 1928.81104804287 253
16 1768.23026701458 266
17 1640.31262580191 279
18 1533.8058766687 292
19 1444.78183718713 306
20 1373.51683145788 319
21 1319.95790529032 332
22 1280.7767922694 345
23 1252.26074641903 358
24 1229.94727641237 371
25 1212.96376363414 384
26 1200.44052469101 398
27 1191.26921129574 411
28 1184.18196100667 425
29 1178.46198870921 438
30 1173.92554090246 451
31 1170.39305541767 464
32 1167.66224208963 478
33 1165.47988010411 491
34 1163.82279782671 504
35 1162.61431948312 517
36 1161.75482317544 530
37 1161.14675044973 544
38 1160.70466539297 557
39 1160.35995098776 570
40 1160.0620890173 583
41 1159.78516299817 596
42 1159.5350152686 609
43 1159.33379994045 623
44 1159.1912216005 637
45 1159.09828940598 650
46 1159.03938201052 663
47 1159.00139435639 676
48 1158.97578134948 689
49 1158.95754092014 702
50 1158.94385368518 715
51 1158.93312832062 729

0 22643.5999056399 53
1 20266.3379131009 66
2 16457.9853115726 80
3 12450.2701458722 93
4 9629.56204618129 107
5 7794.42908435624 120
6 6550.56125481165 133
7 5676.85891025772 146
8 5001.95875394462 159
9 4450.0756501896 173
10 3991.84978247145 186
11 3622.99189944761 199
12 3335.67976352894 213
13 3106.81372476879 226
14 2929.49544505395 239
15 2789.26161179061 253
16 2670.57246889654 266
17 2563.42393186921 279
18 2461.26248072191 293
19 2363.66948717836 307
20 2266.03820599884 320
21 2166.17941917053 333
22 2059.96393285147 346
23 1946.10642200323 359
24 1820.78184883492 372
25 1677.84239945738 385
26 1530.12758842639 398
27 1399.25898210186 411
28 1304.51758252557 424
29 1237.10674674816 438
30 1199.10177205682 451
31 1180.14824888092 464
32 1172.0942756561 477
33 1168.0543755141 491
34 1165.56122533248 505
35 1163.93423011094 519
36 1162.83228229161 532
37 1162.065514873 547
38 1161.50966287419 561
39 1161.07565046352 574
40 1160.70691410101 587
41 1160.37903287248 601
42 1160.09010849251 613
43 1159.84618215353 627
44 1159.65090056532 640
45 1159.50221139824 653
46 1159.39319596303 667
47 1159.31466161396 680
48 1159.25768239796 693
49 1159.21492644984 707
50 1159.18083749585 720
51 1159.15129331409 733
52 1159.12321578957 746
53 1159.09434481445 759
54 1159.06323606469 772
55 1159.0294387478 785
56 1158.99367485114 798
57 1158.95773352412 812
58 1158.92390571522 824
59 1158.8941596984 838
60 1158.86953750972 850
61 1158.85007535609 863
62 1158.83513062503 877
63 1158.82379855067 890

0 22479.3263757031 54
1 20575.699328453 67
2 18098.2223160312 80
3 15024.4578396219 94
4 11879.8334069683 107
5 9289.41140237858 120
6 7525.86958029002 133
7 6381.12859095714 146
8 5653.67652341876 159
9 5158.81729215408 172
10 4785.93533753868 185
11 4495.744893552 198
12 4265.53015753813 212
13 4065.12716484482 225
14 3877.51158476446 238
15 3692.50490162246 251
16 3498.63239384631 265
17 3297.34247640837 278
18 3091.14558832885 292
19 2874.6522405498 305
20 2651.41874658179 318
21 2421.68137713239 331
22 2186.6537615909 344
23 1958.965577297 358
24 1752.7862897884 371
25 1581.77783407276 384
26 1453.35791546373 397
27 1358.89481630674 411
28 1290.49641299077 425
29 1241.13314312957 438
30 1209.50765270465 451
31 1191.0642330937 464
32 1180.27611085906 477
33 1173.93836590353 490
34 1170.12450213716 502
35 1167.63992269663 515
36 1165.77534528842 529
37 1164.22948180574 542
38 1162.92207687988 555
39 1161.86482233804 568
40 1161.09868100133 581
41 1160.57324579619 594
42 1160.20679270935 607
43 1159.94661176989 621
44 1159.76140725383 635
45 1159.628759151 648
46 1159.53187604976 661
47 1159.45910299335 675
48 1159.40289281814 688
49 1159.35846928495 701
50 1159.32275008133 714
51 1159.29365683196 728
52 1159.26971777584 741
53 1159.2498463202 754
54 1159.23321532083 767
55 1159.21918191333 780
56 1159.20723948134 793
57 1159.19698493037 806

