0 114.048260825872 1
1 108.740046438148 3
2 110.455066517879 4
3 108.892937640264 6
4 121.604999820477 8
5 101.58802098201 9
6 100.098849661567 11
7 94.4424657502177 12
8 96.6334705913303 14
9 103.239725421652 16
10 89.3218990364907 17
11 85.3922000052433 19
12 86.2313952724891 20
13 84.3635842237248 22
14 77.4172677631052 23
15 87.7330937064098 25
16 74.5491732945976 26
17 72.4570888675335 28
18 75.7542561670581 29
19 75.2325928256979 31
20 83.2749716922457 33
21 71.365832174539 34
22 65.7742010495895 36
23 61.7323652215684 37
24 57.60369889206 39
25 55.0097213051136 41
26 53.7325932313444 42
27 52.8463307174547 44
28 52.4718696741015 45
29 52.2634971545418 47
30 52.1079210490547 48
31 51.9760096277639 50
32 51.8982069429331 51
33 51.8145142285862 53
34 51.7557780031282 55
35 51.706734096939 56
36 51.6839889247532 58
37 51.6696892056232 59
38 51.6360435143942 61
39 51.6135340817879 62
40 51.6030550075026 64
41 51.5932761487805 66
42 51.5879988399581 67
43 51.5717020820712 69
44 51.5682237167314 70
45 51.5739073213279 72
46 51.5689203483641 73
47 51.5566998848868 75
48 51.5538235003563 76
49 51.5451187679834 78
50 51.5442804021452 80
51 51.5394031839552 81
52 51.5374929307907 83
53 51.5343876481901 84
54 51.528556065911 86
55 51.5239450372479 87
56 51.520420353 89
57 51.519302795233 91

0 120.120037546266 1
1 102.126265955886 3
2 114.833348817819 4
3 125.509155479617 6
4 102.428855681331 7
5 102.856179982553 9
6 100.19911181279 10
7 101.002618254644 12
8 91.5507658416112 14
9 86.9991622003256 15
10 88.1154230706146 17
11 87.6032478749216 18
12 85.6619239392681 20
13 77.8237609063651 21
14 85.5948195857259 23
15 72.3533088084403 24
16 84.3879422927437 26
17 79.8199984743837 28
18 75.5077844807425 29
19 70.2276789923825 31
20 76.5309243083335 32
21 75.3725719722735 34
22 66.6673839225875 35
23 61.5057095771623 37
24 58.0913463039613 39
25 54.0499093588405 40
26 53.0246433060393 42
27 52.3829610497824 43
28 52.053611533631 45
29 51.6635327385432 46
30 51.538064002093 48
31 51.4774948827201 50
32 51.3777831209991 51
33 51.3124749062642 53
34 51.2288466680671 54
35 51.1592441921117 56
36 51.1558318136342 57
37 51.1347108289166 59
38 51.1095603619852 61
39 51.1018053359643 63
40 51.0798477236946 64
41 51.0548741126811 66
42 51.0414235084423 68
43 51.0252135990777 69
44 51.0276755344387 71
45 51.0192930262878 73
46 51.009682493624 74
47 51.0113675657411 76
48 51.0052585269777 77
49 50.9973513089465 79
50 50.9973309591242 81
51 50.9867225388474 82
52 50.9842802244712 84
53 50.9815899881096 85
54 50.9783317927551 87
55 50.9770569321562 89
56 50.9720782958507 90
57 50.9691777341585 92
58 50.9681669912263 93

0 116.000586556657 1
1 106.232427794125 3
2 104.636637828063 4
3 102.470765357124 6
4 100.498249621471 7
5 93.480853855986 9
6 98.3384189548402 11
7 90.9527578318745 12
8 89.4903916690167 14
9 91.2377157360394 15
10 92.2952594124938 17
11 84.3685709841864 19
12 78.8631413010288 21
13 85.6450882477956 22
14 77.9885234511341 24
15 76.2386773629817 26
16 74.872961418466 28
17 76.1404850768664 29
18 70.0971736837551 31
19 73.3300439651084 33
20 74.4805026846915 34
21 77.5732041271319 36
22 69.206759485975 37
23 59.5919429294028 39
24 56.8679068468726 40
25 55.065043059334 42
26 53.7731673273037 44
27 52.7133971427865 45
28 52.0993726824134 47
29 51.8752227271512 48
30 51.6916421576105 50
31 51.5489519031992 51
32 51.4452466038847 53
33 51.371818445171 54
34 51.3482377622372 56
35 51.3043991282419 57
36 51.2782768420953 59
37 51.2433954094437 61
38 51.2236867201614 62
39 51.2010898557283 64
40 51.1860925012245 65
41 51.1650003971484 67
42 51.1511753497838 68
43 51.1472870801623 70
44 51.1314054584809 71
45 51.1245455462412 73
46 51.1205201596473 75
47 51.1193777619255 76
48 51.1127007194897 78
49 51.1048033780925 79
50 51.0982550784265 81
51 51.0927433706005 82
52 51.0878592352805 84
53 51.0836281887632 85
54 51.0781751276825 87
55 51.0763466111196 88
56 51.0737754585627 90

0 116.256659012806 1
1 119.057300173641 3
2 103.079614903093 4
3 99.6669078936858 6
4 99.1842877497359 7
5 93.4517934436158 9
6 103.063981569436 10
7 87.7948167028189 12
8 98.4125338317271 13
9 94.68298537926 15
10 93.0093872137167 17
11 86.2911556567756 18
12 81.1169403465926 20
13 82.0996845678287 21
14 83.3442466972065 23
15 79.9817325162174 24
16 73.3872497485858 26
17 79.3396083772968 27
18 73.0903904656882 29
19 76.2118098596472 30
20 75.3893987881762 32
21 71.7367485857021 33
22 69.997652329174 35
23 60.6188927761417 36
24 56.1086935797171 38
25 54.9165603484355 40
26 53.0488096463289 41
27 52.4242135027636 43
28 52.2082347877775 44
29 51.8486868245837 46
30 51.6038533202568 47
31 51.4579861820197 49
32 51.4070367663822 50
33 51.3221652479662 52
34 51.300546006382 53
35 51.2463998711575 55
36 51.214165046364 57
37 51.178623243581 58
38 51.1733828323463 60
39 51.1567988084269 62
40 51.1400308255008 63
41 51.1294789986246 65
42 51.1264029598219 66
43 51.1113053370773 68
44 51.1180436474499 69
45 51.1015758658311 71
46 51.0991882259399 72
47 51.0868522433806 74
48 51.0823898326544 76
49 51.0786692699606 78
50 51.0733242483859 79
51 51.0731579847726 81
52 51.0697131572106 83
53 51.0697470552981 84
54 51.0665780691759 86
55 51.0653038292722 87
56 51.0607429391083 89

0 132.18712791724 1
1 116.791196514387 3
2 110.125622592204 4
3 99.725686768259 6
4 99.3259605705195 7
5 102.246052627098 9
6 91.3130579158721 11
7 94.2610714565991 12
8 94.6307250734183 14
9 92.6303596526332 15
10 83.4801234447632 17
11 99.4703573801997 18
12 84.8588351164817 20
13 75.4178432479843 22
14 81.5478726657232 23
15 72.8192216497111 25
16 73.9705503958183 26
17 80.1919901467016 28
18 75.257952355097 29
19 78.0051197504363 31
20 76.6227764137986 32
21 74.0547491012954 34
22 68.7235038007871 35
23 63.4458905729201 37
24 57.5004022896548 39
25 54.5980421979923 40
26 53.5449243637687 42
27 52.7485869413423 43
28 52.4336925966597 45
29 52.1583687581041 46
30 51.9161922116731 48
31 51.8057370168495 49
32 51.6720624831056 51
33 51.6040360869911 52
34 51.5176537255274 54
35 51.4490951644732 56
36 51.3861227306337 57
37 51.3419507097043 59
38 51.303795133028 60
39 51.285821568151 62
40 51.2622729085461 63
41 51.2503425766054 65
42 51.2250242292334 67
43 51.2077629163979 68
44 51.2027786219959 70
45 51.1880340246104 71
46 51.1806391707434 73
47 51.1728300667297 74
48 51.1695452366801 76
49 51.1566891616922 77
50 51.1492390358788 79
51 51.1445279590811 80
52 51.1415052195609 82
53 51.140862093806 84
54 51.13578936946 85
55 51.130647874656 87
56 51.129478554286 88
57 51.1271048345298 90

0 109.387275624429 1
1 115.175148351388 3
2 107.323554871965 4
3 109.487072975545 6
4 93.9746322116424 7
5 105.327317045568 9
6 98.6947399215079 10
7 104.11811356277 12
8 92.0964854067358 13
9 98.3117016302045 15
10 85.0689610251674 17
11 79.7294463361065 18
12 92.2649079071815 20
13 81.4910265178791 21
14 86.9900333083113 23
15 79.7124623019273 24
16 84.5150902549054 26
17 75.4340816437643 27
18 74.2919107029397 29
19 75.5426191544602 30
20 77.060740700471 32
21 74.3583424950792 34
22 73.4218981636329 35
23 59.5187751825809 37
24 56.9900379018513 38
25 55.2926113761516 40
26 53.9078163173414 42
27 53.5697704263184 43
28 53.0916355207286 45
29 52.7940496370987 46
30 52.5901114731272 48
31 52.4391938474755 49
32 52.3995914240522 51
33 52.3316764457603 52
34 52.2606083184866 54
35 52.2223831634821 56
36 52.1853168384472 57
37 52.1633151926693 59
38 52.1093694511898 60
39 52.0737983211784 62
40 52.0615550100766 63
41 52.0525682738897 65
42 52.0432434637514 66
43 52.0122095365881 68
44 51.9987248358715 70
45 51.9879061167372 71
46 51.9764510565122 73
47 51.9658607532106 74
48 51.9643759088554 76
49 51.9569780762 77
50 51.951593527999 79
51 51.9464242441602 80
52 51.9403357500506 82
53 51.9382026115732 84
54 51.932256546452 85
55 51.9280081246873 87
56 51.9255162968565 88
57 51.921603868827 90
58 51.9201519533131 91
59 51.9178274220369 93

0 114.925025179803 1
1 108.540773318144 3
2 115.892340099577 5
3 104.715753076559 6
4 97.2383083734151 8
5 101.020869738396 9
6 99.8693556018357 11
7 107.52895001741 12
8 100.906689620285 14
9 93.4301500456128 16
10 93.2511965769324 17
11 84.4890969174455 19
12 82.0758515673875 20
13 85.624891252467 22
14 85.0419885209149 24
15 83.83459083343 25
16 81.2200722524874 27
17 79.9338915903498 28
18 75.0681854750101 30
19 71.3418871457505 31
20 73.0795207827588 33
21 73.7447199411723 34
22 68.2544024535596 36
23 59.9230311458162 38
24 57.3281570745574 39
25 54.3939023681069 41
26 53.5712958746849 43
27 52.6373601494962 44
28 52.4447320364589 46
29 52.2429097311368 47
30 51.9632999384994 49
31 51.7678121284676 51
32 51.7353046090233 52
33 51.630193748319 54
34 51.5498630912096 55
35 51.5132576117435 57
36 51.4869198296733 58
37 51.4318897445416 60
38 51.403965680257 62
39 51.3838127440384 63
40 51.3664967208853 65
41 51.3524390615044 66
42 51.3358804898345 68
43 51.3236586052618 70
44 51.3028731652902 71
45 51.2960858980617 73
46 51.2942265190243 74
47 51.2853197699445 76
48 51.2783990085124 77
49 51.2721244705535 79
50 51.2698174534585 81
51 51.2650895596683 82
52 51.2581157800806 84
53 51.2538075775143 85
54 51.2540601029169 87
55 51.250521094109 88
56 51.2474655513633 90
57 51.2434738165032 91
58 51.2413379389766 93

0 110.289338384287 1
1 108.457726419519 3
2 93.2897572878608 4
3 104.706275698822 6
4 114.700075198942 7
5 102.513614321297 9
6 104.165129449077 11
7 99.462085760641 12
8 100.648693536985 14
9 91.5655550444041 15
10 99.4141426544141 17
11 91.1380351058549 18
12 82.257514162199 20
13 77.9709875965076 21
14 78.9068932106145 23
15 69.1129133001832 24
16 75.7902857650655 26
17 77.1842622427745 27
18 73.6816281241904 29
19 72.6850983595923 31
20 79.2890301674156 32
21 76.1141457110788 34
22 65.925608315444 35
23 60.3324241211952 37
24 54.869508238887 38
25 53.2258628690367 40
26 52.8739638644143 41
27 51.9845342158983 43
28 51.7524595315361 45
29 51.5484779442804 46
30 51.383294574861 48
31 51.2091734655085 49
32 51.1849511214773 51
33 51.0937225599368 52
34 51.036151553078 54
35 50.9939885479504 56
36 50.9939350893845 57
37 50.9670746544808 59
38 50.9655843755619 60
39 50.9321257126078 62
40 50.9165196117035 63
41 50.9038404874635 65
42 50.891727941566 66
43 50.886210097851 68
44 50.879354859244 70
45 50.8789169118482 71
46 50.865889969544 73
47 50.8606525010864 74
48 50.8570545569363 76
49 50.8555798723699 77
50 50.853060904273 79
51 50.8478689159174 80
52 50.8469714475805 82
53 50.8415220092685 84
54 50.8376830408916 85
55 50.8368937639376 87
56 50.835875153849 89
57 50.8322631123941 90

0 138.001257321493 1
1 101.18120663751 3
2 120.957089029861 4
3 93.9735814328834 6
4 95.8966819866883 7
5 98.3932411984693 9
6 88.6702227648619 10
7 90.6620257007787 12
8 106.617491608541 14
9 90.6275036123804 15
10 88.7404272524486 17
11 87.236726458146 18
12 84.31203015448 20
13 86.7401766119215 22
14 80.5615469335429 23
15 71.5292966359556 25
16 82.6134478784733 27
17 82.7530325851022 28
18 75.9582019169057 30
19 74.2738129993659 31
20 77.9983662115305 33
21 69.8654156701528 34
22 66.613985706327 36
23 60.9409928180539 38
24 56.5339504747008 39
25 54.2500832201404 41
26 52.7449058323799 42
27 51.9504937893894 44
28 51.5677552039821 45
29 51.3100949604253 47
30 51.193638770483 49
31 51.0938069752871 50
32 51.0148323214876 52
33 50.9081391319247 54
34 50.897588488737 55
35 50.8464017802507 57
36 50.823526857556 58
37 50.7989446330443 60
38 50.7771577821305 61
39 50.7642096423122 63
40 50.751878674257 65
41 50.7334309530913 66
42 50.71918475904 68
43 50.7014443908075 69
44 50.6940493058896 71
45 50.6943157638725 72
46 50.6854579250295 74
47 50.6764427299889 76
48 50.6737460226285 77
49 50.6633329123715 79
50 50.6561810497679 80
51 50.6490703197664 82
52 50.6460351402514 83
53 50.6435888687854 85
54 50.6377022442045 86
55 50.6346425685248 88
56 50.6318672487558 90
57 50.6279075122112 91

0 114.659121092244 1
1 106.606971087443 3
2 111.650938906122 4
3 100.259046451712 6
4 99.3256536614921 7
5 103.246813117766 9
6 103.485555775651 10
7 100.302618862047 12
8 97.7801460876621 13
9 90.3678015596631 15
10 89.0977902169646 16
11 87.8033241137493 18
12 78.7546516614101 20
13 84.213218405269 21
14 79.9699726884757 23
15 73.6181186115638 24
16 78.4727994053467 26
17 73.1845032664879 27
18 82.1975724871008 29
19 71.8966189564557 30
20 71.8679448660039 32
21 76.8830005012119 33
22 64.8355106331915 35
23 60.3951768844459 36
24 56.9124643762206 38
25 54.3828993841702 40
26 53.5065548302132 41
27 52.6595417843752 43
28 52.3881367838039 44
29 52.1641690231559 46
30 52.1059718642666 47
31 52.0082203063876 49
32 51.8782426101492 51
33 51.7462267565085 52
34 51.6782639207974 54
35 51.6007880986603 55
36 51.5554563099345 57
37 51.5154350585312 58
38 51.4939099950081 60
39 51.4699047375865 61
40 51.4553604012291 63
41 51.442248638014 64
42 51.4142921057902 66
43 51.3990829109108 68
44 51.3871481309635 69
45 51.3675738643334 71
46 51.3501147488665 72
47 51.3431384228175 74
48 51.3310974506545 75
49 51.322449798753 77
50 51.3173387730427 79
51 51.3054816283479 80
52 51.2973871440068 82
53 51.2923950677233 83
54 51.2855162718055 85
55 51.2783121141763 86
56 51.2717766804659 88
57 51.2623704299099 89

0 142.558567647844 1
1 110.51353010767 3
2 94.1734676780256 4
3 100.776170472823 6
4 93.1899143314022 7
5 100.219416903654 9
6 109.415404557198 10
7 102.343271023492 12
8 95.4418576440609 14
9 90.7127875152162 15
10 92.466136000568 17
11 93.2174805979835 18
12 84.9041004621956 20
13 82.5974650282925 21
14 78.4092019859959 23
15 70.608500838675 24
16 74.4656723993105 26
17 71.9264788874856 27
18 74.4633782785023 29
19 71.3862466768453 31
20 69.1514160252397 32
21 73.7941040463302 34
22 63.4446656078881 35
23 60.3204753030627 37
24 54.9765786814046 38
25 53.4909952362516 40
26 52.4831320517151 42
27 51.9704130710022 44
28 51.7473328849267 45
29 51.434797620717 47
30 51.3151857439385 48
31 51.1285843975448 50
32 51.0409968008296 51
33 50.9589835179749 53
34 50.9069746551601 55
35 50.8361694048537 56
36 50.8136933302563 58
37 50.7849786168861 60
38 50.7662704490773 61
39 50.7548443236582 63
40 50.7263461303269 64
41 50.7121805970016 66
42 50.7111859065867 67
43 50.6946638772791 69
44 50.6841684757515 70
45 50.6762390303993 72
46 50.6745790626226 74
47 50.6613014413026 75
48 50.6518180980172 77
49 50.646077046947 78
50 50.6428897420612 80
51 50.6424738681749 81
52 50.6391858021221 83
53 50.6356868442779 84
54 50.632560465038 86
55 50.6279249278448 88
56 50.6251089569431 89
57 50.6236110056168 91

0 134.762735927302 1
1 115.680544599364 3
2 102.49656699609 4
3 100.485174072957 6
4 96.099428820899 7
5 92.9667019927262 9
6 101.49570275259 11
7 95.1324696498472 12
8 93.1285466057706 14
9 95.4941885224019 15
10 93.1215535904145 17
11 84.0513713730703 18
12 81.4395448771102 20
13 80.9932156159199 21
14 84.5144979548693 23
15 77.8994271992448 24
16 78.3778967140599 26
17 76.2740908850901 27
18 76.132610816449 29
19 72.3947456327812 31
20 72.3858877355904 32
21 72.1361320989674 34
22 71.1935892599481 35
23 60.1418369614609 37
24 58.5863383727188 38
25 54.4253083029657 40
26 53.5825164189592 41
27 53.0013859293138 43
28 52.3370502391614 45
29 51.8772759730407 46
30 51.7807413796967 48
31 51.6763421326517 49
32 51.5910224905629 51
33 51.5112020972666 52
34 51.4265257699678 54
35 51.4123514207416 56
36 51.3579338495637 57
37 51.3365592729601 59
38 51.3209375819662 60
39 51.3000844983253 62
40 51.2834127523128 63
41 51.2642463964747 65
42 51.257008260622 66
43 51.2487950167544 68
44 51.2417494363314 69
45 51.2345001380735 71
46 51.2205109826664 73
47 51.2139768442932 74
48 51.214326675433 76
49 51.203777223556 77
50 51.195397502527 79
51 51.1865082116537 80
52 51.184141936347 82
53 51.1804495578663 83
54 51.1775482993397 85
55 51.177020164372 86
56 51.1725649311552 88
57 51.1686999743438 90

0 107.016848730132 1
1 114.345167584402 3
2 103.757737839098 4
3 93.6745581646223 6
4 96.2955746131322 7
5 101.583203288916 9
6 99.6129863218156 10
7 101.742077711463 12
8 94.1259964670688 13
9 85.813223358936 15
10 87.55612716501 17
11 81.8875434411624 18
12 85.8305478223897 20
13 86.046074865055 21
14 83.8396432810291 23
15 85.2226477237183 24
16 78.059489162637 26
17 82.4188432231405 27
18 76.7049557168248 29
19 69.6683507795674 30
20 75.9064849316148 32
21 69.5512301749764 33
22 68.5782182298013 35
23 60.2591787331709 37
24 57.4253908980565 38
25 55.3701889280793 40
26 53.6364727501747 41
27 52.9276579898815 43
28 52.4863625343938 44
29 52.2568226546989 46
30 52.1971710549731 48
31 51.9722277964758 49
32 51.758425156881 51
33 51.698385931635 52
34 51.5808855939306 54
35 51.5406768010933 55
36 51.5273261105015 57
37 51.4861544612575 59
38 51.4721292161496 61
39 51.4432478892829 62
40 51.4262905435864 64
41 51.4111819478785 65
42 51.3966031679197 67
43 51.3792225408196 68
44 51.3711788569526 70
45 51.3659704599208 71
46 51.3618731725457 73
47 51.3539285391265 75
48 51.3512014299984 76
49 51.3486790638107 78
50 51.3426855264158 80
51 51.340309979562 81
52 51.3354533550002 83
53 51.3293931977071 84
54 51.3289561503534 86
55 51.322710944633 88
56 51.3211173932393 89

0 118.04943469292 1
1 107.572121380161 3
2 96.7452359047204 4
3 107.04723415838 6
4 106.7708329603 7
5 96.8735049366683 9
6 86.52780302725 10
7 95.0720775788062 12
8 83.6028233997088 14
9 89.0411249992708 15
10 88.4932580407813 17
11 84.1257638089857 18
12 81.2696820727667 20
13 85.4511788794648 21
14 82.7656304444835 23
15 76.4361830494961 24
16 70.6811860257747 26
17 73.5262977767088 27
18 78.5339931053251 29
19 74.0201957283468 31
20 73.9730683398286 32
21 75.9686136571257 34
22 66.8347717786701 35
23 62.9979950860715 37
24 57.0316870551809 38
25 54.238312270094 40
26 53.3968032670056 41
27 52.4420070489258 43
28 52.0802561381017 45
29 51.7337253530529 46
30 51.6536675827782 48
31 51.4306357310329 49
32 51.4087044184933 51
33 51.3120219356107 52
34 51.310108044805 54
35 51.2543391592674 55
36 51.2205714492962 57
37 51.1938521288391 59
38 51.1860239916186 60
39 51.1768881876095 62
40 51.1725359329101 63
41 51.162511228143 65
42 51.143765729924 66
43 51.1282930004673 68
44 51.1243563066952 69
45 51.1173076958016 71
46 51.1136761137271 73
47 51.1066555836436 74
48 51.1051484279564 76
49 51.0972603764997 77
50 51.0969694448446 79
51 51.0946567071824 80
52 51.0944761045351 82
53 51.088367571472 83
54 51.0869850258063 85
55 51.0854381438597 87
56 51.0825752771847 88

0 106.102235525223 1
1 108.416715681213 3
2 100.313143141628 4
3 112.980068117483 6
4 97.2210228198297 7
5 101.787052461889 9
6 94.0748658224248 10
7 96.4264680173559 12
8 104.657785521192 14
9 95.2956242622497 15
10 83.9800418726191 17
11 87.0120016470984 18
12 77.9418973635391 20
13 89.3325718237704 21
14 83.2761016551656 23
15 75.1099546909489 24
16 79.9497865272725 26
17 74.1565576524157 28
18 74.0746714702583 29
19 70.3430531559948 31
20 73.0866158878127 32
21 74.6744525112166 34
22 67.8441513242906 35
23 59.6722009698175 37
24 56.821919918498 38
25 54.2834545253164 40
26 53.6374462854169 42
27 52.8322420682325 43
28 52.540277543821 45
29 52.2347998112093 46
30 52.068586495064 48
31 51.9199904122162 49
32 51.8127567277963 51
33 51.7626528629792 53
34 51.7145939048389 54
35 51.6708469006331 56
36 51.6455384297909 57
37 51.6421573278351 59
38 51.6200106536278 61
39 51.5937264842746 62
40 51.5910740256212 64
41 51.5929132708961 65
42 51.5644561928794 67
43 51.554588928728 68
44 51.5425316984317 70
45 51.5406183103713 71
46 51.5305929303888 73
47 51.5228375052654 75
48 51.5127924914557 76
49 51.5127331241916 78
50 51.5048515478489 79
51 51.5018309728328 81
52 51.4979206295904 83
53 51.4890806996542 86
54 51.4863188155609 88
55 51.481050611861 89
56 51.477777744709 91
57 51.4738937972973 93

0 128.684671633183 1
1 108.62797897214 3
2 117.132193824179 5
3 105.905038942221 6
4 105.994269264621 8
5 96.8202424618794 9
6 90.0925092909001 11
7 92.7502015577582 13
8 93.5903939314125 14
9 94.5528163224976 16
10 85.8106533668582 17
11 91.2275586847277 20
12 81.6882306595357 22
13 83.1754150948785 24
14 78.1250177685274 25
15 83.3234267415805 27
16 76.3843262868952 28
17 82.9187043216203 30
18 80.8048403678016 31
19 67.0553017963301 33
20 72.9813042499151 34
21 74.2105008147087 36
22 68.4156300735641 38
23 59.6210230307204 39
24 56.2948370768341 41
25 54.320143174939 43
26 53.3406183479193 44
27 52.473340431841 46
28 52.2574122954178 48
29 52.0470190075438 50
30 51.7582101282607 51
31 51.6492970185135 53
32 51.6240248061073 55
33 51.5451594358015 56
34 51.5463683361589 58
35 51.5020415175485 59
36 51.4751397828543 61
37 51.4708496996006 62
38 51.4143266621602 64
39 51.3847851481388 66
40 51.3782753040898 67
41 51.3585522999375 69
42 51.3519297326841 70
43 51.343495925097 72
44 51.3378335431346 73
45 51.3305340610993 75
46 51.326773278933 76
47 51.3232141651868 78
48 51.3177230407405 80
49 51.3104967647991 81
50 51.3038766083826 83
51 51.3036842353249 84
52 51.2961846352066 86
53 51.2962692888295 87
54 51.2912837067395 89
55 51.2902345279233 90
56 51.2876589550309 92

0 122.50377287474 1
1 114.862010162681 3
2 111.668972643258 4
3 100.799734040915 6
4 104.237516490467 8
5 105.520167448009 9
6 99.8452569146412 11
7 97.5886220882424 12
8 95.3649443979445 14
9 81.0524653368431 15
10 90.8855309392243 17
11 82.2481780514615 18
12 83.1180706269688 20
13 79.3665176872184 21
14 78.2355170134512 23
15 79.7101519871806 24
16 73.8042995648707 26
17 71.3390175311303 27
18 73.198256130459 29
19 68.2254419868884 30
20 69.7021588866522 32
21 74.5234092928054 33
22 65.6199969277745 35
23 59.6780967845252 37
24 55.7915595961213 38
25 53.6042803906551 40
26 52.3607805597083 41
27 52.1860515711684 43
28 51.7716786804866 44
29 51.6645953021074 46
30 51.4398224276073 47
31 51.3045974734491 49
32 51.1787117728481 50
33 51.076011382026 52
34 51.0143133206893 54
35 50.9590870835602 55
36 50.911410578903 57
37 50.8843124812448 58
38 50.866464734594 60
39 50.8360867524898 61
40 50.8278366488054 63
41 50.8134656600885 64
42 50.803410561968 66
43 50.7957605132362 67
44 50.7879263315938 69
45 50.7752224452457 71
46 50.7698708506423 72
47 50.7612482785973 74
48 50.7598552642207 75
49 50.7568623649556 77
50 50.7520223589826 78
51 50.7464797622072 80
52 50.7475850793136 81
53 50.7414842498666 83
54 50.7382409538176 84
55 50.7358827140968 86
56 50.7345797210288 87

0 123.325942669779 1
1 107.150958703164 3
2 101.961618843845 4
3 103.77053290847 6
4 104.011753197996 7
5 102.737281911856 9
6 104.508725883783 10
7 98.5566326593436 12
8 83.659112630203 13
9 92.3489470966168 15
10 89.3376714178934 17
11 86.320134408562 18
12 85.4565334505023 20
13 89.0939788521552 22
14 80.655685496955 23
15 77.6861177177659 25
16 84.3224197472708 27
17 76.5238273586956 28
18 75.3274790841331 30
19 72.4249916391832 31
20 81.84378585463 33
21 70.6905498080432 35
22 65.916490666763 36
23 60.6570995922541 38
24 57.2787804167178 39
25 54.33539110396 41
26 53.8829336817824 43
27 52.9105451566598 44
28 52.5576805610444 46
29 52.1412470824332 47
30 52.0236720352821 49
31 51.9172553444435 50
32 51.8122752052717 52
33 51.7761605058823 53
34 51.7628261487861 55
35 51.7218146212319 57
36 51.6882343617244 58
37 51.6634437148896 60
38 51.6335541037389 61
39 51.6109579600693 63
40 51.6024299630121 65
41 51.6098011454404 66
42 51.5986332782579 68
43 51.5862147420071 70
44 51.5770703833525 71
45 51.5746969267031 73
46 51.5664352607389 74
47 51.5625984773919 76
48 51.5524579431734 78
49 51.5479990016455 79
50 51.5431665037403 81
51 51.5386952003834 82
52 51.5352391376894 84
53 51.534400857549 85
54 51.5309270847487 87
55 51.5283328453211 88
56 51.5260752977714 90

0 109.495940013162 1
1 95.1078051106863 3
2 108.563926206382 4
3 105.486937135364 6
4 99.6955230929428 7
5 96.6488600343336 9
6 95.2837480868547 11
7 105.889747055196 12
8 94.0355437257872 14
9 96.5688220867572 15
10 88.3361901800154 17
11 87.3897869790597 18
12 87.6023260049355 20
13 91.5269035156656 21
14 73.0043028885361 23
15 82.0779947809152 24
16 82.2143546544683 26
17 82.3952807069089 27
18 75.5514931546835 29
19 79.8497476564919 30
20 74.346547859872 32
21 76.4753534720212 33
22 69.0858038026835 35
23 61.2786913516492 37
24 57.1497993635356 38
25 54.9579903745051 40
26 54.4095951019266 41
27 53.6061196951248 43
28 53.0941091148854 45
29 52.8171605777474 46
30 52.6224731844217 48
31 52.4330369217347 49
32 52.3876999280114 51
33 52.2695670193371 52
34 52.219784103881 54
35 52.1589661713937 55
36 52.1224910464321 57
37 52.0912636625174 58
38 52.0734182872279 60
39 52.0406779120108 62
40 52.0142131658384 63
41 51.9919405142658 65
42 51.9853514364349 66
43 51.9542635277446 68
44 51.9419711831474 69
45 51.927974445 71
46 51.9203244119233 73
47 51.899857622993 74
48 51.8849644757879 76
49 51.8763451921561 77
50 51.8634694274754 79
51 51.8572344267098 80
52 51.8475937119999 82
53 51.8408843862631 83
54 51.8328674465008 85
55 51.8290598375454 87
56 51.8222513793013 88
57 51.815790097799 90

0 113.928532772154 1
1 104.570414609662 3
2 109.830781342164 4
3 100.509471342388 6
4 104.163713340918 7
5 96.9561219768458 9
6 100.498903009336 10
7 89.1192177698109 12
8 97.8180939744319 13
9 98.6736627823646 15
10 88.5508693852857 17
11 87.3630792236197 18
12 86.3805514713333 20
13 81.8914866221627 21
14 82.7096492356039 23
15 83.3718823771809 24
16 79.2696666383392 26
17 74.9283263303307 27
18 72.0516598386323 29
19 76.2705714026305 30
20 68.919924754957 32
21 78.4501516542925 33
22 67.3513985572829 35
23 61.5443431626367 37
24 58.2752899975533 38
25 55.1078121200843 40
26 53.681837417049 42
27 52.7194188753591 44
28 52.2692931570872 45
29 51.9082810838736 47
30 51.6986508067192 48
31 51.6189240607997 50
32 51.4751773075717 52
33 51.4805465458817 53
34 51.4203425529341 55
35 51.3741125587866 57
36 51.3336803762269 58
37 51.3106668348102 60
38 51.2918899973803 61
39 51.2765658814085 63
40 51.2493072933975 64
41 51.2250957756902 66
42 51.2294701390602 68
43 51.2242104264117 69
44 51.210317973635 71
45 51.201665107422 72
46 51.1943182710312 74
47 51.1884383234234 75
48 51.189709076606 77
49 51.1829493678082 79
50 51.1786635293657 80
51 51.1771433472082 82
52 51.1725879255567 83
53 51.1739288831474 85
54 51.1673351916106 86
55 51.1623319546203 88
56 51.1621102580999 89

0 122.661719361826 1
1 101.772266315923 3
2 102.094442165381 4
3 93.6204580251385 6
4 106.527795407622 7
5 95.5552914569367 9
6 98.8434666752395 10
7 102.867299325201 12
8 89.9814335109685 13
9 85.312710385025 15
10 81.1950212185246 16
11 83.7986259976061 18
12 86.0118988394271 19
13 87.3781858289425 21
14 75.3038426242867 22
15 75.1312538067108 24
16 79.3000021457792 26
17 85.6561277925675 27
18 72.8532642015115 29
19 70.9208761038922 30
20 77.9718917680724 32
21 77.421492943521 33
22 68.894086124508 35
23 62.3893153395749 36
24 57.7355985427474 38
25 54.9211434169988 39
26 53.8694120175544 41
27 53.3894309416434 42
28 52.8369180322138 44
29 52.6476521126381 45
30 52.3991854489227 47
31 52.1719475066349 48
32 52.0729811255179 50
33 52.0027139506759 52
34 51.9131154190946 53
35 51.8886444670396 55
36 51.8742858297955 56
37 51.8534421732167 58
38 51.8159804276874 59
39 51.796828808766 61
40 51.7889163477766 62
41 51.7722023659566 64
42 51.7533817135006 65
43 51.742474503094 67
44 51.7433413214893 68
45 51.7347549845301 70
46 51.7322258191382 72
47 51.7297003161292 73
48 51.7260522186368 75
49 51.7225475276438 76
50 51.716625033731 78
51 51.7132571271267 79
52 51.7111150930959 81
53 51.7110715371402 83
54 51.7086236262136 84
55 51.7070475744962 86

0 118.010886128686 1
1 97.0245760563162 3
2 101.665988859502 4
3 100.627103972073 6
4 103.714950943269 7
5 106.546700066115 9
6 92.8514073678173 10
7 102.202966254308 12
8 99.1298296144135 13
9 95.1138644231974 15
10 98.2914008585053 16
11 90.6871559665326 18
12 82.5693341805863 19
13 82.4639045263794 21
14 75.9599650341642 22
15 73.5597317013865 24
16 85.5848672779421 25
17 79.515256758318 27
18 72.3878985091156 28
19 73.3146001376274 30
20 76.3875610311202 31
21 80.9476242686694 33
22 70.3984177338066 35
23 59.6482069177537 36
24 56.7268788791445 38
25 54.2176375393158 39
26 53.3109774720244 41
27 52.9757797319719 42
28 52.3673845585311 44
29 51.9558921970697 45
30 51.7722006175607 47
31 51.6667771151395 48
32 51.6541980009523 50
33 51.5130135126488 51
34 51.4366398628501 53
35 51.3828570894001 55
36 51.3889420170017 56
37 51.3321606250767 58
38 51.3190643068749 59
39 51.3050520241035 61
40 51.2903542761271 62
41 51.2743683423624 64
42 51.2658045061508 66
43 51.2592122629125 67
44 51.2444270663615 69
45 51.2409801408124 71
46 51.2360231677661 72
47 51.2248546085306 74
48 51.2139444987188 75
49 51.2094050835333 77
50 51.2055628477217 79
51 51.2013716429395 81
52 51.1976163738638 82
53 51.1952741283916 84
54 51.194499342605 85
55 51.1903458771926 87
56 51.1888627134547 89
57 51.1870845981406 90

0 121.028143606666 1
1 108.368269703673 3
2 110.110430699988 4
3 97.8678945362397 6
4 105.16112854558 7
5 101.901986089518 9
6 95.4798011056938 11
7 94.4928727036667 12
8 91.4912916292097 14
9 89.7063980695993 15
10 88.9669858286143 17
11 76.7899322258812 18
12 81.0652022029728 20
13 78.3495787916012 21
14 78.3904124113868 23
15 83.6965381069674 25
16 79.1003973966308 26
17 75.0819313427607 28
18 73.4471814059748 29
19 73.9386357881833 31
20 72.2469889369042 32
21 73.5559647465879 34
22 67.9053696584017 35
23 62.1015486531152 37
24 56.6266241280516 39
25 54.1555152611137 40
26 53.1102896934581 42
27 52.4960085697411 43
28 52.3615083618467 45
29 51.9476264677975 46
30 51.8125441080301 48
31 51.5707653003221 50
32 51.5293391288443 51
33 51.4197266968141 53
34 51.3899286446214 54
35 51.322907308776 56
36 51.2862136334106 57
37 51.2674612124749 59
38 51.2492725291379 61
39 51.2263357237922 62
40 51.2319937013091 64
41 51.2136786308492 65
42 51.2066546261838 67
43 51.1852647372122 68
44 51.1772950386569 70
45 51.1712581478225 72
46 51.1664784743458 73
47 51.1644949980146 75
48 51.1584692295582 76
49 51.1529463814443 78
50 51.1425106409873 79
51 51.1416389787992 81
52 51.1394990239893 82
53 51.1361580116526 84
54 51.1331661906704 86
55 51.1338938821352 87
56 51.1305157454979 89

0 137.090117809077 1
1 110.213924334828 3
2 114.807161566819 4
3 113.191574867408 6
4 103.846671627497 7
5 99.4610003897257 9
6 105.558051212893 10
7 93.4764604883806 12
8 87.8541001753809 14
9 91.6057329959947 15
10 94.8004796758707 17
11 77.7292543568106 18
12 84.6128611080271 20
13 75.7165955901708 21
14 82.0768949192735 23
15 76.2875702509064 24
16 72.0474255134058 26
17 82.5716586918378 27
18 81.5353603187806 29
19 73.0247197259884 31
20 70.53322775023 32
21 82.3812256888384 34
22 68.8950475759354 35
23 61.063709083225 37
24 57.6402388092058 38
25 55.313759726711 40
26 53.2948735585176 42
27 52.7514891395104 43
28 52.4617122309419 45
29 52.0542263592254 46
30 52.0825415646298 48
31 51.8033862047776 49
32 51.7614109158361 51
33 51.7047914671177 53
34 51.6402779348474 54
35 51.5851094739062 56
36 51.5426847577757 57
37 51.5286264954361 59
38 51.4958701895536 60
39 51.485591204135 62
40 51.4677481999907 64
41 51.4542663398301 65
42 51.4329294836108 67
43 51.428654818242 68
44 51.4056850910786 70
45 51.4039240677141 71
46 51.3943233468083 73
47 51.3859992501427 75
48 51.3727056846694 76
49 51.3687348314564 78
50 51.3648990437498 79
51 51.3579288128869 81
52 51.3558261873017 82
53 51.3503299873165 84
54 51.3472629239074 86
55 51.3391510916398 88

0 108.912876563101 1
1 104.462953857954 3
2 92.0888758487278 4
3 101.255429339243 6
4 107.792617670164 7
5 93.7259889654035 9
6 99.46334897515 11
7 95.6009824274621 12
8 90.8699917616329 14
9 99.9234999196548 15
10 87.6994339939227 17
11 89.7171525872995 18
12 79.5845638178958 20
13 78.5848382777413 22
14 85.7729592434876 23
15 76.346980290678 25
16 77.2003730155734 26
17 79.6867840678329 28
18 72.6320781472778 29
19 73.7433997005047 31
20 76.2925729475892 33
21 68.9690361372801 34
22 67.0389499022427 36
23 62.911144428615 37
24 56.7569097575483 39
25 54.9406115533279 40
26 54.2524736449206 42
27 53.5578172848291 43
28 52.801734459484 45
29 52.5909053704303 47
30 52.3734002037373 48
31 52.2018896008877 50
32 52.1459295929999 51
33 52.0210879773852 53
34 51.9765725279106 55
35 51.9228256796853 56
36 51.8873109435587 58
37 51.8787209348238 59
38 51.8745494533676 61
39 51.8552829496188 62
40 51.8427770607931 64
41 51.83393835404 65
42 51.8197228969317 67
43 51.8064285234294 69
44 51.8013514584431 70
45 51.7919263313289 72
46 51.7861611450608 73
47 51.7781293625914 75
48 51.7782305531147 77
49 51.7716159198833 78
50 51.7667111608493 80
51 51.7628952181471 81
52 51.760800564295 83
53 51.7595540917242 84
54 51.754876763108 86
55 51.7524662225336 87
56 51.75256470758 89

