0 74209.6020164779 85
1 72553.3816975164 167
2 66205.0834940312 257
3 54798.8784428093 341
4 45781.8732011677 436
5 41811.9502699479 521
6 33707.8388214579 614
7 31137.2805991628 696
8 29484.4667360703 790
9 28217.8821720292 877
10 27201.6366552597 956
11 26604.4108667625 1042
12 26277.1863575325 1126
13 26082.7667994881 1211
14 25943.3306765933 1293
15 25878.5309823127 1374
16 25846.3337318299 1463
17 25831.9205411479 1545
18 25824.6204736227 1631
19 25820.6086106456 1713

0 66635.9123830974 89
1 73914.8425082092 174
2 64352.3030802135 255
3 55513.7708377196 351
4 48437.6025211877 438
5 39770.3719255014 527
6 33533.4977870838 611
7 31490.0694194987 695
8 29442.409427252 783
9 28072.6485885092 867
10 27097.1165860259 955
11 26636.5886422933 1037
12 26284.6422824169 1127
13 26067.4666874542 1217
14 25948.9835854586 1298
15 25880.0749049719 1384
16 25847.2189712466 1465
17 25830.8647430127 1566
18 25822.9096970233 1654
19 25818.5483821759 1744

0 75607.349914854 85
1 74419.3017940109 169
2 68716.5683650342 262
3 53319.0762899694 350
4 47378.7882295977 438
5 39525.5184920511 517
6 33853.0780205639 602
7 31040.0637504627 688
8 29256.0387481172 772
9 27870.0399505967 856
10 27218.6186868604 937
11 26703.0262417758 1030
12 26273.5253158118 1113
13 26055.1935315646 1199
14 25937.0533672049 1284
15 25871.3285895444 1366
16 25840.8965430011 1456
17 25825.5574571828 1536
18 25818.4284539441 1621
19 25814.5780381175 1706

0 75368.8026347921 85
1 77183.2894153569 169
2 67936.9985427717 250
3 54996.5088812838 338
4 44982.1416355519 420
5 40314.7167320218 502
6 33409.5473305439 587
7 30766.7477433572 670
8 29095.9947073476 766
9 27924.6892036888 850
10 27158.828991991 937
11 26621.9580215577 1022
12 26240.1347053303 1103
13 26071.8266900064 1186
14 25933.9919706978 1264
15 25872.3234529215 1349
16 25840.5852961383 1430
17 25824.7606380019 1512
18 25816.7147475576 1597
19 25812.2391844495 1682

0 84569.4812629817 89
1 80799.0295733898 170
2 71562.9584891615 257
3 57900.5904655077 341
4 47798.7229530385 426
5 39089.1462693892 511
6 34714.140922082 590
7 31376.0163040295 676
8 29368.7713540803 761
9 27924.8367989126 842
10 27086.9292867816 931
11 26642.8137257348 1014
12 26298.6318149766 1100
13 26091.8158931359 1179
14 25963.5474646545 1265
15 25894.9872464409 1350
16 25862.4801461771 1431
17 25847.5596068555 1515
18 25840.1544611503 1592
19 25836.1696841422 1675

0 73490.0479004888 81
1 73087.1843017206 163
2 69783.5500909027 256
3 54309.5162225328 340
4 45097.2497909049 430
5 38600.458149816 511
6 33952.9833597285 595
7 30762.2366177062 678
8 29654.7124522085 759
9 28189.7896322701 847
10 27161.8929189993 929
11 26689.1039456659 1014
12 26290.0127091712 1098
13 26113.5988719535 1177
14 26007.7195392468 1262
15 25950.4960866359 1343
16 25918.5926043055 1431
17 25903.6189082122 1513
18 25895.6096464744 1601
19 25891.3379801937 1686

0 72828.5038962667 83
1 70062.3006278852 172
2 65517.4297113232 254
3 57986.1239348733 338
4 44917.8434221171 421
5 40166.7680244681 500
6 34243.6213060092 586
7 30780.5842625329 666
8 29434.2296020579 755
9 27944.3756497015 837
10 27178.7743896531 920
11 26659.4301363339 1004
12 26293.9398245136 1087
13 26047.8495162487 1174
14 25938.1732184978 1256
15 25873.0264060583 1344
16 25839.8554136209 1426
17 25825.1954007846 1506
18 25817.6128366938 1595
19 25813.9214189704 1677

0 71217.1354034522 89
1 81759.8550815816 176
2 65645.3967810885 260
3 57040.3005544148 343
4 46819.4642761806 424
5 40424.9838016065 512
6 33743.6120728736 595
7 31246.6103081849 677
8 29837.6879329445 759
9 28105.1006524992 841
10 27222.5601325873 927
11 26619.2963587988 1007
12 26312.2369889399 1098
13 26083.3716169443 1183
14 25973.3807862085 1266
15 25914.5193075909 1352
16 25882.7283817774 1432
17 25866.2342695795 1535
18 25858.1309766412 1617
19 25853.6824270899 1698

0 72810.4014844953 83
1 74384.5037715699 163
2 69503.317597226 248
3 56388.8921514751 330
4 45899.2422124746 418
5 39476.5832175877 501
6 34199.7970152656 585
7 31396.3460991404 668
8 29682.031480269 748
9 27930.1665050947 844
10 27185.0679790436 925
11 26649.2654612008 1010
12 26300.8680259649 1091
13 26067.6215834199 1173
14 25947.8848021198 1259
15 25878.2190612667 1338
16 25842.5463578405 1427
17 25826.7803185942 1512
18 25818.4259740624 1594
19 25813.9447046213 1676

0 73155.1978619102 82
1 76386.260654756 168
2 66122.5829138132 249
3 54237.1592875533 331
4 45974.2209365068 414
5 40875.9508321692 496
6 33906.2118941025 588
7 30802.9597625547 672
8 29549.3419138478 758
9 28269.3238607875 841
10 27167.9443114355 923
11 26678.0960819433 1007
12 26340.1160390051 1087
13 26093.5951168027 1172
14 25976.5953477074 1254
15 25917.6892617273 1335
16 25886.2191987491 1417
17 25871.6913630816 1497
18 25864.3418366722 1581
19 25860.3465721831 1664

0 75456.9467263324 85
1 78016.199671133 171
2 63240.3332828504 253
3 56865.452825944 340
4 47808.1017864086 419
5 40562.7915872191 501
6 34019.0496142565 584
7 31190.0123070659 664
8 29570.3693116478 750
9 28067.0900510364 829
10 27246.9895864235 914
11 26614.477887189 998
12 26315.840684344 1082
13 26088.2582243277 1166
14 25954.782539078 1248
15 25888.4927909191 1336
16 25856.2627082247 1418
17 25841.8493082905 1507
18 25834.5432099852 1590
19 25830.4824534879 1669

0 67918.2864573638 89
1 77283.0975012965 168
2 71667.2005933671 252
3 55754.45045586 338
4 46479.6780834639 423
5 40577.9749504386 510
6 33634.0635199946 591
7 31101.2434977168 676
8 29158.0589877057 757
9 28262.603105623 837
10 27136.7412818992 920
11 26602.1890488778 997
12 26258.901191887 1081
13 26064.5432045379 1162
14 25948.3070731857 1248
15 25879.0258014393 1333
16 25849.9704340689 1415
17 25836.2313285174 1503
18 25829.3382961251 1585
19 25825.8789807066 1668

0 69321.8309727461 83
1 78566.3426952233 163
2 63919.4309167377 254
3 52777.3836131039 336
4 45771.300741508 423
5 41120.7337309477 507
6 33908.3377644316 595
7 30640.7908672677 686
8 29124.9314850287 774
9 28123.4899620526 873
10 27166.5968604811 958
11 26590.2058659933 1045
12 26282.0614491781 1124
13 26055.7936916449 1206
14 25932.7209308883 1290
15 25854.1784486901 1370
16 25822.4090278743 1457
17 25806.6422633339 1536
18 25798.7942554068 1619
19 25794.5711224101 1704

0 67889.0287447729 89
1 72851.8110357748 173
2 69211.8163392905 252
3 57631.9217457626 336
4 44414.0101590656 418
5 41374.8150109351 504
6 33626.6880781893 589
7 30662.9401011255 668
8 29305.3280222507 755
9 27968.1641541001 837
10 27230.2905313996 919
11 26664.6531465447 1002
12 26261.6430664834 1084
13 26072.6891408196 1172
14 25946.6918916401 1252
15 25875.0716555621 1333
16 25843.2448122232 1414
17 25826.7151257436 1494
18 25818.2745277363 1580
19 25813.7690033746 1660

0 76405.593393907 96
1 80111.3772537202 179
2 69677.4262087728 261
3 54153.2072745237 347
4 45446.3774181984 429
5 40427.6163380326 518
6 34385.4466113425 599
7 31181.496049089 682
8 29444.6705703268 764
9 28116.4767809693 843
10 27015.7420876978 929
11 26587.8133489426 1009
12 26250.0229772232 1091
13 26042.1794000868 1174
14 25916.1269965476 1254
15 25842.9892705601 1344
16 25813.9493116753 1427
17 25799.7107078254 1519
18 25792.1999089163 1601
19 25788.2177145262 1684

0 72189.7023917584 83
1 77041.820521629 163
2 61751.4199325263 252
3 55955.6844583289 335
4 45633.7437932699 417
5 40296.2373179922 501
6 33818.2288154569 580
7 30930.8352766761 667
8 29184.8115673199 747
9 28178.3473940582 834
10 27082.045035748 915
11 26598.3905261465 994
12 26303.8302793632 1086
13 26053.7975346947 1165
14 25971.2998710224 1251
15 25897.5894821026 1334
16 25869.3764594556 1418
17 25854.9519969062 1504
18 25847.7090553056 1583
19 25843.8512384537 1673

0 73952.6246514908 84
1 72731.2998723159 170
2 69323.7845943346 253
3 57226.4900743618 333
4 46966.2189246813 420
5 40175.7398470918 498
6 34185.3832047539 582
7 30524.0728989683 663
8 29230.8230319779 745
9 28021.1251458793 833
10 27217.7336293628 910
11 26657.9088447698 995
12 26301.3065988866 1077
13 26071.2406811538 1160
14 25959.3431175047 1244
15 25886.3479082849 1322
16 25850.2347161191 1412
17 25834.8443409616 1491
18 25826.4788492456 1573
19 25821.964169098 1651

0 76305.5695079311 82
1 72399.6382438587 166
2 67255.315628206 246
3 55641.8674524205 328
4 46969.2205378858 408
5 39673.3977352467 491
6 34114.211943433 584
7 31507.9332833783 663
8 29218.0765914768 746
9 28030.6583423949 825
10 27139.3749411982 904
11 26630.3592165307 985
12 26261.8757643738 1063
13 26048.8807376073 1143
14 25915.8387635254 1223
15 25854.4211316443 1303
16 25823.1315794932 1385
17 25810.7110880998 1463
18 25803.9818500169 1545
19 25800.5604107834 1624

0 72205.6618638769 82
1 75375.7277426347 165
2 66133.0776310692 244
3 53104.6961333661 338
4 47116.313416656 419
5 41699.1563416902 499
6 34057.6953031028 581
7 31036.0321628759 659
8 29585.265768733 741
9 27940.9687749621 821
10 27182.2761839265 904
11 26606.0302022953 986
12 26307.9976390329 1064
13 26094.1060027753 1144
14 25989.4134776452 1224
15 25919.3349156306 1302
16 25889.2942772353 1387
17 25875.4590896681 1465
18 25867.9186138582 1545
19 25863.8805189257 1623

0 74573.6597691085 84
1 71513.4344423921 171
2 63453.8843921203 252
3 56662.6212276628 338
4 47299.3159531361 418
5 39223.4645702176 499
6 33396.3466599562 583
7 30957.9268500654 662
8 29369.9440436575 745
9 27959.0650583169 831
10 27050.7037627414 913
11 26589.9268481605 995
12 26248.0556061074 1072
13 26056.061351957 1153
14 25922.4682209183 1232
15 25864.0531295757 1316
16 25834.5840265459 1401
17 25819.7982730476 1480
18 25812.0455658083 1575
19 25808.0359613046 1656

0 75500.0544271406 85
1 79475.1270684753 165
2 64733.8039843986 245
3 52324.8842633148 333
4 48626.7815040475 415
5 41096.2173028881 496
6 33825.7814645744 578
7 31058.6292150538 661
8 29611.025415851 748
9 27864.9932859058 828
10 27102.9954249944 910
11 26637.4846028561 992
12 26300.0682311682 1072
13 26059.1262675355 1157
14 25940.031506392 1235
15 25879.1214241523 1323
16 25847.0358812112 1404
17 25832.5799278307 1485
18 25825.3417365146 1569
19 25821.0927903162 1649

0 77914.2819740231 91
1 78076.458875087 172
2 66620.1329162784 253
3 54958.6668296157 336
4 48431.4586396625 416
5 40509.0893163003 502
6 33367.1448343906 583
7 30265.0141049316 666
8 29258.1260477173 748
9 28111.0493687909 827
10 27237.3267043069 914
11 26550.7211176986 994
12 26297.4931760832 1088
13 26040.9282951075 1170
14 25930.426632841 1250
15 25867.2012193994 1334
16 25834.9345218447 1412
17 25820.2764782046 1496
18 25812.1628242829 1577
19 25808.03303294 1657

0 75718.1474977108 82
1 71228.3348820794 160
2 64425.3930840168 244
3 54063.1112403294 326
4 44835.0664407953 412
5 40336.9784874446 495
6 34214.3241105853 573
7 30695.2536358635 658
8 29795.1809827297 739
9 28047.0693996644 824
10 27193.2090140974 909
11 26587.0498404063 987
12 26273.6564393205 1073
13 26050.7345788236 1155
14 25932.4869932047 1237
15 25866.7474357924 1320
16 25837.7680382807 1403
17 25822.9196403981 1495
18 25815.8288412567 1577
19 25812.102712052 1663

0 70815.9295209623 86
1 79106.0883987002 169
2 63819.094386527 253
3 56512.2971085049 333
4 46747.8297997047 421
5 39512.3644458723 504
6 34580.2248298097 592
7 30811.0768739497 677
8 29379.8737007998 760
9 27960.7725444703 848
10 27169.3324795809 927
11 26634.1897935707 1012
12 26292.8178037837 1093
13 26085.5156594015 1173
14 25974.346216593 1257
15 25897.6044236318 1335
16 25865.9473746436 1420
17 25850.7637138742 1502
18 25843.8520810583 1582
19 25839.8716260788 1668

0 68790.6191496127 85
1 73734.3735625735 175
2 67974.2997429846 255
3 58502.4637017917 346
4 49445.8581457766 430
5 40412.7857874711 509
6 33964.9212730478 594
7 30836.7172410292 673
8 29361.2079889265 756
9 28105.6264044465 838
10 27128.5389556825 918
11 26613.1286029772 1004
12 26291.4697853293 1085
13 26065.6427314643 1170
14 25947.9719624916 1251
15 25880.3734679211 1332
16 25851.9837875357 1415
17 25837.2038739975 1492
18 25829.9462689901 1577
19 25826.2156251628 1658

0 81667.2007283747 91
1 72816.0123537029 176
2 68954.7958948006 256
3 55194.5058614075 345
4 47990.9648905203 429
5 41489.1056441678 514
6 33811.8227861624 596
7 31230.0328902067 677
8 29234.0322363689 762
9 27839.205800663 840
10 27146.4372557649 924
11 26615.0162494519 1005
12 26283.8621288074 1084
13 26043.8312447062 1168
14 25916.9426154703 1246
15 25853.3910936811 1330
16 25820.4321347976 1412
17 25804.99613768 1499
18 25797.5939871815 1585
19 25793.6628954706 1664

0 71907.5794483338 87
1 70371.9276097122 169
2 70803.9700678462 251
3 54280.7103772196 336
4 47818.6075096786 418
5 40637.9568733802 508
6 34224.0924406122 591
7 30881.7316471997 679
8 29640.4153245023 764
9 28188.4402146853 850
10 27108.8778295229 934
11 26619.5353426915 1011
12 26314.5261603839 1096
13 26077.768823207 1177
14 25955.8642816066 1261
15 25892.4768823863 1344
16 25860.958145441 1422
17 25845.9662430189 1514
18 25839.0498431943 1597
19 25835.3307742054 1680

0 78271.5780707409 81
1 74402.9024712484 164
2 69512.046248158 251
3 51231.7466409181 331
4 45516.6818204309 416
5 40359.572463287 498
6 34006.0743900762 578
7 30568.9031272975 663
8 29505.1010780065 742
9 28057.878763985 831
10 27176.4542459623 913
11 26603.4721700451 998
12 26271.9733446482 1090
13 26087.0190373494 1174
14 25941.9478297257 1259
15 25870.0167063379 1337
16 25835.2521807437 1419
17 25819.5553190619 1501
18 25811.1770295391 1581
19 25806.7000904355 1666

0 73907.2643582979 82
1 90113.9839386377 164
2 64961.432948872 246
3 52721.6184703244 327
4 46668.8003252157 413
5 40308.1263867803 496
6 34222.4986746294 583
7 30849.3947946836 666
8 29542.8857893133 751
9 28140.9779419071 835
10 27168.506666971 932
11 26634.4064673139 1022
12 26309.4575623881 1102
13 26053.7254840078 1187
14 25937.1425167368 1268
15 25876.3439133705 1349
16 25843.4518012552 1432
17 25828.2770082712 1511
18 25821.2972202565 1599
19 25817.4197842922 1680

0 70168.3030279884 85
1 75119.7395408985 168
2 62952.6138394946 247
3 55665.0505327707 335
4 45029.0420384481 417
5 40350.0392329395 505
6 33683.8224431075 588
7 30791.1957868888 669
8 29521.7248098753 758
9 28094.9721670735 840
10 27147.014095354 927
11 26629.6299039245 1008
12 26296.6593258065 1088
13 26060.2796816323 1171
14 25947.1675367284 1248
15 25880.2529716865 1333
16 25848.6859027548 1414
17 25832.0823430206 1495
18 25824.0373966537 1579
19 25820.0978860196 1658

0 80593.2617140923 86
1 73346.7701714269 168
2 65947.8549498639 258
3 56505.7918302385 342
4 46718.798976248 423
5 40419.4496045333 513
6 33380.833019734 594
7 31320.4920606607 678
8 29610.1339318992 759
9 28147.4473398846 839
10 27216.5941784191 923
11 26620.3707012295 1001
12 26306.6460516876 1084
13 26084.0237709873 1167
14 25964.2557664956 1250
15 25899.3925297946 1333
16 25868.8724615954 1411
17 25854.3797094372 1497
18 25847.629076648 1578
19 25844.0520554375 1665

0 77844.5940519001 92
1 74732.8248189854 176
2 69628.1135107955 265
3 55763.1059036467 348
4 46625.2047958583 433
5 40562.332143802 516
6 33662.3119292842 600
7 31062.1496751862 686
8 29509.0241539835 766
9 27921.9516701184 851
10 27133.4548700133 931
11 26608.978720219 1013
12 26288.6853149049 1095
13 26057.4828498779 1173
14 25944.1077281484 1258
15 25874.6711735903 1339
16 25841.470404713 1428
17 25827.0205407062 1511
18 25819.324356348 1593
19 25815.0699180057 1679

0 71602.2551229963 82
1 72612.6815532634 165
2 76001.6111692814 247
3 53896.4818813066 328
4 47635.7862740136 414
5 41128.1295012485 494
6 34788.5996915844 579
7 30824.1605231419 662
8 29415.1599185576 742
9 28038.6649294154 826
10 27168.5346968221 907
11 26641.1559986306 997
12 26260.0058927796 1079
13 26071.6460775798 1167
14 25938.9210360907 1253
15 25878.0440536493 1334
16 25845.4956323644 1420
17 25829.0185426469 1498
18 25820.7793376288 1583
19 25816.2069404202 1664

0 76762.5280739878 83
1 72664.9736564662 168
2 63925.6701667285 250
3 54435.8171922554 341
4 44721.9035127917 423
5 38346.7022410115 505
6 33788.1672861176 587
7 30829.3896636162 666
8 29408.8273273115 753
9 27932.7597787646 833
10 27120.9283064692 922
11 26661.3114184161 1004
12 26303.0419058629 1085
13 26084.0125893151 1171
14 25966.730483402 1253
15 25894.0390495536 1340
16 25863.310924051 1422
17 25848.2160996282 1502
18 25841.000409417 1587
19 25837.0723055159 1665

0 72722.8266155928 91
1 78284.9292551366 177
2 67605.0423943838 263
3 53949.1878043899 347
4 47062.0187199603 427
5 40340.6211001082 515
6 33675.9345842715 599
7 31070.5835027881 692
8 29507.9706227569 775
9 28202.7777846951 858
10 27159.4497064162 948
11 26636.5515633682 1032
12 26335.1357639026 1125
13 26110.8685944089 1207
14 25992.2522797375 1291
15 25927.7691755737 1373
16 25899.2418905025 1453
17 25884.7852378016 1539
18 25877.064762884 1622
19 25873.0488149365 1710

0 73126.7132085455 81
1 73082.9112971004 162
2 66772.2528944404 245
3 54586.4694832519 325
4 46854.6063438672 416
5 40277.898817942 499
6 32501.6921595391 582
7 31265.7953895019 665
8 29425.4618403349 744
9 27928.9956876981 831
10 27006.4417125178 911
11 26599.0140565461 993
12 26224.6065489836 1074
13 26022.0267775419 1153
14 25896.4100972058 1240
15 25830.1102278372 1320
16 25801.2263298293 1403
17 25788.0452949324 1484
18 25781.0364128619 1563
19 25777.2377328137 1648

0 72802.8973707814 81
1 78913.5258942407 170
2 59810.9958068738 253
3 58383.9192566568 338
4 48708.6787605927 423
5 39756.4338158816 501
6 34129.8353444299 587
7 31083.7620806757 669
8 29534.0265218765 755
9 28052.0761927092 837
10 27130.2150684442 916
11 26677.5443570593 1002
12 26302.6158516799 1082
13 26112.0230077758 1164
14 25985.3979878544 1246
15 25915.2206836373 1329
16 25883.8323402026 1415
17 25868.1995613321 1495
18 25859.6083314724 1584
19 25854.9161963083 1665

0 73128.4830417501 85
1 73519.2365398721 168
2 63017.8273048714 248
3 54563.2056042074 332
4 48061.8789489105 412
5 40537.2740560305 492
6 34201.733965169 574
7 30994.3404436987 655
8 29785.860031022 741
9 28026.5485349257 821
10 27153.0470657895 902
11 26608.5679451902 982
12 26301.8842895547 1062
13 26106.9838953096 1148
14 25984.0921741835 1231
15 25923.9792834257 1316
16 25892.9586220296 1400
17 25877.1231242064 1478
18 25868.9889519107 1568
19 25864.4747955054 1649

0 80024.5103640529 88
1 75302.1645058015 170
2 63658.7223290001 251
3 54303.8158708411 336
4 44188.9088652985 415
5 40638.8756223446 500
6 33480.5622648951 582
7 30859.7400981457 662
8 29428.3411152626 746
9 28240.673945561 824
10 27171.3371332334 909
11 26588.383650632 992
12 26241.3080223491 1079
13 26047.9431495459 1162
14 25927.6699405471 1243
15 25860.3319388939 1340
16 25828.1640070317 1423
17 25812.1477765112 1510
18 25804.634596125 1593
19 25800.4773455213 1674

0 68497.8559468103 84
1 73383.9770077807 163
2 65536.7520153683 250
3 56889.4037063424 334
4 46832.4459263379 420
5 39333.6899343622 503
6 34348.54351027 585
7 31135.9589842902 675
8 29390.6292803204 758
9 28013.5454684316 847
10 27320.9973906298 931
11 26656.5241237755 1010
12 26312.9593406955 1102
13 26082.5174605132 1183
14 25959.6201077701 1269
15 25899.2230576994 1353
16 25870.0908451154 1441
17 25853.7035639325 1523
18 25845.6576135782 1604
19 25841.2662199449 1693

0 69114.9132214534 81
1 76819.31360574 164
2 65403.8718533889 248
3 56446.477967457 331
4 45375.4115246416 418
5 39534.5814049565 497
6 33872.1192875043 587
7 30940.8778896112 670
8 29561.8027403067 760
9 28210.228975295 845
10 27171.2636593196 925
11 26612.0977446474 1012
12 26283.1317232366 1096
13 26040.7887945053 1182
14 25931.1019342951 1269
15 25866.9277875947 1352
16 25834.8260073837 1437
17 25819.4610131614 1518
18 25812.4724696511 1605
19 25808.3655299966 1688

0 72757.7013282529 88
1 74681.5129029518 171
2 71620.4502472765 252
3 51657.5527236091 350
4 43720.0151625376 434
5 40933.8143673143 521
6 33535.342577454 604
7 30720.9656047084 688
8 29210.7231810372 777
9 28014.7353434154 862
10 27129.3066916511 952
11 26532.5411166836 1036
12 26245.0286469662 1126
13 26061.4798816839 1208
14 25921.0419596553 1290
15 25856.9137522062 1376
16 25826.821368637 1454
17 25811.3442689916 1541
18 25804.2133944706 1622
19 25800.5712655775 1709

0 70273.5570620169 84
1 74472.9682105799 163
2 68091.8701352263 250
3 56864.9215875052 332
4 47617.265388813 418
5 41003.1950263995 502
6 33389.7765337335 582
7 30659.4588288716 668
8 29730.9172911267 746
9 28044.0440409961 830
10 27119.8352351926 913
11 26612.3873281509 992
12 26297.5514561511 1076
13 26057.3436648611 1155
14 25947.3744604658 1240
15 25874.3392631529 1321
16 25842.1749312374 1409
17 25826.1723567272 1493
18 25818.2244760139 1571
19 25813.8947698821 1656

0 68178.0227867791 82
1 81987.4741884652 164
2 71074.184516402 248
3 53094.4682057727 329
4 45658.1357000362 417
5 41195.2404405615 498
6 34732.8585695068 581
7 30950.872040847 663
8 29404.3887732564 746
9 27957.7145135149 831
10 27150.2911331901 909
11 26679.1076237734 992
12 26279.4906226222 1073
13 26049.800681712 1155
14 25927.6958006607 1244
15 25867.142602311 1322
16 25834.9520219711 1407
17 25820.8617004771 1488
18 25814.1259941043 1568
19 25810.2681320455 1651

0 71763.8816545954 85
1 72949.0395360936 173
2 64881.3456788606 253
3 54126.1932821253 336
4 47375.5994888066 418
5 40249.5376868609 499
6 33278.5360492179 587
7 31061.9806723948 665
8 29424.0469111831 747
9 27779.6432376862 829
10 27152.1794499814 911
11 26641.1306073007 999
12 26253.0844038757 1081
13 26052.4677007842 1171
14 25930.2634702111 1254
15 25861.8160748849 1337
16 25830.1566927892 1425
17 25814.4184573338 1508
18 25806.2933368048 1595
19 25801.979719758 1675

0 76462.1801461847 87
1 76262.2911430297 169
2 62694.2372722188 250
3 56120.8041342996 337
4 47228.5126118363 420
5 41045.7285373163 508
6 33369.3827219271 590
7 31020.7115685358 675
8 29238.6957988464 761
9 28057.0584364717 843
10 27203.1118655774 930
11 26620.146261284 1011
12 26268.192508294 1094
13 26063.5051466613 1177
14 25945.3680335944 1256
15 25883.9222835867 1343
16 25849.3247579258 1424
17 25833.767968263 1510
18 25825.9833262456 1592
19 25821.7786668784 1672

0 76688.5472088757 83
1 71648.5640922447 163
2 66326.5024983939 248
3 56953.5920563731 332
4 46430.0452084319 417
5 40244.9509395231 505
6 34457.7104950234 586
7 30582.5972823367 673
8 29573.3622387497 755
9 28300.3428783714 839
10 27157.2044924174 921
11 26598.5351456584 1001
12 26254.7126362229 1087
13 26054.1115259241 1170
14 25915.5982350234 1255
15 25851.6197038181 1336
16 25821.8294814099 1415
17 25808.1944290591 1500
18 25801.4959049629 1578
19 25798.0363851253 1660

0 81195.5662985916 82
1 78126.8508982358 167
2 69368.0257343195 252
3 58079.7420913756 331
4 46535.7734569758 420
5 41843.0510483039 502
6 33300.5290366673 583
7 30994.5401510529 668
8 29827.3190050829 746
9 28164.0134266557 831
10 27231.7536231112 912
11 26622.6975031956 992
12 26339.4495308544 1076
13 26100.2982491952 1156
14 25982.9503481031 1243
15 25919.2540160787 1323
16 25887.2239753034 1404
17 25872.5236536082 1490
18 25864.9260643299 1572
19 25860.7750794671 1662

0 77039.8101313387 83
1 76190.7133724564 172
2 70743.3741542675 255
3 53839.509707202 336
4 47371.3235423681 420
5 40340.0044902236 503
6 33736.6029350807 596
7 31258.303455277 679
8 29674.1990568439 763
9 28144.2278479654 848
10 27242.052695519 932
11 26628.6193674891 1016
12 26321.5143746258 1093
13 26081.8072299231 1176
14 25968.7044358393 1261
15 25900.5486061659 1343
16 25873.045887609 1433
17 25858.2575349149 1516
18 25851.3208709941 1603
19 25847.553911735 1685

0 77307.7251047712 86
1 73808.3430188247 170
2 66157.5927259966 249
3 52155.9293411855 335
4 47035.1463430533 414
5 39268.6062131895 497
6 34760.7958458759 580
7 31288.3261092644 660
8 29664.7350998039 746
9 27978.4043505412 826
10 27146.2720248072 912
11 26641.8097336946 993
12 26254.025848528 1074
13 26032.2617093003 1160
14 25915.4230782457 1239
15 25850.2082853777 1326
16 25819.8750951997 1409
17 25805.0481034492 1489
18 25797.9360399388 1573
19 25794.2324097215 1652

