0 71819.9604072853 82
1 77146.880777779 162
2 76615.0173466618 243
3 66863.195384963 321
4 68566.7293523816 406
5 63104.6226596444 484
6 57050.7869844963 566
7 50230.0446852469 647
8 45784.624866469 726
9 46173.4066761699 816
10 43246.269394617 896
11 38728.696621883 981
12 35462.3078969783 1062
13 32965.9089111891 1143
14 31479.2950549304 1227
15 30012.130464608 1306
16 29628.8243701272 1387
17 29229.9501434057 1471
18 28446.8628421242 1551
19 28023.7767260776 1635
20 27670.8144701937 1714
21 27410.3723394741 1802
22 27154.499250214 1883
23 27040.7707314103 1963
24 26955.675693566 2049
25 26821.7605956495 2129
26 26796.7253419177 2222
27 26678.5725226484 2304
28 26564.7757663472 2387
29 26491.8701284272 2470
30 26480.3878456191 2549
31 26377.9110303505 2634
32 26345.5626071265 2713
33 26314.8266446415 2794
34 26223.5440991935 2876
35 26202.3662025724 2958
36 26132.7509540301 3043
37 26148.5531938948 3122
38 26149.4206255163 3204
39 26114.5984315544 3287
40 26084.5295786792 3368
41 26057.1955538156 3453
42 26060.8126773178 3533
43 26029.3365957529 3619
44 26020.4989870113 3701
45 25998.3433410232 3781
46 25986.6871170214 3870
47 25976.8444045303 3950
48 25964.5701332383 4036
49 25951.1887416652 4120
50 25926.4149630702 4201
51 25908.9455241605 4285
52 25920.5515698535 4366
53 25905.758691956 4449
54 25907.46947444 4529
55 25889.6205504367 4610
56 25884.6514491027 4692
57 25878.2618766706 4771
58 25868.2705058198 4855
59 25857.0221240228 4935
60 25853.8325484683 5019
61 25855.1318861569 5105
62 25851.8863028738 5184
63 25843.2221260813 5273
64 25836.3096255338 5354
65 25830.9552062397 5435
66 25835.1917990032 5516
67 25833.988674233 5595
68 25829.7128729052 5679
69 25821.1133283591 5758
70 25818.9555045391 5839
71 25812.1644334319 5920
72 25817.3619908528 6000
73 25806.8163460251 6084
74 25805.6910613333 6163
75 25804.4530187074 6244
76 25802.3326618896 6326
77 25802.6329725827 6406
78 25800.503599899 6497
79 25798.7524673638 6577
80 25799.825225618 6661
81 25793.2938785617 6743
82 25793.7953923425 6827
83 25791.0768120037 6913
84 25787.5676136236 6992
85 25786.0504757445 7075
86 25784.9981809552 7157
87 25788.1413439275 7237
88 25786.4304006618 7322
89 25782.8675878815 7401
90 25781.4850958987 7484
91 25779.6643594389 7565
92 25782.5288355378 7645
93 25777.3026415205 7727
94 25774.4023914632 7805
95 25776.6327690251 7897
96 25774.2343496059 7980
97 25772.442862231 8062
98 25772.3921204345 8147
99 25772.9133155721 8226
100 25771.3139702624 8312
101 25769.5227111084 8392
102 25767.2262354774 8473
103 25768.7181841602 8557
104 25766.9936964548 8637
105 25768.2145690803 8724
106 25766.8749040801 8803
107 25766.7507582467 8885
108 25765.1372734784 8968
109 25765.8587930658 9047
110 25764.6365459986 9131
111 25763.6150945064 9210
112 25763.831656593 9294
113 25763.6687768732 9378
114 25761.9962229709 9457
115 25764.3085985167 9544
116 25761.7042961479 9626
117 25761.0376654287 9709
118 25760.3643885821 9789
119 25761.1411243587 9869
120 25760.0639847033 9953
121 25760.1371368311 10035
122 25758.4286826561 10121
123 25758.6934997257 10204
124 25758.4721672833 10285
125 25758.0937688247 10372
126 25757.5051528755 10452
127 25756.5086431336 10535
128 25757.8853133652 10618
129 25756.7221303559 10701
130 25756.8960704068 10784
131 25756.6252429135 10864
132 25756.0894113036 10952
133 25755.9235886656 11033
134 25755.7386300765 11116
135 25755.7060086079 11198
136 25754.5433057945 11279
137 25754.5820573507 11364
138 25754.5119943272 11443
139 25753.8946235261 11526
140 25754.2502520279 11609
141 25753.942945231 11689
142 25753.7474097919 11772
143 25754.2039482388 11857
144 25753.5118349745 11941
145 25753.4160476938 12021
146 25753.3753488922 12101
147 25753.1222901254 12191
148 25752.2029020332 12270
149 25751.8251819664 12359
150 25752.1231858895 12441
151 25751.4653262394 12522
152 25751.7123473957 12604
153 25751.3599852178 12686
154 25751.3924634707 12771
155 25751.0607032495 12853
156 25751.2864816471 12935

0 67268.5093978064 82
1 74795.4189694094 163
2 70577.3757277004 247
3 70452.4830918174 327
4 71170.1429972383 409
5 69182.8804777409 492
6 53926.302112724 571
7 47069.1665939384 660
8 46148.0516667317 739
9 44640.7031898022 823
10 41046.7160385054 905
11 37290.2053307549 987
12 34783.3850765469 1071
13 32704.2936106263 1149
14 31416.7038052753 1231
15 30392.8983907059 1311
16 30103.2578206505 1394
17 29264.5965391853 1479
18 28606.7123434692 1560
19 28376.5844232908 1644
20 27625.1221135405 1725
21 27426.5738504945 1806
22 27094.7927160821 1889
23 27051.313108761 1972
24 26960.096943509 2063
25 26897.6929302883 2144
26 26785.2105239486 2226
27 26735.386682057 2310
28 26561.7975147478 2390
29 26594.9216156135 2475
30 26497.6804947345 2555
31 26442.2092186465 2636
32 26412.7126688949 2725
33 26288.9650599851 2809
34 26338.939538063 2893
35 26273.8496716581 2971
36 26265.198927597 3056
37 26178.0971084321 3138
38 26173.738769669 3218
39 26139.5056266426 3304
40 26111.6293906696 3384
41 26094.8128091596 3475
42 26083.5503816345 3558
43 26058.6828457988 3639
44 26059.8538953433 3723
45 26044.9361381869 3802
46 26004.1645993301 3888
47 26005.1147169048 3970
48 26004.0117381342 4054
49 25991.5500397991 4136
50 25974.8713789762 4216
51 25982.8111813453 4302
52 25956.2784654244 4382
53 25947.1091347182 4464
54 25924.8192056763 4546
55 25923.248704084 4626
56 25922.8248902713 4711
57 25923.4005384789 4791
58 25908.2630415582 4877
59 25906.1339741506 4959
60 25899.16249004 5040
61 25892.4281118369 5127
62 25887.4247515257 5208
63 25886.3194934909 5291
64 25874.3924944576 5372
65 25873.7102792721 5452
66 25868.1005955029 5535
67 25865.3956331505 5613
68 25872.7957637602 5695
69 25857.5612085145 5775
70 25857.2420141192 5855
71 25857.2368571321 5938
72 25850.8794639211 6017
73 25847.0633059707 6103
74 25848.5332673822 6183
75 25844.1541169893 6264
76 25837.0291155342 6357
77 25838.8479090774 6437
78 25837.4750711893 6523
79 25833.0987114557 6604
80 25836.5354855438 6685
81 25832.3322055927 6767
82 25829.7035345949 6846
83 25826.5963820246 6930
84 25829.6228623582 7009
85 25825.174014932 7092
86 25822.7249755602 7173
87 25821.3841457198 7252
88 25822.4497512504 7336
89 25819.6388908685 7416
90 25821.2019324259 7496
91 25819.0913083218 7579
92 25816.9903379559 7659
93 25817.549148572 7749
94 25813.6819128732 7830
95 25812.1779886905 7915
96 25810.0071437214 7997
97 25813.4864176477 8076
98 25811.6487153787 8160
99 25809.0278072634 8239
100 25809.4921155901 8321
101 25806.9971673119 8403
102 25806.9251021371 8482
103 25805.9634620584 8566
104 25806.0968128915 8646
105 25805.9196406529 8729
106 25805.1437653808 8810
107 25804.6924898484 8892
108 25804.5440953506 8978
109 25803.9102711909 9058
110 25803.0476338163 9147
111 25803.7152382047 9230
112 25802.8999024407 9311
113 25802.9795271597 9397
114 25799.9944486839 9476
115 25799.3647970558 9563
116 25800.1248394695 9644
117 25799.2478836637 9725
118 25798.5975323365 9808
119 25798.2826345906 9889
120 25798.2289711019 9973
121 25797.0682384343 10055
122 25796.792796348 10136
123 25796.8138663238 10218
124 25796.579115693 10298
125 25795.9281713122 10382
126 25795.1415595952 10462
127 25794.8389231091 10550
128 25795.4897570628 10634
129 25795.0785978356 10715
130 25794.5092055128 10804
131 25794.1759005236 10885
132 25794.0972450737 10968
133 25793.5869146584 11049
134 25793.796401242 11131
135 25793.4871911014 11214
136 25793.1732473462 11293
137 25793.3345885017 11376
138 25792.2044946338 11456
139 25792.3940437363 11536
140 25791.5635993429 11620
141 25791.5039065049 11702
142 25791.1268428069 11785
143 25791.1309033362 11869
144 25791.4830607243 11952
145 25790.8764132099 12038
146 25790.4992769454 12119
147 25790.6743194508 12208
148 25790.6796013897 12289
149 25790.2585316354 12371
150 25789.9283112112 12453
151 25789.6016021671 12534
152 25789.5670585354 12619

0 76191.8014239748 80
1 74997.6614600816 163
2 71438.3203640798 244
3 67170.4964046197 323
4 72079.0396935481 408
5 66943.93395927 487
6 55501.2625782441 570
7 48711.8370525041 651
8 49207.8364025779 731
9 46083.56354692 821
10 41184.0677141262 901
11 37298.6513791667 986
12 35271.5018040033 1067
13 33041.1372024363 1147
14 31363.3860715315 1230
15 30275.4576548386 1313
16 29641.9959848803 1397
17 29294.4803018645 1479
18 28409.9768890216 1561
19 28268.6146249788 1645
20 27709.1328074387 1724
21 27476.2523140381 1808
22 27190.8461890158 1888
23 27071.3350765433 1968
24 26904.838606512 2052
25 26766.9715552554 2133
26 26717.1588412554 2227
27 26665.9686460868 2308
28 26577.0115511862 2390
29 26485.9224747096 2473
30 26443.3381889485 2554
31 26359.8710207322 2639
32 26356.8814559311 2719
33 26288.4042114553 2803
34 26219.0528212317 2888
35 26215.9472104341 2968
36 26184.4377936589 3051
37 26137.6722749737 3131
38 26137.5162257718 3215
39 26106.749104768 3297
40 26072.5153297508 3377
41 26057.8891754889 3462
42 26046.9983135323 3542
43 26023.9919607874 3632
44 26011.8953551242 3713
45 25997.7847573126 3795
46 25987.0669910378 3878
47 25993.130032798 3957
48 25958.0556666016 4041
49 25939.174095441 4120
50 25937.4884494048 4202
51 25928.7566114711 4286
52 25909.4949076014 4365
53 25916.3641401831 4449
54 25890.2388892041 4530
55 25881.5142838716 4611
56 25877.5091321582 4694
57 25887.3199304446 4773
58 25877.6633323961 4857
59 25872.8140491751 4937
60 25860.4158430453 5020
61 25859.5747005319 5109
62 25855.2693794085 5190
63 25848.2440884806 5276
64 25845.1742335328 5356
65 25832.1262291802 5437
66 25834.3618003198 5520
67 25831.4932999102 5601
68 25830.9109356817 5686
69 25821.3199950974 5766
70 25816.0516990948 5848
71 25819.4562730642 5928
72 25809.8298420643 6008
73 25808.4463136604 6094
74 25805.0665447539 6175
75 25810.2439600679 6258
76 25804.0666654351 6345
77 25802.7989804258 6428
78 25803.1570224128 6514
79 25797.9870520122 6596
80 25796.8942076025 6685
81 25796.3167357402 6765
82 25791.6958146817 6846
83 25793.5367691162 6928
84 25795.0801629598 7007
85 25785.582087359 7093
86 25787.4893047814 7175
87 25785.1048183611 7257
88 25782.9286211939 7339
89 25781.8604029075 7419
90 25783.771697054 7505
91 25778.290074884 7587
92 25777.8047075698 7669
93 25776.7926699445 7750
94 25775.3610304178 7830
95 25775.9342029763 7919
96 25771.9990518469 7999
97 25774.4805921365 8084
98 25772.5356087029 8167
99 25771.6710815052 8248
100 25771.6317135549 8331
101 25771.3342197183 8411
102 25768.0246687163 8495
103 25770.4415076903 8577
104 25768.843557772 8659
105 25767.4252204915 8741
106 25768.2944497267 8821
107 25766.4799517574 8904
108 25764.3992598536 8983
109 25765.505267878 9064
110 25763.9483215527 9152
111 25762.7950329105 9233
112 25765.5040670774 9326
113 25762.9844325801 9408
114 25763.2034712534 9491
115 25761.7954559591 9575
116 25760.2527770349 9656
117 25760.7488181729 9740
118 25760.8401573032 9819
119 25760.4073604237 9901
120 25760.3023253036 9981
121 25760.0087580949 10062
122 25759.9406843267 10147
123 25759.7880050461 10227
124 25757.9699376973 10310
125 25757.5808107543 10390
126 25758.0339517142 10471
127 25757.379161024 10557
128 25757.5815655937 10636
129 25757.0217378653 10726
130 25755.6543405877 10807
131 25755.5149848856 10887
132 25755.2218521204 10973
133 25755.1884856403 11051
134 25755.7884756902 11136
135 25755.2277447515 11217
136 25754.3449784218 11299
137 25754.9193827763 11386
138 25753.6767250065 11466
139 25753.517611363 11552
140 25753.6025828198 11634
141 25753.9526829511 11717
142 25753.1724070906 11798
143 25753.5947657458 11877
144 25753.7515681129 11961
145 25752.5455916983 12040
146 25752.7215799083 12125
147 25752.1396141606 12211
148 25752.4877455858 12292
149 25751.7682055199 12380

0 73594.5937193461 83
1 71855.4909039278 165
2 74513.8368977688 247
3 70756.3968175859 328
4 64294.028038926 411
5 60681.0872629083 491
6 53918.7681024034 575
7 49473.3946284912 654
8 47396.0059321266 734
9 43947.327843001 819
10 43506.3297602636 898
11 37675.9145119062 981
12 35042.3603418342 1059
13 32850.0623113762 1142
14 31266.7311758946 1231
15 30219.704442497 1310
16 29636.5869380229 1396
17 29116.5174840446 1478
18 28528.4765781523 1559
19 28064.5015994192 1641
20 27761.6124830812 1720
21 27558.0249028539 1806
22 27287.9727320758 1887
23 27150.1824142506 1970
24 26912.7076950444 2051
25 26756.0755030437 2132
26 26697.9079326791 2219
27 26598.0231724751 2300
28 26589.7468135396 2383
29 26511.7715891569 2463
30 26449.8158930396 2543
31 26381.986686218 2633
32 26351.1959033698 2714
33 26378.3303164003 2802
34 26327.0066883633 2890
35 26267.6952760014 2972
36 26219.9471303575 3054
37 26159.8110773331 3133
38 26129.3769109644 3216
39 26131.7048533895 3298
40 26083.2827869527 3381
41 26097.3212937917 3464
42 26072.511770538 3543
43 26027.7635788178 3628
44 26003.2562817398 3708
45 25982.5859855682 3790
46 26014.7625114146 3876
47 25968.164471004 3960
48 25944.5519071955 4053
49 25945.2109351425 4134
50 25942.4650986746 4220
51 25924.4591722457 4303
52 25916.6074215963 4386
53 25897.5486670133 4468
54 25892.3875667793 4548
55 25881.6694235095 4632
56 25896.0186401534 4712
57 25871.1911516401 4792
58 25880.7927178326 4876
59 25878.4205501328 4956
60 25856.9715311618 5043
61 25855.6470336807 5124
62 25847.6118623804 5206
63 25847.7191463662 5288
64 25833.2420959147 5369
65 25840.02846445 5459
66 25835.7186608922 5540
67 25826.1090430864 5622
68 25824.4439354571 5704
69 25821.5634072468 5783
70 25818.5963402775 5870
71 25813.3281672341 5950
72 25810.5804005986 6032
73 25806.5576326295 6114
74 25812.0761950352 6193
75 25807.2762796327 6277
76 25798.8760835241 6356
77 25802.9970157078 6439
78 25796.0302751517 6520
79 25800.195703541 6599
80 25794.797738502 6683
81 25793.3623288559 6762
82 25794.8460943759 6850
83 25790.8271610301 6932
84 25787.5514697149 7011
85 25784.7622401506 7098
86 25783.9516253345 7179
87 25784.7937323332 7262
88 25782.0841933068 7343
89 25779.4771041507 7424
90 25780.8398583123 7509
91 25780.0509912453 7589
92 25775.7981342845 7672
93 25780.3224597028 7752
94 25776.3433642052 7835
95 25776.5703981854 7917
96 25774.3633994999 7996
97 25772.8834387879 8079
98 25771.4874637748 8160
99 25772.9813498749 8243
100 25769.1894513163 8331
101 25770.4521600062 8412
102 25770.1204800996 8499
103 25768.9101576973 8580
104 25766.6667346672 8664
105 25767.4060701888 8748
106 25767.3638915175 8829
107 25766.5499840447 8917
108 25765.6775761042 9004
109 25766.2110051493 9088
110 25765.2311698477 9171
111 25763.756719587 9255
112 25765.3222542176 9341
113 25762.001267378 9423
114 25762.2329424592 9507
115 25762.1075374245 9587
116 25760.9322824613 9669
117 25760.7238997042 9757
118 25759.2168841949 9839
119 25760.9326330758 9925
120 25759.4388347151 10006
121 25758.8405171012 10088
122 25758.0156614465 10169
123 25758.0365600394 10251
124 25757.8756462806 10338
125 25756.8227131787 10421
126 25758.2176239852 10508
127 25757.5594486505 10592
128 25756.3800859204 10674
129 25757.7251425099 10759
130 25755.9920590297 10847
131 25755.8460214425 10936
132 25755.1081520747 11020
133 25755.5988842327 11110
134 25754.9338023753 11198
135 25754.6372066979 11286
136 25755.0629164455 11372
137 25754.6105027279 11454
138 25754.1083900323 11541
139 25753.7764491005 11622
140 25754.1846620955 11702
141 25753.6455937864 11785
142 25753.1812440079 11866
143 25752.8051770946 11953
144 25753.4003719752 12035
145 25753.1837518425 12120
146 25752.8989581285 12203
147 25752.3388379492 12285
148 25752.34094184 12370
149 25751.6391488307 12450
150 25751.8168041624 12539
151 25752.5451901255 12621
152 25751.2900084585 12702
153 25750.9975111041 12787
154 25751.268508231 12868
155 25751.6542341846 12952
156 25751.249801693 13032
157 25751.2885527746 13112

0 68562.8925547683 82
1 71605.6722102165 160
2 77751.392137793 245
3 69042.6768849508 327
4 68164.2737747785 409
5 60685.7793187407 490
6 59738.9366528521 568
7 50124.014127131 651
8 46936.3079442691 730
9 44175.6689442379 811
10 43140.95678983 900
11 38031.6113497288 979
12 34401.8859990727 1066
13 32624.4416206284 1145
14 31228.0315972814 1229
15 30272.9044303199 1310
16 29619.9711826257 1390
17 29013.5681886216 1476
18 28433.3914140402 1556
19 28076.9564505306 1637
20 27745.9718631882 1719
21 27559.9148206962 1801
22 27223.2469514537 1889
23 27054.2449953828 1971
24 26923.4979542479 2055
25 26819.5512041582 2140
26 26700.3987919579 2224
27 26622.6765020856 2308
28 26630.3652132603 2388
29 26538.380323715 2475
30 26437.9992706541 2556
31 26359.4920112244 2636
32 26354.5210476305 2719
33 26274.2817263323 2797
34 26263.6328171946 2881
35 26210.4832161863 2962
36 26196.6003087526 3042
37 26141.7498994573 3125
38 26132.6014935606 3204
39 26119.7478690239 3288
40 26065.9381755623 3368
41 26073.4768621615 3450
42 26021.0705427342 3533
43 26036.5521357403 3613
44 26015.4982512163 3706
45 26000.4423959335 3787
46 25993.3368646652 3869
47 25968.6794538177 3951
48 25941.5907132206 4030
49 25939.3244739075 4114
50 25934.2486542173 4194
51 25930.1458883323 4276
52 25913.5460389264 4357
53 25900.6868676275 4439
54 25889.7495918203 4523
55 25885.0203717127 4603
56 25894.810593101 4685
57 25879.4826539373 4765
58 25873.9214300564 4845
59 25861.4698424065 4930
60 25866.9086177893 5011
61 25851.8436305003 5100
62 25850.3350035642 5181
63 25847.942369871 5263
64 25840.6464917605 5350
65 25837.3007793644 5431
66 25835.8360972907 5517
67 25827.8319619654 5596
68 25826.1472999985 5677
69 25825.7197910977 5759
70 25822.1390694106 5838
71 25811.9765281477 5927
72 25809.6604298932 6007
73 25812.6533069986 6087
74 25810.5268308376 6171
75 25812.8504892199 6250
76 25803.3706866365 6334
77 25804.7860929624 6413
78 25794.8831414137 6495
79 25798.8363178618 6579
80 25796.8836959364 6657
81 25795.0477994794 6744
82 25788.2578312931 6823
83 25792.9572834597 6904
84 25793.6975272443 6989
85 25789.2866929976 7069
86 25785.2462659874 7154
87 25785.1063425523 7235
88 25784.0662704041 7317
89 25783.3725549866 7398
90 25780.0737985239 7477
91 25781.9729402918 7561
92 25777.517347673 7639
93 25779.4875060152 7721
94 25776.2932696443 7802
95 25776.652796808 7882
96 25773.6666803497 7972
97 25774.1179457248 8053
98 25772.1924520618 8140
99 25769.9079520132 8220
100 25772.4563348815 8301
101 25769.9002831995 8384
102 25772.1171682112 8467
103 25768.7717576039 8550
104 25768.2360378507 8630
105 25767.5253947036 8709
106 25768.0421606032 8792
107 25765.6970427801 8871
108 25766.9836466907 8954
109 25764.7589832363 9035
110 25764.0619603675 9116
111 25764.6193138877 9200
112 25763.1815939149 9280
113 25763.1482268273 9371
114 25761.9789866573 9452
115 25761.261448567 9535
116 25761.611618808 9616
117 25760.786526566 9695
118 25761.106827126 9780
119 25760.2836019277 9859
120 25760.9563215715 9939
121 25760.3455803551 10021
122 25758.6655689834 10101
123 25758.5320887125 10184
124 25757.9318410964 10265
125 25758.3911917267 10345
126 25757.0329096168 10428
127 25756.659618058 10507
128 25756.5626887163 10590
129 25756.2331377689 10671
130 25756.8179693011 10758
131 25756.1698126989 10841
132 25755.896424323 10925
133 25755.0692427537 11014
134 25755.101655004 11094
135 25754.7349555633 11179
136 25755.077235898 11263
137 25754.9001058825 11344
138 25754.7467408555 11428
139 25754.5144067184 11507
140 25754.5073756356 11589
141 25753.4114333129 11670
142 25753.4162940906 11750
143 25753.2810800425 11835
144 25752.6464221464 11915
145 25752.8894334997 12000
146 25752.6858553861 12082
147 25752.3023599325 12163
148 25751.6611488425 12253
149 25752.5590553025 12333
150 25752.0010562212 12419
151 25751.8858806035 12499
152 25751.1747886676 12579
153 25751.2625713618 12661
154 25751.7354392406 12740

0 74262.1266127719 87
1 72781.0438485079 165
2 69668.3792887141 246
3 67557.1045118085 333
4 68722.9662826081 413
5 60986.234326448 497
6 56093.7531826607 576
7 54396.1362497971 657
8 46367.4745573928 738
9 45275.8841780623 816
10 41032.9375182491 905
11 36873.7197937778 984
12 34777.7002845186 1067
13 32635.2624270624 1148
14 31058.4799446577 1225
15 30393.7231856707 1312
16 29763.3500157566 1390
17 29128.1974809603 1473
18 28446.1122693975 1555
19 28041.5291214933 1635
20 27627.0874089095 1720
21 27426.1182896674 1800
22 27216.4434749178 1882
23 27071.0947300454 1963
24 26925.4380187063 2042
25 26872.1943105231 2127
26 26680.1626294895 2206
27 26646.2761355635 2293
28 26600.6389218178 2376
29 26492.8346487952 2457
30 26452.065976748 2544
31 26406.4296044021 2625
32 26338.6354487187 2708
33 26306.4353928054 2789
34 26267.3249001372 2869
35 26222.0446833006 2952
36 26211.5538167319 3033
37 26158.5659444822 3117
38 26127.8708363196 3203
39 26122.803278691 3285
40 26069.9158497624 3368
41 26075.3023570419 3449
42 26043.6419004366 3535
43 26026.6887849892 3615
44 26004.7239928713 3701
45 25996.1448846931 3782
46 25965.9791063433 3861
47 25960.8798521196 3948
48 25949.7764664917 4030
49 25935.6504732071 4113
50 25933.1968275937 4197
51 25925.0354808919 4276
52 25914.2753873059 4360
53 25906.5597602287 4441
54 25889.6413051781 4526
55 25895.5834838702 4607
56 25874.4182954166 4688
57 25872.7276052344 4772
58 25873.4617753717 4851
59 25859.8576830018 4934
60 25851.9436692919 5015
61 25855.034586737 5098
62 25848.5600646941 5186
63 25844.876470512 5266
64 25838.6431459622 5352
65 25834.3697801223 5433
66 25825.8989146404 5515
67 25825.0941711911 5598
68 25828.2377875222 5678
69 25827.0626631324 5763
70 25818.3488519252 5842
71 25816.4528390333 5924
72 25810.2757516402 6005
73 25818.7970108568 6086
74 25805.8416232503 6171
75 25806.1968132646 6250
76 25804.4871817714 6332
77 25805.916873875 6418
78 25802.283345378 6498
79 25798.5036625002 6593
80 25794.9017402738 6674
81 25793.5807835295 6756
82 25792.7613523056 6836
83 25790.1124106429 6916
84 25786.4499623791 7000
85 25784.1903062765 7080
86 25785.921973072 7163
87 25785.9979361735 7244
88 25784.0369907853 7325
89 25780.994813275 7409
90 25780.7745918034 7489
91 25776.3474561017 7573
92 25779.3857396728 7654
93 25779.3316383359 7734
94 25776.9660570962 7817
95 25774.0119982995 7896
96 25775.6716900406 7986
97 25771.3959533995 8067
98 25772.902633898 8151
99 25773.3645348811 8239
100 25773.3754526502 8319
101 25771.5567527534 8403
102 25768.7644803588 8484
103 25768.9027243768 8565
104 25768.4751660093 8645
105 25766.902933013 8724
106 25767.0708684991 8808
107 25768.6850596697 8887
108 25766.0432488242 8968
109 25765.382001612 9051
110 25762.8272853886 9131
111 25765.0513441634 9216
112 25762.30059079 9295
113 25764.4401814567 9382
114 25763.0954726393 9468
115 25762.7274381021 9549
116 25760.6238559907 9635
117 25761.4972591956 9719
118 25760.1215897934 9802
119 25759.8075686522 9882
120 25759.2472203594 9962
121 25759.9805931627 10047
122 25759.4587751669 10130
123 25758.4415206926 10212
124 25757.4660934347 10292
125 25757.8014658161 10372
126 25756.272249914 10457
127 25756.6162055084 10538
128 25756.5364490246 10623
129 25756.929086546 10704
130 25757.1749121129 10790
131 25756.6398674782 10872
132 25755.0772635682 10953
133 25755.8553503466 11040
134 25754.8977045888 11123
135 25754.7878079319 11206
136 25755.0648233404 11287
137 25754.4238570817 11366
138 25754.6717927827 11452
139 25755.1864488202 11532
140 25753.6485929538 11613
141 25753.9055370252 11695
142 25753.3037149032 11775
143 25754.3958420355 11859
144 25753.6645764881 11939
145 25752.6365242821 12021
146 25752.2624215044 12104
147 25752.2532917072 12186
148 25752.3152211623 12278
149 25752.5626376291 12359
150 25751.7657867258 12445
151 25751.5424548765 12527

0 71792.0206424025 83
1 72809.8785964088 166
2 76943.7636819615 245
3 67934.1952343727 328
4 65175.8221560987 408
5 65144.0858483524 489
6 59415.5631965675 574
7 48937.4813943264 654
8 47714.3278900604 741
9 44907.0181912194 821
10 43564.9779980076 905
11 37372.9969054609 987
12 34614.2434473627 1067
13 33436.13199936 1156
14 31478.2154358746 1234
15 30563.6045553391 1319
16 29587.8459890683 1399
17 29214.487446085 1478
18 28454.1502479263 1565
19 28110.4422500506 1644
20 27604.1637671712 1727
21 27584.6742883672 1807
22 27304.0111746254 1887
23 27036.2111007206 1971
24 26932.159141041 2050
25 26857.9757056824 2132
26 26727.6908797051 2213
27 26684.000775462 2294
28 26640.3978990362 2378
29 26562.3276399637 2457
30 26500.2210976455 2547
31 26487.7891688204 2629
32 26417.518287632 2709
33 26326.6126102193 2793
34 26271.3322064605 2873
35 26271.766919193 2956
36 26233.375318862 3038
37 26218.6830162646 3117
38 26158.6238480132 3200
39 26139.4680686305 3278
40 26105.7912511215 3362
41 26110.1557327137 3442
42 26080.523698521 3522
43 26052.778038363 3605
44 26072.3119801314 3683
45 26036.2846524058 3766
46 26025.1000312989 3847
47 26005.5211655877 3930
48 26001.3829573151 4015
49 25987.2395355612 4093
50 25957.600657669 4181
51 25973.1155420164 4261
52 25955.5827761974 4342
53 25940.515132878 4424
54 25942.424713422 4504
55 25922.356402555 4589
56 25921.8448787143 4669
57 25917.2398904023 4752
58 25899.7707221551 4835
59 25896.1936451236 4913
60 25896.6074945707 4999
61 25897.716688002 5078
62 25887.2739968141 5160
63 25890.1542433769 5242
64 25883.9321433089 5322
65 25870.5627427172 5415
66 25872.3532901658 5496
67 25867.6320697701 5580
68 25863.4921204244 5661
69 25864.617166967 5747
70 25857.5235633636 5832
71 25852.1840529201 5913
72 25849.4641638402 6000
73 25850.6992547485 6082
74 25849.5627923903 6164
75 25841.9638673407 6250
76 25840.5524686623 6329
77 25837.9859325963 6412
78 25838.5602451272 6492
79 25837.5400892602 6573
80 25838.3191802059 6655
81 25833.1241618238 6734
82 25828.4068694446 6824
83 25827.7651846594 6905
84 25827.5101776198 6989
85 25825.1558421906 7073
86 25826.2496387419 7153
87 25823.8010929198 7238
88 25823.7807071981 7317
89 25823.3866572937 7399
90 25820.8381590038 7480
91 25818.8169596471 7559
92 25817.6658746053 7643
93 25815.7322040236 7723
94 25815.7010368129 7805
95 25813.787806894 7887
96 25814.4796750929 7968
97 25812.1926657427 8053
98 25809.9928973715 8132
99 25810.3095396557 8219
100 25808.6561498617 8301
101 25811.2032247559 8381
102 25809.0269948923 8468
103 25807.7541502322 8547
104 25804.7969572349 8631
105 25805.2478158195 8713
106 25804.4768829557 8794
107 25804.5739207541 8877
108 25803.1292262862 8957
109 25803.8282992712 9041
110 25802.7724551542 9122
111 25801.8159953968 9203
112 25799.526380801 9285
113 25801.0939463711 9364
114 25799.7696856707 9448
115 25799.4032042746 9528
116 25798.4946159449 9612
117 25798.8201608516 9703
118 25798.3928713464 9784
119 25798.8594348181 9873
120 25797.7308684258 9953
121 25797.7535712776 10040
122 25797.6348203049 10122
123 25797.2060512143 10203
124 25797.1743742678 10287
125 25794.72970612 10367
126 25795.7549214379 10450
127 25795.6084567423 10530
128 25794.4141119932 10611
129 25795.115037258 10695
130 25794.9420454639 10779
131 25795.3888034871 10863
132 25793.9033103283 10944
133 25793.4909744402 11026
134 25793.3868602578 11116
135 25792.9220150803 11197
136 25792.4378399022 11284
137 25792.9838495577 11365
138 25792.9411361877 11448
139 25792.27754699 11531
140 25792.0557999398 11610
141 25791.5241055598 11694
142 25790.8965035121 11773
143 25791.4019756543 11857
144 25791.0909832295 11940
145 25790.975401512 12021
146 25791.2686107036 12109
147 25790.8313706482 12190

0 73660.2841334394 85
1 76950.7680788644 165
2 75686.567601375 244
3 69145.3726016493 334
4 66019.7144442674 415
5 64203.7817480579 500
6 62026.694705453 582
7 52397.0400769863 663
8 49306.4495168736 746
9 45464.896003893 824
10 43016.6930560838 908
11 37173.4228426205 987
12 35801.6833464975 1066
13 33263.0708247701 1148
14 31226.8259331138 1226
15 29956.216040136 1308
16 29827.2768044178 1388
17 28884.9587508237 1468
18 28425.6522017082 1550
19 27834.0928906887 1629
20 27672.0075742635 1719
21 27353.9191231431 1801
22 27186.3782396179 1882
23 27036.1573054543 1968
24 26985.1255751714 2048
25 26787.5394416172 2132
26 26697.6013256376 2211
27 26641.6159977077 2292
28 26593.9454686389 2374
29 26560.0449033808 2452
30 26435.5734223597 2536
31 26377.5995153615 2616
32 26360.1626624172 2701
33 26284.7140698792 2783
34 26232.3749027353 2863
35 26214.0532599268 2949
36 26206.4978614007 3028
37 26135.6002171239 3113
38 26121.6440622458 3197
39 26139.5230769419 3277
40 26104.2589199934 3364
41 26067.5037730421 3445
42 26042.2785646603 3529
43 26017.140043327 3613
44 26009.5759340228 3695
45 25986.5285764278 3779
46 25958.5795248666 3858
47 25975.1352329214 3942
48 25963.7326782685 4023
49 25956.7057391328 4103
50 25929.3129053019 4187
51 25935.9579274445 4265
52 25923.8486931895 4349
53 25914.1521396474 4431
54 25906.7808265099 4513
55 25894.3875310039 4602
56 25884.3192740914 4681
57 25871.2173745384 4769
58 25857.4830766722 4849
59 25864.0219035954 4931
60 25862.8243813769 5014
61 25858.6616377469 5093
62 25841.9091212415 5177
63 25839.6732419358 5258
64 25848.0002893569 5340
65 25845.1824891632 5423
66 25836.3218070215 5501
67 25836.0897356052 5587
68 25824.4019771483 5666
69 25822.1778736876 5748
70 25817.2829282192 5831
71 25820.8805461637 5911
72 25815.5246756908 6002
73 25812.7270034611 6082
74 25807.9165704553 6170
75 25804.7305579124 6255
76 25804.0711470303 6337
77 25802.2840791555 6424
78 25800.8999471044 6504
79 25799.8502838485 6589
80 25796.9384508666 6669
81 25795.6250144067 6750
82 25792.4793898584 6832
83 25792.8062459344 6911
84 25792.6202040529 6995
85 25787.2488645316 7075
86 25783.3423219658 7156
87 25786.3160961406 7238
88 25780.3541277065 7316
89 25784.5271761015 7407
90 25782.9211196991 7487
91 25781.9776228688 7568
92 25780.9033440273 7651
93 25777.5135156452 7730
94 25777.0377860404 7815
95 25774.1445887753 7893
96 25774.3319049084 7974
97 25774.2962427697 8057
98 25775.1528131155 8137
99 25772.3957626532 8223
100 25771.1635783892 8305
101 25771.2203766854 8390
102 25770.5035184237 8472
103 25767.9665129763 8553
104 25767.5841751146 8638
105 25767.4758823572 8720
106 25766.7619129094 8809
107 25766.6161521007 8890
108 25765.7271150389 8971
109 25763.9775354358 9058
110 25763.9361214739 9138
111 25762.765637112 9221
112 25763.7581103094 9302
113 25764.0292632231 9381
114 25762.6549458358 9463
115 25762.1563661937 9542
116 25762.2693871559 9625
117 25760.7003304088 9706
118 25760.6005778711 9787
119 25761.2551282982 9870
120 25759.1366076531 9950
121 25759.5599191196 10035
122 25758.5777153534 10115
123 25758.608524953 10196
124 25757.5471728047 10282
125 25758.0974698954 10361
126 25756.8890264943 10450
127 25756.8185170749 10531
128 25756.4474829337 10613
129 25755.8868310402 10696
130 25756.751459365 10775
131 25756.1335871589 10860
132 25755.9809709374 10941
133 25755.7114651073 11023
134 25754.2978964555 11104
135 25753.9986992475 11184
136 25754.2220278823 11269
137 25753.4728453951 11348
138 25753.9538606304 11429
139 25754.0855093017 11511
140 25753.4567537078 11589
141 25752.7926316172 11681
142 25752.7608568787 11761
143 25753.0816242189 11847
144 25752.4179969048 11928
145 25752.9285510636 12007
146 25752.9316604819 12092
147 25752.9859999831 12172
148 25752.5865821371 12256
149 25752.509980989 12339
150 25751.9293130131 12419
151 25751.3926119683 12501
152 25750.7262391226 12580

0 79673.3949943589 86
1 68473.4167449289 166
2 70532.7608780513 248
3 73561.9633154692 330
4 67747.9145759422 408
5 67700.947696591 500
6 54743.4378851087 582
7 51371.224788165 662
8 46375.0588103007 744
9 43353.2749181218 822
10 42688.9686000718 907
11 37739.0396523664 989
12 35140.1189131896 1072
13 32654.8869456198 1153
14 31259.7699029373 1232
15 30124.3838845585 1315
16 30042.0236489662 1394
17 29311.5576292369 1477
18 28465.0301138192 1560
19 27951.9048075427 1639
20 27673.0097198362 1726
21 27393.3109397096 1807
22 27250.8505309365 1893
23 26989.1708594821 1976
24 27039.0346436853 2056
25 26795.121298445 2145
26 26796.2297435771 2227
27 26617.3206779485 2311
28 26547.848849323 2391
29 26474.1862381413 2471
30 26498.0924191979 2554
31 26391.8908004448 2633
32 26369.260632014 2717
33 26290.0540192986 2797
34 26270.3548698882 2878
35 26262.4877124788 2961
36 26214.1310331076 3040
37 26178.801516208 3126
38 26143.4040369012 3207
39 26100.8655380113 3290
40 26095.684317418 3377
41 26058.1311368214 3457
42 26053.0786426232 3543
43 26020.3807452788 3625
44 26035.1661767268 3706
45 26006.9320003489 3789
46 25987.3796616019 3871
47 25955.5912978835 3956
48 25955.6066702301 4036
49 25952.4395755883 4121
50 25929.1425443675 4203
51 25922.0335614711 4284
52 25903.4104149197 4368
53 25908.8949583867 4447
54 25893.3915372098 4529
55 25892.3562475699 4611
56 25873.9755637908 4691
57 25871.7675744859 4781
58 25872.8441217246 4861
59 25870.8540457216 4945
60 25856.1341323734 5026
61 25857.0094477825 5109
62 25857.4013291404 5194
63 25845.3877777385 5274
64 25836.2485230718 5357
65 25838.1313476184 5438
66 25831.5566531397 5519
67 25831.0979873771 5603
68 25828.5603534317 5683
69 25823.5002692848 5769
70 25813.9054225686 5852
71 25816.4448492544 5933
72 25810.8989506353 6021
73 25810.7574828309 6103
74 25808.0421520175 6195
75 25806.867090762 6275
76 25804.5917388681 6360
77 25802.9421072406 6442
78 25801.5806484342 6521
79 25799.6631498772 6605
80 25792.3930470819 6684
81 25792.8553888348 6766
82 25790.6743543929 6847
83 25789.4892971703 6928
84 25788.9867848437 7012
85 25788.2490948578 7092
86 25788.3295973757 7175
87 25785.3210078432 7256
88 25786.1531300056 7336
89 25782.0886732921 7420
90 25780.6369016906 7499
91 25778.4968263689 7589
92 25781.1956005503 7672
93 25777.2229212741 7753
94 25772.4961845708 7836
95 25772.8581209896 7916
96 25773.3698165728 8001
97 25775.1070593828 8083
98 25772.7912340776 8180
99 25772.0214631289 8263
100 25773.7691185273 8343
101 25770.6402048309 8427
102 25769.6286650746 8506
103 25767.7162771617 8588
104 25766.7747662875 8670
105 25766.6210859565 8750
106 25767.3799209911 8835
107 25765.5593348714 8913
108 25764.6582817308 9003
109 25763.8820239543 9084
110 25764.7602652441 9167
111 25763.7846370976 9252
112 25763.4907307917 9331
113 25763.7141543249 9414
114 25762.0751714045 9495
115 25762.1885951782 9576
116 25762.3786283764 9660
117 25762.6429732926 9740
118 25761.3255181692 9826
119 25760.8255204884 9907
120 25759.4637319335 9988
121 25760.3280023433 10071
122 25759.6755279485 10152
123 25758.9435600399 10237
124 25758.9257094373 10317
125 25758.8738415596 10400
126 25758.4719901017 10485
127 25757.5696246817 10564
128 25756.7830373277 10652
129 25756.5861732042 10733
130 25756.7730425278 10817
131 25755.9413441772 10899
132 25755.5831971277 10979
133 25755.5715351321 11070
134 25755.6684488339 11153
135 25754.5521711772 11240
136 25754.6448492301 11322
137 25754.0750501873 11403
138 25755.0255878981 11486
139 25754.3945093003 11567
140 25753.9759094176 11657
141 25753.8016953545 11739
142 25753.6300668829 11830
143 25753.9833779507 11921
144 25753.3861799361 12004
145 25753.2021060678 12092
146 25752.2137231183 12175
147 25752.8397355452 12264
148 25752.0792313371 12345
149 25752.133841482 12428
150 25752.4040922728 12509
151 25751.5008525719 12589
152 25751.4046037627 12675
153 25751.664127269 12759
154 25751.7638062842 12843

0 73357.6272481321 81
1 79585.0549485505 161
2 80003.0590511999 246
3 68979.4722579266 325
4 63553.5613550725 417
5 62954.1433534457 501
6 58366.8898523617 582
7 52791.8623720896 665
8 45121.1146867308 744
9 44935.4085965773 831
10 41223.7029134278 914
11 38018.3607964108 995
12 34980.0184037715 1077
13 33557.0487631005 1160
14 31438.7150578033 1247
15 30514.8636343589 1328
16 29889.1992156114 1411
17 29189.9561305378 1496
18 28466.8250583799 1575
19 28055.0843487202 1665
20 27722.110473728 1748
21 27394.3885231764 1838
22 27306.8645303022 1923
23 27002.6705160497 2008
24 26927.9785741013 2091
25 26793.4361532608 2174
26 26681.4732435864 2263
27 26648.2453106634 2343
28 26568.8609483846 2425
29 26547.296131053 2506
30 26449.249480072 2586
31 26380.8014023504 2672
32 26359.7889417697 2755
33 26322.554882009 2838
34 26244.469387662 2919
35 26230.2910659297 3000
36 26175.5435224735 3083
37 26167.6488583509 3163
38 26096.6105838977 3263
39 26108.2033050499 3345
40 26099.5403412109 3429
41 26089.0361271281 3511
42 26044.5003528969 3590
43 26033.4237272607 3674
44 26000.7100697101 3755
45 25994.6413262937 3835
46 25979.1689655298 3917
47 25981.9315914843 3996
48 25957.9553472943 4082
49 25947.9260216844 4164
50 25925.281592623 4245
51 25922.7864543218 4331
52 25911.026737879 4412
53 25909.0593818387 4496
54 25911.4793346874 4577
55 25880.7381600606 4665
56 25884.6290828962 4747
57 25874.5063161214 4826
58 25868.4732438315 4915
59 25868.4249574144 4996
60 25856.6910186786 5080
61 25855.4301439829 5160
62 25846.052792906 5240
63 25848.5313620011 5326
64 25842.4117879855 5405
65 25838.8419592233 5489
66 25840.5279790109 5569
67 25828.506646128 5650
68 25832.9921351776 5733
69 25826.0548874804 5812
70 25814.9005759783 5895
71 25820.3416177748 5975
72 25810.4281157752 6057
73 25811.0946517144 6142
74 25812.4874212679 6221
75 25804.529013576 6308
76 25801.2879867887 6389
77 25802.5606701869 6470
78 25799.0253747133 6552
79 25800.917089353 6631
80 25796.6170529757 6714
81 25795.6392230898 6794
82 25794.1085035878 6874
83 25787.7774482672 6957
84 25788.9039838938 7037
85 25786.0697759955 7121
86 25783.0428159818 7201
87 25785.8285451087 7284
88 25783.3685769279 7367
89 25784.6128932219 7447
90 25780.1980811614 7537
91 25781.1526516738 7618
92 25775.9135748713 7700
93 25776.5035162678 7783
94 25775.522983906 7864
95 25777.8733302931 7948
96 25773.3393052327 8028
97 25775.3532977194 8114
98 25773.7125891054 8205
99 25771.8066561136 8292
100 25770.0842717389 8376
101 25772.4579792235 8454
102 25769.6438329523 8539
103 25770.4301165885 8619
104 25768.5430692926 8700
105 25765.9610262752 8782
106 25767.7797616052 8860
107 25767.4557890402 8950
108 25765.2274801217 9031
109 25765.6138437437 9113
110 25764.4762603945 9196
111 25764.3533970018 9275
112 25764.2451464727 9360
113 25763.9122122539 9440
114 25762.971505284 9521
115 25762.3499183335 9605
116 25763.4340403684 9686
117 25760.0123535455 9771
118 25760.5077843676 9851
119 25761.1102609272 9933
120 25760.5667179581 10014
121 25758.7188789162 10094
122 25757.4870988804 10180
123 25758.4199940264 10261
124 25758.8450030465 10350
125 25758.2387473261 10432
126 25757.7097281482 10512
127 25756.9987585024 10600
128 25756.6705206341 10678
129 25755.8552631283 10762
130 25756.2942163841 10842
131 25755.6026812883 10922
132 25755.1378718614 11006
133 25754.8041497095 11085
134 25755.0107341331 11168
135 25755.6851405549 11248
136 25754.1269479051 11329
137 25754.1453471127 11412
138 25754.4820151306 11490
139 25754.2984224915 11573
140 25754.340399887 11654
141 25754.0407256294 11734
142 25753.5283909976 11825
143 25753.2848909924 11904
144 25753.0250112609 11990
145 25752.6422291832 12070
146 25753.7817066547 12151
147 25753.1491676997 12233
148 25752.8324938266 12312
149 25752.1497234473 12396
150 25752.0692505274 12476
151 25751.8895854828 12558
152 25751.7138152197 12639
153 25751.9741715579 12718
154 25750.7907069098 12801

0 77389.2779531864 81
1 81314.4545095526 163
2 75566.744162467 244
3 68041.1817654385 322
4 67058.7495630817 415
5 60291.7834765838 498
6 57066.0048557167 583
7 48022.5821216652 665
8 46627.5192962416 745
9 45786.046894138 830
10 43421.4185144027 910
11 38173.4679540196 992
12 34373.5490592727 1072
13 32972.0604467442 1151
14 31964.0889118497 1238
15 30331.6667589079 1316
16 30196.4500458552 1398
17 29139.1176000567 1479
18 28513.8400657862 1559
19 27853.9053275135 1644
20 27763.9770445564 1724
21 27475.4375733159 1815
22 27243.8867749773 1897
23 27052.2541678752 1979
24 26976.4826011635 2065
25 26802.620904707 2146
26 26809.2817701617 2230
27 26693.0667435192 2310
28 26608.0639961697 2391
29 26609.5064422645 2474
30 26534.9270574627 2553
31 26464.9202482994 2638
32 26398.2854978901 2719
33 26327.3725534083 2800
34 26303.1900891724 2882
35 26240.1137444894 2961
36 26212.5998304804 3046
37 26175.3063242581 3127
38 26165.062535475 3209
39 26147.8959931354 3293
40 26118.3763255583 3372
41 26102.8588633195 3461
42 26100.1409573643 3544
43 26061.9456195509 3628
44 26076.9365176589 3712
45 26031.571474396 3792
46 26023.8985354112 3876
47 26012.5026004813 3956
48 25991.6441908754 4040
49 25973.1867565693 4120
50 25966.4334538812 4201
51 25954.8473824199 4285
52 25962.8750302507 4365
53 25958.9659714276 4449
54 25928.3568818243 4530
55 25923.5114386345 4618
56 25913.7949631076 4704
57 25914.0166586002 4785
58 25905.3032534414 4872
59 25896.2879461944 4952
60 25901.4917410172 5033
61 25892.7310842863 5115
62 25884.3946965429 5196
63 25882.4407507253 5280
64 25877.8854256522 5360
65 25882.3053996113 5444
66 25866.8701992299 5527
67 25869.0261858397 5607
68 25860.5083926992 5691
69 25865.6253577492 5770
70 25856.1142529538 5852
71 25857.1080150194 5933
72 25850.9936305594 6012
73 25851.4741501856 6104
74 25847.4688328434 6184
75 25843.0783259681 6269
76 25841.2760192894 6352
77 25837.0063041816 6432
78 25839.1905036097 6517
79 25837.4942956987 6597
80 25834.0909442009 6679
81 25831.6355008769 6760
82 25832.0429605366 6840
83 25829.380069821 6923
84 25823.5841766684 7002
85 25825.0996691875 7087
86 25824.4227717501 7167
87 25823.0329345902 7247
88 25825.2835660816 7331
89 25819.863918495 7412
90 25820.4185765352 7504
91 25817.9800323278 7586
92 25818.5110372944 7673
93 25818.3090605729 7755
94 25815.3019989587 7834
95 25813.6795045586 7918
96 25812.7760348529 7999
97 25811.9477248894 8080
98 25812.8766782326 8162
99 25809.5331322841 8241
100 25811.4566919064 8327
101 25809.8314360139 8407
102 25806.9676652716 8489
103 25808.0341359938 8571
104 25806.0834339862 8651
105 25806.3182428634 8734
106 25806.2217613603 8814
107 25804.6458861168 8902
108 25804.4318898619 8985
109 25804.2126549628 9065
110 25803.4075668736 9150
111 25801.5662598927 9230
112 25800.911680791 9313
113 25800.755069044 9394
114 25800.7841561197 9474
115 25799.2891933739 9561
116 25799.6904312743 9642
117 25799.3344325056 9726
118 25799.6649337374 9806
119 25798.5608717184 9887
120 25796.8710108864 9971
121 25796.7860480721 10051
122 25796.9509392078 10139
123 25796.7565668273 10221
124 25796.3449404873 10303
125 25796.5730551324 10385
126 25796.2983825932 10471
127 25795.0996094019 10558
128 25794.4329254165 10639
129 25794.7465066642 10721
130 25793.9617060296 10803
131 25793.9004025101 10883
132 25793.9445369503 10966
133 25793.6055226978 11046
134 25792.4748473809 11128
135 25792.5459871366 11209
136 25792.8698530963 11289
137 25793.0882055914 11373
138 25792.3539942111 11454
139 25792.0510887226 11542
140 25791.0984859523 11624
141 25792.3009763279 11704
142 25792.2475655705 11790
143 25790.9608818488 11871
144 25791.4789959433 11955
145 25791.4520091258 12036
146 25791.345058479 12117
147 25790.7932061562 12199
148 25790.2933342258 12278
149 25789.8233355419 12362
150 25790.910639825 12442
151 25791.1352442122 12522
152 25789.7892518513 12604

0 74938.4421001858 82
1 73385.1393186567 164
2 75212.8226327941 244
3 71959.4054566709 324
4 64387.8823006642 412
5 61203.7505497299 491
6 54685.1836218638 578
7 49716.5349448657 660
8 47561.7640389775 741
9 46420.2964821436 824
10 43116.6800000595 902
11 38346.0893764514 986
12 34680.1171008 1065
13 33118.5652944181 1145
14 31294.7376925856 1227
15 30274.8444724305 1306
16 29459.3144775552 1389
17 29323.990046436 1469
18 28427.8048366609 1550
19 28179.4479057379 1632
20 27730.7049079279 1711
21 27399.9632520388 1801
22 27224.7015873868 1882
23 27145.1550943434 1967
24 27034.1032378165 2049
25 26855.8766014719 2129
26 26725.6944900009 2216
27 26669.5971589396 2297
28 26628.331526044 2381
29 26497.6931397703 2462
30 26484.3942359567 2542
31 26394.9285690714 2626
32 26364.0342698867 2706
33 26322.174358886 2789
34 26306.6256055085 2875
35 26207.2544110024 2959
36 26230.3791487542 3044
37 26180.0463833673 3125
38 26136.0253952799 3218
39 26115.833627284 3301
40 26132.5809545702 3383
41 26101.2797081713 3466
42 26064.9103885799 3545
43 26076.4560456741 3629
44 26039.581132403 3710
45 26007.5546169458 3792
46 26002.1485913867 3874
47 25988.9158799273 3954
48 25977.5438358403 4039
49 25973.096837208 4121
50 25967.5513442042 4205
51 25947.1990419377 4287
52 25943.5902372171 4367
53 25942.4639569295 4451
54 25923.4658385373 4532
55 25920.9376740048 4621
56 25906.2718664676 4704
57 25901.5959462911 4785
58 25903.5380346419 4870
59 25897.2213477723 4952
60 25891.3381161775 5036
61 25885.177391697 5116
62 25876.7533001363 5196
63 25873.6212438998 5279
64 25869.5748376275 5358
65 25865.8626876064 5442
66 25859.4985363401 5523
67 25860.3137138283 5604
68 25858.7341775413 5688
69 25850.9301392556 5767
70 25845.785369757 5852
71 25844.4604174207 5932
72 25845.1607348605 6014
73 25839.0340520289 6099
74 25836.1643362338 6178
75 25830.0526522127 6266
76 25826.3719473334 6346
77 25829.8267731378 6428
78 25828.0347012379 6511
79 25825.0983306783 6593
80 25824.5752291939 6678
81 25819.9784225724 6757
82 25817.6493059825 6840
83 25818.1126653894 6922
84 25812.0873818188 7003
85 25815.8026546105 7089
86 25815.4139110601 7169
87 25813.9683053181 7252
88 25810.6354404033 7333
89 25809.6334633286 7412
90 25809.0899014076 7504
91 25805.7309941302 7585
92 25803.8307426375 7672
93 25806.4948843166 7753
94 25800.8181655243 7833
95 25802.3767618934 7923
96 25799.660854893 8004
97 25801.3186141168 8089
98 25797.9695094087 8169
99 25800.0755780342 8251
100 25798.2042708538 8332
101 25795.7832757777 8412
102 25796.3302341472 8497
103 25795.7735364388 8578
104 25795.4207886546 8660
105 25794.463111352 8742
106 25794.7106539223 8821
107 25794.5387282896 8912
108 25793.0160231466 8992
109 25792.2759290561 9077
110 25792.0255341337 9162
111 25788.6513410931 9243
112 25790.1970871168 9325
113 25789.0511529029 9404
114 25789.3667623457 9487
115 25789.1801771192 9568
116 25789.4554151417 9650
117 25788.1789573476 9732
118 25787.0031970821 9811
119 25786.5187618364 9895
120 25786.259083171 9977
121 25785.7645918587 10057
122 25786.4199722672 10141
123 25783.9529904703 10221
124 25784.3446261061 10311
125 25784.8019322497 10393
126 25783.190901707 10474
127 25783.6811667142 10555
128 25783.6011641519 10634
129 25782.2905088311 10717
130 25782.9107559623 10797
131 25782.3560702276 10877
132 25782.5715320571 10960
133 25783.0996562714 11039
134 25781.9991670162 11122
135 25781.0153260959 11202
136 25780.8630767044 11284
137 25780.6000225165 11364
138 25781.2802234558 11443
139 25781.2402026218 11528
140 25780.7286140961 11608
141 25780.5286206498 11690
142 25779.6907396613 11774
143 25779.5410629361 11853
144 25779.5698900171 11942
145 25778.7894806036 12023
146 25778.9112915708 12104
147 25778.9814930906 12185
148 25779.3035034815 12264
149 25779.043431468 12348
150 25778.1534883408 12429

0 74187.2015555607 84
1 69566.5649734449 164
2 79341.7060225002 242
3 75270.5314835148 327
4 65804.8985811236 407
5 60409.388927473 497
6 52970.9041446426 577
7 51480.1986228227 656
8 47412.667452456 752
9 45404.3315198552 832
10 42158.3057281901 916
11 37755.8571184347 995
12 35441.9855628496 1075
13 32928.0365679324 1156
14 31855.3369264111 1234
15 30649.7879887472 1316
16 29678.8622885376 1396
17 29364.359930343 1477
18 28556.1072932263 1561
19 28027.3319285312 1641
20 27716.8962518998 1724
21 27461.0552405348 1805
22 27238.6505217717 1886
23 27101.6029691779 1969
24 27004.1781769295 2049
25 26819.5766636944 2140
26 26726.5824402694 2221
27 26649.7854245458 2304
28 26628.6747495839 2387
29 26513.3609512646 2467
30 26466.2856694264 2553
31 26376.2263256246 2634
32 26383.7598703087 2715
33 26362.0062141063 2796
34 26312.865249947 2875
35 26245.8572201144 2961
36 26232.1373667193 3043
37 26187.2103330966 3126
38 26165.6082671719 3212
39 26138.6664843262 3293
40 26136.9186339211 3377
41 26075.5628150253 3458
42 26085.903952634 3550
43 26069.7222026018 3631
44 26046.4836877631 3712
45 26049.1889350256 3796
46 26020.5115706804 3875
47 26002.0705024952 3960
48 25995.9011105976 4039
49 26000.3681367974 4119
50 25969.17998071 4201
51 25951.041271767 4281
52 25957.7620033596 4365
53 25938.3537217785 4445
54 25939.9414353195 4526
55 25924.8285078987 4609
56 25913.7456779417 4688
57 25910.6271520655 4772
58 25915.1068956114 4852
59 25893.3531697357 4936
60 25899.7127320104 5021
61 25895.4485289638 5103
62 25885.2581887211 5190
63 25883.8637857386 5269
64 25883.0027150476 5351
65 25877.9772122062 5433
66 25874.4514859297 5519
67 25867.7138191665 5604
68 25870.209689687 5684
69 25865.7849326161 5767
70 25856.8859945286 5848
71 25855.1645059475 5928
72 25855.9793492644 6012
73 25848.2829937407 6091
74 25845.9747407051 6174
75 25844.6045203128 6254
76 25841.200857572 6336
77 25839.5319001047 6425
78 25835.9177063083 6505
79 25831.5944128518 6592
80 25834.0145075789 6673
81 25828.8134131339 6754
82 25827.0751974985 6835
83 25828.0604068945 6914
84 25829.1909759279 6997
85 25826.9961572863 7077
86 25821.7320439087 7157
87 25820.0481719739 7239
88 25820.3594652091 7318
89 25818.6443638179 7402
90 25816.9736648258 7483
91 25817.6092529254 7565
92 25817.9046616591 7647
93 25818.9379886613 7727
94 25817.7386565587 7818
95 25813.9136218986 7899
96 25811.9588827739 7981
97 25809.6664845863 8064
98 25809.6194931133 8142
99 25808.662646297 8226
100 25807.7864115097 8306
101 25810.3722276456 8387
102 25805.1927052787 8469
103 25806.3073419128 8548
104 25804.6196080668 8633
105 25805.8728657621 8713
106 25805.0728225663 8795
107 25804.4473622491 8876
108 25804.352773332 8956
109 25802.1794009673 9044
110 25802.5890161282 9126
111 25801.8065946184 9211
112 25803.3429636356 9297
113 25801.7522915047 9376
114 25801.9283047182 9462
115 25799.4011718717 9542
116 25798.9847582431 9625
117 25798.5465615599 9706
118 25799.9572585647 9785
119 25799.1059625853 9869
120 25798.4132650465 9949
121 25797.3380437526 10033
122 25796.8478838408 10115
123 25796.8836409853 10195
124 25796.0988385189 10278
125 25795.7927675753 10357
126 25796.8047251741 10441
127 25795.5578289992 10528
128 25795.5023006182 10611
129 25795.2811220662 10696
130 25795.254678512 10775
131 25794.1728834037 10863
132 25794.6408093957 10943
133 25793.6377807106 11027
134 25793.7531557626 11109
135 25793.2676943912 11189
136 25793.1964789568 11273
137 25792.5713082849 11354
138 25792.8765250761 11435
139 25791.8934133995 11517
140 25792.1834465459 11596
141 25792.0643944321 11679
142 25791.1267485531 11759
143 25791.4639832722 11839
144 25791.5640412797 11921
145 25791.4744112336 12001
146 25791.3639682012 12095
147 25790.0302941064 12176
148 25789.8162642848 12260
149 25790.8164783249 12342
150 25790.2794622159 12423
151 25789.6375952961 12509

0 76720.9057310001 82
1 73218.3402168207 163
2 74188.4417921265 244
3 71172.3501164099 326
4 67699.7049003946 408
5 66353.9204209129 487
6 56315.460899612 571
7 52804.3499885003 652
8 48686.1917736805 732
9 45720.4585152338 815
10 42019.3336634646 894
11 38680.3343447589 984
12 35517.0611355912 1065
13 32979.5944361729 1146
14 31494.2074386387 1231
15 31090.454218833 1311
16 30174.4412494605 1396
17 29256.7788983202 1482
18 28470.2694354659 1574
19 28012.4001080497 1655
20 27694.5170828786 1735
21 27398.5013557826 1820
22 27279.6261102806 1901
23 27018.668109453 1984
24 27026.3389451749 2065
25 26887.4319130486 2146
26 26729.0594586966 2230
27 26678.6984998604 2310
28 26674.8957033436 2402
29 26590.092318435 2485
30 26523.5873176938 2567
31 26441.0198037508 2654
32 26420.88299777 2734
33 26366.8187549008 2820
34 26351.4437155921 2901
35 26268.8019180786 2986
36 26231.2498364893 3070
37 26204.8296078496 3151
38 26186.0010856113 3235
39 26167.824058643 3314
40 26136.2340064069 3398
41 26117.4604877768 3480
42 26078.025839117 3560
43 26065.5285080439 3643
44 26069.0260187016 3722
45 26045.2752471858 3813
46 26029.3108482195 3897
47 26022.9310736708 3978
48 25981.364981626 4062
49 25986.4889021157 4142
50 25967.3596104201 4226
51 25950.0292704839 4307
52 25950.1688310495 4387
53 25946.2107045377 4470
54 25944.315680964 4549
55 25947.247140134 4633
56 25924.8311121286 4713
57 25923.4446050078 4794
58 25914.9462472327 4876
59 25898.250765923 4955
60 25893.3495231512 5046
61 25890.406941006 5133
62 25885.0298546653 5224
63 25874.0120859843 5305
64 25874.7701764503 5384
65 25875.9255741793 5474
66 25870.9331788033 5554
67 25873.599850262 5638
68 25874.0839387118 5717
69 25864.1798607922 5798
70 25859.7018677146 5882
71 25859.8463245353 5963
72 25850.0091409677 6047
73 25846.0582680913 6128
74 25848.2205578743 6208
75 25844.336367969 6291
76 25843.3305785412 6369
77 25841.022705793 6452
78 25835.0780264801 6534
79 25833.9596709307 6615
80 25835.795312032 6707
81 25833.3804273344 6787
82 25829.4595321943 6872
83 25828.2773427256 6953
84 25824.7184673063 7035
85 25823.6974228962 7117
86 25820.9501859349 7195
87 25824.4806044664 7280
88 25821.2441527118 7360
89 25822.7065201933 7443
90 25818.5025585062 7525
91 25819.1496196066 7604
92 25817.0468355082 7689
93 25815.7531187029 7770
94 25815.2853959552 7854
95 25813.4064235258 7935
96 25812.5726457349 8022
97 25813.6797121544 8110
98 25811.1146438621 8191
99 25809.4230263946 8279
100 25810.7226620335 8359
101 25807.0926302019 8440
102 25808.4096083806 8523
103 25805.7289541445 8604
104 25806.326344586 8689
105 25807.6002992663 8770
106 25804.456754439 8851
107 25805.6470998728 8937
108 25804.0501190814 9018
109 25803.3446729695 9103
110 25801.7996927048 9184
111 25802.7890695597 9266
112 25802.737030908 9347
113 25802.5678010033 9426
114 25801.1732592749 9518
115 25801.2394381824 9597
116 25800.4550434686 9681
117 25798.8798805671 9764
118 25798.2082243973 9844
119 25798.4191903525 9927
120 25799.9134147086 10007
121 25797.4119487529 10089
122 25797.0640759011 10170
123 25796.7654527024 10250
124 25797.0208683869 10334
125 25796.0913188375 10415
126 25796.0514828598 10497
127 25795.7197484738 10579
128 25795.8441070715 10660
129 25795.6026452968 10745
130 25794.2073430829 10824
131 25794.4383971919 10912
132 25794.085819142 10995
133 25793.7058966006 11075
134 25793.2682372176 11160
135 25792.6579174877 11241
136 25793.1787394344 11324
137 25792.489851403 11405
138 25791.7610506548 11487
139 25792.0552791449 11569
140 25791.1576365594 11648
141 25791.5388877196 11732
142 25791.3693754491 11812
143 25790.9850832041 11895
144 25791.2580531275 11978
145 25790.5746108656 12059
146 25790.3666064652 12144
147 25790.5478875775 12224
148 25789.6015751556 12307
149 25789.8674030844 12390
150 25790.5448860124 12471
151 25790.3118484084 12558
152 25790.2759933475 12640

0 78236.1438365185 85
1 73438.69312752 164
2 77876.2277304672 242
3 67688.4871998778 326
4 69123.677383721 411
5 70114.534103083 493
6 53257.2402469745 574
7 51526.5442835261 652
8 47040.2742607593 736
9 42734.4640598838 817
10 40535.4478452219 901
11 38219.2680548919 982
12 34744.2363132082 1063
13 33146.5050163706 1160
14 31532.1712618083 1244
15 30102.3747757094 1331
16 30122.1623284557 1418
17 29472.4225258946 1509
18 28501.2988075603 1591
19 28102.5105968607 1670
20 27628.5195342521 1753
21 27451.0418865257 1834
22 27179.4805686528 1921
23 27074.8791304 2005
24 27050.7846690247 2087
25 26850.2718275997 2170
26 26671.9072244714 2250
27 26713.9213392583 2335
28 26633.6710486778 2419
29 26512.9075060767 2506
30 26491.8482768652 2589
31 26385.4472219384 2669
32 26391.5520947366 2758
33 26373.2070951563 2847
34 26310.5698522423 2936
35 26266.800935523 3017
36 26205.6620134069 3100
37 26175.7735999595 3185
38 26154.9073878706 3266
39 26109.1844290258 3353
40 26117.9226314762 3436
41 26087.2770166449 3519
42 26092.1017089916 3603
43 26083.2270610537 3686
44 26044.0124693456 3773
45 26026.717429009 3856
46 25988.0565367654 3947
47 25970.519028724 4030
48 25964.1183215621 4115
49 25957.7578440317 4199
50 25959.6220365118 4280
51 25945.9708100515 4367
52 25958.5088671719 4449
53 25918.9243718737 4534
54 25927.457864079 4618
55 25923.1115737981 4700
56 25919.0567127143 4786
57 25905.3646437963 4868
58 25901.49549234 4951
59 25896.8583301389 5032
60 25883.2853637863 5113
61 25886.0348468597 5200
62 25879.7697835782 5282
63 25871.8139577079 5377
64 25861.2062888847 5463
65 25869.3746961293 5547
66 25861.1593025452 5630
67 25852.6497651733 5711
68 25856.2615802211 5798
69 25853.5307638168 5879
70 25844.6706850086 5962
71 25841.5892812528 6043
72 25843.943849465 6124
73 25837.9965944186 6211
74 25834.9562033199 6291
75 25831.0495048395 6374
76 25829.6848001212 6455
77 25829.2565292201 6535
78 25826.6368735485 6618
79 25824.481293035 6697
80 25820.9516491204 6786
81 25820.1402038589 6869
82 25815.3050068196 6950
83 25810.5030779506 7032
84 25812.544391469 7111
85 25813.0210513162 7198
86 25814.5172780753 7282
87 25812.7407842767 7364
88 25809.7016754083 7447
89 25807.105250547 7526
90 25810.0479382935 7610
91 25805.3451190461 7690
92 25803.0647168651 7771
93 25803.9696991779 7856
94 25801.1853761681 7938
95 25801.5411017334 8023
96 25800.1869531873 8102
97 25800.3189278115 8191
98 25798.3571506382 8276
99 25797.1745589806 8356
100 25796.0745300967 8444
101 25797.6177877607 8525
102 25797.6428560682 8608
103 25796.5083944332 8689
104 25794.230095131 8769
105 25792.9918291592 8854
106 25793.5774150899 8935
107 25792.3747492613 9018
108 25793.0216996284 9098
109 25790.6234272406 9181
110 25791.3394653197 9265
111 25790.5081100682 9345
112 25788.4977615021 9430
113 25790.3120847148 9512
114 25789.4900010436 9594
115 25789.5877788064 9681
116 25788.0611029366 9760
117 25790.5633339596 9849
118 25787.8009848036 9931
119 25787.7280474164 10015
120 25787.5224437746 10097
121 25786.7720480087 10178
122 25786.9479684154 10264
123 25784.8909860937 10346
124 25785.6932676062 10433
125 25784.639101581 10516
126 25783.8149084965 10597
127 25783.3385871239 10681
128 25783.4494817228 10761
129 25783.8564618994 10847
130 25782.9254415941 10930
131 25782.3663559533 11016
132 25781.2576606915 11107
133 25781.6526111604 11188
134 25781.9319555653 11272
135 25781.0653925861 11352
136 25781.2306548028 11433
137 25781.0606913688 11516
138 25781.2094436813 11596
139 25780.9231919225 11681
140 25780.2748132792 11761
141 25779.7938148947 11843
142 25779.9377403191 11928
143 25779.5178046311 12007
144 25779.8451232615 12092
145 25779.891851609 12173
146 25778.9849458724 12256
147 25779.1080967909 12338
148 25779.1771448672 12422
149 25778.9454851279 12507
150 25778.6207072496 12587

0 81819.9053226182 89
1 69204.8713463685 168
2 68837.2991067128 250
3 65573.0078003472 334
4 68770.93738747 413
5 61022.6864026404 496
6 57430.9438868668 577
7 49281.3741753191 658
8 45936.4627135574 742
9 45538.1730568732 823
10 42496.1039078646 908
11 39972.9746238559 990
12 35640.6271034758 1070
13 33469.9004051365 1150
14 31310.5636803404 1230
15 30542.4977248514 1326
16 29997.5624748591 1406
17 29521.6174017478 1489
18 28530.051154432 1571
19 28008.1984772132 1653
20 27731.5270172831 1736
21 27437.6631849534 1817
22 27312.3449835687 1899
23 27059.3061957812 1980
24 27096.8736141958 2060
25 26864.6899626805 2143
26 26749.3171199087 2224
27 26680.8424063996 2309
28 26670.2998698709 2390
29 26579.9791405116 2471
30 26483.2408734518 2556
31 26461.6643342429 2636
32 26379.8712015361 2728
33 26357.3139241553 2809
34 26294.085877643 2899
35 26294.1038083164 2980
36 26202.2947126181 3059
37 26189.5380474227 3143
38 26132.992000438 3224
39 26164.2173766682 3307
40 26135.9160192189 3389
41 26113.065271268 3468
42 26104.7732051054 3553
43 26057.1405701385 3635
44 26041.1465178457 3717
45 26025.513659731 3799
46 26030.2367724545 3880
47 26011.953238413 3965
48 26002.6851084324 4045
49 25974.6433462476 4134
50 25965.2659148255 4215
51 25956.9577847574 4298
52 25952.8311165922 4385
53 25957.8290201481 4465
54 25938.3528695381 4549
55 25926.0140856996 4630
56 25920.9988512571 4714
57 25915.2295071014 4797
58 25911.8550935748 4876
59 25910.3130866683 4960
60 25904.2480954842 5041
61 25891.4112434417 5123
62 25892.9963459871 5205
63 25883.8385895132 5287
64 25873.1249117184 5374
65 25874.0902140052 5454
66 25876.0082663914 5548
67 25868.9008464481 5632
68 25864.9514796063 5714
69 25866.1546232723 5799
70 25861.1163332898 5879
71 25856.512291669 5962
72 25853.5114263331 6043
73 25844.1299114486 6123
74 25843.0724077279 6208
75 25846.2394986507 6289
76 25842.3468307997 6375
77 25838.9066583249 6455
78 25835.3273757833 6537
79 25835.3048171885 6620
80 25832.6191054365 6700
81 25832.1417393472 6787
82 25831.9544434719 6869
83 25829.480319004 6957
84 25826.3007025793 7040
85 25821.7841781185 7120
86 25819.769202875 7207
87 25825.7182280478 7288
88 25822.0411822686 7374
89 25820.6953278677 7455
90 25819.4109477189 7536
91 25815.6940792596 7622
92 25817.288243634 7703
93 25816.8632732504 7788
94 25814.4015946313 7871
95 25815.0346701275 7954
96 25813.4690696253 8038
97 25813.3696181984 8117
98 25809.3706609697 8201
99 25808.853888333 8282
100 25808.3589776658 8369
101 25808.7501059742 8451
102 25808.9318921361 8532
103 25806.0996873699 8619
104 25806.3204511295 8700
105 25804.7073099771 8783
106 25803.9155109524 8863
107 25805.0833415085 8942
108 25803.405887152 9026
109 25803.8593812457 9105
110 25801.5740578733 9186
111 25801.8964056608 9269
112 25801.1114476426 9349
113 25801.0202396057 9434
114 25800.5700847264 9516
115 25799.8406884184 9599
116 25799.8737154938 9681
117 25797.8825897569 9763
118 25798.5412430345 9852
119 25798.3161687112 9932
120 25798.2395905087 10017
121 25797.2817751783 10098
122 25796.8707482256 10178
123 25797.3699915994 10262
124 25795.2996106282 10343
125 25796.4890371238 10426
126 25795.7927969484 10507
127 25795.4565510417 10589
128 25795.5473987718 10673
129 25794.6074279864 10753
130 25794.8746842102 10837
131 25793.8167872887 10917
132 25794.1483399766 10998
133 25793.8417546683 11080
134 25793.0402889155 11160
135 25792.7234693295 11252
136 25792.9828268242 11335
137 25792.6450255807 11421
138 25792.2115630811 11503
139 25791.9012550312 11583
140 25791.5671968203 11671
141 25792.001119455 11751
142 25791.8837426151 11835
143 25791.7195642754 11915
144 25791.3195379661 11995
145 25790.6558249346 12079
146 25791.5917973087 12159
147 25791.2966928713 12244
148 25790.8133923884 12326
149 25790.477373625 12407
150 25790.8051826282 12490
151 25790.4001115613 12570

0 72817.7548604674 98
1 71793.9016968873 179
2 72900.5604236025 263
3 73866.4631628706 353
4 70120.9123409141 434
5 60023.9518062275 520
6 57214.7952537458 600
7 51833.460354579 683
8 46107.106194957 765
9 45068.0508423865 846
10 41994.8101500418 930
11 38008.6664920248 1010
12 36122.3183734024 1095
13 32515.7795810064 1176
14 31681.4096359588 1257
15 30413.0487720008 1339
16 29698.3589935958 1418
17 28890.5258395764 1510
18 28572.2166603043 1593
19 27878.4214100868 1675
20 27759.1721176183 1759
21 27425.3637542888 1838
22 27146.7456165218 1923
23 27074.12020323 2004
24 26898.7749095044 2086
25 26834.8985892113 2168
26 26702.3970696704 2248
27 26672.5057099833 2332
28 26572.7223895607 2412
29 26569.6247559089 2493
30 26521.6077120362 2576
31 26371.5916167898 2656
32 26336.6241555727 2741
33 26304.6929180031 2821
34 26266.2352720186 2910
35 26247.4554581996 2994
36 26217.785933658 3074
37 26147.8040802157 3161
38 26133.1733414376 3241
39 26115.1653362552 3324
40 26078.5133420489 3404
41 26082.4234699291 3484
42 26053.437455591 3567
43 26028.8410376586 3648
44 26001.6461622563 3733
45 25986.6530925853 3813
46 25964.0460629115 3894
47 25970.9721098396 3979
48 25971.5739053254 4059
49 25954.7302841572 4144
50 25946.8653319939 4226
51 25918.2472592494 4310
52 25918.8469192572 4400
53 25901.6023119392 4481
54 25896.758489787 4566
55 25885.6266957483 4646
56 25885.6277224158 4730
57 25876.2375784483 4811
58 25882.2693088849 4891
59 25858.9519947441 4977
60 25850.7220573964 5058
61 25856.3594629123 5141
62 25847.2551699737 5224
63 25849.900434262 5304
64 25837.0820670942 5392
65 25833.3349279503 5471
66 25833.9053052553 5554
67 25836.431728846 5636
68 25832.0710228962 5719
69 25825.9022937309 5806
70 25815.5686647089 5885
71 25813.4359891167 5974
72 25810.1239664414 6056
73 25808.639084619 6139
74 25811.5875366925 6221
75 25807.3751675918 6300
76 25802.3445294875 6385
77 25801.4402879359 6465
78 25799.8404230207 6545
79 25793.4228910011 6630
80 25796.7746523692 6711
81 25793.0681974186 6798
82 25793.26984653 6877
83 25794.2403643282 6960
84 25790.4570160071 7044
85 25789.8576015221 7126
86 25787.499683094 7219
87 25783.5942300019 7300
88 25782.9276233617 7384
89 25778.5557875275 7467
90 25781.5084642888 7547
91 25778.2310679876 7630
92 25779.1282762954 7710
93 25778.0485213303 7795
94 25777.538067959 7875
95 25772.9779758196 7956
96 25773.5925973957 8039
97 25775.2288076533 8119
98 25774.4222268293 8205
99 25771.4071690562 8286
100 25771.4011644801 8368
101 25769.9415792693 8449
102 25768.592454776 8528
103 25767.3846901619 8619
104 25767.7201835659 8699
105 25768.053778846 8785
106 25766.0597822438 8867
107 25766.9470933301 8947
108 25766.0677596984 9034
109 25765.5314786975 9115
110 25764.0781459966 9199
111 25762.9441647239 9280
112 25764.6411000681 9361
113 25762.655239249 9446
114 25762.2720480577 9525
115 25762.7595682265 9608
116 25761.1915928952 9690
117 25760.4121059702 9771
118 25761.9375925367 9855
119 25759.6560872532 9934
120 25758.3887493159 10026
121 25759.4256014281 10108
122 25758.1801494268 10191
123 25758.222459894 10275
124 25758.3799683392 10359
125 25757.0996197825 10445
126 25757.5660864656 10524
127 25757.8859735759 10605
128 25756.7489534087 10687
129 25756.5049355975 10767
130 25755.8154415057 10852
131 25755.6638320297 10931
132 25755.7915318341 11012
133 25755.2394226875 11093
134 25754.9368014971 11173
135 25755.6830483657 11257
136 25755.2102532134 11337
137 25754.1672582459 11422
138 25755.0178924064 11504
139 25754.7860857789 11584
140 25753.5451341395 11671
141 25753.9284885525 11751
142 25753.3940033847 11833
143 25753.5126309653 11914
144 25753.7933642803 11994
145 25753.0061146362 12079
146 25752.9078739197 12159
147 25752.7275347883 12243
148 25752.337761937 12324
149 25751.5025097938 12404
150 25752.1985710623 12489
151 25752.2672231966 12568
152 25751.5414207742 12654
153 25751.5974066733 12737
154 25751.4824321346 12818
155 25751.2475237781 12911

0 77200.2439441098 82
1 74559.66121527 165
2 78888.2094871624 243
3 73927.8014199 325
4 67455.5405851078 406
5 66655.249253172 485
6 53281.1172980355 569
7 50933.7064225463 649
8 49096.6950330465 730
9 45826.8096561706 812
10 44268.5634160955 891
11 38113.6980937275 976
12 35152.9935837603 1056
13 33169.8306078086 1136
14 31290.7517327439 1217
15 30283.5484210519 1296
16 29685.4657395297 1385
17 29035.1709264855 1465
18 28575.0090832281 1549
19 27987.3831460704 1632
20 27782.334078693 1712
21 27318.1892135097 1798
22 27253.5506757743 1879
23 27086.8011775672 1963
24 26895.7973274558 2044
25 26788.1818008353 2125
26 26782.0681668528 2210
27 26592.9032188517 2293
28 26584.5342810016 2378
29 26568.9114514619 2463
30 26442.1722729856 2545
31 26392.1068208801 2628
32 26367.9455674332 2707
33 26328.2728184193 2797
34 26253.4281794803 2881
35 26251.053337742 2967
36 26192.6360350325 3049
37 26151.3782694471 3128
38 26148.330401361 3213
39 26107.4924726402 3293
40 26078.4920319856 3376
41 26048.1850947392 3458
42 26040.4673545002 3539
43 26040.0622079367 3624
44 26010.5674868716 3704
45 25976.4113811102 3787
46 25977.5360217341 3868
47 25960.0418426124 3949
48 25941.6590736791 4036
49 25945.0283707934 4116
50 25921.7537923946 4205
51 25918.9434625748 4288
52 25919.0602047119 4369
53 25896.7192858603 4455
54 25904.7191298766 4537
55 25899.4536317318 4622
56 25899.5130657291 4701
57 25884.5324102907 4782
58 25878.7198860509 4864
59 25867.9929824295 4943
60 25855.0630815683 5027
61 25852.7373819796 5107
62 25854.047465685 5188
63 25847.7754599509 5270
64 25842.4481232037 5350
65 25838.3856001155 5434
66 25829.6650115636 5516
67 25833.7644393896 5598
68 25829.5081605371 5682
69 25824.1748877355 5761
70 25823.6500777382 5850
71 25820.2458516119 5933
72 25814.5038826763 6015
73 25808.8119669649 6096
74 25806.2056857642 6176
75 25803.3594415181 6261
76 25801.9774037012 6342
77 25804.9324265296 6425
78 25799.9802295036 6506
79 25798.1061608484 6587
80 25793.5626880473 6673
81 25792.5416421496 6752
82 25792.1828078456 6835
83 25796.7766248068 6916
84 25791.5085333725 6997
85 25789.9107073518 7088
86 25783.5234401964 7167
87 25784.2545519118 7255
88 25781.9043224788 7336
89 25782.4317359453 7416
90 25781.2825265377 7505
91 25779.8458594963 7585
92 25777.2378279827 7669
93 25776.1339818059 7749
94 25773.8258888094 7830
95 25777.1153668725 7913
96 25771.2715737228 7993
97 25773.5668214867 8078
98 25775.065360329 8159
99 25772.9468841242 8241
100 25772.7834959388 8323
101 25770.7429897153 8403
102 25769.3098841895 8495
103 25768.5370081014 8575
104 25765.4224615454 8660
105 25766.2991764351 8741
106 25767.6770422865 8820
107 25765.8573898752 8906
108 25764.0501677819 8985
109 25763.6037202451 9069
110 25764.2630764428 9149
111 25763.1512380449 9231
112 25763.1445857251 9316
113 25762.8949168793 9395
114 25764.9050378619 9478
115 25761.9788557554 9558
116 25760.6379492887 9639
117 25758.8990569364 9722
118 25759.8079744151 9801
119 25761.6724863744 9892
120 25759.2182381867 9973
121 25759.3020411881 10054
122 25760.0652430727 10137
123 25758.6536416308 10218
124 25757.6055708289 10303
125 25758.8964018847 10383
126 25758.237393025 10464
127 25758.4706747003 10546
128 25757.277711008 10625
129 25756.8935548642 10709
130 25756.9726777348 10790
131 25756.3916906528 10871
132 25755.5973959664 10953
133 25755.4861305018 11033
134 25754.6725553569 11118
135 25754.9977211691 11199
136 25755.0689442509 11285
137 25754.1336856457 11369
138 25754.4861526228 11450
139 25754.5031476932 11537
140 25753.5963803789 11618
141 25754.219304906 11701
142 25752.6302234684 11782
143 25753.2194798076 11862
144 25753.2664849516 11947
145 25752.7162608587 12028
146 25752.5383606142 12112
147 25752.4535470514 12197
148 25751.4776658084 12279
149 25752.6454008163 12363
150 25751.7114834561 12444
151 25751.8817257693 12531
152 25751.5717236058 12611

0 80340.4234295064 85
1 76742.7977985922 171
2 78985.7773936164 251
3 73363.7815766866 337
4 61022.2266106592 416
5 67104.05034846 498
6 56916.7069835439 580
7 50424.5633514942 659
8 48312.1927250284 744
9 44788.3627883551 823
10 42429.415407844 904
11 38224.4204699622 984
12 35557.6702349149 1061
13 33188.4516689966 1146
14 31533.6911316951 1225
15 30536.3241336572 1306
16 30077.3836017953 1387
17 29031.9408900353 1467
18 28279.5715807727 1557
19 28044.8989010659 1637
20 27774.7820528346 1725
21 27526.7879839152 1818
22 27286.9754347586 1905
23 27140.5883822751 1987
24 26936.528949408 2066
25 26818.0176066997 2150
26 26761.5375904475 2230
27 26709.3585250665 2310
28 26565.305057571 2392
29 26554.3027564594 2473
30 26477.6840197564 2557
31 26442.7654840046 2636
32 26380.9162195929 2718
33 26347.9680963169 2800
34 26259.7670648745 2879
35 26233.4503752929 2970
36 26247.3976713247 3049
37 26192.8049347162 3134
38 26147.3235600072 3215
39 26123.1159184791 3296
40 26104.763915979 3380
41 26091.8423837746 3460
42 26075.3741009787 3541
43 26048.6662543766 3622
44 26032.9201789212 3703
45 26028.209572824 3789
46 25983.7473899305 3869
47 25992.1059605504 3952
48 25980.6701538524 4034
49 25973.5557969128 4114
50 25965.3666028408 4197
51 25953.0427657163 4277
52 25947.4675833121 4367
53 25935.5095702287 4448
54 25924.7063128442 4530
55 25917.0518610753 4612
56 25909.8419870082 4693
57 25904.4697733963 4777
58 25901.1778415828 4857
59 25897.5034779997 4944
60 25888.7433858215 5026
61 25891.7580886637 5105
62 25877.1879878664 5191
63 25873.4531687233 5271
64 25867.6860219877 5356
65 25865.7753684553 5442
66 25862.027007972 5524
67 25851.4402459332 5609
68 25847.2945348926 5692
69 25855.4455329778 5782
70 25846.1028294132 5864
71 25845.7698818709 5945
72 25847.4782468108 6031
73 25842.7376649601 6110
74 25837.9367117827 6195
75 25835.5621294777 6275
76 25837.0062972785 6357
77 25827.961101105 6441
78 25825.2172246024 6521
79 25824.4711088221 6605
80 25821.6717963045 6687
81 25818.8336220645 6768
82 25816.9253738471 6850
83 25823.0572855445 6929
84 25817.3261354042 7013
85 25816.3387559456 7094
86 25812.0000006637 7177
87 25811.3559072797 7263
88 25808.7087022614 7344
89 25809.0758845752 7432
90 25805.6597359862 7515
91 25807.8309029584 7596
92 25805.9783911681 7677
93 25804.2014010148 7756
94 25802.7147414878 7841
95 25800.1683481837 7920
96 25799.403315925 8002
97 25798.0592112074 8082
98 25800.3408616149 8164
99 25798.7686902468 8248
100 25798.5255934267 8328
101 25797.6047500454 8411
102 25796.841118384 8493
103 25794.0404323353 8572
104 25795.1538459169 8664
105 25792.9760082868 8744
106 25793.9846519377 8830
107 25792.7940889594 8911
108 25792.6152335165 8993
109 25792.2846025564 9077
110 25792.2729814533 9156
111 25790.3845436632 9240
112 25789.4164103207 9322
113 25788.4277637621 9402
114 25788.2604679148 9485
115 25788.8639301637 9565
116 25788.0617987457 9650
117 25788.3059845873 9730
118 25785.9572083799 9812
119 25786.3549177137 9896
120 25786.2403047627 9977
121 25785.9313180094 10067
122 25785.0033716635 10147
123 25784.8549607269 10230
124 25785.2872597998 10312
125 25784.4320945473 10391
126 25786.1346084446 10478
127 25782.7665183065 10560
128 25783.2846022197 10646
129 25783.1472830096 10728
130 25783.201129052 10808
131 25783.1595813269 10892
132 25781.7974742697 10973
133 25782.6522549742 11055
134 25782.3611473566 11136
135 25781.8433719567 11215
136 25781.0565444265 11299
137 25781.6235580737 11378
138 25781.1088356857 11467
139 25780.5900156361 11548
140 25780.3769731364 11629
141 25780.6255363845 11714
142 25780.1696767793 11793
143 25779.6069040584 11876
144 25779.5561951844 11957
145 25779.5174820054 12037
146 25778.9850593516 12120
147 25779.3397435906 12200
148 25780.113961257 12283
149 25779.4945591782 12363

0 78169.555623632 83
1 70735.6398771468 164
2 73156.6117236988 242
3 74872.4552947257 328
4 67082.2922569526 408
5 60580.2850038487 490
6 58202.9194505801 577
7 50081.0859629577 656
8 48310.4222274494 742
9 44045.1564737996 822
10 42733.9985112059 902
11 37636.7948164107 984
12 34345.124599233 1062
13 32570.6479327698 1144
14 31332.1124393572 1223
15 30416.1345619353 1304
16 29617.6023782403 1385
17 29281.4628875806 1465
18 28467.7900580214 1551
19 27932.1876854152 1631
20 27829.9775282446 1712
21 27434.1366547001 1794
22 27229.500833204 1873
23 27050.651607186 1965
24 26993.8668518597 2045
25 26877.4159845155 2130
26 26757.401186691 2212
27 26622.4158801846 2295
28 26528.5234625799 2379
29 26493.4726573171 2458
30 26482.732949285 2544
31 26379.9468458075 2626
32 26366.8920254761 2707
33 26357.7375907719 2791
34 26262.8024407554 2870
35 26219.8068084928 2953
36 26212.0127914882 3033
37 26206.8745038982 3113
38 26097.3367149929 3196
39 26128.9380400423 3278
40 26073.3060883665 3369
41 26062.2092783175 3451
42 26058.5169538959 3539
43 26042.2149642693 3628
44 26016.2205283144 3708
45 25993.9915663114 3795
46 25988.8011244411 3877
47 25974.6444017882 3960
48 25972.7423444379 4041
49 25941.8632838949 4121
50 25938.7370533045 4208
51 25919.110716881 4290
52 25913.8588430466 4375
53 25900.3654887629 4458
54 25887.799426768 4538
55 25878.8581023745 4620
56 25878.446512479 4699
57 25882.3110045444 4790
58 25863.1872718957 4873
59 25863.0762956584 4957
60 25846.3762404302 5041
61 25854.0057479383 5121
62 25859.855176972 5206
63 25841.2464555127 5290
64 25842.2079515514 5375
65 25839.9844268837 5457
66 25833.9130799484 5540
67 25825.9498210567 5628
68 25823.5103663882 5709
69 25823.0228514877 5795
70 25823.7698795693 5877
71 25812.0968022725 5958
72 25815.1161515438 6042
73 25813.5696278601 6123
74 25807.5088444116 6215
75 25802.8161442173 6298
76 25803.823050848 6383
77 25802.4183561168 6467
78 25799.7814997405 6550
79 25795.9315127008 6636
80 25795.1713090095 6716
81 25798.161549753 6798
82 25790.3515477929 6880
83 25793.7234500487 6960
84 25790.3987162302 7042
85 25786.3416758176 7122
86 25785.718412299 7208
87 25785.0928998758 7292
88 25783.432091325 7375
89 25781.662239922 7457
90 25781.680712969 7536
91 25780.0589419723 7632
92 25779.4092919031 7714
93 25778.1049564579 7799
94 25778.3374123306 7890
95 25775.0470463063 7973
96 25773.0089184393 8057
97 25775.3681347134 8140
98 25772.7562791869 8226
99 25770.861407374 8307
100 25771.301159099 8388
101 25769.8172573271 8471
102 25771.3710995297 8550
103 25768.9603804795 8633
104 25768.8815721803 8714
105 25768.6468970456 8795
106 25765.6772133632 8877
107 25765.940127908 8956
108 25766.3929724231 9045
109 25765.3000579068 9127
110 25765.1731237818 9207
111 25764.8096765044 9292
112 25762.5120894591 9372
113 25762.7413764955 9456
114 25761.991426217 9537
115 25761.3257010585 9618
116 25762.4878688482 9699
117 25761.4686412421 9778
118 25760.2746109698 9863
119 25761.8078935267 9943
120 25760.0426874604 10024
121 25760.1794073922 10106
122 25757.6546919878 10186
123 25759.4919609856 10272
124 25758.9541805456 10354
125 25757.6189364349 10440
126 25757.1026700018 10528
127 25757.8247287665 10609
128 25756.8409244197 10694
129 25756.3480218481 10774
130 25756.4629827798 10857
131 25756.4335770131 10938
132 25755.4887398718 11018
133 25756.0416694199 11102
134 25755.0621674124 11182
135 25755.0571468593 11265
136 25754.819114137 11346
137 25754.5126073905 11426
138 25754.7762774757 11510
139 25754.2475596776 11591
140 25753.7014228474 11674
141 25753.8129386104 11755
142 25753.5798714288 11838
143 25753.6349542999 11925
144 25752.8976853588 12006
145 25752.7986159636 12092
146 25752.6780787902 12173
147 25752.3852567148 12254
148 25751.8739181172 12339
149 25752.0787504133 12419
150 25752.5348698113 12504
151 25751.449480956 12588
152 25751.9095147413 12671
153 25751.5786466088 12753
154 25751.1512970989 12833
155 25751.4048655973 12918
156 25751.6660371218 12998

0 75650.3408282943 85
1 72980.5278949853 165
2 75554.8716097002 243
3 67961.4808100078 333
4 62260.6706392291 412
5 65789.0106990794 497
6 56179.8454452044 578
7 50272.0907598529 660
8 45665.5431894923 745
9 44627.5725037978 825
10 42210.0222968807 907
11 37020.2676701099 987
12 34540.0802409459 1067
13 32809.9965085884 1148
14 31454.133829173 1226
15 30410.1490402015 1309
16 29687.8015332525 1390
17 29325.1789468827 1471
18 28457.6825882465 1553
19 28121.1582289214 1633
20 27658.3742214146 1722
21 27405.5115183038 1804
22 27300.0517078253 1885
23 27055.6062515085 1971
24 26992.9504488988 2051
25 26784.73049497 2136
26 26858.4191332421 2216
27 26721.3608134664 2298
28 26608.3849651044 2380
29 26550.4192958592 2459
30 26488.1124833039 2545
31 26436.5108132617 2626
32 26404.1475147485 2707
33 26345.3417422836 2790
34 26285.1574951151 2869
35 26271.601951883 2955
36 26222.4623456085 3034
37 26214.9963013568 3118
38 26156.6416851185 3200
39 26143.8816094055 3280
40 26123.2489546634 3369
41 26084.0218756184 3451
42 26098.8976411083 3533
43 26040.9970172791 3613
44 26055.9090356655 3693
45 26035.2100806215 3778
46 26016.5820106724 3859
47 26013.0803742998 3942
48 25999.5856026664 4024
49 25983.3095504757 4105
50 25972.377650798 4190
51 25967.6864824674 4269
52 25961.1430518996 4355
53 25935.0221637374 4435
54 25940.6451124736 4518
55 25933.5235607718 4612
56 25934.3865594539 4693
57 25915.6215022914 4778
58 25901.6293549879 4859
59 25907.0297864661 4941
60 25903.4639537095 5023
61 25895.4420332741 5103
62 25877.8263438822 5188
63 25896.5009007967 5268
64 25877.2947862216 5351
65 25877.5159831686 5432
66 25868.6580564696 5511
67 25875.4329811495 5596
68 25864.5228611852 5675
69 25864.5625477166 5758
70 25859.545465986 5840
71 25856.2901280702 5922
72 25850.8010430961 6012
73 25852.1966642032 6093
74 25845.8921807612 6179
75 25843.3734931468 6263
76 25841.3122021385 6345
77 25839.9019063414 6427
78 25837.0340997061 6508
79 25835.5442837658 6594
80 25836.1355626463 6674
81 25832.4737984141 6755
82 25830.9314100145 6838
83 25831.8673315049 6919
84 25828.6998446733 7002
85 25823.2778617199 7084
86 25824.0371147936 7165
87 25822.791196875 7248
88 25819.6574201282 7330
89 25818.1434959253 7422
90 25816.5578136975 7503
91 25817.904582806 7588
92 25813.1589259931 7669
93 25816.8385684033 7749
94 25814.9224391419 7835
95 25814.8955221705 7916
96 25811.6282427634 8000
97 25811.6339448661 8082
98 25810.6812084355 8162
99 25811.7152210158 8245
100 25807.5875019218 8325
101 25806.2025169421 8409
102 25806.7731353082 8490
103 25806.2370945166 8570
104 25807.6388987871 8655
105 25806.3471684781 8736
106 25805.071469285 8826
107 25802.701086932 8908
108 25802.752463934 8989
109 25801.7910354517 9072
110 25801.9615442376 9153
111 25800.8349874622 9238
112 25800.881769916 9322
113 25799.7228130761 9407
114 25800.6986962468 9491
115 25798.6007651263 9573
116 25799.0524731023 9665
117 25800.2013694772 9747
118 25798.1517204752 9831
119 25798.4694802956 9913
120 25798.5705096106 9993
121 25798.3260760157 10076
122 25796.9048691079 10157
123 25796.6734749505 10247
124 25795.4338249451 10329
125 25796.2694021578 10411
126 25796.5071415776 10494
127 25794.7696044058 10574
128 25794.7430338697 10659
129 25794.2900435225 10740
130 25795.6193696153 10821
131 25794.4193535221 10904
132 25793.4225241101 10984
133 25793.7427259803 11070
134 25792.3650979128 11150
135 25793.5485708445 11232
136 25793.3122731646 11314
137 25792.5973401458 11393
138 25792.9919199767 11478
139 25792.3859299054 11558
140 25791.2521441909 11647
141 25792.4824262155 11730
142 25791.4999731489 11812
143 25791.2667083136 11899
144 25791.3188450128 11978
145 25791.1260269805 12062
146 25790.358175748 12143
147 25790.9324815169 12224
148 25790.1931282475 12307
149 25790.161407591 12387

0 79702.0328522813 87
1 73678.7181993381 166
2 73277.1311926307 247
3 68760.2498527808 329
4 72000.370800531 409
5 69646.2550758232 494
6 56728.9614070616 575
7 47945.4452362372 659
8 48444.0333789211 744
9 42542.6720058414 824
10 40879.1661536221 914
11 38425.6966997697 994
12 33990.5219423339 1076
13 33423.2727551499 1156
14 31621.3354953855 1235
15 30765.1576570117 1318
16 29827.4924166344 1398
17 29344.7482999628 1480
18 28481.8524427958 1562
19 28113.2432339812 1643
20 27693.4938715484 1728
21 27391.2112125522 1808
22 27253.5783659156 1890
23 27124.1250143565 1972
24 26990.3171840937 2052
25 26885.1906432571 2142
26 26819.2298377816 2224
27 26696.0499654996 2313
28 26541.5381157403 2395
29 26539.3576505836 2476
30 26461.9476885681 2559
31 26459.0995002726 2639
32 26363.603341351 2723
33 26338.0726842851 2806
34 26271.1643274659 2887
35 26256.1390523563 2970
36 26253.0743842275 3049
37 26165.8391763517 3135
38 26142.7315292807 3217
39 26117.3798676926 3297
40 26097.1051912624 3380
41 26102.2164519416 3460
42 26074.5057649892 3552
43 26058.8720898475 3633
44 26046.0911246728 3718
45 26008.1743407443 3801
46 26024.5243453956 3881
47 25978.8113994801 3966
48 25989.8171038784 4047
49 25969.9086675425 4130
50 25952.9384278456 4211
51 25959.6208418797 4291
52 25944.3890268936 4375
53 25944.6870611825 4456
54 25919.5558571103 4540
55 25915.7462185356 4620
56 25904.3404906548 4700
57 25900.3843246999 4785
58 25891.7716052932 4865
59 25893.8858838377 4955
60 25890.6850522828 5036
61 25874.982665348 5117
62 25877.5252019731 5201
63 25876.6097208948 5281
64 25869.8551903803 5365
65 25863.3514036076 5446
66 25856.2929701617 5527
67 25855.5252127057 5609
68 25859.2866443385 5688
69 25852.0838999697 5774
70 25850.4904409228 5855
71 25841.0113481316 5937
72 25838.1496099091 6019
73 25835.3171841049 6098
74 25838.8712553655 6182
75 25830.6071219774 6262
76 25831.4521700369 6345
77 25823.5492304898 6430
78 25824.1133355577 6510
79 25818.6763596431 6598
80 25821.9736578443 6679
81 25820.8679759852 6763
82 25816.672502348 6845
83 25817.2532996131 6927
84 25815.3731203037 7010
85 25815.92972411 7091
86 25811.8426219437 7175
87 25809.2117325787 7259
88 25810.5443208882 7342
89 25807.2714521288 7428
90 25806.641817423 7508
91 25809.4853139067 7591
92 25804.4257647213 7672
93 25802.5658465244 7755
94 25801.9750125186 7840
95 25801.3394199721 7920
96 25800.0141736877 8007
97 25800.4701714109 8088
98 25799.0414479954 8170
99 25798.1343698571 8251
100 25796.477606614 8331
101 25796.2870703937 8417
102 25795.9671315914 8498
103 25795.0858437651 8580
104 25797.2430079752 8663
105 25795.770088877 8743
106 25795.549155571 8828
107 25793.7705964683 8910
108 25793.1179737434 8993
109 25791.4327004326 9074
110 25791.9929705033 9153
111 25791.3507628094 9243
112 25790.3355069742 9323
113 25790.3133961909 9410
114 25789.6401931324 9496
115 25788.4475623934 9578
116 25788.0936528792 9664
117 25788.0134867587 9745
118 25787.5744668208 9832
119 25786.7878902607 9912
120 25786.328404302 9995
121 25786.3478387966 10076
122 25785.7170985785 10156
123 25784.7627472454 10241
124 25784.0369117577 10321
125 25784.3797221816 10405
126 25784.054551001 10486
127 25783.2503416313 10565
128 25783.1507247034 10657
129 25783.1970886699 10738
130 25781.5773638825 10825
131 25782.8586781374 10906
132 25781.7364422661 10987
133 25782.9270608049 11069
134 25782.89593628 11149
135 25782.4524355322 11231
136 25781.4706166888 11312
137 25781.0651338918 11393
138 25780.9525929669 11475
139 25780.8561648645 11557
140 25780.3640539683 11640
141 25781.0232413876 11722
142 25780.0970376814 11804
143 25780.605260573 11886
144 25779.7078082298 11968
145 25778.9186829341 12058
146 25778.6807111296 12139
147 25778.5800198293 12221
148 25779.4078980989 12309
149 25779.8463553254 12389
150 25779.1036469382 12475
151 25778.2742122462 12556
152 25777.6595880972 12638

0 74886.5021952129 83
1 74626.4801384717 162
2 83075.0959247752 245
3 66950.587519435 325
4 72888.4217551377 406
5 63541.8077294304 487
6 56811.7652134867 566
7 50241.1036012018 650
8 46079.2820761584 729
9 45806.2921076226 817
10 40802.0581227757 900
11 38780.8853988324 979
12 35627.0457793228 1066
13 32419.2286489234 1147
14 31270.7896631225 1231
15 30693.903163909 1311
16 29633.3511590221 1390
17 29381.9038583267 1473
18 28465.4062610601 1554
19 28099.4214695755 1638
20 27639.8411345588 1718
21 27425.16805488 1800
22 27192.8332869072 1884
23 27065.182971755 1963
24 26914.491752971 2047
25 26864.4552781693 2129
26 26662.7660358022 2214
27 26590.5005472652 2299
28 26615.0364397195 2380
29 26505.2078491425 2467
30 26474.0927425137 2547
31 26321.0912943944 2628
32 26323.1010471154 2711
33 26301.1123969425 2791
34 26272.1163894778 2878
35 26227.1323844533 2960
36 26207.5022505238 3043
37 26168.4485842617 3124
38 26140.2301846763 3204
39 26098.9690783239 3289
40 26079.321450782 3369
41 26040.6305820928 3453
42 26089.9147155578 3533
43 26045.5245701312 3613
44 26014.0457924468 3706
45 26014.7162183954 3787
46 25983.1089343332 3871
47 25967.6043148299 3952
48 25953.3182319146 4033
49 25936.9563436502 4116
50 25931.3603498971 4195
51 25920.3583738015 4279
52 25909.1169565041 4360
53 25907.4314938399 4442
54 25899.1037006842 4523
55 25890.1888762407 4602
56 25890.1544982761 4691
57 25873.3200132284 4772
58 25871.7230914278 4854
59 25870.0529068538 4935
60 25867.5465336245 5015
61 25852.0548661219 5106
62 25850.5469332628 5187
63 25848.8437371225 5271
64 25843.2785816995 5353
65 25837.6251797882 5433
66 25827.9362453413 5517
67 25826.9698853959 5597
68 25826.8293017752 5679
69 25825.3130104295 5763
70 25819.956842158 5844
71 25817.2772392595 5928
72 25814.1296769451 6008
73 25812.1171804401 6091
74 25808.0404662754 6173
75 25804.1100492476 6254
76 25800.6119479653 6336
77 25804.9546311053 6415
78 25798.5543073837 6504
79 25793.7800532511 6585
80 25794.8114866222 6666
81 25792.9437064034 6750
82 25794.4694179835 6830
83 25786.3828185845 6913
84 25785.8957679435 6994
85 25788.7732573279 7075
86 25785.8298633378 7159
87 25783.857227105 7238
88 25781.992279793 7322
89 25779.3654254991 7403
90 25778.9430498058 7483
91 25777.4769173479 7565
92 25778.1206305715 7644
93 25777.8421691346 7727
94 25777.8108976666 7810
95 25776.1490877942 7898
96 25774.7703512175 7980
97 25774.6720694606 8060
98 25775.888162752 8147
99 25772.7334271126 8227
100 25771.9999401917 8310
101 25771.5018014759 8391
102 25771.3142719701 8471
103 25768.5478864085 8556
104 25768.945058261 8636
105 25768.8016560211 8717
106 25768.8669687724 8800
107 25765.3337531013 8884
108 25765.8586075337 8971
109 25764.6390489303 9052
110 25763.364926583 9138
111 25763.3906342784 9221
112 25762.5651502801 9306
113 25761.0168720734 9390
114 25762.1641676859 9469
115 25760.9797258523 9556
116 25760.4666826419 9638
117 25761.8294117011 9725
118 25761.1294229101 9807
119 25759.6228552407 9887
120 25759.5852199742 9972
121 25759.3411329561 10052
122 25759.0690382789 10135
123 25757.8512167659 10216
124 25757.9813983866 10296
125 25758.2081538824 10381
126 25757.8886296166 10460
127 25757.5204854171 10542
128 25756.9000816186 10623
129 25756.2828881963 10704
130 25757.0015319546 10797
131 25756.2009360317 10877
132 25756.2786611106 10960
133 25755.7999480545 11041
134 25755.1881706331 11122
135 25755.0191304233 11206
136 25755.4961119109 11286
137 25755.2133889058 11370
138 25754.6840084685 11451
139 25753.474711855 11543
140 25753.3554632752 11628
141 25753.9917756168 11709
142 25753.268612586 11795
143 25753.2806695865 11877
144 25753.571235081 11959
145 25753.3314131461 12042
146 25752.2608013483 12122
147 25752.1472834523 12213
148 25752.3850995833 12297
149 25752.0079313364 12383

0 76228.4220482209 82
1 77452.6833666089 161
2 73296.072688025 244
3 66349.5639171087 323
4 69226.3669910839 407
5 64068.7798913704 487
6 57023.5417422898 568
7 50304.1689701921 651
8 46409.2355527039 730
9 45648.5672155297 814
10 42919.7910428976 894
11 37735.593583754 975
12 34659.429347517 1057
13 33085.9950394599 1135
14 31260.016098782 1224
15 30178.7886124128 1305
16 29780.5564162591 1385
17 29128.7124111731 1471
18 28820.0423790235 1552
19 27937.4295758011 1636
20 27718.0899083923 1717
21 27360.6999956666 1798
22 27252.8817611792 1882
23 27067.5622835194 1964
24 26912.2287059926 2049
25 26899.2430016215 2130
26 26795.8522342801 2211
27 26596.0255534606 2296
28 26615.485519387 2378
29 26512.934079209 2467
30 26475.0317813116 2548
31 26375.2521491939 2641
32 26336.3856055749 2727
33 26314.5868955302 2810
34 26252.2933976841 2896
35 26224.0292522926 2976
36 26182.240228693 3062
37 26158.7139998557 3143
38 26129.1392780946 3225
39 26135.5268098932 3306
40 26110.0832823089 3387
41 26064.3181280508 3472
42 26054.3267696654 3553
43 26026.2055997688 3634
44 26030.3260027059 3717
45 26001.6870615042 3798
46 25989.065051507 3883
47 25960.9555453008 3964
48 25937.7423575218 4053
49 25960.0367675512 4135
50 25940.9588687057 4215
51 25920.8623894921 4300
52 25913.5901560883 4380
53 25896.2364521457 4463
54 25900.5378633201 4544
55 25888.3170614632 4624
56 25889.7051826421 4709
57 25867.3595212623 4789
58 25864.0425943579 4875
59 25865.3595020246 4955
60 25865.9515277817 5036
61 25851.5700053296 5119
62 25853.6829330088 5199
63 25844.6691280808 5282
64 25845.6732648361 5363
65 25838.0449203565 5448
66 25836.0868973269 5533
67 25832.421900966 5612
68 25826.8809753991 5699
69 25825.2985752436 5781
70 25823.9112191751 5864
71 25814.0930839482 5947
72 25811.7147815507 6027
73 25812.6958434394 6113
74 25807.8167000302 6192
75 25805.0931121541 6275
76 25804.745223837 6356
77 25800.467745653 6437
78 25799.5004010023 6521
79 25793.4195955928 6602
80 25792.5136177073 6685
81 25790.1974572689 6766
82 25791.8045705798 6848
83 25789.0685623544 6942
84 25787.6808023527 7022
85 25788.3681357305 7110
86 25787.8756577736 7191
87 25788.0153022041 7272
88 25781.6146208123 7359
89 25784.8855488652 7439
90 25782.0097902048 7524
91 25781.1307554263 7604
92 25776.853195416 7688
93 25775.2649361674 7771
94 25775.8675709256 7851
95 25775.4199967467 7938
96 25776.7508839752 8019
97 25775.6665844417 8101
98 25774.4613187274 8182
99 25774.1366224605 8262
100 25770.9234709991 8354
101 25772.111466034 8433
102 25771.7174645312 8520
103 25768.5519067101 8600
104 25768.3419473046 8681
105 25767.6039367373 8764
106 25767.4720132409 8843
107 25767.221820689 8927
108 25764.2584467219 9008
109 25764.8677730037 9089
110 25763.0145581807 9172
111 25764.3920401246 9251
112 25762.3584531781 9334
113 25762.6604903693 9414
114 25761.2363227656 9495
115 25762.3426364152 9577
116 25759.6251962998 9657
117 25761.3511012765 9748
118 25759.95255614 9828
119 25758.8686757511 9910
120 25760.0654363258 9993
121 25758.9255292118 10072
122 25759.4770174484 10156
123 25758.8145151672 10237
124 25758.2713783309 10318
125 25757.430676485 10399
126 25758.0953169332 10479
127 25756.9577796361 10564
128 25756.1472088985 10643
129 25755.6938430173 10724
130 25755.5381624747 10805
131 25755.6390960365 10885
132 25754.9977867358 10971
133 25755.1155327911 11051
134 25755.1123412332 11135
135 25755.1481117694 11218
136 25754.2792901679 11298
137 25754.7532341186 11387
138 25753.978120735 11467
139 25753.7806383203 11551
140 25754.0225134054 11632
141 25753.8317117224 11712
142 25753.6888075104 11796
143 25753.1055874449 11876
144 25753.3407778665 11960
145 25753.3928931673 12041
146 25751.9887809837 12122
147 25752.4989760323 12205
148 25752.4338728654 12283
149 25752.2163474889 12372
150 25752.3786899982 12453
151 25752.1136952181 12534
152 25751.8559893943 12620
153 25751.2373032732 12700

0 68663.6839659942 89
1 76869.4367995824 170
2 75959.7371653714 250
3 70274.4478683142 332
4 67786.2568270364 411
5 64983.1942417265 496
6 55538.3027102627 576
7 48382.5110157102 657
8 48805.6342303567 738
9 45061.8888331782 817
10 40863.3590877786 901
11 38220.3180073107 981
12 35354.1512406658 1063
13 33184.3639335151 1147
14 31866.3721502751 1228
15 30676.8916590653 1320
16 29689.097135603 1400
17 28965.9666216731 1483
18 28705.1550574152 1564
19 28104.6380107693 1644
20 27799.6200431444 1728
21 27462.1091826135 1808
22 27217.0193956382 1890
23 27120.9179842801 1970
24 26966.2912960214 2052
25 26876.7487314532 2135
26 26796.1804724427 2214
27 26737.0688515301 2297
28 26593.3812119593 2379
29 26482.040148379 2460
30 26440.9514667905 2543
31 26465.1468753095 2624
32 26382.3102718597 2716
33 26352.2085536102 2796
34 26345.5878866877 2877
35 26272.4911764247 2962
36 26242.8488687129 3044
37 26195.3850958714 3128
38 26183.8058412626 3209
39 26152.386927235 3289
40 26124.5393663011 3373
41 26131.8412940349 3452
42 26093.1978984031 3536
43 26066.0997120497 3616
44 26059.2998387331 3696
45 26041.3212842 3779
46 26021.7212105478 3859
47 26014.8182739466 3943
48 26002.3195998563 4023
49 25971.9541596446 4106
50 25993.7862169731 4190
51 25977.097262722 4272
52 25961.150019313 4360
53 25942.9406296793 4440
54 25949.113553706 4523
55 25941.0499502902 4603
56 25919.6520244523 4689
57 25922.5092676962 4774
58 25914.4436248759 4855
59 25909.6186986085 4941
60 25903.1681285623 5022
61 25896.804263199 5102
62 25884.0188359823 5185
63 25883.1939509328 5265
64 25878.6054832318 5348
65 25873.328272429 5428
66 25875.6393316741 5511
67 25868.575795986 5600
68 25864.1729146369 5682
69 25860.6867644935 5777
70 25855.2493164263 5858
71 25851.0163327526 5948
72 25853.6446419697 6033
73 25855.0796538294 6113
74 25852.5698775995 6198
75 25852.1957056656 6278
76 25842.0256027295 6361
77 25838.0395486206 6442
78 25837.8695868965 6524
79 25833.115949036 6609
80 25833.8376587951 6690
81 25829.8208632837 6774
82 25831.0420068756 6854
83 25833.5049178988 6937
84 25829.2103356988 7024
85 25825.7452498232 7107
86 25825.4334011924 7198
87 25821.996352721 7279
88 25820.9868158841 7363
89 25819.6675760005 7449
90 25819.3023258698 7532
91 25815.8952101969 7617
92 25814.9220268415 7700
93 25816.6342868613 7787
94 25813.2090012254 7869
95 25814.1927175848 7949
96 25814.364265558 8032
97 25812.7906126837 8111
98 25812.1063774659 8195
99 25808.926818691 8275
100 25810.1617693721 8365
101 25809.611285042 8461
102 25810.0939233441 8541
103 25805.8134202243 8626
104 25805.9703318542 8705
105 25806.0555098826 8792
106 25804.8592466585 8875
107 25804.6311130974 8957
108 25804.6327545695 9043
109 25805.6721328803 9126
110 25802.974750885 9210
111 25801.9366456543 9294
112 25801.7502337077 9377
113 25801.1052932202 9460
114 25798.891290194 9541
115 25799.3239566924 9629
116 25799.6736767665 9716
117 25797.7706334112 9810
118 25799.615477497 9894
119 25799.771710502 9977
120 25798.2326983336 10059
121 25797.007312681 10139
122 25796.9633367323 10223
123 25795.9952185098 10305
124 25795.9703514394 10389
125 25796.3335619724 10475
126 25794.9804702987 10555
127 25795.1550007234 10640
128 25794.2679754159 10720
129 25793.9723109435 10803
130 25794.3961249654 10884
131 25794.5352432317 10963
132 25794.0211082618 11048
133 25792.9475950389 11129
134 25794.228548481 11219
135 25792.0196316597 11300
136 25792.5974744215 11381
137 25791.7017180095 11468
138 25792.9075829782 11548
139 25791.301691526 11631
140 25792.1706902997 11713
141 25791.7740021299 11793
142 25791.7210055273 11876
143 25791.4678285683 11955
144 25791.0173945888 12038
145 25790.7179679085 12120
146 25790.2399495159 12202
147 25790.3536588608 12284
148 25790.4188464631 12363
149 25790.6415972688 12448

