0 7390.18265079891 60
1 8078.93300204026 124
2 6979.40367680936 190
3 7576.53439529882 251
4 7020.05268482149 310
5 7264.20425392371 372
6 6258.39363082625 433
7 5613.41479118703 492
8 4987.70226694809 554
9 4244.6481446598 615
10 3699.97810921551 674
11 3310.6034365817 735
12 3073.08159806893 795
13 2744.39408317963 853
14 2622.96616298451 911
15 2481.83770059801 973
16 2304.66942917417 1031
17 2224.74799378258 1088
18 2172.99015007362 1149
19 2093.54851545012 1209
20 2042.61619383977 1266
21 2015.41457666059 1324
22 2006.11149403563 1390
23 1978.78384481192 1449
24 1967.78637949894 1507
25 1962.00781170102 1570
26 1957.8638570291 1628
27 1956.26762249897 1685
28 1955.09671150402 1743
29 1954.23009661108 1803
30 1953.75701860367 1860
31 1953.33874617513 1917
32 1953.1360380967 1979
33 1952.93106563245 2038
34 1952.81447483755 2095
35 1952.71277872738 2153
36 1952.65868279268 2213
37 1952.57741013413 2270
38 1952.55166021229 2327
39 1952.48320796186 2387
40 1952.44870214873 2444
41 1952.42269300756 2502
42 1952.40958025822 2560
43 1952.3842224136 2619
44 1952.36970367683 2676
45 1952.35241327278 2734
46 1952.32933802368 2799
47 1952.32398778462 2858
48 1952.31561838429 2914
49 1952.3057272091 2973
50 1952.29820759646 3033
51 1952.29295977151 3090

0 8585.3520259557 59
1 7672.86297125064 118
2 7489.24307434803 174
3 7327.41896254388 230
4 6908.30151654778 288
5 6500.32047042494 346
6 6603.54259105875 403
7 5497.50542863587 460
8 4904.13297799787 519
9 4332.98644430658 577
10 3852.3805968313 634
11 3322.95240951877 692
12 2966.56723568151 750
13 2748.15978160921 806
14 2616.95835529241 862
15 2444.98842687726 921
16 2286.55662964932 978
17 2215.86861906768 1034
18 2183.6182119755 1092
19 2111.14968434171 1156
20 2050.77773766118 1212
21 2024.14923532918 1268
22 2007.94844117441 1330
23 1981.50189080948 1389
24 1968.17672253471 1446
25 1961.27579355162 1504
26 1958.16958214443 1564
27 1955.98387310514 1621
28 1954.93038355026 1678
29 1954.11249187231 1738
30 1953.79252747795 1795
31 1953.3452431659 1853
32 1953.12138693113 1911
33 1953.00357853702 1971
34 1952.87445185076 2029
35 1952.76566381029 2087
36 1952.66027978181 2148
37 1952.61237552805 2205
38 1952.55797948647 2262
39 1952.49169578188 2321
40 1952.46037865296 2379
41 1952.42285645466 2436
42 1952.39630808832 2493
43 1952.37739354976 2559
44 1952.35930083041 2618
45 1952.35501529087 2674
46 1952.33649406042 2736
47 1952.33105315465 2795
48 1952.31912647965 2852
49 1952.30997318654 2910
50 1952.30125946751 2972

0 7989.34937331565 59
1 8066.83021962103 114
2 7885.42682715722 174
3 7294.98420376903 231
4 7314.12222808728 287
5 6365.89708905875 345
6 6154.0526800203 406
7 5498.72706756803 464
8 4909.13529533892 521
9 4286.50478436196 582
10 3782.10677540165 641
11 3397.36906093549 699
12 3094.86372411851 757
13 2757.16350554153 816
14 2601.19476423507 873
15 2445.8131682643 932
16 2342.89187868644 999
17 2222.10184291284 1056
18 2185.57933620669 1112
19 2099.35428089668 1170
20 2040.18109840636 1229
21 2020.98407866762 1285
22 2005.28847354485 1341
23 1979.32844966173 1402
24 1968.04286841802 1459
25 1961.56895812158 1516
26 1958.60542572787 1575
27 1956.16866963728 1633
28 1955.05139275779 1690
29 1954.39796648033 1747
30 1953.85920518918 1808
31 1953.33376432228 1866
32 1953.12224657281 1923
33 1953.03728434102 1981
34 1952.86536329654 2040
35 1952.72583742335 2096
36 1952.63885913286 2153
37 1952.58593201282 2214
38 1952.53287429732 2270
39 1952.49031436937 2327
40 1952.44232583138 2388
41 1952.42398827689 2452
42 1952.38600013196 2509
43 1952.37953660985 2566
44 1952.36334166721 2627
45 1952.34158634393 2684
46 1952.33117244113 2741
47 1952.32372931829 2799
48 1952.31578482693 2857
49 1952.30878678712 2914
50 1952.29907623922 2971

0 7899.31672298045 60
1 7714.8500278456 116
2 8070.81382647285 172
3 7526.10119621334 230
4 7467.36302713292 288
5 7106.11989708232 345
6 6058.10117135597 402
7 5611.56300814094 463
8 4822.31881144755 520
9 4310.16389672517 576
10 4030.47658876819 634
11 3395.5526862241 693
12 3026.97857343423 749
13 2782.66616953979 808
14 2636.40093580563 871
15 2433.68912269746 927
16 2293.11490654935 983
17 2233.89001482591 1042
18 2164.85551077288 1101
19 2087.41654794507 1157
20 2041.32691992706 1213
21 2025.52965821539 1272
22 2006.58491828921 1329
23 1980.30229877133 1386
24 1967.68268042117 1446
25 1960.87925022575 1504
26 1958.35901459478 1561
27 1955.89328970993 1618
28 1955.16838018544 1680
29 1954.1827513175 1736
30 1953.85747396566 1793
31 1953.29620222956 1852
32 1953.10834440294 1911
33 1952.96532018297 1967
34 1952.81052161095 2024
35 1952.74527765306 2084
36 1952.65296327982 2141
37 1952.59070350211 2197
38 1952.52925564505 2258
39 1952.47995447551 2320
40 1952.45186221654 2378
41 1952.4173771925 2436
42 1952.38814505999 2497
43 1952.3696836207 2555
44 1952.36244384452 2611
45 1952.34925813934 2671
46 1952.34515302284 2729
47 1952.33084727752 2786
48 1952.32310552462 2843
49 1952.31101397454 2903
50 1952.30458708507 2962
51 1952.30176672465 3020
52 1952.29360252719 3081

0 7642.64659135028 59
1 7628.38122269574 116
2 7214.56879473866 173
3 7604.24820613444 232
4 7048.60498450256 288
5 7152.31392159508 344
6 6000.95040070473 404
7 5656.52026269613 461
8 4948.88190037478 518
9 4314.00044453015 576
10 3945.82866571766 643
11 3328.62997203205 700
12 3037.08998415307 756
13 2858.62058536588 815
14 2571.98821274427 872
15 2440.46513030954 928
16 2294.47662332025 985
17 2240.00516791881 1043
18 2142.82262800515 1099
19 2100.12698688887 1155
20 2047.49022736581 1214
21 2010.86879064245 1270
22 2007.11843486725 1326
23 1980.46636591772 1383
24 1966.40051162086 1443
25 1961.57728369889 1500
26 1958.18310883527 1556
27 1956.34753730219 1615
28 1954.95198906161 1673
29 1954.43131006082 1729
30 1953.7147223337 1787
31 1953.29180759026 1847
32 1953.13210578407 1905
33 1953.00414311912 1961
34 1952.83683540111 2027
35 1952.78381947322 2085
36 1952.6781188244 2142
37 1952.5920852439 2200
38 1952.54148491729 2259
39 1952.50762921852 2316
40 1952.47240442941 2373
41 1952.43305350585 2433
42 1952.3971475768 2490
43 1952.38550720939 2547
44 1952.36540999925 2605
45 1952.34839644953 2664
46 1952.33878955086 2721
47 1952.33077437445 2778
48 1952.31649231925 2838
49 1952.30988057261 2896
50 1952.30039956945 2953
51 1952.29643698274 3010

0 7534.21608236832 59
1 7508.12901963409 115
2 7586.75744742942 171
3 7105.12376688181 230
4 7194.66537392779 288
5 7084.76874926301 344
6 5900.71579439957 405
7 6050.13259264246 467
8 4734.29173429385 524
9 4149.18314019191 580
10 3895.0976166908 642
11 3353.92234131308 699
12 3088.11958785808 755
13 2805.49089951703 812
14 2623.09214119946 871
15 2423.38925224096 927
16 2332.16841593096 983
17 2209.27266411679 1042
18 2164.70016993373 1099
19 2082.85559841181 1155
20 2043.43517561442 1211
21 2017.43059683047 1270
22 2002.21398072741 1326
23 1981.33762691806 1384
24 1966.16353550062 1445
25 1961.98952459048 1502
26 1958.26611700788 1559
27 1956.47476003494 1617
28 1955.21509689269 1676
29 1954.21692822436 1733
30 1953.73754673973 1789
31 1953.4158883427 1856
32 1953.10430018144 1919
33 1952.95279946618 1976
34 1952.83473602722 2035
35 1952.76158068334 2094
36 1952.6462615306 2150
37 1952.5714322587 2207
38 1952.50891975889 2267
39 1952.50403984294 2324
40 1952.45223259624 2382
41 1952.41874749906 2440
42 1952.40380003377 2500
43 1952.38741254621 2558
44 1952.36810544451 2614
45 1952.35442265346 2674
46 1952.34140493423 2731
47 1952.33104495943 2788
48 1952.31640754863 2847
49 1952.31119876107 2906
50 1952.30206888685 2963
51 1952.29101409953 3020
52 1952.2867703994 3080

0 7454.73200364851 58
1 7373.27746671409 114
2 7501.34124237027 174
3 7909.99961324694 233
4 7408.65376907272 290
5 6233.56764284426 348
6 6081.3255668737 410
7 5421.80532811723 468
8 4997.36030557586 524
9 4294.5046802023 583
10 3763.02778849987 641
11 3335.01316789191 697
12 3072.56974433707 752
13 2860.07592667614 815
14 2586.66926175042 874
15 2457.04666746196 930
16 2307.08643035553 988
17 2232.5102954791 1047
18 2170.05849393194 1104
19 2100.99493948784 1160
20 2048.70463093384 1220
21 2022.87135766787 1276
22 2009.60462098269 1332
23 1980.72778181165 1390
24 1967.63769388145 1448
25 1961.24106762388 1505
26 1958.21733150381 1562
27 1956.25706043878 1628
28 1955.07194218016 1685
29 1954.22885294199 1742
30 1953.83566803111 1804
31 1953.4276739451 1862
32 1953.15757328779 1920
33 1952.97681249122 1977
34 1952.84413321349 2037
35 1952.72707847241 2094
36 1952.63151769679 2150
37 1952.55478249095 2209
38 1952.52715141501 2269
39 1952.4945189355 2325
40 1952.45658209487 2382
41 1952.42214096315 2442
42 1952.40669290245 2500
43 1952.3770822093 2557
44 1952.36845778051 2616
45 1952.36504837746 2674
46 1952.35129079456 2731
47 1952.32897009341 2789
48 1952.31447346051 2849
49 1952.30863743722 2908
50 1952.30255176152 2964
51 1952.29367430485 3031

0 7453.56316738423 59
1 7718.03160392699 115
2 7631.46762683531 172
3 7181.62368957718 232
4 7102.00829402567 289
5 6958.42474533679 346
6 5977.44482217767 406
7 5559.7729750729 464
8 5134.98942382254 520
9 4307.49661172043 577
10 3715.92699456592 636
11 3448.95046013048 693
12 3044.26975785556 749
13 2831.50286219838 813
14 2628.59949832291 871
15 2449.76699620254 926
16 2317.56343382961 983
17 2221.02583652146 1042
18 2149.55194259342 1098
19 2094.72235500446 1154
20 2041.17324200414 1212
21 2018.15956965872 1269
22 2010.97835050796 1325
23 1980.52567494247 1384
24 1968.85999292506 1448
25 1961.7827601902 1506
26 1957.80589231555 1563
27 1956.17325047705 1625
28 1955.01944969015 1683
29 1954.32426607327 1740
30 1953.82763767838 1798
31 1953.48506304839 1858
32 1953.19573283172 1915
33 1952.98717977577 1971
34 1952.80190926038 2032
35 1952.74662043576 2090
36 1952.65380374057 2147
37 1952.61027397863 2205
38 1952.52458500986 2266
39 1952.49197172119 2323
40 1952.45507277229 2379
41 1952.4199227996 2439
42 1952.40129755644 2496
43 1952.38225417778 2554
44 1952.36871694116 2612
45 1952.35204314637 2671
46 1952.33655672168 2728
47 1952.32889784022 2785
48 1952.31833307152 2851
49 1952.30749105247 2910

0 8150.56531387978 58
1 7788.00541924502 116
2 7518.3474756628 174
3 7387.44826553731 230
4 7166.94072689361 288
5 6856.6992986925 349
6 6077.65421531056 406
7 5608.62183490176 462
8 5144.33354601465 521
9 4293.25346546345 579
10 3822.50005887932 636
11 3458.54336785123 692
12 3094.42893870352 751
13 2830.63289555065 808
14 2591.47489927455 863
15 2419.18599830677 921
16 2381.53069642046 981
17 2208.76062804389 1038
18 2180.88168943487 1093
19 2084.71854386165 1152
20 2048.45347679111 1209
21 2023.35839941626 1265
22 2005.49763865126 1324
23 1981.83862790423 1389
24 1967.46278292168 1446
25 1960.93272422579 1502
26 1957.72696719208 1563
27 1955.97683635745 1620
28 1955.02319813867 1677
29 1954.28333641814 1735
30 1953.79109642878 1794
31 1953.40424110657 1850
32 1953.14049271081 1907
33 1952.91123035192 1968
34 1952.79676198465 2025
35 1952.74313587981 2081
36 1952.65334484894 2140
37 1952.59401718506 2198
38 1952.53939994525 2254
39 1952.48841043618 2311
40 1952.43995719583 2372
41 1952.40362916205 2430
42 1952.40146669765 2486
43 1952.37323363389 2545
44 1952.3648792032 2603
45 1952.35713767034 2660
46 1952.33943433626 2716
47 1952.32626579561 2782
48 1952.31728601871 2840
49 1952.3045075957 2899
50 1952.30034750545 2962

0 7817.45810836615 60
1 8372.71793978586 116
2 7482.23068859858 173
3 8023.38744405976 232
4 7167.22776019087 289
5 6767.89452912136 346
6 6041.20845563864 405
7 5706.38652711164 463
8 4862.97063695853 519
9 4321.19628195032 576
10 3834.22452787609 637
11 3378.52020715649 693
12 3057.57646924467 749
13 2819.40496916604 807
14 2615.63970247127 865
15 2412.92977294828 921
16 2349.11759150906 977
17 2225.92225288701 1038
18 2163.04957199456 1094
19 2087.60251167424 1150
20 2047.10360959068 1210
21 2020.20492319123 1270
22 2005.58799971434 1326
23 1979.29420091489 1384
24 1967.42529194431 1447
25 1960.79067546636 1505
26 1958.25782735494 1561
27 1955.9511828791 1620
28 1954.91710833849 1678
29 1954.34771024408 1735
30 1953.82534856879 1792
31 1953.46715825516 1852
32 1953.16574761355 1909
33 1953.01251595377 1966
34 1952.82321959803 2025
35 1952.69818334917 2083
36 1952.63632194471 2140
37 1952.60225783054 2197
38 1952.56879673526 2258
39 1952.51365410817 2316
40 1952.47137914211 2373
41 1952.42128009912 2432
42 1952.39978961624 2490
43 1952.39002598815 2546
44 1952.37177254176 2604
45 1952.35658969116 2669
46 1952.34236574923 2727
47 1952.33342228649 2784
48 1952.31760188128 2846
49 1952.31611222657 2904
50 1952.31047074745 2961
51 1952.29929240361 3019

0 7979.22351684469 58
1 7510.92164252815 114
2 8112.6849681639 170
3 7484.83575132744 229
4 7521.79597464062 287
5 6671.71612245657 344
6 5862.16853971198 401
7 5405.7387164209 461
8 5052.22373227835 519
9 4362.29804431954 576
10 3787.02319677278 636
11 3417.57551728405 692
12 3125.94439745667 749
13 2807.32583515459 806
14 2577.34756219197 865
15 2444.71288485177 922
16 2333.33766416559 978
17 2206.60686570456 1045
18 2164.93887889423 1108
19 2090.39138358553 1164
20 2048.26313257789 1222
21 2020.78070730379 1281
22 2002.84374363877 1338
23 1980.84166204951 1396
24 1967.1412364465 1457
25 1962.03401174508 1514
26 1957.98443679369 1571
27 1956.26433183005 1629
28 1955.10219331454 1688
29 1954.18910947945 1745
30 1953.74546470563 1802
31 1953.38170189098 1863
32 1953.20823301121 1921
33 1953.00837241968 1981
34 1952.84699451526 2040
35 1952.71922316996 2098
36 1952.62674794039 2155
37 1952.58250970162 2212
38 1952.53841433591 2272
39 1952.49472589891 2329
40 1952.46190044498 2385
41 1952.42828193741 2447
42 1952.41121484674 2507
43 1952.38622523569 2563
44 1952.37479001677 2620
45 1952.36138478844 2683
46 1952.34002807441 2741
47 1952.32685739822 2797
48 1952.31773193351 2857
49 1952.30764657403 2916
50 1952.30486849425 2978

0 7560.04788970297 59
1 7903.89218939377 118
2 8133.5831663811 174
3 7509.24398055541 230
4 7776.6593803668 290
5 6684.95925829898 348
6 6263.85677323943 405
7 5543.90255568116 463
8 4850.70987391436 523
9 4185.47403560787 579
10 3941.00856607396 635
11 3415.57986595952 700
12 3056.80667645322 761
13 2835.30141260126 820
14 2585.92554089732 878
15 2418.43767111017 940
16 2310.81184519813 997
17 2225.43541666571 1053
18 2164.90150038245 1115
19 2086.89533850279 1172
20 2040.16182591112 1228
21 2018.13758035681 1285
22 2006.40375949764 1343
23 1979.38931725916 1400
24 1967.52771845294 1456
25 1961.34280082249 1516
26 1957.79655684499 1573
27 1955.9491600975 1631
28 1955.00793323809 1691
29 1954.30931934359 1751
30 1953.77097532263 1811
31 1953.34977708436 1870
32 1953.06858767597 1933
33 1952.96314452952 1992
34 1952.82776806419 2050
35 1952.71237335063 2111
36 1952.64340733529 2170
37 1952.59588125656 2230
38 1952.52612661738 2291
39 1952.50537411828 2360
40 1952.45884978684 2420
41 1952.41599796675 2481
42 1952.41306185693 2549
43 1952.37770287191 2608
44 1952.37089829051 2666
45 1952.35235658445 2727
46 1952.33989397653 2785
47 1952.32997565802 2843
48 1952.31565799863 2903
49 1952.31247658488 2964
50 1952.30695922733 3025

0 8349.29849826942 60
1 8287.08797556259 122
2 7826.42938030783 181
3 7691.33978323695 239
4 6964.64459419863 299
5 6977.36669416055 359
6 6180.20821578694 420
7 5629.6223898388 478
8 4987.96474290178 539
9 4290.41496459558 596
10 3768.30586778925 653
11 3405.58677141127 719
12 3023.88434578224 778
13 2761.47410462858 837
14 2584.46778741575 898
15 2480.84466164022 968
16 2345.31646962235 1027
17 2236.99187389088 1088
18 2170.8920956888 1150
19 2089.20357799965 1209
20 2042.61225780659 1267
21 2022.92982798294 1328
22 2003.84537564336 1389
23 1981.48476949769 1449
24 1967.10782248905 1511
25 1962.11049127113 1572
26 1958.23547035139 1632
27 1955.79922082419 1692
28 1954.94960931798 1754
29 1954.24480562345 1814
30 1953.68183937465 1874
31 1953.46647621682 1937
32 1953.17976269634 2000
33 1952.99879860027 2059
34 1952.82678320137 2121
35 1952.7357837439 2183
36 1952.66505255508 2241
37 1952.58224378721 2303
38 1952.52411473469 2380
39 1952.49622417876 2438
40 1952.46382959345 2495
41 1952.44607223923 2557
42 1952.40591198695 2615
43 1952.38656118807 2671
44 1952.36228371783 2730
45 1952.34143809971 2788
46 1952.33945673137 2845
47 1952.33284165947 2903
48 1952.31770564037 2963
49 1952.31232707487 3022

0 8050.92927383699 58
1 7997.98535140291 117
2 8024.84042337789 175
3 7415.50827200682 232
4 7513.97653922829 289
5 7319.78624796783 350
6 5910.96969647274 409
7 5721.69476499613 465
8 4894.85849229186 529
9 4432.79040238167 587
10 3753.83218595673 644
11 3348.42683947058 701
12 3001.3266679765 764
13 2788.27388810154 823
14 2625.33268520239 879
15 2468.31646368605 939
16 2322.50253387266 996
17 2246.34053352489 1053
18 2168.79456334561 1110
19 2102.33940258781 1169
20 2041.53679649265 1225
21 2021.77904794627 1281
22 2007.36275429271 1341
23 1981.01757684732 1400
24 1968.04473703725 1457
25 1961.05741027153 1516
26 1957.95871061952 1575
27 1956.2287998409 1633
28 1955.17774382762 1690
29 1954.1987183382 1751
30 1953.73668205593 1809
31 1953.34383278157 1865
32 1953.17987604451 1925
33 1952.93795348206 1990
34 1952.81971692281 2046
35 1952.74233720485 2103
36 1952.64171173768 2167
37 1952.61698749062 2225
38 1952.54924397569 2282
39 1952.482631414 2342
40 1952.45548836641 2402
41 1952.41949836843 2458
42 1952.39081015259 2516
43 1952.37596857238 2577
44 1952.35805822316 2635
45 1952.34695213622 2692
46 1952.33304011325 2751
47 1952.32414168797 2809
48 1952.31481659499 2866
49 1952.30954457953 2925
50 1952.30385628717 2986
51 1952.29522328318 3043

0 8365.9995916008 58
1 8237.54891435322 118
2 7591.44397649747 178
3 7503.70148400496 235
4 6916.28558725341 292
5 6522.39147820444 360
6 6318.82348946164 418
7 5506.62801607128 474
8 4924.85188440853 534
9 4222.36251329332 591
10 3820.87453863106 647
11 3414.53078717855 703
12 3094.78936037434 762
13 2828.83768067289 818
14 2658.95577956198 875
15 2441.43605982474 934
16 2306.16496601122 991
17 2228.4446572513 1046
18 2182.39029932478 1103
19 2093.08838649546 1162
20 2041.86686483495 1217
21 2020.49214111414 1274
22 2007.45624697276 1332
23 1982.87365779508 1390
24 1966.13952732201 1446
25 1961.19825549454 1505
26 1957.86813353798 1565
27 1956.1678168067 1623
28 1955.19871541126 1679
29 1954.34202989103 1744
30 1953.73180947822 1803
31 1953.35810399537 1859
32 1953.14666757136 1918
33 1952.99045257239 1980
34 1952.83338220995 2037
35 1952.76010796028 2094
36 1952.64354584673 2154
37 1952.58433993663 2212
38 1952.54143923885 2269
39 1952.50044505422 2327
40 1952.46980851974 2387
41 1952.43901914048 2445
42 1952.41891422351 2501
43 1952.38890213723 2562
44 1952.37382454429 2619
45 1952.351998992 2676
46 1952.33717901426 2734
47 1952.32648309914 2795
48 1952.32046440812 2852
49 1952.31286488829 2909
50 1952.30348634387 2970
51 1952.29859259392 3027

0 7819.18637231856 58
1 8000.52273085071 117
2 7432.41493768811 178
3 7872.08175788393 235
4 7439.15560855848 292
5 6536.07552495317 355
6 6418.72918229447 413
7 5665.72680466458 470
8 4854.84574135514 528
9 4250.40335432153 586
10 3783.41865784828 642
11 3370.83049466934 698
12 3067.46781883728 758
13 2813.56374922706 815
14 2647.47228015371 871
15 2450.78366755062 930
16 2353.75889950157 988
17 2223.90117585382 1043
18 2174.35783676857 1099
19 2092.20042522121 1159
20 2044.09826190501 1216
21 2014.12542309599 1273
22 2003.65993289631 1330
23 1978.78235317614 1390
24 1968.64163724852 1447
25 1961.83105495864 1503
26 1958.17187969468 1569
27 1956.0072295645 1629
28 1954.94320382344 1685
29 1954.31785757777 1744
30 1953.82285782854 1802
31 1953.41528432367 1860
32 1953.17531401013 1922
33 1952.94263446575 1982
34 1952.86415958188 2040
35 1952.75998052469 2098
36 1952.62923788484 2157
37 1952.57798513876 2215
38 1952.54231559951 2272
39 1952.5024082584 2331
40 1952.48313724079 2392
41 1952.43933224037 2450
42 1952.40240869109 2506
43 1952.38378923924 2565
44 1952.37125606622 2623
45 1952.34522234436 2681
46 1952.3424107799 2738
47 1952.32949815821 2798
48 1952.32137208075 2855
49 1952.31101282333 2912
50 1952.3095285742 2977

0 8047.04614433055 58
1 7531.28653073978 114
2 7815.60755780496 171
3 7164.12474957666 233
4 7441.34166166407 291
5 6726.89181134926 347
6 6031.82378276816 407
7 5850.78695223837 464
8 4926.69911011869 521
9 4259.64986565742 578
10 3777.11247469969 636
11 3472.71766543733 693
12 3133.56216831733 749
13 2788.04151195239 809
14 2578.73310780096 866
15 2417.26247687951 922
16 2355.58324117574 979
17 2210.56662659587 1038
18 2148.378504844 1095
19 2106.34058911887 1150
20 2044.7049773421 1209
21 2019.38423678543 1267
22 2008.05492601549 1322
23 1980.91443779719 1381
24 1966.50171742489 1446
25 1961.47714796881 1504
26 1957.65297100744 1560
27 1956.13799073343 1620
28 1954.99261657891 1677
29 1954.18924788602 1734
30 1953.83948003995 1793
31 1953.47474398575 1853
32 1953.14338919818 1909
33 1952.9380968299 1966
34 1952.85985799209 2026
35 1952.739007126 2084
36 1952.63733046476 2140
37 1952.58678299931 2198
38 1952.51924011577 2258
39 1952.47999892917 2315
40 1952.45681542503 2372
41 1952.42337616794 2431
42 1952.39627013613 2489
43 1952.38887095631 2545
44 1952.36475579417 2602
45 1952.35323673598 2662
46 1952.34113101959 2719
47 1952.33131273666 2776
48 1952.31770114558 2841
49 1952.31510025283 2900
50 1952.31146597469 2957

0 7876.74104484035 60
1 8340.33075414587 120
2 7719.71949937308 177
3 7545.02687329585 233
4 7147.61015798703 292
5 6767.8936467211 352
6 6167.76662839972 410
7 5597.23656996969 469
8 5187.68292038815 529
9 4471.57595572325 586
10 3681.68463029859 643
11 3404.99411291201 702
12 3055.67220194853 759
13 2810.54173698067 815
14 2605.70437566167 873
15 2460.99283605601 932
16 2347.77813315006 994
17 2234.8378667296 1051
18 2155.27038911506 1111
19 2077.83190943489 1167
20 2044.78865415172 1225
21 2022.64080013083 1284
22 2008.76261006434 1346
23 1983.11198255418 1403
24 1967.17541576864 1461
25 1961.80517712313 1523
26 1957.47327355993 1581
27 1956.45736928473 1638
28 1955.30907863206 1698
29 1954.16939159797 1756
30 1953.89875576602 1814
31 1953.35581056458 1872
32 1953.21746852645 1933
33 1953.06562658841 1991
34 1952.86190929109 2048
35 1952.7709279637 2109
36 1952.65856419714 2168
37 1952.58904996647 2225
38 1952.52757837546 2283
39 1952.47968959431 2344
40 1952.45505243769 2402
41 1952.41905867306 2459
42 1952.40814917711 2519
43 1952.38225969183 2577
44 1952.36711367464 2634
45 1952.35068384627 2693
46 1952.34378713308 2757
47 1952.32860920699 2814
48 1952.31819308238 2871
49 1952.30995237272 2934
50 1952.29922140938 2992

0 8256.44580701497 58
1 7326.1237546919 116
2 7908.00620600451 173
3 7126.70383974459 229
4 7113.39692261758 286
5 6782.31012563498 349
6 5636.60788917887 407
7 5438.38192871517 464
8 4915.31347439467 523
9 4197.79765762367 582
10 3770.59839304787 639
11 3251.39743699805 695
12 3052.31487961857 755
13 2835.25107781864 811
14 2593.09861291772 867
15 2470.82044794725 925
16 2294.65446518098 982
17 2218.02587922822 1038
18 2179.01396961013 1094
19 2098.60529988091 1158
20 2043.8386313806 1215
21 2013.7918967664 1270
22 2006.88313288487 1329
23 1981.67272923879 1390
24 1968.64706970927 1447
25 1961.45379026765 1505
26 1958.3345898049 1565
27 1956.13703625127 1623
28 1954.97373529202 1681
29 1954.20930878064 1741
30 1953.70361690308 1800
31 1953.39925863335 1857
32 1953.14101210136 1915
33 1952.92016678574 1976
34 1952.84272944578 2033
35 1952.73583638995 2090
36 1952.60733237753 2149
37 1952.56720584659 2207
38 1952.54626441477 2264
39 1952.50786959834 2321
40 1952.45715493807 2382
41 1952.42082308091 2440
42 1952.39709091589 2497
43 1952.39367741911 2561
44 1952.37396109786 2620
45 1952.35396434589 2677
46 1952.33494895703 2736
47 1952.32860723697 2798
48 1952.32340002094 2857
49 1952.31432409955 2914
50 1952.30545546521 2977
51 1952.30036362813 3036
52 1952.29255322015 3092

0 7634.56140718503 60
1 8014.76187279363 118
2 7647.54333868054 175
3 7086.72791032351 231
4 7720.05008152073 292
5 6688.94552977457 350
6 6428.08016111011 407
7 5568.05636776197 466
8 5057.63372626424 524
9 4268.10254432208 580
10 3681.66014944733 636
11 3507.87562116794 696
12 3016.44090591265 753
13 2803.15450873497 809
14 2594.00851018369 868
15 2407.95578005986 933
16 2320.96079471551 989
17 2219.1640825507 1045
18 2170.22474755565 1104
19 2087.65696811596 1162
20 2045.56581738311 1217
21 2024.47053320329 1278
22 2010.37766666124 1339
23 1981.02057955724 1397
24 1968.11913139243 1455
25 1961.61820894075 1517
26 1957.93563962549 1577
27 1955.96173160658 1636
28 1955.12707130623 1695
29 1954.0359761707 1755
30 1953.67821889206 1813
31 1953.43251269864 1874
32 1953.12886842183 1934
33 1952.96048289488 1992
34 1952.79181614076 2049
35 1952.69985782978 2109
36 1952.63286156558 2167
37 1952.57882253003 2225
38 1952.53559468932 2285
39 1952.47841260146 2350
40 1952.45414730921 2409
41 1952.41442843366 2468
42 1952.41451652038 2531
43 1952.38871193646 2589
44 1952.36693394182 2646
45 1952.34517896059 2705
46 1952.3391880769 2765
47 1952.32559262521 2823
48 1952.31550783569 2882
49 1952.31339886268 2942

0 7554.29707502139 60
1 8292.11668491307 118
2 7628.33695222372 178
3 7566.00646224673 236
4 7230.38898387549 294
5 6775.9747773135 354
6 5773.91932068598 418
7 5568.95204170462 476
8 5117.17484220405 533
9 4379.05199010073 593
10 3854.96731856632 650
11 3326.68961271769 706
12 3000.91374778339 765
13 2790.20196553086 829
14 2643.11666039425 887
15 2446.6966992946 945
16 2337.88761616946 1010
17 2227.13299984296 1068
18 2144.65924207371 1123
19 2096.4846541795 1181
20 2045.54019927338 1239
21 2018.21691379402 1299
22 2006.9374631286 1361
23 1982.73651639773 1425
24 1967.67426223321 1482
25 1961.65465823156 1540
26 1958.1258958109 1603
27 1955.99259685015 1663
28 1955.10722538152 1721
29 1954.20928861637 1782
30 1953.64938713881 1842
31 1953.37379190589 1901
32 1953.19712353032 1961
33 1952.94622891078 2024
34 1952.84292400411 2084
35 1952.68215413989 2142
36 1952.67287852372 2208
37 1952.60176354633 2266
38 1952.55369797069 2324
39 1952.48329820364 2382
40 1952.45167711055 2444
41 1952.41286364046 2502
42 1952.39305075931 2559
43 1952.37604936309 2621
44 1952.35334515028 2680
45 1952.34052948713 2739
46 1952.33056276051 2798
47 1952.3231750997 2857
48 1952.3160803417 2914
49 1952.31304201511 2971
50 1952.29486690224 3033
51 1952.29477166975 3091

0 7823.06416206008 60
1 7922.57047558351 119
2 7798.97875639289 178
3 7652.85795762113 235
4 7119.20480367416 292
5 6827.2495500088 352
6 6613.82085705789 410
7 5419.41237649489 466
8 4917.98538688446 526
9 4301.88000409654 587
10 3649.51406481749 643
11 3307.38998086066 700
12 3084.17180850315 761
13 2793.9283576804 818
14 2581.86235782564 875
15 2379.98583311691 934
16 2362.61519261206 991
17 2207.60193978327 1048
18 2172.48245532325 1104
19 2097.61734606285 1164
20 2049.99056315693 1220
21 2023.85639324272 1276
22 2004.1329225677 1334
23 1980.09639854889 1394
24 1967.86972539916 1451
25 1961.08154288077 1509
26 1958.129069514 1569
27 1956.05216912623 1626
28 1955.04068221004 1682
29 1954.23953904307 1741
30 1953.74892447475 1802
31 1953.41101514521 1861
32 1953.15773505992 1923
33 1952.9972346304 1988
34 1952.80909721444 2045
35 1952.73285247808 2102
36 1952.63815206364 2164
37 1952.57796126736 2222
38 1952.54005198204 2279
39 1952.48522415279 2338
40 1952.46611180757 2398
41 1952.43116435711 2455
42 1952.41724587669 2513
43 1952.39021330689 2574
44 1952.37039668259 2632
45 1952.35473047109 2689
46 1952.33520991489 2748
47 1952.33173982814 2806
48 1952.32077820252 2863
49 1952.3094909068 2920
50 1952.30228294486 2981

0 7720.07170408998 58
1 8125.22152317351 114
2 7764.38307736542 172
3 7675.9359577071 231
4 7185.06603449723 288
5 6886.70733682334 346
6 6337.50632774879 416
7 5438.16674363142 475
8 5038.66625378079 531
9 4341.65054738304 591
10 3905.54331770376 651
11 3380.72950984829 708
12 3062.76073726049 765
13 2804.64010729779 824
14 2634.58782167024 881
15 2393.21210134287 942
16 2296.30424437113 1001
17 2244.48502908241 1058
18 2193.97429102187 1114
19 2085.09668366735 1170
20 2050.81402080907 1229
21 2019.55282945091 1285
22 2006.71041678366 1340
23 1980.45131215197 1401
24 1968.52799782026 1460
25 1962.19951717791 1517
26 1958.03592042359 1576
27 1956.5154906226 1636
28 1955.19693861516 1693
29 1954.15281346036 1749
30 1953.75986645776 1815
31 1953.49023635328 1874
32 1953.09231866682 1930
33 1952.97969201759 1988
34 1952.85480115893 2047
35 1952.71356872344 2104
36 1952.64186648698 2160
37 1952.5640645507 2220
38 1952.51037753089 2277
39 1952.48329967633 2334
40 1952.46891627074 2391
41 1952.40668504601 2450
42 1952.38664560611 2507
43 1952.37323206089 2565
44 1952.36320248595 2625
45 1952.35021370292 2683
46 1952.339550821 2740
47 1952.33145024415 2799
48 1952.32151328196 2858
49 1952.30512948072 2915
50 1952.2985251219 2972
51 1952.29531056591 3034
52 1952.29194257093 3094

0 8372.9470869748 59
1 8056.22139918128 119
2 7843.4222757618 177
3 7212.30659316157 233
4 7314.00235934436 290
5 6608.29379598127 350
6 6208.41553238586 406
7 5389.09057653539 463
8 5025.14323303617 521
9 4299.40670163318 580
10 3800.94116828908 637
11 3420.33420554241 693
12 3112.00514235208 753
13 2754.60158105367 810
14 2594.28831515502 866
15 2424.28820775844 923
16 2297.34191946805 981
17 2224.68715492836 1037
18 2166.23055877967 1093
19 2079.2121583267 1154
20 2045.23061708057 1211
21 2021.04785120646 1267
22 2005.18272320672 1327
23 1982.67777736222 1389
24 1967.84590408228 1446
25 1962.21575278853 1503
26 1957.76776850978 1566
27 1956.31777817885 1623
28 1955.11588358966 1679
29 1954.2729726654 1738
30 1953.73223302677 1798
31 1953.44105075975 1855
32 1953.14573454871 1912
33 1953.03022179934 1973
34 1952.86028554194 2031
35 1952.69097109623 2087
36 1952.62010641486 2146
37 1952.57436838768 2208
38 1952.5270817423 2265
39 1952.49980945589 2322
40 1952.46211926087 2383
41 1952.43350833193 2440
42 1952.40754165039 2496
43 1952.38976984851 2555
44 1952.36698744581 2615
45 1952.35919214138 2671
46 1952.34239232738 2731
47 1952.32586958164 2798
48 1952.31297132907 2860
49 1952.30248653574 2917
50 1952.30093611167 2980
51 1952.29638518472 3038
52 1952.2912209887 3095

0 7945.2811192109 59
1 7733.20255996849 120
2 8205.00365051362 175
3 7503.00249886352 231
4 7112.75267587637 292
5 7386.87142364957 352
6 6328.04614359215 409
7 5853.85817286254 467
8 4925.70469853037 526
9 4389.07389706709 582
10 3684.81028053177 638
11 3475.19443897637 698
12 3091.45041062094 755
13 2841.61987027372 811
14 2571.17246120017 869
15 2441.90569886446 928
16 2317.68466233091 983
17 2204.58694140964 1041
18 2179.53946226338 1108
19 2096.83948020294 1164
20 2048.28889216014 1220
21 2024.3664813334 1279
22 2005.57144501428 1337
23 1980.89688998085 1394
24 1967.2226215006 1450
25 1961.01497575477 1511
26 1958.12560382074 1568
27 1955.93386349098 1625
28 1954.79142896626 1684
29 1954.01173407886 1742
30 1953.78769141594 1799
31 1953.38425460352 1856
32 1953.18489265922 1916
33 1952.97717385069 1974
34 1952.82071184246 2031
35 1952.68875860521 2089
36 1952.66518975335 2149
37 1952.60724750142 2206
38 1952.54201817167 2263
39 1952.48479931495 2324
40 1952.45571295411 2383
41 1952.41950259297 2440
42 1952.40882167308 2504
43 1952.38457325407 2566
44 1952.36504807647 2623
45 1952.34879102778 2680
46 1952.33987121949 2741
47 1952.32842628377 2798
48 1952.32028210731 2855
49 1952.30884810411 2915
50 1952.29988393028 2973
51 1952.29915863625 3031

