0 267.534615722906 63
1 269.462705156365 125
2 283.770745782947 188
3 276.430918594102 249
4 286.071368157119 312
5 280.683999834682 377
6 266.794641177341 438
7 289.760382577833 498
8 289.523108995871 563
9 276.266543113072 625
10 288.146232262763 686
11 290.546200659223 756
12 297.05423339381 818
13 271.642405140231 878
14 308.963641185695 942
15 298.014901046181 1005
16 313.010529123238 1066
17 316.568934306897 1128
18 309.98481281351 1192
19 339.013141165768 1252
20 353.456534174316 1313
21 390.987804104717 1377
22 275.435679603648 1438
23 218.035033488893 1498
24 196.119513757434 1561
25 177.73079628511 1624
26 172.378336533334 1685
27 170.387723110499 1748
28 169.348492874305 1811
29 168.89464744449 1872
30 168.574004738139 1933
31 168.364867151578 1998
32 168.222317346329 2060
33 168.102488471413 2120
34 168.013227168941 2192
35 167.952875764655 2254
36 167.896614360122 2318

0 279.357607836654 69
1 268.840593305823 131
2 284.045909682085 191
3 282.048883437712 255
4 284.972018821726 318
5 259.001095578001 379
6 287.831573941132 441
7 274.840943043492 505
8 288.502929815618 566
9 299.64888871555 627
10 279.349145190369 692
11 285.676830290334 753
12 290.802608495839 814
13 286.881852039151 878
14 290.248649725729 940
15 284.307686661313 1000
16 296.228424659239 1063
17 350.302982023561 1124
18 327.988364949222 1184
19 352.228143277412 1247
20 369.627681962554 1313
21 395.561154315778 1373
22 284.546554730587 1434
23 217.240946436657 1500
24 196.403615013891 1561
25 178.17414764643 1622
26 172.478317400945 1688
27 170.389597828461 1750
28 169.302409597784 1812
29 168.774856046132 1877
30 168.463740569806 1939
31 168.26335952302 2000
32 168.131754099573 2062
33 168.020055581067 2126
34 167.931039756777 2186
35 167.869474748742 2248
36 167.8255963349 2316

0 271.45434232766 62
1 267.719692309179 123
2 259.729824550057 187
3 272.635899042149 248
4 289.916637710507 309
5 281.14203821342 380
6 293.257215758765 445
7 299.241216029008 509
8 276.130516924402 576
9 301.374658474357 641
10 286.702380494608 703
11 308.996122364036 766
12 301.459965138665 828
13 309.09561296846 889
14 293.741512838236 950
15 311.772976228764 1014
16 305.400186882191 1075
17 331.985669264036 1136
18 353.053387650833 1201
19 358.889073061958 1261
20 374.153280890228 1321
21 396.07980663226 1388
22 283.733079205848 1451
23 213.115140112938 1512
24 196.930922868889 1575
25 177.980922901557 1638
26 172.546938611496 1700
27 170.603848307956 1764
28 169.313008986705 1833
29 168.792091702396 1894
30 168.490927075405 1957
31 168.308969496563 2025
32 168.164424377678 2087
33 168.066583666539 2151
34 167.982406967687 2215
35 167.929752630608 2276

0 266.70084433394 62
1 274.410738101544 125
2 269.867467093408 188
3 277.584086188919 249
4 279.94616988744 312
5 281.830803276688 375
6 298.43362255508 440
7 284.710479764063 503
8 293.600069425898 567
9 283.556304235234 627
10 278.100694551639 689
11 296.653566729162 754
12 298.441104431818 814
13 282.063647957801 874
14 288.120949419799 943
15 282.51578373944 1005
16 289.489094462044 1065
17 310.541601390927 1129
18 354.082113452362 1193
19 342.862167840733 1253
20 391.564164823049 1315
21 405.489455526727 1381
22 277.606493451315 1442
23 210.513875653454 1502
24 194.514585614794 1566
25 178.110126386338 1628
26 172.598441678889 1689
27 170.281511967333 1754
28 169.368747425861 1815
29 168.920634604239 1875
30 168.584966788245 1938
31 168.349365140566 2000
32 168.198130514948 2061
33 168.07809701472 2123
34 168.006938322326 2188
35 167.949039423122 2248
36 167.898917639936 2309

0 281.261554731813 73
1 254.095514047464 133
2 288.133095909993 194
3 261.054130784977 261
4 262.201431041385 323
5 298.653941686947 384
6 307.342323439768 448
7 299.176802861473 509
8 264.80918952992 570
9 297.852428917363 632
10 308.784593292498 695
11 290.046225216355 756
12 307.186770949018 817
13 301.196408671181 883
14 314.598294230512 944
15 319.385604545109 1004
16 325.990984154046 1069
17 309.678171806951 1129
18 350.305490800259 1190
19 330.735596283498 1252
20 391.187814103749 1315
21 414.161361186808 1376
22 284.235963987106 1439
23 215.198283451914 1508
24 198.498549981875 1569
25 178.38637906739 1631
26 172.659274712696 1698
27 170.501943733568 1759
28 169.565598719518 1820
29 169.00669046118 1886
30 168.612752013266 1948
31 168.418561563222 2009
32 168.223919029028 2075
33 168.116131932609 2139
34 168.032700973796 2199
35 167.972446458762 2263

0 266.769405474803 65
1 263.06301946446 126
2 272.898695109542 189
3 278.540653872492 253
4 268.233260149595 315
5 283.376549990365 377
6 275.783453371904 442
7 262.969028237119 504
8 283.215136158045 564
9 296.728791489377 635
10 286.126152948186 698
11 286.981645533444 759
12 276.577093591629 823
13 301.543768863828 889
14 285.367957506127 950
15 279.213794266762 1013
16 332.621887178428 1074
17 306.423120189304 1136
18 335.356390653109 1197
19 325.258983106385 1260
20 368.502478813139 1321
21 391.362422169238 1381
22 287.785453229598 1445
23 218.843411999374 1505
24 198.721605741563 1566
25 177.774594443517 1631
26 172.651578431359 1695
27 170.295093014823 1756
28 169.403900172317 1821
29 168.729935652751 1884
30 168.465234629631 1945
31 168.281037652168 2010
32 168.171489390461 2077
33 168.0334965943 2140
34 167.981485560512 2203
35 167.916911574943 2270

0 266.259951048871 63
1 264.897139251815 124
2 264.411661840407 188
3 270.052995369473 259
4 294.886077676772 327
5 257.23223197627 394
6 281.25033333286 455
7 285.645396992515 516
8 278.558078110984 579
9 313.489086832298 641
10 282.360696981931 702
11 292.140473101343 764
12 299.853276170834 827
13 298.178294941678 888
14 299.264793219531 949
15 287.925876182777 1013
16 290.585456320595 1075
17 342.33417325828 1135
18 333.231326223671 1205
19 331.89202148068 1266
20 358.02859205832 1326
21 405.450060134771 1393
22 272.823679792447 1455
23 217.078387145354 1515
24 196.080148460795 1577
25 178.142054403301 1639
26 172.45664761835 1700
27 170.486348608964 1761
28 169.499511060818 1825
29 168.893023678629 1888
30 168.58587745791 1949
31 168.337172276955 2014
32 168.185347359355 2076
33 168.058227825733 2137
34 167.997045533663 2201
35 167.940659342126 2263
36 167.881025566806 2324

0 257.814268642122 64
1 269.120224364545 128
2 282.540435962256 188
3 271.794892691755 251
4 272.324826456387 319
5 283.650646141847 380
6 296.145033313048 441
7 275.70027381192 510
8 276.264857348994 571
9 292.435022005442 632
10 277.252486603281 696
11 295.504494686236 758
12 280.163284701457 818
13 327.925298322086 881
14 297.03618914881 943
15 296.616266504563 1004
16 305.256966666264 1066
17 302.873839230165 1130
18 323.011361350258 1191
19 373.628400559994 1253
20 369.493480070229 1322
21 378.853390714792 1384
22 280.673819828353 1444
23 212.530802443825 1509
24 198.056850090511 1573
25 177.835167858022 1635
26 172.449677533525 1705
27 170.342896574346 1769
28 169.329098308633 1829
29 168.797474833429 1893
30 168.505898579565 1956
31 168.284761577691 2017
32 168.137091458371 2079
33 168.037702419822 2143
34 167.955734502222 2204
35 167.89588853402 2265

0 297.436598797033 66
1 262.850093089988 127
2 268.205125343438 187
3 288.655163761691 251
4 284.673038032265 313
5 296.822771259913 374
6 284.327986205119 439
7 309.998266288223 501
8 292.16027572514 562
9 281.606742615155 623
10 296.670090416537 687
11 311.065860458378 748
12 276.527355800751 808
13 289.416169423384 880
14 272.740028330082 942
15 286.263015463497 1003
16 300.835890911896 1069
17 313.196678025562 1131
18 376.910106589032 1191
19 374.974019219174 1254
20 348.145038167866 1315
21 394.013181475624 1376
22 277.05745738946 1439
23 215.501268841743 1501
24 197.520434711671 1561
25 178.061280373341 1623
26 172.75379030345 1688
27 170.490765853615 1750
28 169.3863099673 1811
29 168.915687110618 1877
30 168.566774149223 1939
31 168.330471376352 2000
32 168.160932619615 2064
33 168.055725475015 2126
34 167.967822157608 2186
35 167.911317522826 2250

0 278.411822138601 68
1 271.688450646235 128
2 265.170182480134 189
3 272.971770191886 256
4 296.646752853478 318
5 262.224832603444 380
6 289.725342001859 444
7 317.214724057654 506
8 287.446637239025 567
9 269.814425613772 631
10 302.551795284422 693
11 285.629092958367 753
12 294.77569893342 815
13 300.85449061144 878
14 283.535054165515 939
15 292.753443221301 1001
16 338.425758112817 1066
17 319.132996470631 1127
18 321.372575056514 1188
19 349.20352842993 1252
20 359.8095428255 1313
21 418.856168795418 1373
22 283.351996375848 1440
23 215.923801469801 1503
24 197.688643849866 1563
25 178.718459972911 1625
26 172.785063200863 1690
27 170.546365690727 1751
28 169.391490769534 1818
29 168.875029240699 1883
30 168.552991352909 1946
31 168.310692254108 2007
32 168.159472783266 2073
33 168.070880691917 2136
34 167.984144062011 2197
35 167.940445338229 2261

0 264.771102566361 62
1 241.762907822353 121
2 245.812996637529 184
3 255.301361226597 246
4 269.965848692358 307
5 271.630882664707 370
6 272.542928345999 434
7 284.588610399015 495
8 284.382689401109 556
9 279.245055198905 627
10 288.381855019457 688
11 272.351207761841 748
12 305.294074386858 815
13 312.144718391973 876
14 306.003526506785 936
15 300.908899330122 999
16 288.95915137825 1060
17 373.712070640897 1121
18 328.362291257893 1182
19 373.437152331608 1245
20 409.785630470447 1305
21 428.822036834998 1366
22 294.61072830176 1430
23 215.791885362111 1492
24 198.09732754562 1554
25 178.346309483684 1618
26 172.166201771255 1680
27 170.493344348157 1741
28 169.464495283772 1804
29 168.960756712371 1867
30 168.64267726854 1927
31 168.384821810615 1990
32 168.238017009334 2060
33 168.138832106465 2121
34 168.043837532599 2183
35 167.984757168696 2250

0 268.625372141609 63
1 258.417347924821 123
2 300.532596300098 188
3 302.176826593001 249
4 287.798961768866 310
5 286.710311514796 374
6 277.192534171541 436
7 300.970927654532 497
8 294.384980600244 560
9 281.100304804576 623
10 305.410203410277 684
11 282.721292043454 745
12 288.812110341583 809
13 337.795530768635 870
14 293.607669211229 931
15 324.353476026701 995
16 309.72979750038 1056
17 325.624679760395 1117
18 345.229445081359 1183
19 340.924178552876 1249
20 345.229562301751 1309
21 373.324331343026 1371
22 271.973032867694 1433
23 217.090377077332 1494
24 196.418517444066 1555
25 177.68936039294 1620
26 172.759767699408 1681
27 170.381227357208 1742
28 169.322535039836 1807
29 168.85476498965 1868
30 168.515831260633 1929
31 168.3441638791 1992
32 168.188540704701 2054
33 168.060239904169 2115
34 167.989162833685 2177
35 167.91210263586 2240
36 167.870186604168 2306

0 272.060939102734 64
1 254.422867420753 127
2 300.530234613119 189
3 275.220563724482 250
4 283.112004354426 322
5 274.949713019955 384
6 289.924709442865 446
7 283.960639955173 512
8 292.51405188307 575
9 267.482150087535 635
10 277.476372219757 698
11 304.979385618413 761
12 300.963819763603 822
13 296.710756810998 883
14 305.215978391024 946
15 310.757947596407 1006
16 306.042539672489 1067
17 297.035533400888 1133
18 322.381823332044 1196
19 339.047298322555 1256
20 351.313555426944 1319
21 388.979307410238 1381
22 280.368244854895 1442
23 218.287629107901 1504
24 196.779085434898 1567
25 177.860371449294 1629
26 172.690984009838 1694
27 170.622430478522 1764
28 169.524292062065 1827
29 168.897305131764 1889
30 168.556039412636 1955
31 168.319731120272 2017
32 168.143988375196 2078
33 168.048926597937 2143
34 167.967347333884 2208
35 167.896040064808 2269
36 167.845902690649 2334

0 289.761672732303 63
1 269.652691910235 123
2 269.30825768686 185
3 296.778457706575 248
4 281.12118092813 309
5 292.792826869448 372
6 298.648704338852 435
7 274.047439251402 497
8 279.70329681952 558
9 284.537225558907 623
10 294.804194113476 684
11 281.908228868101 745
12 288.388709734893 816
13 293.004951150781 881
14 301.976928214379 941
15 322.47767883436 1010
16 309.377249690903 1071
17 291.73745208574 1131
18 316.558052442613 1192
19 338.558973029799 1256
20 380.022928297291 1317
21 393.332358833676 1379
22 281.47421727265 1443
23 215.512103382679 1504
24 196.25248439282 1564
25 177.550517837038 1629
26 172.724900853647 1691
27 170.515111577458 1751
28 169.474260116762 1816
29 168.896277298235 1878
30 168.535989165243 1940
31 168.31687694511 2003
32 168.171673293398 2067
33 168.06441336756 2129
34 167.976218668834 2194
35 167.910686646398 2263

0 281.875359098678 63
1 266.169372862095 124
2 287.836370650045 189
3 283.025157368456 251
4 293.371535612772 312
5 285.183450139803 380
6 288.877333375815 443
7 288.316350018415 504
8 277.845682644827 568
9 297.544785673967 629
10 299.917230169824 690
11 289.335067735724 752
12 272.28862940669 815
13 298.665831135727 875
14 280.496191209729 936
15 297.622487119429 1000
16 295.305026669389 1060
17 308.309441995788 1121
18 335.009154716595 1185
19 340.226606600644 1246
20 389.344415505421 1306
21 389.960500134452 1374
22 272.713826870598 1436
23 214.911615149172 1496
24 197.444813761307 1560
25 177.947724103851 1623
26 172.535961363224 1684
27 170.391429493392 1745
28 169.477847320108 1810
29 168.919624950552 1871
30 168.540615164717 1931
31 168.308875814843 1995
32 168.173140451578 2057
33 168.062231525528 2119
34 167.987923931847 2182
35 167.924321911761 2244
36 167.872175758681 2305

0 262.782329118551 64
1 272.216148563897 127
2 273.673982204727 187
3 287.103645689505 250
4 255.760540982088 316
5 279.151222919401 379
6 292.709098421669 440
7 267.827250431223 513
8 284.732945595618 576
9 290.097969385635 636
10 292.033752289116 701
11 325.012786041855 762
12 284.799853739589 823
13 297.630942495124 886
14 299.073157120244 948
15 316.651325743385 1008
16 305.042267608448 1069
17 343.797770003156 1133
18 356.260950964836 1193
19 344.906282310263 1254
20 385.028123592973 1318
21 390.564814490039 1380
22 281.289271775222 1439
23 216.101824519456 1502
24 197.651618239095 1563
25 178.066753491261 1624
26 172.830185577124 1687
27 170.433388576391 1750
28 169.515399634598 1811
29 168.939113420606 1875
30 168.564210145506 1946
31 168.357168010483 2008
32 168.203739897886 2069
33 168.08630782172 2134
34 168.01205237581 2195
35 167.954321279125 2256
36 167.895939052183 2321

0 264.666749919697 63
1 270.305727217133 123
2 282.440118203372 185
3 299.57677093935 247
4 275.809652758025 308
5 266.14598171006 370
6 275.887309065856 435
7 274.478494476637 496
8 287.534958927739 559
9 282.848372289496 625
10 282.833121002097 685
11 314.853071997084 746
12 313.495150330864 813
13 299.407066447414 875
14 326.550959492036 936
15 295.445369089037 1005
16 295.794033455161 1068
17 297.630673840295 1129
18 337.904769058283 1193
19 352.902158128503 1255
20 344.448184362997 1315
21 332.77883068909 1376
22 270.743447938638 1439
23 215.435035006708 1500
24 196.903289403359 1561
25 177.181470396408 1626
26 172.232118353624 1688
27 170.646141380165 1748
28 169.542472162564 1811
29 168.923319904918 1874
30 168.576243687281 1935
31 168.341811007772 1997
32 168.21196997977 2061
33 168.092178818592 2123
34 168.012581394576 2184
35 167.95331024614 2249

0 291.480607511623 63
1 264.464473636697 124
2 287.919107753933 195
3 294.155789956839 257
4 287.522184274073 318
5 284.048516116275 386
6 279.231061392156 451
7 285.847678678792 512
8 290.123960264912 574
9 292.716602621647 638
10 278.489446410771 699
11 280.982062265204 762
12 281.525460848743 824
13 288.929258008692 885
14 307.012927853607 945
15 308.946875180558 1010
16 316.005513949093 1070
17 337.56237223207 1130
18 301.080207346508 1193
19 376.227814421914 1253
20 392.859117193445 1315
21 381.288417440671 1377
22 285.961033460044 1439
23 213.5681334569 1499
24 197.254798509749 1560
25 177.734546447346 1631
26 172.453987580591 1693
27 170.475378305631 1753
28 169.459120956285 1822
29 168.865379008514 1885
30 168.575703280828 1946
31 168.340704065436 2010
32 168.20535067646 2071
33 168.088943082659 2132
34 167.992280669402 2195
35 167.939800811377 2257
36 167.884803620783 2320

0 285.563536854299 63
1 278.033637755158 126
2 287.451905943214 186
3 280.640500778241 247
4 270.741577999784 312
5 318.874650768432 374
6 296.807231646332 435
7 291.888451115659 501
8 300.480590864548 563
9 287.620491459508 624
10 275.984500187257 687
11 307.698956896374 755
12 297.938898322337 816
13 285.830308414678 877
14 303.424117937758 940
15 306.888664086057 1001
16 308.703635468626 1062
17 323.721502217986 1125
18 324.321127730399 1186
19 318.602209455681 1250
20 352.038289842394 1314
21 357.11051111613 1375
22 276.593912869509 1436
23 210.521075733253 1498
24 196.020006932912 1560
25 178.278718830408 1621
26 172.818994597871 1683
27 170.596371695551 1746
28 169.52298323328 1806
29 168.925133877934 1867
30 168.550088401551 1931
31 168.330640657265 1992
32 168.185903111738 2052
33 168.06443041528 2122
34 167.977152969037 2184
35 167.917048947992 2244
36 167.867996767751 2310

0 290.136087325784 64
1 272.03667597424 124
2 270.917930165075 186
3 280.981724573498 249
4 276.517783442506 309
5 299.196654779175 371
6 287.619110592344 436
7 284.906220049332 498
8 279.186457208369 558
9 286.818913898213 622
10 269.858749157022 683
11 303.263655011735 745
12 288.989472018819 811
13 276.398983823139 875
14 297.35950424167 936
15 315.709505362118 999
16 284.750585932899 1064
17 297.066295074194 1126
18 330.775894599752 1187
19 332.344781138363 1256
20 358.675780785316 1318
21 436.956050562066 1378
22 285.690593400405 1444
23 214.701645113607 1506
24 198.846653278909 1566
25 177.886855640105 1631
26 172.673577400513 1696
27 170.501375070202 1759
28 169.562140054253 1823
29 168.942266260099 1886
30 168.575015272031 1947
31 168.384435737467 2009
32 168.20161608596 2075
33 168.071369677151 2138
34 167.99806825672 2200
35 167.937216267221 2265
36 167.882584873614 2329

0 277.206330177397 64
1 276.697757560938 130
2 268.785078735961 192
3 285.605142589075 255
4 293.690445445893 326
5 289.580657891908 392
6 295.112612421109 454
7 283.218034888024 520
8 276.941736883594 583
9 279.692478903167 643
10 288.831586516383 706
11 274.832739345216 770
12 297.11919612645 833
13 300.712387229503 898
14 279.861352994723 965
15 291.903290129819 1026
16 301.426356127819 1087
17 329.696012631965 1152
18 356.925562800427 1216
19 337.655811093265 1278
20 345.308773809174 1344
21 386.920159391639 1406
22 271.044253646745 1468
23 218.115423115741 1532
24 198.436067861067 1597
25 178.2518854156 1661
26 172.713975773477 1727
27 170.315181350518 1792
28 169.440333555462 1853
29 168.780347605171 1915
30 168.519462946091 1981
31 168.301883783731 2042
32 168.167543819721 2104
33 168.062988821136 2172
34 167.997940857722 2235
35 167.931039109344 2297

0 264.775190517851 67
1 257.498860633599 128
2 273.279436008402 188
3 253.939356063509 252
4 270.991563508461 315
5 291.521932128213 378
6 260.044194030834 444
7 268.639941128981 507
8 288.097130936082 567
9 285.854737908516 629
10 288.578805028524 692
11 294.9738348042 754
12 284.498638999996 817
13 312.310312802444 889
14 306.23940330808 953
15 295.067866917832 1019
16 295.678797921642 1089
17 345.067339071921 1150
18 335.111607946423 1210
19 359.778756874711 1275
20 360.78387685369 1336
21 392.625449087254 1397
22 280.758946241615 1460
23 214.279941467485 1522
24 197.023480288914 1581
25 178.326031869364 1643
26 172.358066687339 1706
27 170.406278751175 1766
28 169.329028668539 1828
29 168.91293542024 1893
30 168.561842394783 1955
31 168.350189002676 2016
32 168.204460907022 2081
33 168.10232896827 2143
34 168.007138062437 2203
35 167.947565852028 2273

0 270.703379518275 62
1 253.583653417482 122
2 266.226281420132 185
3 276.024503370261 250
4 276.660519368413 313
5 262.77550075343 376
6 282.484010434662 441
7 296.158592570702 501
8 302.226009937185 562
9 284.756296295513 626
10 291.885238335731 687
11 291.09636000145 748
12 308.030493972323 812
13 289.011486106955 874
14 297.17877732597 935
15 302.616577563156 996
16 314.420543576533 1060
17 311.29696403608 1120
18 320.408300784183 1182
19 361.104568418326 1246
20 406.290277822609 1307
21 393.254121040405 1367
22 281.55211196039 1437
23 219.301599578225 1498
24 197.015661802901 1558
25 176.847255637749 1627
26 172.520890397997 1690
27 170.29824928858 1752
28 169.346109483993 1815
29 168.813963653575 1878
30 168.496380295025 1939
31 168.288034886337 2001
32 168.166047144651 2070
33 168.050452560144 2132
34 167.98278065748 2195
35 167.921192737169 2259

0 274.424296882222 63
1 265.148629591598 124
2 271.550951062767 189
3 262.541011941444 253
4 272.921376553831 314
5 256.705126567835 379
6 283.257997669404 441
7 286.698942583738 502
8 291.058154116072 570
9 300.949475405927 633
10 275.064093351455 693
11 280.024177492421 756
12 275.541979563746 820
13 275.440448158818 883
14 297.901949408752 944
15 296.577502527706 1010
16 312.592313441833 1071
17 318.55745543181 1131
18 327.591851001943 1194
19 387.389672864586 1255
20 357.451761549567 1315
21 399.173074810525 1378
22 283.44251422959 1440
23 216.583714622604 1500
24 199.982027379907 1560
25 177.905325501918 1625
26 172.663543845172 1686
27 170.632914526313 1746
28 169.604499482003 1811
29 168.947808873114 1872
30 168.582319312163 1933
31 168.319279483346 2003
32 168.18336890141 2067
33 168.059627386163 2127
34 167.971418182491 2190
35 167.926877320629 2253

0 292.28496804861 63
1 280.332863234739 124
2 289.78914704853 187
3 290.631782479334 248
4 299.457211294284 308
5 295.879936150842 373
6 287.564159674771 434
7 277.135282880998 495
8 281.64727534105 559
9 284.840479063849 622
10 319.619904011366 684
11 263.294290551192 747
12 276.140831709052 809
13 299.431488454228 870
14 297.857835228731 931
15 306.02894074988 1000
16 337.412444041056 1061
17 333.560179393633 1122
18 330.486284114876 1188
19 374.886202049905 1249
20 382.680791764367 1309
21 423.66631837764 1373
22 271.708976567736 1434
23 218.992436550261 1494
24 197.867606527127 1556
25 178.400183006218 1621
26 172.724275100635 1682
27 170.455865782255 1744
28 169.412987181157 1808
29 168.896396089232 1869
30 168.57696374446 1929
31 168.337417725338 1994
32 168.184830118918 2055
33 168.077317334709 2116
34 168.001540721621 2180
35 167.930878629423 2241

