0 576.12104628469 2
1 353.532669785298 3
2 317.170395799968 5
3 309.670256907981 7
4 289.937406795755 8
5 228.003464539804 10
6 206.756145857399 12
7 216.148869606014 13
8 158.360481149545 15
9 141.170171730782 17
10 135.059201155571 18
11 127.080712825578 20
12 125.602666688155 22
13 125.174830947061 23
14 125.052891205683 25
15 124.999404049763 27
16 124.974254761486 28
17 124.961314611195 30
18 124.954413803911 32
19 124.950607891158 33

0 359.566062528579 1
1 345.764969937787 3
2 334.928998245001 4
3 274.67532764754 6
4 282.366816246505 8
5 244.983654146827 9
6 218.897744938162 11
7 202.914787662904 12
8 160.007869717927 14
9 146.999027103685 15
10 132.876639578821 17
11 127.188226148909 18
12 125.561522757114 20
13 125.173100913216 21
14 125.046216106888 23
15 124.992232344798 24
16 124.968784975891 26
17 124.956224244391 27
18 124.949757649235 29
19 124.946112927974 30

0 488.289506313472 1
1 301.920796049381 3
2 295.214175009929 4
3 305.767858984465 6
4 263.700520643958 8
5 252.393910316692 9
6 240.47540114947 11
7 190.113900664699 12
8 159.644317463408 14
9 144.279007992654 16
10 133.699905817591 17
11 127.694622878559 19
12 125.625607971474 21
13 125.182430163098 22
14 125.029139704837 24
15 124.977971610398 26
16 124.956807105639 27
17 124.945422312522 29
18 124.939205162409 31
19 124.935737880433 32

0 467.472571232223 1
1 352.844936818533 3
2 295.223129021618 4
3 301.288562854483 6
4 271.54831795018 7
5 248.825638201522 9
6 206.187628905196 10
7 198.623675315915 12
8 157.413182388586 13
9 142.030186331226 15
10 133.66935410946 16
11 127.38491391179 18
12 125.756912250979 20
13 125.267864686747 21
14 125.124422929937 23
15 125.062675774412 24
16 125.033775795749 26
17 125.018778624791 27
18 125.010685826839 29
19 125.006235041917 30

0 326.858090960713 1
1 329.569799553408 3
2 293.637020914516 4
3 273.226764141712 6
4 269.953279748427 7
5 236.41941756391 9
6 234.105860631202 10
7 203.613564864836 12
8 152.829447114694 14
9 142.20859895919 15
10 132.634300839263 17
11 126.79700232392 18
12 125.652895435244 20
13 125.215253650293 21
14 125.073904078069 23
15 125.015683579599 24
16 124.990847283712 26
17 124.977598745202 28
18 124.970272221326 29
19 124.966272748036 31

0 320.77521225873 1
1 350.312582082392 3
2 332.490358484255 5
3 324.316145926928 6
4 253.196055413394 8
5 243.986557029564 9
6 216.587003601408 11
7 189.598584215489 13
8 162.698469433161 15
9 145.497180661897 16
10 132.664894381583 18
11 126.885474579779 20
12 125.58287455076 21
13 125.152139693603 23
14 125.028242624732 24
15 124.980096353134 26
16 124.958209336027 28
17 124.94763064418 29
18 124.941795167744 31
19 124.938582061042 32

0 747.016779231077 1
1 359.149555137447 3
2 375.417269049472 4
3 310.978348732224 6
4 271.757444162504 8
5 237.011067014723 9
6 201.399083058268 11
7 204.00753506355 12
8 161.848359411678 14
9 140.847827506173 15
10 133.847238684819 17
11 127.163685773015 19
12 125.527798729192 20
13 125.154386979081 22
14 125.02571294113 23
15 124.979515749727 25
16 124.957897333415 26
17 124.94663464359 28
18 124.940599014879 29
19 124.937210793301 31

0 318.922478328371 1
1 278.651044977144 3
2 279.93132688028 4
3 302.335667995404 6
4 234.43089302647 8
5 238.323334709922 9
6 206.751779558108 11
7 188.441604690061 12
8 160.293705444787 14
9 145.493247888239 15
10 133.541790032592 17
11 127.327488056156 19
12 125.599531234563 20
13 125.15779887435 22
14 125.038735113832 23
15 124.977480842412 25
16 124.954120624047 26
17 124.941809136622 28
18 124.935245884858 30
19 124.93161029319 31

0 365.729038848944 1
1 367.82172827743 3
2 347.614033831526 4
3 333.684217292139 6
4 292.752004169288 8
5 233.611011854644 9
6 200.88134149923 11
7 203.630853673147 12
8 168.344270172491 14
9 145.822493692561 15
10 133.37221643947 17
11 127.626432814404 19
12 125.576223800945 20
13 125.189294968675 22
14 125.070109992734 23
15 125.025958067172 25
16 125.004503871491 27
17 124.993446923391 28
18 124.987424380773 30
19 124.984128130803 32

0 403.017026492187 1
1 320.686354372748 3
2 326.43533149696 4
3 283.187014913995 6
4 249.566485530189 8
5 232.136878140619 9
6 235.260763223461 11
7 196.900040161509 12
8 162.762870637588 14
9 143.097808944482 15
10 133.89884302613 17
11 127.729957817272 19
12 125.565779708747 20
13 125.163072379705 22
14 125.026895333337 23
15 124.9760603979 25
16 124.954154458936 27
17 124.943108590644 28
18 124.937129262622 30
19 124.933780611406 31

0 315.812002727362 1
1 326.42384282706 3
2 328.006839839935 4
3 274.880946279954 6
4 246.512567659336 8
5 249.081237351773 9
6 219.220912530504 11
7 204.753767457452 12
8 163.749673075395 14
9 142.245833883087 16
10 132.037613233828 17
11 127.076776067214 19
12 125.619708497365 20
13 125.10737123355 22
14 124.989830639184 24
15 124.941249362307 25
16 124.921690816663 27
17 124.912315117115 28
18 124.907112326856 30
19 124.904170474969 31

0 605.83034069345 1
1 304.086697937275 3
2 271.206129306263 5
3 303.58947927587 7
4 276.531544084981 9
5 237.190673471503 10
6 225.293725197095 12
7 207.021516554942 14
8 161.965685251649 15
9 143.082542742582 17
10 131.627867490502 19
11 127.223717361405 20
12 125.552033790662 22
13 125.140123410391 24
14 125.028807450985 25
15 124.985832374527 27
16 124.965423788244 29
17 124.955156526176 31
18 124.949818681457 32
19 124.946766961423 34

0 371.37981741051 1
1 349.027604155028 3
2 326.327788960697 5
3 316.093476458773 6
4 261.221675559774 8
5 255.956233249362 10
6 210.46897993616 11
7 184.553907225493 13
8 170.560670406578 14
9 139.821268453485 16
10 131.766245960175 17
11 127.091692446676 19
12 125.674147511788 20
13 125.230650436065 22
14 125.089452297127 24
15 125.032062924242 25
16 125.008722403628 27
17 124.996322344932 28
18 124.989617183261 30
19 124.985898339441 32

0 893.624509328718 1
1 288.992464154542 3
2 338.242539444432 4
3 280.068792696587 6
4 293.168430587399 8
5 235.771143383713 9
6 231.899159715126 11
7 190.990602704955 12
8 163.11213895302 14
9 147.142184454916 15
10 134.534137663036 17
11 127.142109419094 19
12 125.801935548168 20
13 125.205997537591 22
14 125.051694483843 23
15 124.998809778736 25
16 124.972461521281 26
17 124.9592560896 28
18 124.952161412333 30
19 124.948246334969 31

0 302.70170976638 1
1 328.542648166982 3
2 296.520941707717 4
3 296.022370936799 6
4 256.922292880212 8
5 243.973463777886 9
6 241.631781351467 11
7 187.692246224069 13
8 168.029578702876 14
9 143.468020350616 16
10 133.095845602514 17
11 127.048160721631 19
12 125.541076065034 21
13 125.13604930635 22
14 125.011093102589 24
15 124.964059807888 25
16 124.943015691875 27
17 124.932225338051 29
18 124.926384753019 30
19 124.923135730217 32

0 326.545969701778 1
1 324.24251144675 3
2 331.63791575642 4
3 292.185908744465 6
4 236.320217899832 7
5 224.04631234919 9
6 197.666760709742 10
7 192.63782794727 12
8 164.141738646941 13
9 142.919530338691 15
10 133.404259911914 17
11 127.005270343571 19
12 125.624736834019 20
13 125.11133928262 22
14 124.987418460689 23
15 124.941079752901 25
16 124.92091695037 27
17 124.910985157638 28
18 124.905572070498 30
19 124.902537084652 31

0 607.130804520948 1
1 322.233164037098 3
2 314.628755828451 4
3 276.828163116558 6
4 251.881659031157 8
5 239.763264918522 9
6 225.294136922041 11
7 205.365273451322 12
8 152.662362771336 14
9 143.585472293082 15
10 133.884383457757 17
11 127.614800870411 19
12 125.527006918878 20
13 125.156447826119 22
14 125.038153103224 23
15 124.981904368878 25
16 124.957723087107 27
17 124.945419578361 28
18 124.938973820443 30
19 124.935425630013 31

0 504.424223269101 1
1 282.819946164663 3
2 360.922114355647 4
3 317.078474799567 6
4 263.118336783674 8
5 218.655893175763 10
6 240.732441961951 11
7 238.117746909554 13
8 165.663263600052 14
9 141.880175280368 16
10 133.971364168188 17
11 127.368230813646 19
12 125.771473087237 21
13 125.256016366669 22
14 125.106404277977 24
15 125.045843343263 25
16 125.016561358486 27
17 125.001907577893 29
18 124.994020864693 31
19 124.98955362713 32

0 374.04447944172 1
1 340.422591037401 3
2 301.856243683693 4
3 311.150368580057 6
4 260.624061264384 8
5 272.253754479254 9
6 230.593473535066 11
7 204.774629348824 13
8 167.769529905452 15
9 142.47213548763 16
10 133.703895667284 18
11 127.081943970228 20
12 125.428171727575 21
13 125.119460697493 23
14 125.009688603294 25
15 124.96693808086 26
16 124.949572615354 28
17 124.93998231575 30
18 124.93484639875 32
19 124.931979348903 34

0 421.608647759448 1
1 318.107526331302 3
2 360.615971926823 5
3 251.557680280944 6
4 269.504225332381 8
5 255.022061797043 10
6 198.902943645296 12
7 186.904064977197 13
8 156.322281326602 15
9 142.657119991782 17
10 132.820774784387 19
11 127.125800802596 20
12 125.561952516794 22
13 125.157663682049 24
14 125.023093598808 25
15 124.97235729185 27
16 124.94896993703 29
17 124.937169441571 31
18 124.930834858455 33
19 124.927352159621 34

0 340.731242599924 1
1 303.160439740669 3
2 314.711495161692 5
3 329.63638203636 6
4 256.792058587589 8
5 246.838098948294 10
6 221.634435306507 11
7 223.952354166491 13
8 157.674577206815 15
9 146.087634399232 16
10 135.147722045209 18
11 127.277140754004 20
12 125.626608879568 21
13 125.171468335051 23
14 125.024344822142 24
15 124.975341645595 26
16 124.951871121569 27
17 124.940089916337 29
18 124.933799639508 31
19 124.930327792925 32

0 663.073369852591 1
1 340.076581920904 3
2 330.751156466202 4
3 267.110771992787 6
4 254.134562510375 8
5 238.560555745919 9
6 210.721061968056 11
7 221.261255621282 12
8 163.717122836323 14
9 142.560763598852 15
10 132.906225021826 17
11 126.607102379596 18
12 125.49933988508 20
13 125.116679894878 22
14 125.006127121742 23
15 124.961878241477 25
16 124.940243612718 26
17 124.929715802785 28
18 124.923983580638 29
19 124.920767730006 31

0 643.115772456897 1
1 304.318683960154 3
2 368.755276594086 4
3 281.246727279766 6
4 274.947355600988 8
5 216.152816313363 9
6 209.653764890876 11
7 196.590154882555 12
8 156.007630234905 14
9 144.102503464338 15
10 133.442088583016 17
11 127.16748645704 19
12 125.596079387919 20
13 125.116816961518 22
14 125.014161299764 23
15 124.965842607455 25
16 124.944401233396 26
17 124.933735927377 28
18 124.927853846843 30
19 124.924622498176 31

0 312.878981967356 1
1 305.61493703294 3
2 299.203021092476 4
3 307.018738967244 6
4 256.629053437049 8
5 240.680111361328 9
6 200.789140879136 11
7 250.819900141652 13
8 152.923565404255 14
9 141.373617865334 16
10 133.859646714213 17
11 127.436692589776 19
12 125.627490571694 21
13 125.237471355606 22
14 125.097574740463 24
15 125.03940491245 26
16 125.011740180524 28
17 124.998130757265 29
18 124.990766803761 31
19 124.986592189747 32

0 363.52662168539 1
1 353.264208171633 3
2 290.828057579909 4
3 327.214951347741 6
4 308.802001857781 8
5 248.095035996468 9
6 207.292344091865 11
7 211.050987289763 13
8 159.179582479714 14
9 140.614797449273 16
10 134.128533577251 17
11 127.269443833769 19
12 125.658766572005 21
13 125.170872471416 22
14 125.044701477937 24
15 124.989266064498 25
16 124.964480593769 27
17 124.95216151741 29
18 124.945515830489 30
19 124.941837675856 32

0 686.860004760628 1
1 364.371984923008 3
2 323.513820850766 4
3 326.678321096276 6
4 263.107452039755 8
5 253.984594461686 9
6 218.695078061271 11
7 210.106126885124 13
8 162.201200599533 15
9 143.029758563191 16
10 133.08046383282 18
11 127.182711163562 20
12 125.749837674207 21
13 125.203421995378 23
14 125.070925980137 24
15 125.01716972022 26
16 124.992556322985 28
17 124.980118798038 29
18 124.97334797556 31
19 124.969474306395 32

0 470.991631185054 1
1 343.48342813089 3
2 328.599775761503 5
3 310.114620967561 7
4 285.521238381468 8
5 223.404984125094 10
6 219.345730792656 11
7 198.066905292905 13
8 161.919055323288 14
9 142.167906956623 16
10 133.952925122905 18
11 127.410112276914 19
12 125.865506807969 21
13 125.35076099427 22
14 125.19573715416 24
15 125.137329757186 25
16 125.110097276137 27
17 125.095868389565 29
18 125.088190897686 30
19 125.083980505793 32

0 348.621094923792 1
1 314.992754059732 3
2 399.22265979179 4
3 291.658078238864 6
4 270.151149375327 8
5 261.137000959594 9
6 233.821594665805 11
7 195.288849967146 12
8 166.419114462161 14
9 145.714263741579 16
10 134.432809199973 17
11 127.659839179001 19
12 125.889596701917 20
13 125.359427964521 22
14 125.199189749161 23
15 125.135390583758 25
16 125.106888269756 27
17 125.092321032252 28
18 125.08446928447 30
19 125.080104788688 32

0 351.098118181536 1
1 375.89403875224 3
2 331.907834422699 4
3 278.47187540667 6
4 280.164456553481 7
5 225.842510389878 9
6 202.328052471011 11
7 201.904023161454 12
8 166.029257879656 14
9 140.716812744351 15
10 134.700141778101 17
11 127.42415987572 18
12 125.515529900868 20
13 125.126787972253 22
14 125.021410168709 23
15 124.976216609076 25
16 124.953006810291 26
17 124.941679372139 28
18 124.935564740208 30
19 124.932153607557 31

0 362.034946756963 1
1 294.489010748367 3
2 341.191588610303 4
3 293.435491031723 6
4 276.093581589911 8
5 242.293707337567 10
6 199.278436839666 12
7 205.455646401417 13
8 167.655717910524 15
9 146.618155167244 16
10 131.955254709586 18
11 127.556010410323 20
12 125.792620719794 21
13 125.277934988902 23
14 125.120444215658 24
15 125.054901798943 26
16 125.025094627682 28
17 125.0106103576 30
18 125.002726363346 31
19 124.99832451162 33

0 321.194025631694 1
1 339.306365849798 3
2 375.919193688377 5
3 297.143899478255 6
4 273.033077175758 8
5 261.307503688878 10
6 218.676428210107 11
7 215.294777973586 13
8 171.44548380363 14
9 143.54042474745 16
10 133.85558557442 18
11 127.280563086467 19
12 125.477094542947 21
13 125.153415803012 22
14 125.045750798676 24
15 125.000448079647 26
16 124.978871216644 27
17 124.967687953971 29
18 124.961919201051 30
19 124.958624784904 32

0 346.878756841718 1
1 332.364035529828 3
2 281.347344910636 4
3 270.036423733468 6
4 233.604371382778 8
5 258.719366963351 9
6 217.136564792949 11
7 205.004052482463 12
8 169.443448450271 14
9 147.690703525001 16
10 134.515702167229 17
11 127.215184579159 19
12 125.611896544837 20
13 125.217933037045 22
14 125.061004119753 24
15 125.003867384657 25
16 124.978257272161 27
17 124.965165597756 28
18 124.958174608021 30
19 124.954291090017 31

0 351.956814655802 1
1 372.054770969997 3
2 305.848812866309 4
3 293.065874939483 6
4 254.473100184821 8
5 220.564360683181 9
6 209.601134372838 11
7 201.258211277184 12
8 164.425620158255 14
9 146.525567488227 16
10 134.611751139911 17
11 127.479199403596 19
12 125.759000935245 21
13 125.315575820572 22
14 125.152778732027 24
15 125.092637539842 25
16 125.064842680796 27
17 125.050504878604 28
18 125.042536031876 30
19 125.038168352094 31

0 539.067922385034 1
1 344.083524464396 3
2 333.1824197453 4
3 312.193455419825 6
4 269.08988155039 8
5 236.333837171597 9
6 246.953878574834 11
7 224.668511453572 13
8 155.901553343168 14
9 143.688138640524 16
10 133.775152780962 17
11 127.326866342766 19
12 125.569724370424 21
13 125.186116974778 22
14 125.050193693357 24
15 125.004370323723 25
16 124.982843691254 27
17 124.971476332421 28
18 124.965363039478 30
19 124.9618890354 32

0 398.070315680103 1
1 291.831942462743 3
2 303.244641489039 4
3 283.510840447966 6
4 264.91662283517 8
5 249.30499332312 9
6 230.930425270055 11
7 200.117558623511 12
8 157.539994768943 14
9 143.35466496858 16
10 135.399118508871 17
11 127.272659386162 19
12 125.475113745443 20
13 125.138582980563 22
14 125.029393973483 24
15 124.982323079004 25
16 124.961811599168 27
17 124.951365232915 28
18 124.94558149617 30
19 124.942320096397 31

0 329.898681044255 1
1 324.520346739228 3
2 306.455549639126 4
3 307.454216301708 6
4 239.531896328391 8
5 234.02585299387 9
6 203.067843992767 11
7 197.219616684585 12
8 169.597717398741 14
9 144.798764768109 16
10 133.871335046669 18
11 127.453363565951 19
12 125.760096966339 21
13 125.209111089347 22
14 125.067539817673 24
15 125.010985303442 26
16 124.983541062922 27
17 124.970266805899 29
18 124.963310584016 30
19 124.959463843784 32

0 451.036258974777 1
1 357.038386018026 3
2 326.643417844745 4
3 310.171134323073 6
4 254.734377641451 8
5 278.574881096336 9
6 230.296581727762 11
7 194.825485779623 12
8 156.271953268069 14
9 142.811877235125 16
10 133.033095969453 17
11 127.290055129302 19
12 125.503303850546 20
13 125.124778891795 22
14 125.000851080515 24
15 124.958022025903 25
16 124.939375104689 27
17 124.929481892388 28
18 124.924314337204 30
19 124.921370734435 32

0 382.528079847623 1
1 295.68732666397 3
2 339.863417713337 4
3 301.568197436781 6
4 260.78683239563 8
5 219.744917400567 9
6 223.105786462241 11
7 218.667833422664 12
8 157.256390949039 14
9 143.901375360156 15
10 133.551163354876 17
11 127.242483444572 19
12 125.582903312494 20
13 125.168236920301 22
14 125.038246572522 23
15 124.989454414071 25
16 124.967595600909 27
17 124.955887110334 28
18 124.949608920338 30
19 124.946152967529 31

0 754.800838189668 1
1 372.558925720544 3
2 303.02146719678 4
3 336.838660686923 6
4 224.41628732374 8
5 231.077679844131 9
6 206.537214210408 11
7 209.270717772066 12
8 160.977843395613 14
9 143.587967521781 16
10 134.568639759543 17
11 126.882180501343 19
12 125.405474248958 20
13 125.144323485266 22
14 125.0209975591 23
15 124.970996890466 25
16 124.948637782714 27
17 124.937299543581 28
18 124.931356841699 30
19 124.928058135508 31

0 596.930787779083 1
1 330.334852748959 3
2 310.844931012144 4
3 350.988760715238 6
4 254.486251311472 8
5 236.986659787796 9
6 210.82280603015 11
7 206.907474838605 12
8 150.715190455906 14
9 145.885307066621 16
10 135.277099263325 17
11 127.133211278062 19
12 125.599662511558 20
13 125.163223108733 22
14 125.042814113747 23
15 124.994922506259 25
16 124.972643383395 27
17 124.961270174184 28
18 124.955209059087 30
19 124.951890938416 31

0 533.586880212313 1
1 327.771363940235 3
2 324.372137460585 4
3 305.908831466273 6
4 285.823798291448 8
5 219.171832073337 9
6 235.705474447028 11
7 208.738731200763 12
8 164.201754139705 14
9 146.891104158221 16
10 134.83154467048 17
11 126.848222276562 19
12 125.53799758397 20
13 125.137349549955 22
14 125.020274913307 23
15 124.975197180716 25
16 124.95336913487 27
17 124.942776044387 28
18 124.936894573916 30
19 124.933670720829 31

0 356.85737869105 1
1 333.222602822162 3
2 294.140492522376 4
3 269.135069832301 6
4 253.845493290998 8
5 265.96751641982 9
6 228.262339298683 11
7 184.816132864554 12
8 155.864148570919 14
9 145.082746106567 16
10 133.475465208632 17
11 127.46858662534 19
12 125.559342000424 20
13 125.156097705359 22
14 125.02738821963 24
15 124.977627315485 26
16 124.954275385829 27
17 124.942885495288 29
18 124.936732933353 30
19 124.933278091181 32

0 310.982022533205 1
1 363.448443496192 3
2 325.303183869053 4
3 273.151947650796 6
4 316.58378878266 8
5 248.539974089547 9
6 212.315709864302 11
7 207.403278957318 13
8 156.219121792929 14
9 144.487771430898 16
10 133.571562674293 17
11 126.955317659778 19
12 125.503122340341 21
13 125.108868004196 22
14 125.007969758096 24
15 124.970144156976 26
16 124.949760745938 27
17 124.939310967855 29
18 124.933722270883 30
19 124.930561883914 32

0 478.546966494574 1
1 316.806600448794 3
2 340.644533006049 4
3 299.387148761309 6
4 270.786371799556 7
5 213.630737549766 9
6 223.496807147314 11
7 190.673124296362 12
8 154.404228862601 14
9 141.992979599374 15
10 133.462450520929 17
11 127.185164261461 19
12 125.708815720135 20
13 125.213811598782 22
14 125.066450310323 23
15 125.008423972139 25
16 124.982387206408 26
17 124.969281390863 28
18 124.962196855744 30
19 124.958247833221 31

0 361.788076162815 1
1 314.324178545099 3
2 344.236387145921 5
3 322.675784405903 6
4 243.957688223478 8
5 231.216068471999 9
6 214.197661957311 11
7 198.954628703284 13
8 163.79874911806 14
9 144.972628567628 16
10 134.874832481823 17
11 127.408859039602 19
12 125.589084789877 21
13 125.178885316377 22
14 125.048525300341 24
15 124.996394896338 25
16 124.972719380113 27
17 124.960763219817 29
18 124.954373538892 30
19 124.950863482184 32

0 772.760264577484 1
1 310.305828712356 3
2 319.596358844846 4
3 306.410619601889 6
4 249.416540975091 7
5 222.511922210676 9
6 229.743947844725 11
7 199.939334632876 12
8 157.280686840837 14
9 142.975147566634 15
10 134.750676544252 17
11 127.513307127743 19
12 125.666481487028 20
13 125.208136111049 22
14 125.047927821228 23
15 124.990049174256 25
16 124.96423614075 26
17 124.951635662256 28
18 124.94462039696 30
19 124.940747877708 31

0 312.217428677986 1
1 347.261222795346 3
2 319.557667852131 4
3 299.206974979661 6
4 233.056821085761 8
5 276.715002799666 9
6 198.451009350401 11
7 202.942507384764 12
8 160.837355484437 15
9 144.201128089973 16
10 133.477997926481 18
11 127.150675225247 20
12 125.501484624579 21
13 125.12496801066 23
14 125.000489021261 25
15 124.955958105726 26
16 124.934009979125 28
17 124.923796148462 29
18 124.918418166961 31
19 124.915436598232 32

0 436.59107566368 1
1 310.018835675546 3
2 297.646365493093 4
3 300.126643736201 6
4 281.578456364329 8
5 223.880068840598 9
6 240.59858815036 11
7 210.35877755919 12
8 163.310094138184 14
9 143.528219310303 16
10 134.030657211671 18
11 126.812104212097 19
12 125.531907408693 21
13 125.144996748414 23
14 125.012953093408 24
15 124.965956435426 26
16 124.942394701889 28
17 124.931245832668 29
18 124.925387501011 31
19 124.922026758388 32

0 335.127447880689 1
1 328.305672157993 3
2 337.067057857766 4
3 295.236725043515 6
4 262.938317084981 7
5 234.650142800403 9
6 231.252746044044 10
7 213.563752018052 12
8 157.819477276494 14
9 145.737738930819 15
10 134.33717294738 17
11 126.871084126977 19
12 125.565615861479 20
13 125.175544775004 22
14 125.027264807081 24
15 124.977161535025 25
16 124.956066896716 27
17 124.945245045246 29
18 124.939238627004 30
19 124.935859496442 32

0 408.776316002218 1
1 335.491510738379 3
2 338.154136097494 4
3 341.815617705325 6
4 264.525319805058 8
5 244.753605566941 9
6 203.686393742946 11
7 181.835092387026 13
8 151.971842286018 14
9 143.431514063693 16
10 133.992184328191 17
11 127.549342622895 19
12 125.692795155732 20
13 125.181070739738 22
14 125.051218264415 23
15 125.007878303807 25
16 124.98507729857 27
17 124.973340730573 28
18 124.967075004073 30
19 124.96357433202 31

