0 19527.7793108431 91
1 19407.2281793138 186
2 18710.9360450047 274
3 17101.6595534519 366
4 17075.5828839621 457
5 16846.130049703 548
6 15727.8507635091 639
7 13239.2029424292 735
8 11673.454722363 832
9 10318.9073125795 920
10 9493.78908545795 1016
11 8963.2866516408 1106
12 8722.32424127166 1199
13 8652.12892048929 1286
14 8633.42202081782 1377
15 8627.34575779594 1468
16 8624.94006830576 1558
17 8623.85223340744 1649
18 8623.32087767469 1739
19 8623.05302486668 1835

0 19071.1511065053 89
1 18404.936640938 184
2 18945.4967891764 271
3 17599.8373652237 370
4 16812.6239958838 460
5 16364.6195203184 555
6 14681.5942799111 645
7 13071.9657969167 735
8 11192.934657127 825
9 10085.6448299557 915
10 9465.07637735261 1009
11 8957.88716944012 1098
12 8712.22890496713 1192
13 8641.48757074349 1280
14 8622.8067281219 1375
15 8616.84781453399 1463
16 8614.48885658367 1552
17 8613.39702406413 1641
18 8612.86422598398 1730
19 8612.59551120946 1828

0 20905.9576964366 95
1 18622.7993040566 191
2 17814.7955542612 279
3 17096.1724764924 374
4 16842.1223286625 465
5 15862.2672042229 559
6 14697.5783718931 649
7 12721.9375633236 740
8 11234.3115697794 829
9 10042.0795757378 916
10 9284.02478820798 1009
11 8769.61724991764 1098
12 8528.46257731633 1194
13 8470.3798788099 1282
14 8452.84439907442 1382
15 8446.43754745868 1472
16 8443.98298347129 1563
17 8442.8653424944 1652
18 8442.32297588313 1740
19 8442.04809062609 1830

0 20974.0171689668 92
1 17534.958748316 186
2 17676.9773501612 278
3 16811.9076991587 380
4 16370.7310592503 473
5 16062.7452062914 568
6 14429.7579378956 659
7 13425.552116288 754
8 11293.6859654426 843
9 9959.64291019092 940
10 9123.8675759554 1033
11 8707.0354960005 1122
12 8474.29930246639 1212
13 8413.495708055 1303
14 8397.32622677086 1403
15 8392.30995315752 1494
16 8390.331462617 1596
17 8389.43821514956 1686
18 8389.0014682816 1780
19 8388.78164593007 1870

0 19622.5944289316 97
1 19573.9829074155 187
2 18445.4270024059 279
3 17663.533271052 371
4 17084.8710858031 469
5 16545.3140165742 563
6 14635.6084334632 650
7 13538.7349412003 743
8 11611.6441225235 830
9 10234.2873217064 925
10 9473.09165623812 1015
11 8929.52539300579 1106
12 8684.32135781648 1196
13 8614.91888180783 1284
14 8597.44824265568 1376
15 8591.34515304383 1469
16 8588.90485481528 1563
17 8587.82566371328 1650
18 8587.2970240982 1744
19 8587.03224193703 1833

0 18988.4470287096 102
1 19944.8461494805 191
2 18845.5308328538 287
3 18472.5736275634 378
4 16889.8775281122 469
5 17397.8611983416 560
6 15511.2408816701 652
7 13592.7305825778 745
8 11786.8476820252 830
9 10287.0850144413 925
10 9460.18863792538 1011
11 8949.47287800209 1104
12 8710.04255085919 1194
13 8642.88492249853 1285
14 8623.88551355649 1374
15 8618.09561162388 1464
16 8615.66598926893 1557
17 8614.57447049582 1649
18 8614.03726291593 1748
19 8613.76575290975 1834

0 19324.1586248099 98
1 18512.497880985 188
2 18578.0132440577 282
3 17069.8243133801 372
4 16229.278247159 464
5 15516.5411941575 554
6 14451.5178062391 644
7 12790.7108644726 736
8 11272.1526178812 826
9 9900.8013520224 923
10 9118.47855849692 1011
11 8640.07858981331 1111
12 8392.17053692999 1201
13 8329.24722384901 1292
14 8311.25387034409 1381
15 8305.42526219948 1469
16 8303.16062278695 1560
17 8302.11483793312 1649
18 8301.60876946722 1744
19 8301.35341375146 1837

0 18649.6508875198 96
1 18453.6762087958 187
2 17742.6921532421 281
3 17092.5488430323 372
4 16142.3137840574 463
5 15392.6826273042 554
6 14521.7102552075 649
7 12337.7874474511 740
8 11485.3671656212 827
9 9994.61160079405 921
10 9206.67941507675 1009
11 8733.58700936259 1104
12 8478.86602640613 1190
13 8411.80186818715 1280
14 8394.09004303739 1369
15 8388.8154054527 1458
16 8386.64195211777 1548
17 8385.67103395473 1637
18 8385.19679682248 1730
19 8384.95780608379 1815

0 20244.1636660518 99
1 19724.8582754819 191
2 18562.2529486031 292
3 17540.1483400755 382
4 16665.6208915376 478
5 16352.2189470288 570
6 15394.7560791497 661
7 12721.5797513495 752
8 11437.9375619307 840
9 10069.459941589 932
10 9189.39797077243 1018
11 8757.14685679217 1113
12 8499.13808456312 1205
13 8427.50340285023 1302
14 8406.67986799652 1391
15 8400.58807257802 1482
16 8398.1473282257 1571
17 8397.03363510883 1664
18 8396.48657262988 1757
19 8396.20990801182 1843

0 18576.3761556125 97
1 18142.4641636748 186
2 19635.1042541437 283
3 18786.1257072297 374
4 17340.8741507088 470
5 16492.8341697763 561
6 15370.2304639531 651
7 13284.0973865759 741
8 11732.6280399299 829
9 10445.7146091683 919
10 9460.35499264608 1006
11 8980.46112444041 1099
12 8762.98963633354 1185
13 8694.55176583115 1283
14 8677.61934629925 1373
15 8671.79875044991 1471
16 8669.47714070348 1560
17 8668.43045796582 1649
18 8667.91893863905 1738
19 8667.66160766641 1826

0 20020.7185112131 95
1 18581.9800332182 187
2 17285.1191461665 286
3 16056.2230034291 380
4 15921.3970423256 476
5 15051.7979432848 568
6 14045.3095344046 664
7 12686.093655443 754
8 10950.520115079 849
9 9919.6862520487 941
10 9206.49204880479 1034
11 8672.08701577241 1126
12 8443.22354153432 1213
13 8386.43223984252 1305
14 8370.24126453835 1390
15 8364.04352759761 1484
16 8361.6386333062 1573
17 8360.5361351629 1667
18 8359.99536161944 1757
19 8359.72396350557 1848

0 19421.886528775 88
1 17956.9061662665 175
2 18199.0321338225 269
3 17560.5252426854 355
4 17128.4473881711 454
5 16494.7034725378 544
6 14573.522616767 641
7 12818.8353238721 732
8 11635.7441586581 825
9 10048.9322907684 915
10 9238.34859018374 1004
11 8735.95548700816 1094
12 8501.4848024657 1181
13 8433.864132715 1275
14 8416.29641313164 1361
15 8410.77225942578 1453
16 8408.61939475594 1542
17 8407.6454795089 1631
18 8407.17910255679 1720
19 8406.94514413769 1815

0 18804.8403522033 89
1 18286.9085411799 177
2 17832.1452169945 274
3 18160.9993939397 364
4 17277.8588988912 458
5 16107.5552552723 548
6 15085.5423829204 642
7 13192.2257513152 731
8 11111.456900982 820
9 9951.04876830612 910
10 9150.41481867176 1001
11 8710.43673034292 1095
12 8487.57583640211 1181
13 8413.49372925009 1275
14 8396.16327859591 1363
15 8390.57637344813 1462
16 8388.30742242589 1553
17 8387.26163905695 1644
18 8386.75096435244 1735
19 8386.49251811233 1825

0 19763.1375447517 90
1 19196.6869598128 181
2 18420.9963816382 279
3 16975.7781290168 371
4 16385.2245102423 473
5 16453.5067324012 564
6 14933.5816080724 661
7 12336.6651911157 752
8 11451.0811010747 847
9 10121.2367188809 937
10 9400.64076373253 1031
11 8903.00916192056 1121
12 8647.14963982595 1215
13 8578.76669290364 1305
14 8558.7543241658 1391
15 8552.54969603112 1484
16 8550.03740760867 1570
17 8548.90738058447 1662
18 8548.35965198328 1753
19 8548.08284228464 1843

0 18558.8940810862 89
1 18578.163135698 178
2 18636.4380959393 269
3 17536.6421580163 362
4 16341.3682636154 463
5 17229.6663239987 551
6 15020.2703009136 647
7 12820.3151666682 734
8 11441.2249868681 826
9 10058.5594917401 915
10 9338.33187315491 1004
11 8820.95714033448 1096
12 8575.33858986574 1185
13 8500.64678053664 1276
14 8482.01203010579 1365
15 8476.42310686514 1460
16 8474.23099842529 1545
17 8473.2428214557 1635
18 8472.75851648845 1725
19 8472.51477055433 1821

0 18377.0114882825 90
1 18373.1764730709 181
2 18128.4964220786 276
3 16308.8513544731 367
4 15991.3337364009 485
5 16391.6288077844 592
6 14142.6586197372 692
7 12810.3715325323 787
8 11243.8142820364 879
9 9978.49628582237 965
10 9164.17815007363 1061
11 8742.78671376222 1148
12 8504.49758667722 1244
13 8423.3410978697 1334
14 8403.36126932773 1430
15 8396.19129617969 1520
16 8393.31763381931 1616
17 8391.99948732849 1708
18 8391.3632299397 1798
19 8391.0416509827 1889

0 19513.8190270844 91
1 18017.1855349714 185
2 17947.900636527 273
3 16222.8294365232 371
4 16999.8539178301 462
5 16315.4971831227 559
6 14669.2224726941 652
7 12836.5223528719 750
8 11288.4197552343 844
9 9988.38270832543 941
10 9216.15697905766 1035
11 8729.64989829388 1124
12 8510.71230473221 1216
13 8440.57271719823 1302
14 8420.40031287129 1397
15 8414.22907167239 1484
16 8411.88103841511 1575
17 8410.84057975726 1664
18 8410.33961528825 1758
19 8410.08904711743 1850

0 20594.8299030684 91
1 19506.9951042804 183
2 18585.8240543123 270
3 17780.9199031405 365
4 16286.8678903948 454
5 16207.6891648171 556
6 14613.1705809386 646
7 13162.7989203528 743
8 11233.2876467546 835
9 9865.28121006686 931
10 9146.4122646179 1022
11 8693.52146979154 1111
12 8424.89073271604 1200
13 8362.54611636364 1289
14 8346.17569385249 1382
15 8340.75757847112 1467
16 8338.81467902205 1560
17 8337.90014588145 1649
18 8337.45770419213 1740
19 8337.23512076954 1830

0 19140.9321709147 98
1 18646.4916646153 191
2 18256.987774855 280
3 16980.1293456179 374
4 16998.8472353151 461
5 16478.4031481431 558
6 14503.8130180354 650
7 12556.6481901467 747
8 11148.02629922 835
9 9938.96912364802 927
10 9312.73481014599 1017
11 8759.96327681531 1110
12 8535.76511673137 1200
13 8468.22204658861 1286
14 8449.48674319744 1388
15 8443.6930023286 1488
16 8441.4062122812 1581
17 8440.37226561091 1671
18 8439.86914977489 1767
19 8439.61559088518 1856

0 19202.7464972354 96
1 17506.7467016179 186
2 17817.3939791086 280
3 17462.9311853809 373
4 16742.0381085747 464
5 17441.7514479342 559
6 15115.0070631333 647
7 13195.6467889321 739
8 11587.6422461823 826
9 10076.1834453368 929
10 9316.77915449127 1017
11 8909.05155097741 1112
12 8662.35406165626 1202
13 8598.79598261769 1296
14 8580.57856771235 1386
15 8574.81582323359 1476
16 8572.65076008579 1566
17 8571.69912204021 1652
18 8571.23490437951 1745
19 8571.00056928206 1831

0 18210.9657704849 96
1 19587.8915824356 185
2 17972.6124333278 277
3 17966.9038317471 368
4 17694.0065284091 468
5 17447.9043830461 560
6 15483.4116404727 649
7 13165.2000027251 742
8 12059.7987948637 829
9 10331.0651398007 923
10 9474.10895120163 1010
11 9055.53720870983 1108
12 8790.58008878258 1197
13 8709.13634587715 1294
14 8687.20962774476 1385
15 8679.10899696676 1478
16 8675.66181088813 1570
17 8674.05506520476 1658
18 8673.25621148234 1749
19 8672.84853757372 1834

0 20187.0585521206 107
1 18980.6717596543 199
2 18581.7650377008 293
3 18621.1180020682 382
4 17686.0950537179 473
5 16078.6076328139 563
6 14787.4062693129 659
7 12859.9415698729 750
8 11634.6245524661 837
9 10040.2545458962 928
10 9331.9098675088 1015
11 8863.38542712212 1112
12 8589.17519410122 1199
13 8517.74177456851 1292
14 8498.58066561484 1381
15 8492.59306620786 1479
16 8490.19204771477 1569
17 8489.107010554 1660
18 8488.58245936571 1752
19 8488.31746576187 1839

0 19240.5325155673 90
1 19893.363852467 176
2 20133.0171354633 270
3 17130.4649519003 361
4 16651.2023491863 453
5 17082.5407126301 545
6 14937.5715930102 636
7 13040.3092336149 727
8 11623.0393705031 819
9 10182.7591832081 911
10 9546.60666490758 999
11 9042.68352603975 1100
12 8800.2321592548 1187
13 8728.07329528303 1281
14 8708.78029676996 1370
15 8702.72128879467 1460
16 8700.32009906501 1549
17 8699.26261887922 1636
18 8698.74507421274 1727
19 8698.4835291011 1816

0 19243.4720458713 94
1 19014.5397474671 181
2 18325.4396781331 275
3 17563.4092078554 366
4 17577.8850638212 457
5 16703.8012854496 546
6 15076.4951288848 638
7 13169.1386873894 731
8 11535.343250545 818
9 10326.9023020944 911
10 9531.60612350484 999
11 9026.77752467232 1094
12 8736.88846930579 1184
13 8654.8487788561 1276
14 8634.94098264246 1366
15 8628.15455081622 1460
16 8625.41412176971 1555
17 8624.13006883392 1644
18 8623.49675928643 1740
19 8623.17321467434 1831

0 18925.0357095056 90
1 20317.566788452 179
2 17734.335857024 286
3 17197.8605183163 377
4 17147.8690309147 473
5 16156.5826517395 562
6 15079.7778239771 653
7 12726.0350107893 743
8 11228.8782500518 831
9 9606.32013294841 921
10 9017.12119277966 1007
11 8603.14709494781 1100
12 8380.31606438908 1189
13 8313.46240824247 1286
14 8294.26865313386 1376
15 8288.2289918083 1466
16 8285.76965784531 1557
17 8284.63533540917 1653
18 8284.08152073256 1748
19 8283.80125888217 1841

0 18939.9767171231 92
1 19418.0767707289 184
2 18875.850386334 283
3 17907.590572844 377
4 17631.5038252524 477
5 16103.1656709033 565
6 15164.738309271 660
7 13449.5231845176 750
8 11588.5238236835 846
9 10208.1731470954 939
10 9382.51080759001 1029
11 8939.18989044468 1119
12 8689.26797551569 1208
13 8620.87749514749 1309
14 8604.14539712935 1401
15 8598.67187241621 1502
16 8596.50110682302 1591
17 8595.5270788199 1688
18 8595.06075831338 1776
19 8594.8245147448 1874

0 18584.7156444556 91
1 19105.5105597444 184
2 18170.4911256578 280
3 18238.7953496508 374
4 16889.7396125094 466
5 16224.4364432557 559
6 15016.5385885127 654
7 12937.3139517572 746
8 11632.7580258483 846
9 10114.1490808964 937
10 9389.00332120568 1034
11 8873.32615712717 1128
12 8605.94877270894 1229
13 8532.14753164854 1317
14 8510.09092663102 1412
15 8502.16323587681 1506
16 8498.98169227432 1607
17 8497.50985294204 1698
18 8496.78218633521 1788
19 8496.41114510691 1884

0 18906.2589666135 95
1 18773.5421127241 188
2 16627.1916453227 278
3 16012.4556357532 382
4 15638.6117591613 476
5 16110.1188539447 575
6 15295.5520343849 670
7 12698.472364439 769
8 11072.9004526892 858
9 9971.7918253627 957
10 9081.97163170456 1045
11 8705.45219108349 1137
12 8453.26653620685 1227
13 8383.35727222714 1315
14 8365.97644599002 1405
15 8359.15429902506 1492
16 8356.52328788989 1584
17 8355.31570491813 1672
18 8354.71731229772 1780
19 8354.41113175941 1870

0 20645.5221515455 101
1 20674.784521906 193
2 17641.3078412576 285
3 16818.5906514405 375
4 16273.4910060067 465
5 16455.4020487318 556
6 14934.3585088814 644
7 12737.9926739242 736
8 11195.5840731443 826
9 9853.59790585732 922
10 9196.02983408615 1008
11 8729.38956195206 1100
12 8486.3815215215 1191
13 8421.98838477579 1286
14 8403.71330008833 1376
15 8398.2823049253 1465
16 8396.11879813202 1557
17 8395.1409870685 1644
18 8394.6678143201 1738
19 8394.43057820172 1828

0 19062.2620647726 98
1 18011.9947172701 186
2 18033.1562345553 279
3 18037.0983558212 371
4 18329.4265690284 462
5 16194.5995436222 553
6 14652.2521728015 640
7 12621.3460691321 732
8 11719.4397118645 818
9 10149.8942728367 918
10 9442.30109373049 1009
11 8912.24714251566 1107
12 8650.28431561943 1196
13 8583.41796950088 1286
14 8564.62936085491 1377
15 8558.00919157015 1466
16 8555.27948277057 1555
17 8554.05458079701 1642
18 8553.46096189845 1734
19 8553.15803946625 1819

0 19914.121615519 106
1 17891.8448089588 201
2 18521.4930965489 302
3 18142.6175537079 394
4 17297.8292056332 494
5 16812.4646803332 585
6 14527.2632854421 679
7 12772.954594157 771
8 11552.4884411174 860
9 10116.0996490981 954
10 9178.1352000285 1041
11 8841.23024003159 1134
12 8552.63308720692 1222
13 8483.72866200414 1318
14 8466.53362888061 1407
15 8460.85567513957 1498
16 8458.57206145153 1588
17 8457.5353612096 1678
18 8457.02830740511 1770
19 8456.77263495034 1857

0 19164.8542433983 97
1 18892.4453315425 184
2 18098.047792064 283
3 17706.494384573 377
4 16090.9509395229 476
5 16312.4992049457 566
6 15129.4776086666 661
7 12523.8263347295 753
8 11253.5512967203 845
9 10046.2797798602 936
10 9165.00543958414 1024
11 8677.65860554036 1114
12 8446.8113880008 1200
13 8374.79966690626 1293
14 8358.09326160076 1382
15 8352.2562917902 1483
16 8349.9613303539 1572
17 8348.90688804937 1666
18 8348.39871289291 1756
19 8348.14161074493 1845

0 20758.4931998305 89
1 19691.9661763383 176
2 18477.9135479898 270
3 16945.1955766514 359
4 17415.2979509145 453
5 16588.4627284746 544
6 15774.7488510308 639
7 13246.4062568505 731
8 11390.5043635307 822
9 9985.85044720633 913
10 9198.40035132492 1004
11 8793.55688426615 1100
12 8538.01822623208 1189
13 8476.44820638801 1284
14 8458.67701827853 1368
15 8452.91962017739 1461
16 8450.62287406302 1550
17 8449.59264851618 1642
18 8449.09740396148 1733
19 8448.84836150648 1823

0 19262.0873150355 90
1 18725.7039695253 179
2 17030.3727959873 277
3 17884.4718278706 368
4 16570.6320372415 462
5 16122.6006490497 549
6 14795.234272371 652
7 12687.8709387355 744
8 11041.1871269647 841
9 9916.44091611574 930
10 9157.83498303425 1018
11 8718.94236684238 1111
12 8470.95762824739 1199
13 8406.06072214816 1290
14 8388.94709047362 1376
15 8383.64654542949 1469
16 8381.46393596223 1555
17 8380.43575161133 1645
18 8379.93945124116 1734
19 8379.68853362964 1828

0 19230.4135801188 89
1 20079.6638015897 177
2 18272.3163075866 274
3 18400.37861944 362
4 17098.1766152565 457
5 17209.6941194364 545
6 15562.7393149243 637
7 13475.5080706241 726
8 11675.4249468598 819
9 10249.1131508671 911
10 9560.96198935812 1004
11 9093.23098979431 1094
12 8850.69042207057 1181
13 8781.73342117862 1276
14 8760.06308587222 1362
15 8752.52258222287 1464
16 8749.40639832196 1555
17 8747.97367280544 1648
18 8747.27465390439 1737
19 8746.92017871397 1826

0 20095.4480453164 89
1 18194.0190273831 180
2 18297.144923554 274
3 17520.0220530077 362
4 18316.9360857929 458
5 17058.0888214061 547
6 14909.5799397981 640
7 13482.2136920601 728
8 11414.4619577572 820
9 10221.482727198 910
10 9353.04561735716 1003
11 8878.09816301686 1095
12 8630.43737808254 1188
13 8554.10176680644 1283
14 8533.83468368645 1369
15 8527.40389084619 1464
16 8524.84033784271 1554
17 8523.65190532821 1647
18 8523.07693967795 1737
19 8522.78566109939 1826

0 19818.4667706192 89
1 18783.3244889362 176
2 17456.7095168726 268
3 17317.2347562216 360
4 16652.5320891411 462
5 16192.8557331221 554
6 14902.2873001979 656
7 12864.6146889163 746
8 11330.8298489582 842
9 10021.4298253055 935
10 9294.52809380557 1025
11 8839.96637670238 1114
12 8614.94313869188 1202
13 8546.23911078604 1293
14 8526.87255465475 1384
15 8521.10049561139 1477
16 8518.80113464546 1563
17 8517.78253288915 1657
18 8517.29202483244 1745
19 8517.04381563734 1842

0 19915.9892390463 89
1 18987.0574635933 184
2 18940.0783962987 276
3 18168.1516500575 367
4 18016.6050136998 460
5 17095.0979286182 552
6 15407.3313887884 649
7 13062.9111845217 738
8 11818.147908946 833
9 10285.2177675188 921
10 9509.12943763182 1014
11 8969.61462245439 1105
12 8700.03607979162 1198
13 8633.9189825102 1287
14 8614.95157665242 1377
15 8609.09262026441 1471
16 8606.85942528022 1563
17 8605.85560984061 1661
18 8605.35949953307 1750
19 8605.10957088421 1845

0 17830.9153818024 89
1 18616.8354194458 181
2 18668.7123113441 270
3 17068.5837469763 360
4 17340.1626116619 451
5 16933.836192774 540
6 15739.7423505486 632
7 13172.5954024756 721
8 11977.662139717 816
9 10247.0664800805 904
10 9355.03188680153 1003
11 8922.21246094302 1093
12 8663.10964397096 1186
13 8594.7955521399 1277
14 8576.38484183079 1366
15 8569.93210521544 1457
16 8567.30830264285 1545
17 8566.09626419438 1640
18 8565.50941172967 1729
19 8565.21174741014 1826

0 19524.8158031437 91
1 18897.9129697733 184
2 18066.8783247347 277
3 18238.9069676919 369
4 17234.0290352965 460
5 16424.3745442297 550
6 14773.4557882363 647
7 13146.8803962963 735
8 11464.3669288552 827
9 10114.2484622169 916
10 9400.18873780652 1016
11 8836.95750763621 1106
12 8558.89542690134 1202
13 8486.81714238424 1293
14 8469.78678722077 1383
15 8464.18236987104 1472
16 8461.89576224625 1561
17 8460.86060725484 1653
18 8460.35026265208 1740
19 8460.09273600297 1834

0 18576.5312924436 92
1 17330.4598099045 194
2 16351.030578586 283
3 16295.4455354519 380
4 14976.3373470999 471
5 16275.9016152895 563
6 14453.9593667768 653
7 12649.9219907662 741
8 11326.0328857188 831
9 10025.0139198838 918
10 9264.31755228943 1012
11 8689.20605414848 1100
12 8467.5995098523 1196
13 8404.81177815773 1285
14 8385.37131680929 1375
15 8379.69817242356 1465
16 8377.60628042853 1554
17 8376.65731731052 1645
18 8376.19882509136 1733
19 8375.96849698902 1828

0 22029.9391114067 90
1 18944.8875033059 184
2 18934.2859571319 274
3 17783.0234781646 369
4 17566.2957508261 460
5 17540.9034434662 549
6 14683.5670553663 639
7 13129.4350904448 728
8 11735.4138098216 820
9 10052.5716164479 907
10 9379.88807821307 1001
11 8904.36057175901 1087
12 8640.55516320281 1183
13 8571.75014208339 1272
14 8553.7035537819 1367
15 8547.51374202858 1458
16 8544.915527497 1545
17 8543.72342205541 1635
18 8543.13036010682 1720
19 8542.82790778011 1814

0 18804.2317157307 90
1 19447.9669038352 184
2 17054.7532256471 274
3 17165.7724023283 366
4 15832.1350112851 456
5 15958.603447584 549
6 14768.3932322933 642
7 13145.5493527788 730
8 11607.9674772141 827
9 10042.0229399143 914
10 9233.21366688887 1012
11 8670.29735375073 1101
12 8446.20240531239 1198
13 8367.96094965589 1288
14 8350.35615208561 1381
15 8345.19855857649 1475
16 8343.17598986636 1569
17 8342.24619647893 1660
18 8341.79810657897 1748
19 8341.5723749775 1841

0 20246.4954757808 90
1 19478.4791439746 186
2 18221.8678304975 275
3 18646.1124979802 381
4 17040.5745599548 471
5 17320.1121149107 564
6 15351.4892226415 654
7 13159.3844665324 748
8 11559.2410450153 839
9 10084.8638850294 926
10 9442.18927286559 1017
11 8944.12014572603 1103
12 8694.12018273638 1196
13 8619.8637016887 1281
14 8601.96881947905 1371
15 8595.21898847736 1459
16 8592.6486546485 1548
17 8591.47857102363 1638
18 8590.90687947288 1733
19 8590.61816048894 1827

0 20331.3615031714 90
1 19178.0201071288 185
2 18811.6651713665 271
3 17395.3264632966 366
4 15968.2969871399 456
5 16842.9540441504 547
6 15134.6750611271 637
7 13110.2743912182 726
8 11578.0535985265 817
9 10045.6562401953 908
10 9284.40957440208 1001
11 8859.50212752563 1087
12 8606.21505047007 1179
13 8544.84734965716 1267
14 8528.67614043232 1368
15 8523.56344558766 1459
16 8521.59770353693 1549
17 8520.69213995738 1640
18 8520.25465841307 1727
19 8520.03471128036 1818

0 20606.9830826484 93
1 20129.3894375211 188
2 17974.2888041613 276
3 18317.1457406282 368
4 17510.8070256516 459
5 15589.5189822183 551
6 15426.2182711346 641
7 13183.316149798 731
8 11966.732743212 822
9 10506.9319906751 911
10 9653.53733340422 1011
11 9195.99182812585 1102
12 8935.73663002516 1199
13 8857.50760984796 1285
14 8835.33058666265 1378
15 8828.64136527938 1467
16 8826.08768434504 1564
17 8824.94622593401 1657
18 8824.39200269078 1747
19 8824.11210995405 1842

0 19096.336370835 91
1 19342.8995042821 182
2 17892.9843128876 272
3 17468.3549618393 369
4 17245.6792720117 457
5 15787.426775522 556
6 14492.2590877512 645
7 12889.1918715649 740
8 11866.7343022617 829
9 10059.676629983 917
10 9283.84549308795 1009
11 8817.9968686068 1096
12 8583.84619195334 1188
13 8520.19380994194 1277
14 8501.99508369732 1373
15 8496.17313702852 1461
16 8493.83733809751 1552
17 8492.74023083399 1642
18 8492.19719643057 1732
19 8491.92103567164 1821

0 19231.2406237852 94
1 18432.9601508996 188
2 17636.2642947169 276
3 17457.0725881891 375
4 16401.4751012962 467
5 15357.4741019258 566
6 14364.7470062546 656
7 12454.4314297485 748
8 11474.840226621 840
9 9780.92055227135 930
10 9120.04014225761 1022
11 8644.50720632992 1109
12 8368.80193894975 1203
13 8301.34170122703 1291
14 8283.88768142151 1387
15 8278.57782406436 1477
16 8276.60609466682 1581
17 8275.70412511754 1671
18 8275.26389094824 1764
19 8275.04258779067 1854

0 19225.4153439587 93
1 18777.8055333377 182
2 18732.2248731279 272
3 17437.7081922927 364
4 16219.7448588932 452
5 15329.0663046431 548
6 14557.7408356816 637
7 13013.101814661 733
8 11331.7190913694 823
9 9969.46129101474 915
10 9083.54421481934 1006
11 8677.34367658044 1100
12 8432.27689921106 1189
13 8358.35555443736 1276
14 8340.50096146219 1371
15 8335.26323119037 1458
16 8333.21783941145 1553
17 8332.30671696175 1641
18 8331.86449302313 1741
19 8331.64193071132 1832

0 18551.9450945088 99
1 19263.5803328949 190
2 18503.2529068713 280
3 18341.9333330949 372
4 17691.5580353495 461
5 16726.0471495497 555
6 15591.891687369 643
7 12801.2246311066 745
8 11775.6039687648 836
9 10314.0491086813 936
10 9528.07234235117 1025
11 9000.81954759172 1115
12 8722.65265441659 1204
13 8645.23597442181 1293
14 8625.33549758825 1384
15 8619.08961236152 1470
16 8616.59376636427 1564
17 8615.46259947157 1652
18 8614.91544453767 1744
19 8614.63967484437 1834

