0 95925.4142832921 132
1 92166.8919740883 253
2 106897.950576665 376
3 94133.5539451454 508
4 94391.5000145282 629
5 89747.4114290248 759
6 78499.6674871342 883
7 69283.9838346912 1003
8 60862.4594373024 1132
9 55449.4304894221 1254
10 51706.1735229409 1382
11 46664.908003577 1505
12 42862.3769309637 1625
13 40393.4703354935 1752
14 38664.2638831748 1873
15 37158.9048902064 1995
16 35767.3392078671 2122
17 34964.3708196126 2241
18 34280.5003246079 2365
19 33726.8857638961 2485
20 33619.2651414307 2606
21 33240.6244532576 2732
22 32931.9434495817 2855
23 32801.6601350635 2981
24 32697.7559098867 3107
25 32623.5258292882 3228
26 32543.9757959878 3362
27 32510.2521261055 3485
28 32479.6899895049 3608
29 32454.3208782291 3733
30 32431.6550063859 3855
31 32415.8383270262 3981
32 32406.8072827746 4103
33 32396.2306675959 4226
34 32386.7124605852 4351
35 32378.2746217017 4473
36 32371.7659199676 4601
37 32367.9861502306 4730
38 32363.7378082917 4854
39 32359.6090911706 4988
40 32356.8963357022 5111
41 32353.6791459525 5234
42 32352.1892981412 5359
43 32349.7685607498 5480
44 32347.85520238 5606
45 32345.6772561645 5729
46 32343.6136584434 5852
47 32342.5865154799 5978
48 32341.1828858544 6102
49 32339.8138745322 6240
50 32338.7931248306 6365
51 32337.9309298765 6487
52 32336.7519399076 6613
53 32336.1096348333 6736
54 32335.4853757167 6859
55 32334.6946629816 6984
56 32333.9472858266 7106
57 32333.3072608862 7233
58 32332.7204248342 7358
59 32332.2834901643 7483
60 32331.6746852319 7622
61 32331.1770039894 7746
62 32330.7899447105 7870
63 32330.3056042396 7995
64 32329.780770071 8118
65 32329.4957082666 8244
66 32329.1307582484 8368
67 32328.7072766626 8490
68 32328.2839958108 8615
69 32327.9580343694 8739
70 32327.6312273064 8864
71 32327.3217318609 8993
72 32327.0684029082 9116
73 32326.7984403366 9246
74 32326.4817122058 9370
75 32326.2535083721 9494
76 32326.0003473129 9618
77 32325.7188185367 9746
78 32325.4995302461 9873
79 32325.3176911783 10001
80 32325.0946720424 10125
81 32324.8951988886 10253
82 32324.7374172891 10376
83 32324.553563862 10502
84 32324.3787730413 10629
85 32324.163190532 10752
86 32324.0015257735 10879
87 32323.8690133342 11002
88 32323.6686245165 11123
89 32323.5156754873 11248
90 32323.3271086387 11369
91 32323.1481870188 11496
92 32322.9938353074 11618
93 32322.8733211888 11742
94 32322.7400351271 11875
95 32322.592603798 11999
96 32322.4700080756 12123
97 32322.3450571852 12249
98 32322.195625739 12372
99 32322.0853777347 12500
100 32321.943358253 12621
101 32321.832045157 12745
102 32321.734210228 12870
103 32321.6057113282 12990
104 32321.5026460507 13118
105 32321.3728790737 13245
106 32321.2612403259 13369
107 32321.1589627708 13500
108 32321.0598559898 13623
109 32320.9636494999 13748
110 32320.8866829169 13872
111 32320.7961730286 13993
112 32320.7259857254 14121
113 32320.636876888 14242
114 32320.5528689427 14366
115 32320.4662880863 14491
116 32320.3970828134 14611
117 32320.3162792029 14749
118 32320.2423322319 14877
119 32320.1776452379 15004
120 32320.1030990373 15132
121 32320.025885244 15253
122 32319.9570654363 15376
123 32319.8922940907 15501
124 32319.8246590331 15623
125 32319.7511625747 15751

0 98973.3938925567 125
1 102334.316056342 246
2 103170.035462821 376
3 87830.1767661429 497
4 89484.1156846492 623
5 89633.3346508045 750
6 78613.4103125706 875
7 69207.1940598467 1006
8 60816.7582811636 1130
9 56939.5307500656 1253
10 50872.5440685924 1378
11 46806.9191070623 1499
12 42823.1856076325 1627
13 40455.9293360409 1755
14 38055.7174436584 1877
15 36817.5608983328 2005
16 35648.9113509588 2127
17 34794.3439110295 2252
18 34432.7020171172 2375
19 33795.2726644213 2495
20 33551.5513850443 2622
21 33311.5845224664 2747
22 33018.3380541961 2869
23 32820.3667996367 2997
24 32729.4493583922 3122
25 32628.9258540879 3259
26 32560.9145861238 3392
27 32517.0219546177 3517
28 32499.1503266407 3646
29 32464.2660524258 3769
30 32441.4716603604 3895
31 32423.9819958311 4027
32 32407.8792095001 4152
33 32395.9725850919 4286
34 32389.4019047713 4413
35 32379.2705817221 4534
36 32375.7437957138 4682
37 32369.1620111346 4812
38 32361.5700812916 4939
39 32357.6584287457 5074
40 32354.6254307274 5201
41 32351.0242020869 5323
42 32348.950582994 5448
43 32345.2947059347 5571
44 32342.5785442352 5699
45 32339.8201839688 5826
46 32338.2481839503 5948
47 32336.4942771029 6084
48 32335.0315738722 6212
49 32333.7962163685 6334
50 32332.1519999474 6460
51 32331.1121895854 6581
52 32330.2076809361 6705
53 32328.8918680486 6830
54 32327.9603152434 6953
55 32327.0667909361 7081
56 32326.4004223598 7203
57 32325.6164244772 7326
58 32325.0112965469 7461
59 32324.4361313003 7585
60 32323.8761567423 7711
61 32323.4383827413 7834
62 32322.9089005831 7958
63 32322.3887677881 8084
64 32321.8141528722 8207
65 32321.629123983 8331
66 32321.195093011 8454
67 32320.8248922983 8577
68 32320.4703093118 8704
69 32320.1513743866 8832
70 32319.8152073041 8958
71 32319.6201839702 9091
72 32319.3929149418 9215
73 32319.04264177 9344
74 32318.8110180349 9471
75 32318.5829540616 9593
76 32318.4087251643 9720
77 32318.2866804951 9844
78 32318.0742355414 9972
79 32317.9309374903 10103
80 32317.745438816 10228
81 32317.610531281 10358
82 32317.4188933704 10487
83 32317.3173789769 10610
84 32317.1354539112 10738
85 32317.0468056392 10862
86 32316.9346718687 10986
87 32316.791838154 11111
88 32316.6633943795 11233
89 32316.5503952891 11364
90 32316.4354609401 11497
91 32316.3318813672 11627
92 32316.2420737049 11771
93 32316.1467406529 11921
94 32316.0471221204 12058
95 32315.9779035702 12187
96 32315.9078403723 12321
97 32315.8279389377 12449
98 32315.7218551035 12580
99 32315.6683825071 12711
100 32315.5945187908 12838
101 32315.5160494814 12970
102 32315.4385547942 13099
103 32315.3851183288 13227
104 32315.3412422168 13364
105 32315.2781140084 13492
106 32315.22105851 13620
107 32315.1691045786 13753
108 32315.115987036 13880
109 32315.0424966323 14012
110 32315.0026204803 14145
111 32314.953795085 14278
112 32314.8986689775 14408
113 32314.8311068356 14541
114 32314.7814775619 14668
115 32314.7354423103 14805
116 32314.6900569123 14950
117 32314.6514742536 15091
118 32314.603792234 15219
119 32314.5546355443 15351
120 32314.5138881927 15484
121 32314.4739629421 15611
122 32314.4333066337 15733
123 32314.3859811351 15855
124 32314.3411745716 15988
125 32314.3116906343 16111
126 32314.2875978131 16236
127 32314.2566974297 16361

0 103304.867096575 122
1 99932.8187075727 247
2 104455.158288428 369
3 104988.710866357 493
4 96161.9988444197 618
5 96403.5170864495 739
6 77898.1799875634 867
7 70235.197346319 993
8 63365.2108173453 1114
9 58439.3317289759 1243
10 50069.2329539237 1364
11 46715.5915524031 1488
12 42748.6326735464 1609
13 40404.0759109506 1731
14 38336.6179772075 1867
15 36845.1369966284 1988
16 35922.6602833078 2109
17 34885.2691834795 2230
18 34330.355448964 2350
19 33840.5083458316 2481
20 33524.6119105879 2603
21 33315.3594472183 2726
22 32982.9104081212 2850
23 32780.4613606974 2978
24 32683.0507293676 3104
25 32592.0559257369 3225
26 32531.1387864445 3347
27 32482.758625113 3476
28 32455.712341279 3597
29 32432.8342431377 3722
30 32411.0359090783 3851
31 32397.7545755503 3973
32 32386.1898459723 4103
33 32377.5715776432 4226
34 32369.9171972666 4350
35 32363.4853196149 4476
36 32359.9296484187 4599
37 32355.5868492295 4730
38 32351.0207008599 4852
39 32346.8584799269 4975
40 32344.9840442831 5100
41 32342.583978191 5224
42 32340.902141848 5355
43 32340.2528988167 5484
44 32338.3990409425 5605
45 32337.2124444408 5731
46 32336.0584275077 5854
47 32335.0332564951 5977
48 32334.3225990378 6102
49 32333.3389938021 6224
50 32333.0393287926 6351
51 32332.0904682832 6477
52 32331.445522789 6599
53 32331.225023446 6735
54 32330.7315181926 6857
55 32330.4246256549 6983
56 32330.0580275644 7108
57 32329.8219033698 7230
58 32329.5310934803 7359
59 32329.2144797637 7483
60 32328.9151165268 7608
61 32328.6214814208 7735
62 32328.5064616836 7857
63 32328.33314045 7990
64 32328.1554444239 8119
65 32327.9815121472 8241
66 32327.9658395482 8370
67 32327.8688293125 8491
68 32327.6300703963 8616
69 32327.5005707738 8742
70 32327.4669794306 8864
71 32327.3107048728 8992
72 32327.2230899658 9116
73 32327.1171530861 9237
74 32326.9829531959 9362
75 32326.873368962 9486
76 32326.8111177435 9619
77 32326.736281292 9746
78 32326.7312082979 9868
79 32326.6988667006 9996
80 32326.6341838047 10119
81 32326.6094403123 10243
82 32326.5657436969 10371
83 32326.4819585145 10493
84 32326.4533216684 10620
85 32326.376332099 10746
86 32326.3534952246 10870
87 32326.3068153519 11009
88 32326.2745799096 11131
89 32326.2391554394 11255
90 32326.2064315591 11379
91 32326.1740185671 11501
92 32326.1376912535 11629
93 32326.1075508316 11752
94 32326.0789843904 11874
95 32326.0576970302 11999
96 32326.0227019747 12120
97 32326.0114307336 12244
98 32325.9929307829 12375
99 32325.9668687856 12497
100 32325.9457832592 12629
101 32325.9159199008 12751
102 32325.8901148874 12873
103 32325.8573249543 13003
104 32325.8379752141 13123
105 32325.8178241714 13249
106 32325.7831825537 13371
107 32325.7665535626 13494
108 32325.7532370025 13620
109 32325.7169301697 13743
110 32325.697174688 13874
111 32325.6749372533 14001
112 32325.6463864134 14123
113 32325.6158086736 14249
114 32325.5906624481 14370
115 32325.5655084987 14493
116 32325.5429293864 14619
117 32325.5191127171 14740
118 32325.4919655135 14869
119 32325.4585305009 14992
120 32325.4400135516 15113
121 32325.4173130278 15246
122 32325.3993604323 15368
123 32325.3639466193 15496
124 32325.3376882521 15622
125 32325.3152862006 15742
126 32325.2975892354 15868
127 32325.2757116174 15989
128 32325.2567071997 16112
129 32325.234343222 16238
130 32325.2136838321 16361
131 32325.1956851377 16488

0 88111.5940532538 133
1 104435.288333706 255
2 99204.1294268857 386
3 89836.3982988963 510
4 98379.3360209341 633
5 84794.1839157234 760
6 78258.7535080357 884
7 75260.0974127195 1011
8 63263.6858703504 1135
9 55128.7141144186 1257
10 48143.0927766757 1380
11 46675.5529837048 1509
12 42585.5105287832 1644
13 40626.6529142385 1772
14 37893.3187747259 1893
15 36911.8830111776 2018
16 36045.2687303174 2139
17 34821.8623520702 2261
18 34155.2981407189 2383
19 33816.6113725179 2502
20 33446.5120915355 2626
21 33139.5815678463 2750
22 32864.6449028395 2874
23 32731.0650131968 3008
24 32606.14892746 3134
25 32532.1485897487 3262
26 32480.6021530828 3388
27 32445.5736617012 3511
28 32419.1081992535 3638
29 32396.59694707 3760
30 32383.9276043117 3884
31 32373.5276803083 4009
32 32359.5054241774 4135
33 32352.5627756661 4262
34 32347.1288307502 4390
35 32345.1439410271 4514
36 32338.9852960988 4644
37 32335.979385885 4769
38 32333.1433374862 4894
39 32331.1041100911 5019
40 32328.8019510087 5142
41 32327.311719889 5269
42 32326.0347543595 5392
43 32324.8861332201 5517
44 32323.7193401038 5643
45 32322.4399889489 5768
46 32321.9181175157 5901
47 32320.6961667745 6025
48 32320.3108759293 6150
49 32319.681704553 6277
50 32318.988115232 6398
51 32318.5340575069 6532
52 32317.8932434864 6662
53 32317.8700190847 6787
54 32317.2595072007 6913
55 32316.9086507251 7039
56 32316.8762458047 7164
57 32316.358411074 7297
58 32316.3272210596 7425
59 32315.9676229509 7549
60 32315.7427342111 7674
61 32315.6189795496 7797
62 32315.4953498565 7922
63 32315.2801521865 8045
64 32315.0411270775 8172
65 32314.9009591491 8300
66 32314.6947562493 8421
67 32314.3512471521 8544
68 32314.2261102639 8677
69 32313.956747155 8801
70 32313.8937466702 8930
71 32313.7354137186 9055
72 32313.6079379935 9179
73 32313.5705331327 9305
74 32313.5227835123 9427
75 32313.4295503467 9551
76 32313.3249546565 9676
77 32313.2753251263 9800
78 32313.1659679145 9929
79 32313.0884431022 10056
80 32312.9988714511 10185
81 32312.9244924529 10313
82 32312.8527500388 10435
83 32312.767178958 10559
84 32312.7227366648 10682
85 32312.6508415398 10803
86 32312.5518457322 10928
87 32312.4791661486 11050
88 32312.4394247016 11177
89 32312.3744090167 11301
90 32312.2806535044 11422
91 32312.2373409089 11562
92 32312.1863734676 11687
93 32312.1078512755 11811
94 32312.0616155718 11938
95 32312.0315172614 12061
96 32312.0014611274 12186
97 32311.9604419542 12312
98 32311.9284720376 12434
99 32311.8856077672 12564
100 32311.8442012952 12689
101 32311.8249036711 12812
102 32311.8012753081 12949
103 32311.7765495723 13074
104 32311.7518011724 13198
105 32311.7300750139 13323
106 32311.7276020987 13444
107 32311.7058604035 13573
108 32311.6845861326 13695
109 32311.6506072447 13817
110 32311.6360472429 13942
111 32311.6320092919 14065
112 32311.6038997225 14193
113 32311.5868205999 14322
114 32311.5821722418 14446
115 32311.5576955608 14574
116 32311.5479927024 14697
117 32311.5415491183 14820
118 32311.5273746454 14944
119 32311.5236263722 15067
120 32311.4987386037 15196
121 32311.4879834342 15319
122 32311.4803634895 15442
123 32311.482348818 15567
124 32311.4778589992 15688

0 99563.9362844179 145
1 113251.254531483 268
2 93631.9444555727 391
3 96956.5150388488 519
4 91127.6600034385 647
5 89997.811249755 771
6 78050.4294933149 901
7 69493.1887653509 1023
8 63266.9704444713 1148
9 56969.9975105525 1271
10 51182.8470467845 1395
11 46744.043142912 1529
12 42401.5165664167 1655
13 40382.867404732 1779
14 38383.0827582335 1904
15 36822.8817814496 2028
16 35746.2682315394 2153
17 34965.0326282892 2274
18 34199.7172794806 2400
19 33814.4537887456 2527
20 33518.6642771283 2649
21 33228.9160399612 2775
22 32965.9849641237 2903
23 32811.2861012201 3027
24 32672.189736516 3162
25 32590.2013483467 3287
26 32530.2374715929 3415
27 32486.9666846938 3543
28 32456.5730719331 3667
29 32435.3251062346 3791
30 32413.3946934658 3917
31 32401.3589047211 4041
32 32386.5462616379 4169
33 32379.9323918359 4294
34 32374.7229296066 4422
35 32366.2326479464 4553
36 32361.8977451016 4679
37 32357.7229297442 4803
38 32354.5197048432 4927
39 32351.2082128597 5050
40 32347.4153854433 5177
41 32346.2305510203 5299
42 32344.4605945322 5427
43 32342.488057262 5555
44 32341.1692329205 5678
45 32340.5549765141 5813
46 32338.6158029276 5947
47 32337.9435338692 6071
48 32337.345962441 6199
49 32336.1986507248 6322
50 32335.2605925742 6448
51 32334.9715450728 6574
52 32334.6607862682 6698
53 32333.750970134 6825
54 32333.2675726022 6952
55 32332.6851493611 7077
56 32332.2939107227 7213
57 32332.1841377859 7338
58 32331.8772260713 7465
59 32331.4393005956 7590
60 32331.3162117374 7714
61 32331.0588572492 7842
62 32330.7747687027 7971
63 32330.7270273907 8094
64 32330.3761474419 8222
65 32330.2915613489 8343
66 32330.1385433617 8471
67 32330.0503280019 8605
68 32329.9413965311 8732
69 32329.7278404991 8865
70 32329.5909138168 8993
71 32329.4611455697 9117
72 32329.3875722534 9248
73 32329.3279510223 9374
74 32329.1890777849 9505
75 32329.1095660604 9632
76 32329.0053011863 9755
77 32328.892632086 9881
78 32328.8248885878 10013
79 32328.7195193613 10138
80 32328.6898867276 10267
81 32328.6567957255 10391
82 32328.5447981449 10515
83 32328.4327187505 10642
84 32328.350632139 10765
85 32328.2960442437 10896
86 32328.2366432253 11023
87 32328.1488780223 11149
88 32328.103374576 11277
89 32328.0476995491 11404
90 32327.9797410888 11528
91 32327.9370492286 11665
92 32327.8669720703 11789
93 32327.8299882023 11915
94 32327.7799862306 12042
95 32327.718273514 12165
96 32327.663363726 12292
97 32327.6192977075 12416
98 32327.5707559016 12539
99 32327.5267726935 12666
100 32327.4836605352 12790
101 32327.4640592324 12926
102 32327.4127333318 13058
103 32327.3707865267 13184
104 32327.3342379207 13310
105 32327.3117656292 13433
106 32327.2832694932 13557
107 32327.2659695105 13684
108 32327.2346447085 13808
109 32327.1937745604 13935
110 32327.1840639021 14062
111 32327.1549047265 14185
112 32327.1244394976 14321
113 32327.0918332037 14451
114 32327.0669896202 14577
115 32327.0520184785 14703
116 32327.039543741 14827
117 32327.0179825055 14951
118 32327.0089444892 15076
119 32326.9874969213 15199
120 32326.9752212328 15329
121 32326.9547387202 15456
122 32326.9407738776 15586
123 32326.9220062864 15723
124 32326.9070142041 15850
125 32326.8850924865 15977
126 32326.8734778309 16102
127 32326.8580775479 16223
128 32326.8477311718 16350
129 32326.8345089722 16476
130 32326.824766542 16602
131 32326.8092609819 16728
132 32326.7941040225 16851
133 32326.7840242802 16977
134 32326.7784120938 17112
135 32326.7662508136 17237
136 32326.7557736528 17369
137 32326.7424404871 17493
138 32326.7305427303 17618
139 32326.7212660832 17750
140 32326.7053457777 17876
141 32326.6972692505 18005
142 32326.6874722583 18131
143 32326.6823421786 18254
144 32326.6744244285 18381
145 32326.6686297276 18520
146 32326.6580288689 18655
147 32326.6475407907 18789

0 98989.3458926913 132
1 94688.4288954702 256
2 97184.3483356034 387
3 99367.8431593705 510
4 96978.8948272604 636
5 88448.7436987859 764
6 79426.6193431735 884
7 74250.7581603436 1013
8 64378.2129061142 1146
9 56932.2834785 1271
10 50274.153744565 1403
11 46192.5961599591 1526
12 42702.2994870031 1650
13 40412.8507563203 1779
14 38610.3881117062 1902
15 36947.427058948 2030
16 35997.4678299963 2162
17 35061.6916243041 2285
18 34362.8421989889 2414
19 33818.925723676 2538
20 33610.9473184639 2673
21 33296.2378639919 2804
22 32946.5492001929 2927
23 32795.561544363 3054
24 32682.3106042583 3180
25 32608.85052745 3303
26 32541.8028549742 3435
27 32494.688868361 3558
28 32455.4985561278 3681
29 32428.045615585 3807
30 32410.3235169415 3930
31 32398.4592340578 4067
32 32386.9564398096 4194
33 32380.3651946242 4316
34 32370.7092705323 4445
35 32362.7343432422 4567
36 32357.7474086857 4693
37 32352.3937257827 4818
38 32348.8845696928 4940
39 32345.8195815949 5069
40 32343.8284268269 5194
41 32339.7540187451 5317
42 32338.8787802517 5450
43 32335.5660808169 5574
44 32333.9985247965 5702
45 32332.4298411533 5828
46 32331.1172559456 5950
47 32330.0557635964 6076
48 32329.1926492105 6199
49 32327.9408503756 6320
50 32327.1455667971 6445
51 32326.4885405312 6566
52 32325.547617063 6695
53 32324.9421138166 6825
54 32324.1820679399 6948
55 32323.6907441459 7076
56 32323.0642154488 7207
57 32322.5188781455 7331
58 32322.0195231218 7457
59 32321.4705399233 7577
60 32321.309258774 7709
61 32320.8951836153 7834
62 32320.5331763224 7958
63 32320.3472503782 8086
64 32319.897247649 8211
65 32319.5458037055 8337
66 32319.3673835935 8468
67 32319.0187585645 8590
68 32318.7524191538 8715
69 32318.5565277004 8836
70 32318.398003944 8959
71 32318.2162805377 9087
72 32318.0771641425 9211
73 32317.8866629665 9336
74 32317.7124683858 9461
75 32317.6143573083 9585
76 32317.442107367 9721
77 32317.28561474 9845
78 32317.1716937055 9969
79 32317.1083726435 10096
80 32316.9411387535 10220
81 32316.8581932498 10349
82 32316.6855878443 10479
83 32316.5851046276 10600
84 32316.5259151296 10729
85 32316.4332255141 10854
86 32316.3480150314 10988
87 32316.3113504548 11123
88 32316.1724639519 11247
89 32316.0992543477 11375
90 32316.0159073956 11502
91 32315.9647656671 11625
92 32315.8969446491 11753
93 32315.8297095672 11875
94 32315.7727895275 11997
95 32315.726111693 12127
96 32315.675103265 12251
97 32315.5934122787 12377
98 32315.568212085 12508
99 32315.4940950561 12632
100 32315.4316261792 12761
101 32315.3971341763 12882
102 32315.3609999926 13004
103 32315.2833111546 13131
104 32315.2555450471 13254
105 32315.2172669704 13382
106 32315.1738169874 13507
107 32315.1529302866 13629
108 32315.1195514944 13760
109 32315.0746789498 13886
110 32315.0376526687 14016
111 32315.0198395616 14145
112 32314.9927905901 14268
113 32314.9687431211 14398
114 32314.9442634961 14524
115 32314.9124455671 14647
116 32314.8889638866 14776
117 32314.8607635546 14899
118 32314.8396000749 15025
119 32314.8129389698 15152

0 97121.1059988583 128
1 91174.4701710098 261
2 93175.8396789155 384
3 94437.3570328018 511
4 103852.077395708 639
5 93183.8536334189 762
6 81630.5159882718 887
7 72387.3255575161 1012
8 63383.8323525216 1136
9 55818.4901479445 1265
10 51556.3032257521 1388
11 47067.555870184 1514
12 43390.4150859302 1652
13 40800.4597888184 1773
14 38296.7683629116 1896
15 36665.9800713421 2024
16 35832.3421374336 2145
17 35040.9319643489 2272
18 34285.8521192566 2393
19 33703.6935184627 2516
20 33462.6550677451 2638
21 33206.5447931574 2763
22 32965.6992822897 2892
23 32781.4294282753 3024
24 32665.7318630424 3147
25 32592.4556333274 3279
26 32548.2211872918 3402
27 32513.3984915907 3529
28 32480.4478629535 3655
29 32457.0631942556 3776
30 32439.5210935492 3904
31 32427.486974443 4032
32 32417.7393430418 4155
33 32406.451102266 4284
34 32401.0306446972 4410
35 32394.0897684054 4540
36 32391.2290654728 4669
37 32385.8060873707 4795
38 32383.1219716116 4925
39 32379.1665156173 5050
40 32376.52335269 5173
41 32373.9603035554 5302
42 32372.87203309 5423
43 32370.0369885227 5548
44 32368.8458556683 5673
45 32367.2207786554 5796
46 32366.2630765412 5930
47 32364.755769107 6057
48 32363.7582004493 6181
49 32362.7020640253 6310
50 32361.7329114342 6432
51 32360.5769884972 6559
52 32359.7831975239 6683
53 32358.7640414273 6807
54 32357.9772986524 6935
55 32357.5222951391 7066
56 32356.6608707307 7191
57 32356.1858486654 7328
58 32355.5166976841 7451
59 32354.7160477317 7577
60 32354.2635828691 7701
61 32353.6351081433 7824
62 32353.1975398511 7953
63 32352.6275591846 8074
64 32352.1811406683 8204
65 32351.8375995505 8332
66 32351.4609105515 8454
67 32351.0039192789 8579
68 32350.7500182584 8712
69 32350.3145619015 8836
70 32349.9841791282 8966
71 32349.6088801902 9090
72 32349.3017136964 9218
73 32349.0538085833 9346
74 32348.7139831274 9469
75 32348.3937822616 9595
76 32348.0970858588 9718
77 32347.8770810557 9841
78 32347.6165070769 9969
79 32347.2902399838 10097
80 32346.9820567679 10230
81 32346.7168841443 10358
82 32346.4862394403 10484
83 32346.2262621325 10611
84 32345.9380067895 10739
85 32345.6769169308 10863
86 32345.4318800567 10989
87 32345.1762209683 11111
88 32344.9553529371 11236
89 32344.7402890702 11361
90 32344.5344622905 11484
91 32344.3238265491 11621
92 32344.0993203034 11750
93 32343.8983626125 11871
94 32343.70319631 11999
95 32343.4971387553 12125
96 32343.293150563 12248
97 32343.095136769 12374
98 32342.9293999911 12495
99 32342.7170595385 12622
100 32342.5327636277 12743
101 32342.3469847667 12866
102 32342.1522199996 13001
103 32341.9732760298 13124
104 32341.7895989948 13248
105 32341.6353028762 13374
106 32341.4605525432 13497
107 32341.2768469894 13625
108 32341.0952153342 13746
109 32340.9292729357 13870
110 32340.7437590708 13996
111 32340.5621840135 14119
112 32340.3900446098 14246
113 32340.2117305712 14373
114 32340.0383124417 14499
115 32339.8495959574 14631
116 32339.6839496266 14754
117 32339.5157190528 14878
118 32339.3450753015 15005
119 32339.1804196688 15131
120 32339.0098564102 15257
121 32338.8479566018 15381
122 32338.6800270135 15506
123 32338.5218481079 15631
124 32338.3484656828 15752
125 32338.1959715126 15888
126 32338.0389996424 16017

0 102545.365883659 123
1 90695.7555991406 249
2 96471.9789257536 370
3 93947.4963945296 495
4 93354.556022374 621
5 86168.9018631663 744
6 80716.6272950421 877
7 70914.3411199638 1006
8 64128.9424803724 1129
9 54429.3492588815 1266
10 49692.4872769544 1389
11 46804.7473226906 1512
12 43074.9778325176 1636
13 39902.1167403478 1757
14 38290.5253229735 1882
15 36945.8894568535 2000
16 35937.4903438621 2121
17 34914.6321976542 2245
18 34222.7026583008 2365
19 33775.1605694836 2491
20 33561.1540051361 2617
21 33255.0040509028 2740
22 32961.5737038099 2867
23 32795.6993764191 2988
24 32669.0037651989 3112
25 32591.7511863028 3241
26 32540.3463455331 3362
27 32497.7615926613 3490
28 32450.0563171139 3612
29 32437.2382834376 3737
30 32416.7690369374 3866
31 32402.526277457 3987
32 32394.456195424 4123
33 32381.7855710095 4251
34 32377.8449809554 4373
35 32368.4353260283 4500
36 32364.9967264855 4624
37 32360.6839028791 4746
38 32357.8402908941 4871
39 32353.3503190193 4993
40 32352.5708604324 5122
41 32349.5867217397 5246
42 32348.4039976741 5368
43 32346.426190043 5502
44 32344.673460913 5625
45 32342.8771114213 5754
46 32342.0217421859 5878
47 32341.1117121967 5999
48 32340.1615660929 6131
49 32339.2560800992 6253
50 32338.8510336 6376
51 32338.2529836779 6503
52 32337.4571246076 6625
53 32336.8151841733 6752
54 32336.3880914735 6879
55 32335.9532666144 7015
56 32335.3891223517 7144
57 32335.0875423965 7267
58 32334.9228102179 7389
59 32334.5487179816 7516
60 32334.3680779647 7637
61 32334.0776134608 7762
62 32333.7715665723 7884
63 32333.4220471907 8007
64 32333.1800165986 8133
65 32333.0049750502 8257
66 32332.8285930793 8390
67 32332.603473865 8526
68 32332.4400894593 8648
69 32332.2784970702 8775
70 32332.1389667195 8897
71 32331.9912548673 9021
72 32331.8744485334 9149
73 32331.7684991012 9270
74 32331.6819982691 9393
75 32331.5194248518 9520
76 32331.4695840301 9642
77 32331.365077745 9774
78 32331.1971259467 9897
79 32331.1403361839 10022
80 32331.0717301427 10149
81 32330.9504588822 10269
82 32330.9168857345 10396
83 32330.8022862865 10522
84 32330.7396862682 10644
85 32330.6453524573 10769
86 32330.5808587618 10891
87 32330.5048817752 11016
88 32330.4843108146 11156
89 32330.4415514294 11279
90 32330.3943392944 11412
91 32330.3474607558 11537
92 32330.2839688653 11660
93 32330.2551010269 11785
94 32330.2051810748 11906
95 32330.1474732635 12031
96 32330.104027577 12156
97 32330.0570657568 12279
98 32330.0212555231 12408
99 32329.9813838048 12536
100 32329.9509413166 12659
101 32329.9045402274 12788
102 32329.8745640282 12911
103 32329.8139635486 13037
104 32329.7796436753 13164
105 32329.7418450852 13288
106 32329.6889860513 13421
107 32329.64205496 13544
108 32329.6101693825 13666
109 32329.5638311739 13790
110 32329.516445659 13912
111 32329.4819804662 14046
112 32329.4446935582 14173
113 32329.4201388753 14297
114 32329.3834466905 14422
115 32329.3293846878 14547
116 32329.3033204457 14672
117 32329.2760176549 14797
118 32329.2472267374 14919
119 32329.2178804325 15046
120 32329.1924810752 15170
121 32329.1621394102 15293
122 32329.1426797097 15429
123 32329.1173048582 15556
124 32329.0972544504 15680
125 32329.0784043987 15807
126 32329.0503128736 15928
127 32329.0348466615 16058
128 32329.0160322943 16183
129 32328.9975426226 16306

0 98890.3944782898 129
1 89653.6674332442 252
2 102129.303272766 377
3 98850.1681392405 507
4 94471.261969564 630
5 93378.5372504038 761
6 75246.9749199602 883
7 71785.0462367585 1006
8 65321.5738463963 1130
9 55651.5076240802 1252
10 51625.4368011217 1378
11 46590.7332806343 1499
12 43303.2421856576 1622
13 40340.4228333298 1746
14 38073.0874747736 1866
15 36685.8030395844 2000
16 35983.2184425308 2124
17 35138.0582000848 2246
18 34269.5658183142 2371
19 33865.0627380233 2493
20 33472.4421500306 2616
21 33237.1688462659 2740
22 32923.3514469779 2862
23 32747.7990337661 2992
24 32632.7667839344 3118
25 32553.9115081216 3240
26 32507.9366734087 3372
27 32468.5178736294 3496
28 32431.9903741988 3623
29 32410.0671622613 3745
30 32396.7645982207 3868
31 32383.8489439502 3994
32 32372.4615944713 4119
33 32363.9990842123 4247
34 32358.1274248106 4372
35 32351.7777494272 4494
36 32347.2010176548 4621
37 32344.0837412866 4748
38 32340.9040371093 4876
39 32338.2550628039 5009
40 32336.0221258968 5133
41 32333.7169406685 5260
42 32331.3975485883 5386
43 32330.1108855003 5509
44 32328.5901938783 5639
45 32327.11317007 5762
46 32326.2353592429 5886
47 32325.6293323982 6013
48 32324.2313711341 6137
49 32323.9703504846 6275
50 32323.5637537624 6401
51 32322.6287765782 6524
52 32322.4236903894 6652
53 32322.011806201 6776
54 32321.7371109315 6899
55 32321.0097967036 7024
56 32320.5516105816 7149
57 32320.094083621 7277
58 32319.8129636229 7402
59 32319.4534053717 7525
60 32319.3482226814 7660
61 32319.0695720356 7785
62 32318.9113427167 7912
63 32318.6149987136 8037
64 32318.5426261941 8161
65 32318.1840686199 8289
66 32318.1826358512 8414
67 32317.7922491134 8542
68 32317.6727849464 8677
69 32317.409908288 8800
70 32317.2137325293 8924
71 32316.9312138894 9059
72 32316.8932446526 9186
73 32316.7148097484 9316
74 32316.5953906802 9440
75 32316.3770980838 9562
76 32316.17435733 9689
77 32316.0256566369 9817
78 32315.8692685575 9941
79 32315.775979143 10066
80 32315.5980919773 10191
81 32315.5411139029 10317
82 32315.4068729721 10445
83 32315.3018865592 10568
84 32315.2712288442 10698
85 32315.2455245128 10821
86 32315.0963091994 10946
87 32315.0240961515 11072
88 32314.9619254627 11198
89 32314.897514938 11327
90 32314.8428692855 11449
91 32314.7495700435 11572
92 32314.6984153612 11698
93 32314.6250243509 11821
94 32314.5555468611 11958
95 32314.4867530882 12089
96 32314.4486297443 12212
97 32314.4222891175 12340
98 32314.3535409179 12464
99 32314.3035637122 12589
100 32314.2553321406 12716
101 32314.2312775181 12839
102 32314.1826996389 12965
103 32314.1589344378 13090
104 32314.1100477556 13215
105 32314.0801969106 13350
106 32314.0543272052 13473
107 32314.0241705526 13598
108 32313.9924670153 13725
109 32313.9680601535 13848
110 32313.9366137938 13977
111 32313.9088057931 14105
112 32313.8717478159 14230
113 32313.8382390872 14360
114 32313.7979577166 14486
115 32313.7740764512 14609
116 32313.7411233033 14743
117 32313.7161371422 14872
118 32313.6924661217 15001
119 32313.6668385907 15130
120 32313.6469032276 15253
121 32313.6080227587 15383
122 32313.5833363501 15509
123 32313.5460076059 15631

0 95998.6468082752 131
1 97785.6127843104 253
2 102736.697076808 378
3 100711.537655389 510
4 102717.307222305 630
5 90369.5620331219 757
6 87227.6390274824 879
7 68463.3003093494 1002
8 61891.0971046886 1128
9 55488.6157699091 1251
10 50286.8026814838 1381
11 46949.1588401766 1505
12 42805.0143248103 1628
13 40505.7544277679 1756
14 38157.3349851874 1883
15 36935.6606851841 2022
16 35695.7265722436 2149
17 34912.4856615084 2282
18 34164.717332159 2410
19 33797.0238911044 2536
20 33524.1232877221 2658
21 33281.2380988292 2787
22 33008.5945486735 2911
23 32854.6491862098 3034
24 32748.6821629493 3163
25 32671.2425651892 3289
26 32603.4180299623 3421
27 32564.2150700371 3560
28 32537.1191098187 3687
29 32511.0136705582 3820
30 32487.3285592207 3944
31 32471.2454555606 4066
32 32456.4208960435 4197
33 32448.3032102387 4322
34 32436.0861896137 4451
35 32426.7360773501 4582
36 32417.4982565345 4704
37 32412.1345947041 4847
38 32406.8287684722 4977
39 32402.5615112294 5104
40 32396.7315161942 5233
41 32393.5810917733 5361
42 32389.7408610405 5486
43 32387.4916831099 5620
44 32384.7397226505 5745
45 32382.2915141834 5873
46 32379.3860678788 6000
47 32377.2028617892 6123
48 32375.2934646966 6258
49 32373.7139355929 6386
50 32372.0073827999 6511
51 32370.5589272476 6639
52 32369.4682027223 6764
53 32368.4401879183 6888
54 32367.1270152957 7013
55 32366.2348798495 7137
56 32365.3205528608 7265
57 32364.414378785 7389
58 32363.6110099524 7511
59 32362.7518140863 7646
60 32362.0759687139 7769
61 32361.4610412426 7911
62 32360.6841427551 8041
63 32360.1818120727 8164
64 32359.5470713808 8288
65 32359.1186581461 8411
66 32358.5914487529 8533
67 32358.1173337195 8662
68 32357.6891045591 8785
69 32357.3117786077 8908
70 32356.8488025935 9040
71 32356.4500305185 9161
72 32356.111338513 9298
73 32355.766796523 9421
74 32355.4939441746 9544
75 32355.1558916811 9670
76 32354.8377357252 9791
77 32354.5299474564 9917
78 32354.2520870906 10043
79 32353.9769970949 10168
80 32353.7395770453 10295
81 32353.4570906648 10420
82 32353.2119720685 10546
83 32353.0042262295 10678
84 32352.7861878785 10805
85 32352.6115324303 10929
86 32352.3798851995 11053
87 32352.1878625287 11175
88 32352.0048037714 11303
89 32351.8308474259 11425
90 32351.6500111724 11553
91 32351.5023834428 11677
92 32351.3266736367 11799
93 32351.1620768159 11934
94 32351.0078209138 12062
95 32350.8757466948 12187
96 32350.7209856109 12312
97 32350.581950081 12433
98 32350.431928631 12558
99 32350.3118981493 12683
100 32350.1801473748 12808
101 32350.0566314042 12936
102 32349.9362903104 13058
103 32349.8268592894 13184
104 32349.7087538047 13321
105 32349.603715015 13445
106 32349.4975480529 13573
107 32349.408139873 13700
108 32349.3129712625 13822
109 32349.2054203911 13948
110 32349.1279577178 14071
111 32349.0389979822 14194
112 32348.9524312675 14329
113 32348.8649776793 14451
114 32348.7733517175 14577
115 32348.6881854494 14708
116 32348.5909190905 14835
117 32348.5081610394 14966
118 32348.4232338266 15090
119 32348.3377189867 15213
120 32348.2688231697 15338
121 32348.186882701 15459
122 32348.1127759223 15583
123 32348.0480362686 15705
124 32347.9739543974 15826
125 32347.9007860915 15951
126 32347.8355565477 16075
127 32347.7752617977 16204
128 32347.7137427997 16331
129 32347.6467435389 16452
130 32347.5829752819 16580
131 32347.5264516367 16707
132 32347.4680547988 16832

0 106682.418546246 131
1 93199.6265192957 251
2 95186.2193099301 373
3 95404.4602284776 494
4 95948.7928876682 615
5 90172.7690725219 751
6 81674.7031607621 873
7 69744.6984491099 997
8 63204.9242948945 1119
9 56635.4380067935 1239
10 49513.2511315528 1365
11 46501.7015394021 1484
12 43413.9106490185 1606
13 40143.4941655408 1728
14 38621.5193555597 1848
15 37067.2587823394 1972
16 35722.1386908118 2094
17 34960.2992530002 2216
18 34178.0278406022 2345
19 33737.4871585565 2472
20 33547.5399819436 2595
21 33282.2317699036 2719
22 32953.8238596742 2841
23 32752.4992048481 2966
24 32631.7513832326 3090
25 32561.5379302112 3213
26 32499.8305670672 3336
27 32449.8561126286 3457
28 32430.9299071684 3591
29 32411.4192747672 3715
30 32391.3374377718 3838
31 32378.517128209 3967
32 32367.1139638731 4087
33 32359.0432108116 4214
34 32353.4636499994 4339
35 32346.2526880931 4461
36 32342.6507149903 4586
37 32338.4234249908 4709
38 32335.2122157894 4833
39 32332.4261380698 4964
40 32330.3693814302 5088
41 32328.6694656684 5218
42 32325.7701138411 5342
43 32324.9486559911 5467
44 32323.7074718815 5595
45 32323.3655212829 5718
46 32322.2916641556 5845
47 32321.0286752381 5971
48 32320.6012616937 6095
49 32320.1278299504 6221
50 32319.2964633425 6345
51 32318.678468539 6475
52 32318.1844637232 6604
53 32317.7870933304 6727
54 32317.3571408534 6854
55 32317.027414938 6975
56 32316.5875718697 7098
57 32316.3144787712 7223
58 32316.1885485868 7344
59 32315.7266985427 7476
60 32315.6458966774 7603
61 32315.3069320819 7727
62 32315.294584398 7861
63 32315.1714316524 7983
64 32315.0237163135 8106
65 32314.9763517766 8230
66 32314.7089523797 8353
67 32314.5392817658 8481
68 32314.4309529812 8605
69 32314.413560719 8729
70 32314.2461803609 8857
71 32314.191460108 8977
72 32314.1135820734 9101
73 32314.0437408252 9231
74 32313.9603749398 9353
75 32313.8745363272 9482
76 32313.8586698581 9605
77 32313.777849432 9729
78 32313.7363787623 9855
79 32313.6849740716 9976
80 32313.6600994693 10105
81 32313.615754644 10227
82 32313.5693045723 10351
83 32313.5040057042 10476
84 32313.4579834305 10598
85 32313.4012580885 10729
86 32313.389284882 10857
87 32313.3882659062 10983
88 32313.3698812515 11111
89 32313.3476831119 11233
90 32313.3578213794 11356
91 32313.3265158907 11484
92 32313.2989189133 11605
93 32313.2652043294 11731
94 32313.2572906006 11858
95 32313.2325381654 11978
96 32313.206551717 12121
97 32313.1825830685 12246
98 32313.1811937011 12371
99 32313.1624478797 12504
100 32313.1380447269 12625
101 32313.1334275177 12751
102 32313.1105235756 12874
103 32313.0844342461 12995
104 32313.0801527161 13123
105 32313.0572100326 13245
106 32313.0472446743 13367
107 32313.0482390571 13501
108 32313.0331075846 13623
109 32313.0169573532 13755
110 32313.0032339565 13878
111 32312.9842451794 13999
112 32312.9962096397 14126
113 32312.98868742 14247
114 32312.9692032337 14371
115 32312.9735041429 14499
116 32312.9571843191 14619
117 32312.9485438454 14747
118 32312.9285890627 14870
119 32312.9254550399 14997
120 32312.920476583 15128
121 32312.9115730631 15250
122 32312.902860735 15376
123 32312.8931809653 15499
124 32312.8963665055 15621
125 32312.8894799302 15748

0 93076.6601704146 124
1 92539.1155386626 247
2 98232.9591869192 370
3 104687.857269374 491
4 93553.4062891096 625
5 85969.6205046972 748
6 77751.9470788004 871
7 69720.107648341 998
8 61755.995107978 1119
9 55811.9045561014 1244
10 49395.1827173203 1365
11 46048.3103904188 1486
12 43041.844433719 1610
13 39692.3849517053 1736
14 38045.6075759039 1859
15 37069.8392983996 1988
16 35932.793319015 2109
17 34846.0313225574 2238
18 34277.1051890085 2359
19 33844.4518934836 2486
20 33520.702899887 2610
21 33267.9938446311 2732
22 33003.9248911816 2858
23 32814.4456666214 2987
24 32689.3139609679 3110
25 32600.9643742252 3235
26 32547.3273059808 3358
27 32498.0833327329 3493
28 32462.543952834 3641
29 32445.9571389838 3775
30 32424.8435725016 3908
31 32406.6224559197 4035
32 32395.0902946115 4160
33 32384.0315045532 4287
34 32373.5020415603 4410
35 32368.0513291605 4534
36 32362.9570501817 4660
37 32357.0141908082 4784
38 32353.2660401833 4916
39 32348.9248062066 5046
40 32346.5179531172 5168
41 32344.1975075544 5293
42 32341.7666542892 5415
43 32339.6159904115 5539
44 32337.9362361771 5666
45 32336.7854524752 5789
46 32335.8126552588 5918
47 32334.491505804 6046
48 32333.0854379812 6167
49 32332.1158678009 6303
50 32331.6343138939 6425
51 32330.57033885 6549
52 32329.9881424777 6674
53 32329.1528190386 6804
54 32328.5850703867 6933
55 32328.3029565229 7059
56 32327.6557760019 7180
57 32327.0790595753 7307
58 32326.7246802252 7428
59 32326.3355277591 7552
60 32325.8157935923 7685
61 32325.4295414987 7809
62 32325.1543586484 7942
63 32324.6028498631 8066
64 32324.3586933265 8188
65 32324.1625255214 8313
66 32323.8177718416 8434
67 32323.4976252093 8558
68 32323.1652646049 8684
69 32322.9894393997 8808
70 32322.8188708503 8938
71 32322.6541519699 9064
72 32322.4392795362 9191
73 32322.2482525625 9316
74 32322.0916166855 9440
75 32321.9411351538 9568
76 32321.756483803 9693
77 32321.5401269943 9816
78 32321.4051912541 9942
79 32321.2864857633 10064
80 32321.1252237691 10186
81 32320.9892192036 10311
82 32320.8505694148 10431
83 32320.7155204671 10565
84 32320.6121673953 10689
85 32320.4073520109 10813
86 32320.2561245237 10941
87 32320.1515337947 11070
88 32320.0168387115 11194
89 32319.8652641365 11320
90 32319.7792536275 11441
91 32319.630499068 11569
92 32319.4880355907 11690
93 32319.3529999729 11819
94 32319.2399866905 11953
95 32319.1012633243 12076
96 32319.0061733263 12204
97 32318.9030533948 12327
98 32318.792860607 12450
99 32318.7017616246 12578
100 32318.6085301614 12700
101 32318.5444195566 12823
102 32318.449689097 12949
103 32318.3703278676 13069
104 32318.286373257 13196
105 32318.2008151444 13320
106 32318.1316567743 13446
107 32318.0884035951 13579
108 32318.0274198054 13703
109 32317.9508228328 13828
110 32317.8868709781 13954
111 32317.8378915988 14075
112 32317.7794885084 14204
113 32317.7148133192 14331
114 32317.671441828 14455
115 32317.6162836425 14584
116 32317.5706323862 14708
117 32317.532834115 14848
118 32317.4874273535 14975
119 32317.4400106926 15096
120 32317.3951273561 15224
121 32317.3489466184 15349
122 32317.3075947932 15472
123 32317.2627022389 15599
124 32317.2190723831 15724

0 101042.040790041 127
1 98326.4610685253 252
2 99382.3862006207 374
3 96864.0703201672 511
4 98760.0334356521 633
5 96515.455162294 758
6 82326.3358667257 886
7 70530.7961106545 1013
8 61813.3346233928 1138
9 57794.7176962181 1262
10 51115.5692688714 1383
11 47654.1809542187 1509
12 42814.1658270652 1632
13 40656.6341596026 1755
14 38411.7470942207 1888
15 36735.3582351662 2010
16 36150.199271355 2137
17 35059.7114006168 2260
18 34130.1542493764 2381
19 33861.4278519424 2503
20 33527.0259299479 2628
21 33241.9868502149 2757
22 32970.1869356586 2885
23 32775.8341984104 3008
24 32659.3107027926 3136
25 32583.5728834955 3264
26 32527.5343616525 3393
27 32486.3348751172 3522
28 32448.6311166279 3646
29 32431.8764680714 3775
30 32410.8228115416 3904
31 32391.5317402558 4027
32 32379.0855881287 4156
33 32369.8775842353 4286
34 32362.2847579511 4409
35 32354.0152229995 4534
36 32351.6480203524 4655
37 32346.3265352681 4791
38 32342.9011890134 4920
39 32340.9454251626 5044
40 32338.2330745079 5174
41 32334.400677679 5302
42 32332.0512873815 5429
43 32330.5662806241 5555
44 32328.8831138007 5676
45 32328.0410127976 5802
46 32326.5169000569 5926
47 32325.4633892655 6051
48 32324.8315798377 6189
49 32323.3314127437 6315
50 32322.8266177907 6439
51 32322.2770260143 6564
52 32321.8805096414 6685
53 32320.944899736 6813
54 32320.5844349256 6938
55 32320.20623355 7060
56 32319.7361066627 7186
57 32319.2262092272 7310
58 32318.9060891447 7434
59 32318.8204915884 7563
60 32318.3579688708 7686
61 32318.0702233541 7817
62 32317.7344485079 7939
63 32317.4547356912 8062
64 32317.2762498062 8187
65 32317.0954971105 8310
66 32316.8696763219 8437
67 32316.6568241837 8559
68 32316.5042909997 8681
69 32316.3271112984 8808
70 32316.2140411 8932
71 32315.9995256231 9066
72 32315.8863831112 9194
73 32315.7163760995 9319
74 32315.6110431928 9446
75 32315.5799992235 9570
76 32315.4763643543 9692
77 32315.352693515 9819
78 32315.3043753447 9942
79 32315.1929179218 10068
80 32315.1657624635 10192
81 32315.0463603188 10316
82 32315.0177694656 10454
83 32314.910233649 10580
84 32314.8294144547 10703
85 32314.7854653594 10828
86 32314.7007479274 10950
87 32314.6424770441 11079
88 32314.577415056 11209
89 32314.4791956492 11333
90 32314.4199180242 11464
91 32314.3734603123 11590
92 32314.2972661291 11712
93 32314.2503913043 11845
94 32314.2137461144 11970
95 32314.1651165958 12095
96 32314.1212599492 12219
97 32314.0768681325 12341
98 32314.0225683781 12467
99 32313.9622002521 12590
100 32313.9360217042 12714
101 32313.9173031848 12840
102 32313.8792089294 12962
103 32313.8568238054 13090
104 32313.8282598285 13218
105 32313.8117689139 13341
106 32313.7831244671 13468
107 32313.7643756299 13591
108 32313.7254421337 13717
109 32313.7099607173 13844
110 32313.693747581 13966
111 32313.6690323659 14094
112 32313.6577369665 14217
113 32313.6386432022 14342
114 32313.6325245972 14468
115 32313.6154617491 14591
116 32313.5914904702 14728
117 32313.5732721627 14853
118 32313.5563872955 14974
119 32313.5477275817 15102
120 32313.5379311063 15227
121 32313.5208400655 15354
122 32313.5022833623 15479
123 32313.4853509616 15600
124 32313.4643628185 15727
125 32313.4438352966 15851
126 32313.4278600816 15974

0 99567.6968757026 140
1 102650.769509552 264
2 102610.716422089 391
3 101291.977810136 516
4 96171.5588223258 638
5 89591.5442264866 763
6 80889.3193658141 884
7 69820.0372046718 1006
8 63114.9068169483 1129
9 57895.7119678687 1250
10 51564.3488019579 1375
11 44826.7285185855 1498
12 42459.1876836646 1619
13 40081.6190782365 1746
14 38343.618849014 1867
15 37093.4419301079 1991
16 35981.1186268211 2115
17 34968.6179625982 2236
18 34148.316809205 2361
19 33835.9617425191 2482
20 33539.2612591881 2609
21 33244.0844766066 2735
22 32969.4423676186 2861
23 32764.4430254183 2999
24 32658.5898910921 3126
25 32577.0101551277 3251
26 32516.6868849553 3378
27 32476.1971397992 3501
28 32444.6569060714 3632
29 32417.1895170018 3774
30 32402.8889274544 3896
31 32382.3928071442 4023
32 32375.1588219768 4152
33 32369.0976076138 4276
34 32358.6183641265 4413
35 32352.5729432639 4542
36 32348.1754381906 4667
37 32343.4405379581 4796
38 32339.5301336339 4920
39 32335.884484124 5051
40 32334.591124043 5182
41 32332.2070457735 5304
42 32330.6601940223 5429
43 32329.1353925074 5552
44 32327.8699676582 5678
45 32326.8802124408 5812
46 32325.5150963658 5934
47 32324.4953900618 6064
48 32323.8918991414 6192
49 32322.9430065604 6319
50 32322.477369299 6451
51 32321.4690583498 6576
52 32320.9605425874 6702
53 32320.6887620904 6831
54 32320.0736925242 6954
55 32319.8675603358 7082
56 32319.3495158155 7215
57 32318.9969249191 7340
58 32318.4871215848 7476
59 32318.2724719884 7598
60 32317.9742461849 7722
61 32317.7761773982 7850
62 32317.5611159113 7970
63 32317.3188080842 8095
64 32317.0623715068 8219
65 32316.9045086135 8341
66 32316.7850957423 8468
67 32316.7036259415 8590
68 32316.4754387579 8723
69 32316.2669509508 8850
70 32316.1991847272 8973
71 32316.1451471411 9101
72 32316.0125094028 9224
73 32315.9126664392 9348
74 32315.7186506151 9476
75 32315.6041162478 9597
76 32315.5536395146 9722
77 32315.4904287623 9848
78 32315.462560136 9968
79 32315.3390707371 10104
80 32315.2513382727 10234
81 32315.1057588037 10359
82 32315.0477365506 10485
83 32315.0127815677 10609
84 32314.9471348886 10735
85 32314.8728790806 10861
86 32314.8414969799 10982
87 32314.7690998022 11107
88 32314.6663225175 11229
89 32314.5950231345 11353
90 32314.5109631212 11483
91 32314.4407065394 11606
92 32314.3910342158 11736
93 32314.3213854546 11859
94 32314.2599201702 11983
95 32314.2235025223 12109
96 32314.1696100269 12233
97 32314.1085443957 12358
98 32314.0622018839 12487
99 32314.0116541324 12610
100 32313.9780320251 12739
101 32313.9206085246 12864
102 32313.8783076395 12989
103 32313.8255601305 13120
104 32313.7996695436 13243
105 32313.7690209335 13369
106 32313.7290491816 13492
107 32313.6776375259 13614
108 32313.6603410176 13740
109 32313.6245174969 13864
110 32313.5984450679 13990
111 32313.569865691 14117
112 32313.5484888953 14241
113 32313.5268050711 14376
114 32313.4883804171 14505
115 32313.4664354994 14629
116 32313.4345930438 14755
117 32313.4157628429 14879
118 32313.3927089111 15005
119 32313.3619103425 15133
120 32313.3415276396 15263
121 32313.3131085664 15389
122 32313.2873199454 15512
123 32313.2602492459 15635

0 94311.5524933694 136
1 87316.3915345902 258
2 99084.8656061346 386
3 90592.4142638557 510
4 100999.863613953 636
5 86590.1298869727 763
6 79408.1189177978 886
7 68856.4564931459 1008
8 62730.4920798004 1133
9 55395.8821369368 1254
10 49753.6106482554 1381
11 46318.4994068128 1504
12 42961.9832299003 1631
13 40017.036547524 1759
14 38803.2970886714 1880
15 36804.6626308018 2003
16 36022.5672492573 2126
17 34969.1914134331 2250
18 34364.3157759437 2377
19 33811.1058799438 2496
20 33609.3685409225 2620
21 33267.5290868238 2751
22 32990.6441252581 2883
23 32829.2390290963 3022
24 32699.1581283057 3147
25 32600.8642207802 3270
26 32582.9793953003 3398
27 32520.8130371848 3520
28 32490.1411468512 3645
29 32464.2072307988 3774
30 32454.5423546039 3895
31 32437.0269049723 4020
32 32425.795740979 4144
33 32417.0113202178 4267
34 32410.0997209688 4400
35 32405.5163061816 4525
36 32400.3395988613 4654
37 32395.7180742002 4778
38 32392.7252466595 4900
39 32391.6918359983 5025
40 32387.752735822 5148
41 32386.6411076661 5269
42 32384.2396186419 5395
43 32382.1690471402 5517
44 32381.0776418676 5645
45 32379.6168271702 5773
46 32378.491381835 5895
47 32377.1641466226 6025
48 32376.6127926057 6149
49 32375.4878887759 6272
50 32375.2169516795 6397
51 32374.5659326422 6517
52 32373.9538457139 6644
53 32373.5499768667 6766
54 32372.9633844724 6888
55 32372.5893098878 7014
56 32372.2433554009 7137
57 32371.7987621388 7273
58 32371.4545023911 7401
59 32371.1009425631 7522
60 32370.8396593224 7650
61 32370.5353788789 7774
62 32370.0804516821 7896
63 32369.9603293158 8020
64 32369.7614700208 8141
65 32369.3522405442 8268
66 32369.2491709112 8392
67 32369.0000402309 8516
68 32368.8158981146 8653
69 32368.7017690134 8777
70 32368.4523108066 8901
71 32368.1518296867 9029
72 32368.0217214023 9152
73 32367.8585258258 9282
74 32367.6942443956 9407
75 32367.5284720467 9531
76 32367.3536739292 9662
77 32367.2374521941 9783
78 32367.1532626986 9913
79 32366.9666844792 10044
80 32366.830503904 10168
81 32366.6640052496 10293
82 32366.5512113064 10415
83 32366.4068265553 10537
84 32366.2715590658 10666
85 32366.1646596179 10787
86 32366.0490382476 10913
87 32365.9365620686 11036
88 32365.8249856494 11158
89 32365.7005838401 11297
90 32365.5878432871 11419
91 32365.4923034949 11541
92 32365.3672721508 11667
93 32365.2787645508 11789
94 32365.1684972566 11918
95 32365.0864017809 12044
96 32365.0180018223 12167
97 32364.9009910447 12298
98 32364.8179827776 12420
99 32364.7275642796 12545
100 32364.6532870335 12679
101 32364.5669269445 12802
102 32364.490768498 12935
103 32364.3933808687 13056
104 32364.3138284199 13179
105 32364.2242340926 13304
106 32364.1420345438 13424
107 32364.0514802726 13549
108 32363.98524075 13675
109 32363.9070260767 13797
110 32363.8344389809 13922
111 32363.751670633 14044
112 32363.6901450821 14179
113 32363.6154042641 14306
114 32363.5416664643 14428
115 32363.4748158544 14559
116 32363.4158718454 14686
117 32363.3547660209 14808
118 32363.2952776972 14935
119 32363.2201914878 15057
120 32363.1502043411 15186
121 32363.0965180843 15312
122 32363.0394224445 15433
123 32362.9795561709 15565
124 32362.9264227795 15690
125 32362.8602704123 15829
126 32362.8060322779 15973
127 32362.7397775871 16113
128 32362.6807313546 16251
129 32362.6266972669 16387
130 32362.5654278868 16525
131 32362.5097402991 16660

0 93696.1883437543 137
1 103697.938524156 272
2 97863.6860129924 397
3 97299.1288928913 537
4 98426.3692066719 675
5 90572.906042911 802
6 82421.6658923195 954
7 73333.3919218723 1105
8 60930.1813640452 1239
9 56685.5766149452 1368
10 52144.5437927465 1502
11 45406.3538342734 1658
12 43015.2931737448 1795
13 40557.675337357 1934
14 38482.6875162094 2058
15 37344.5503943819 2179
16 35851.1013239479 2301
17 34840.2028928304 2421
18 34225.7647948608 2546
19 33869.6905353513 2665
20 33494.9877337443 2786
21 33322.6143103953 2912
22 33020.1289828226 3036
23 32863.6526363948 3171
24 32757.2814041187 3296
25 32683.1166669602 3418
26 32635.1322492066 3551
27 32575.0094384058 3673
28 32543.2311727285 3796
29 32521.2841276588 3919
30 32501.5032124566 4043
31 32481.0747875474 4170
32 32465.3872740975 4290
33 32455.8193076792 4414
34 32446.2420819167 4546
35 32433.4558360898 4671
36 32424.9148348099 4801
37 32416.7416374662 4928
38 32409.7446070301 5052
39 32402.6842342683 5180
40 32396.6353502863 5302
41 32390.693193622 5426
42 32385.6669230534 5554
43 32381.1831265086 5675
44 32377.540918652 5801
45 32373.6944694755 5930
46 32370.6155067838 6058
47 32368.316356105 6186
48 32365.1224758906 6310
49 32362.5588179955 6433
50 32360.5942778601 6559
51 32358.4663907301 6682
52 32356.3020021235 6809
53 32354.6957760606 6932
54 32352.6486870526 7057
55 32351.1026252244 7182
56 32349.5176800503 7307
57 32348.0234606834 7440
58 32346.6416149797 7569
59 32345.1915873728 7691
60 32343.7369332281 7817
61 32342.2449025211 7944
62 32341.4492990727 8066
63 32340.1462061445 8191
64 32339.1235959312 8313
65 32338.0906098353 8440
66 32337.0474074978 8563
67 32336.2625328014 8687
68 32335.3218302382 8822
69 32334.7620276573 8948
70 32333.9826296269 9071
71 32333.1864867793 9196
72 32332.3956452336 9319
73 32331.6977306944 9447
74 32331.0349051953 9569
75 32330.3919691189 9692
76 32329.8673818874 9817
77 32329.3508333755 9940
78 32328.7718413634 10066
79 32328.2530396978 10194
80 32327.8238511095 10319
81 32327.2927836837 10452
82 32326.8757610542 10576
83 32326.4466088005 10699
84 32326.060901928 10825
85 32325.6945174346 10949
86 32325.3008513043 11076
87 32324.9747753503 11197
88 32324.6129970164 11320
89 32324.2962188547 11447
90 32324.0322057475 11568
91 32323.7053718502 11707
92 32323.4207987197 11831
93 32323.1240297954 11955
94 32322.8749469851 12084
95 32322.5978332859 12207
96 32322.3538501913 12329
97 32322.1095793707 12455
98 32321.8932124748 12578
99 32321.6782741463 12704
100 32321.4746071756 12825
101 32321.2663086855 12954
102 32321.0679284251 13089
103 32320.8856393511 13211
104 32320.7180680805 13335
105 32320.5391760672 13458
106 32320.3516258205 13579
107 32320.1809834289 13707
108 32320.0284942765 13830
109 32319.8768944363 13955
110 32319.7228195419 14081
111 32319.5858123235 14202
112 32319.4282502114 14327
113 32319.2916739056 14456
114 32319.1643788711 14578
115 32319.0306536856 14708
116 32318.9022696478 14830
117 32318.7743622277 14956
118 32318.6658912837 15080
119 32318.5392029564 15202
120 32318.4284614653 15328
121 32318.3227131342 15450
122 32318.2167116963 15575
123 32318.1209982529 15703
124 32318.0229230237 15825
125 32317.9290197724 15962
126 32317.8331207506 16089
127 32317.7393870431 16212

0 103245.247307992 130
1 104524.846264399 250
2 96514.2759991919 372
3 100214.667875613 496
4 95261.3431738474 618
5 93821.6845701609 750
6 79265.3640334605 878
7 70444.3651120345 1003
8 64111.9345765893 1141
9 54241.5027033045 1262
10 50486.068982299 1384
11 45956.3484028269 1508
12 41977.972067371 1629
13 40284.4787472199 1757
14 38246.2651790484 1881
15 37140.1106682846 2001
16 35911.9002170582 2124
17 34952.0112093393 2244
18 34275.6297254777 2370
19 33724.6044369984 2498
20 33410.3190090099 2619
21 33197.9459666225 2748
22 32896.7110406323 2869
23 32736.8162585102 2992
24 32630.8962709936 3115
25 32539.2426710827 3238
26 32482.1302378737 3365
27 32453.0646132051 3487
28 32426.5183832547 3612
29 32398.716985358 3744
30 32385.4043987878 3869
31 32373.7436468619 3997
32 32360.8881450606 4120
33 32355.9018054319 4244
34 32350.8780772211 4370
35 32343.0593084949 4494
36 32338.0503973224 4617
37 32335.4373804213 4743
38 32332.1196031346 4865
39 32329.4019825021 4990
40 32327.8973356569 5114
41 32326.68508147 5238
42 32324.6151176169 5370
43 32323.7805161354 5492
44 32322.3182630813 5620
45 32320.9355173929 5745
46 32320.0255982627 5871
47 32319.9682862289 6000
48 32319.374184681 6123
49 32318.8989270966 6248
50 32318.705147272 6375
51 32317.6653434954 6497
52 32317.4279233068 6635
53 32316.6033002875 6766
54 32316.5415229056 6891
55 32316.6219876818 7020
56 32316.4239821826 7144
57 32315.9200715604 7267
58 32315.6783897332 7393
59 32315.6041170291 7518
60 32315.3892582741 7646
61 32315.3498269913 7770
62 32315.1886847619 7892
63 32315.0170087011 8025
64 32314.9092544434 8146
65 32314.8415594243 8273
66 32314.6368041738 8400
67 32314.6256308389 8523
68 32314.4635580047 8651
69 32314.4191383783 8776
70 32314.1994129605 8899
71 32314.0726494506 9023
72 32314.0891932639 9146
73 32314.020851636 9273
74 32313.9860648063 9407
75 32313.8683280081 9529
76 32313.8283359125 9655
77 32313.7391264857 9782
78 32313.6804224862 9905
79 32313.6070037076 10031
80 32313.546444354 10152
81 32313.4975562069 10279
82 32313.4464001226 10404
83 32313.4683085468 10527
84 32313.4172947291 10652
85 32313.3480385565 10777
86 32313.316213154 10907
87 32313.3019175798 11036
88 32313.2659531993 11159
89 32313.2369954302 11286
90 32313.1986632382 11409
91 32313.2080296808 11533
92 32313.1821807213 11658
93 32313.1580008828 11786
94 32313.1268369822 11915
95 32313.1139232652 12042
96 32313.0846386391 12165
97 32313.0499335357 12297
98 32313.0322145432 12419
99 32313.0363028486 12542
100 32313.0127019451 12665
101 32313.0187338135 12789
102 32312.9901997863 12914
103 32312.9675849673 13035
104 32312.9548921226 13158
105 32312.9522862038 13284
106 32312.9397683684 13406
107 32312.9234006459 13531
108 32312.9190668962 13660
109 32312.9139581775 13786
110 32312.909774267 13918
111 32312.8927897538 14041
112 32312.8805819894 14164
113 32312.8820930448 14289
114 32312.8760187108 14412
115 32312.8604270245 14540
116 32312.8539133994 14663
117 32312.8338294378 14786
118 32312.8414700139 14914
119 32312.8256176624 15037
120 32312.8155444814 15168
121 32312.8127020197 15317
122 32312.8021016831 15441
123 32312.7950979668 15565

0 104541.741834575 126
1 100101.957457644 247
2 103115.070169536 373
3 106222.812006287 493
4 100063.02729624 616
5 97640.1339523755 739
6 78765.7238193095 859
7 75207.4810633659 992
8 62537.7150847471 1114
9 59077.8480406234 1239
10 49946.1942936938 1365
11 47377.004513591 1484
12 42991.3175705501 1609
13 40226.3363477957 1730
14 38461.6859545555 1852
15 37124.2955000991 1976
16 35802.5287140764 2096
17 35161.7502571951 2221
18 34118.9179323891 2346
19 33802.2285251481 2474
20 33511.3729059433 2600
21 33234.5562817052 2724
22 32920.2416958945 2847
23 32759.6690429746 2970
24 32627.2624271249 3092
25 32550.3315335206 3220
26 32505.3440432793 3344
27 32453.4068235114 3467
28 32431.015222542 3593
29 32405.9259740186 3718
30 32389.705146888 3848
31 32379.4187055522 3974
32 32370.6785425319 4098
33 32359.9053348338 4229
34 32355.2720266182 4355
35 32349.4767385988 4479
36 32343.5870648309 4604
37 32340.3159454044 4730
38 32338.73112181 4859
39 32336.4967021705 4993
40 32332.0934530261 5117
41 32330.3779090818 5260
42 32329.2190127354 5388
43 32328.5772939371 5511
44 32326.246560925 5639
45 32325.7778686042 5764
46 32324.5683734349 5892
47 32323.3657915032 6018
48 32322.5755420119 6141
49 32322.0597187601 6278
50 32321.417579639 6406
51 32321.1008493526 6532
52 32320.3481444441 6669
53 32319.9637512156 6795
54 32319.2991278797 6918
55 32319.0997337762 7042
56 32318.7626613748 7169
57 32318.3993700739 7299
58 32318.3324618876 7425
59 32318.2082198257 7547
60 32317.9548433774 7678
61 32317.5075499914 7803
62 32317.4346182594 7930
63 32317.2113369629 8066
64 32316.982066001 8203
65 32316.8199988879 8330
66 32316.7132901489 8457
67 32316.5575009175 8581
68 32316.4415278352 8713
69 32316.3181280035 8842
70 32316.2825883928 8965
71 32316.1008630804 9092
72 32315.9918613775 9220
73 32315.9170076609 9343
74 32315.8045939642 9474
75 32315.769342906 9598
76 32315.6879632736 9727
77 32315.5991936103 9851
78 32315.5047633714 9975
79 32315.4440339748 10102
80 32315.3769657536 10226
81 32315.3430449951 10351
82 32315.2081955459 10475
83 32315.14149252 10595
84 32315.1517051389 10721
85 32315.0586145482 10847
86 32315.0246267307 10975
87 32314.9752451205 11103
88 32314.9548697783 11227
89 32314.9059437394 11358
90 32314.8754396212 11482
91 32314.8326893194 11605
92 32314.7848190304 11732
93 32314.7535161066 11853
94 32314.7038232853 11978
95 32314.6466236892 12104
96 32314.6298767315 12227
97 32314.5796388494 12363
98 32314.5669143028 12489
99 32314.5421725943 12612
100 32314.5204750585 12739
101 32314.4719410193 12860
102 32314.4334227317 12984
103 32314.4153374639 13109
104 32314.3840043656 13231
105 32314.3344005506 13359
106 32314.3025013019 13482
107 32314.2755150389 13606
108 32314.2543123184 13739
109 32314.2197375538 13863
110 32314.1872993978 13990
111 32314.1541145895 14113
112 32314.111586742 14236
113 32314.0800959749 14364
114 32314.045583422 14487
115 32314.0132603443 14614
116 32313.9657820495 14749
117 32313.9372955766 14874
118 32313.9129564787 14999

0 102012.191127252 134
1 100463.580310214 254
2 99194.0153134357 383
3 94723.5102046944 503
4 98203.9711568826 625
5 87710.4635222595 749
6 77924.2318501942 871
7 69296.4072351362 996
8 60171.6687335187 1117
9 56838.5805524351 1240
10 49640.8675283226 1372
11 45031.1894360256 1493
12 42961.4995720686 1626
13 40006.7226106282 1751
14 38082.9808558337 1873
15 37205.3851650307 1999
16 35617.2594740762 2118
17 34924.4601549901 2239
18 34238.1000301212 2362
19 33880.1366683613 2481
20 33580.8217641195 2605
21 33265.4722959312 2726
22 33009.6160051479 2849
23 32867.1662021323 2978
24 32748.122753612 3101
25 32682.3350448607 3230
26 32610.2754294233 3354
27 32568.9937236266 3477
28 32532.8851144455 3605
29 32508.4402656078 3726
30 32487.4227651102 3854
31 32473.3754610857 3981
32 32457.4423529211 4102
33 32438.8953097587 4229
34 32426.4928735589 4352
35 32420.1173958913 4478
36 32408.6657896072 4610
37 32398.7380095533 4732
38 32391.9975136634 4862
39 32387.3102144098 4989
40 32381.736232966 5111
41 32377.4072757358 5238
42 32372.8523525586 5362
43 32369.5712162103 5484
44 32366.7742916193 5614
45 32363.1375237395 5738
46 32360.7064083378 5878
47 32358.7223418916 6003
48 32356.4586559997 6127
49 32354.7394889209 6253
50 32351.9441627687 6382
51 32350.1483902894 6506
52 32348.2788271758 6632
53 32346.7609101489 6753
54 32345.5347004013 6882
55 32344.028622644 7005
56 32342.1657730088 7128
57 32341.1338508572 7263
58 32339.8323278863 7385
59 32338.5739378054 7512
60 32337.4307795562 7639
61 32336.2877319704 7763
62 32335.3082789445 7891
63 32334.2874079881 8015
64 32333.3337326692 8139
65 32332.5610496786 8266
66 32331.7172782634 8388
67 32330.9362277667 8513
68 32330.1234688557 8640
69 32329.4850425063 8765
70 32328.8223107434 8897
71 32328.2494419887 9018
72 32327.6949082491 9141
73 32327.158952365 9266
74 32326.6900926065 9387
75 32326.1691020719 9516
76 32325.7769300156 9641
77 32325.2891569776 9767
78 32324.9453424649 9893
79 32324.5755139774 10016
80 32324.131155897 10149
81 32323.7811067088 10279
82 32323.4195337436 10403
83 32323.0965393338 10530
84 32322.8286524026 10653
85 32322.488139206 10781
86 32322.1825755059 10910
87 32321.9013783806 11032
88 32321.6488406965 11162
89 32321.4035875917 11293
90 32321.145856295 11416
91 32320.9046009493 11549
92 32320.678798844 11672
93 32320.483602187 11804
94 32320.27439453 11932
95 32320.10687972 12054
96 32319.9267198079 12180
97 32319.7602165232 12305
98 32319.5575241205 12428
99 32319.4042760726 12556
100 32319.2372072765 12681
101 32319.0688251581 12806
102 32318.9073891427 12942
103 32318.7606939116 13064
104 32318.6219267131 13194
105 32318.4918920386 13318
106 32318.3615297437 13439
107 32318.2306264295 13567
108 32318.106897116 13687
109 32317.9940260364 13811
110 32317.8488355618 13935
111 32317.7336039077 14058
112 32317.6412653652 14187
113 32317.5410535731 14317
114 32317.430761293 14438
115 32317.3271833942 14568
116 32317.2253888977 14692
117 32317.1255683873 14816
118 32317.0446917576 14940
119 32316.951253058 15062
120 32316.8713760269 15190
121 32316.7879261215 15313
122 32316.7136918605 15435
123 32316.6395506861 15559
124 32316.568769947 15680
125 32316.4898021332 15814
126 32316.4198795034 15937

0 101287.382455455 122
1 94224.261176299 248
2 102165.62516314 369
3 91907.3328794265 492
4 102015.53850372 614
5 88094.9774141697 736
6 77958.5856972941 864
7 72054.6945926713 985
8 62152.8061140009 1110
9 58371.0555385539 1244
10 50266.9885516396 1365
11 47025.489091741 1494
12 43685.8016649441 1613
13 40089.4271513375 1734
14 38094.1861332387 1856
15 36737.9865689457 1975
16 35777.8554022225 2106
17 34968.0613148743 2232
18 34146.7480596408 2354
19 33784.9447348208 2477
20 33521.1074264338 2597
21 33205.1647757199 2727
22 32913.0625633263 2858
23 32736.2826442723 2979
24 32609.2379607417 3105
25 32531.0314946475 3227
26 32489.7986116182 3350
27 32458.4943793896 3474
28 32424.1134650887 3596
29 32400.0383706128 3722
30 32384.2422386988 3846
31 32374.3786238921 3969
32 32364.609039746 4103
33 32359.1651948288 4229
34 32356.0687076778 4353
35 32350.9988474172 4479
36 32345.0960944529 4600
37 32343.4703667353 4726
38 32339.455211092 4847
39 32336.1818658551 4971
40 32334.3578724693 5095
41 32332.1267761336 5215
42 32331.0602428296 5341
43 32330.320314045 5476
44 32328.7217886176 5599
45 32327.534796153 5725
46 32326.2785975635 5847
47 32325.7449047066 5970
48 32325.0495471863 6094
49 32324.3178288272 6215
50 32323.4075175186 6343
51 32322.8359892126 6465
52 32322.4762592923 6592
53 32321.8811860617 6720
54 32321.3973220385 6845
55 32320.8839703508 6979
56 32320.3179915585 7107
57 32319.9702888392 7231
58 32319.4029237545 7360
59 32319.3566299834 7481
60 32319.111553068 7606
61 32319.0279832851 7732
62 32318.8280687587 7858
63 32318.7740219554 7987
64 32318.4201355589 8112
65 32318.380321972 8240
66 32318.0598307611 8376
67 32318.0047769911 8499
68 32317.8237577198 8624
69 32317.6520107419 8749
70 32317.570904827 8870
71 32317.4802035828 8998
72 32317.3357906616 9120
73 32317.2730311139 9244
74 32317.1477221603 9372
75 32317.0284893557 9495
76 32316.9099506298 9621
77 32316.8715927108 9754
78 32316.7834009089 9882
79 32316.702193739 10013
80 32316.650269614 10134
81 32316.5667901689 10258
82 32316.4834303919 10384
83 32316.431301884 10514
84 32316.3767668525 10640
85 32316.3098525393 10766
86 32316.2561488912 10887
87 32316.18777863 11013
88 32316.1556058143 11136
89 32316.13388902 11260
90 32316.0832126259 11388
91 32316.0117415022 11509
92 32315.9762636625 11637
93 32315.9493617799 11762
94 32315.9187201753 11887
95 32315.8461983563 12017
96 32315.7948118364 12139
97 32315.7699320489 12264
98 32315.7287922196 12388
99 32315.6944642514 12511
100 32315.6526666069 12646
101 32315.6124421816 12775
102 32315.5975546206 12898
103 32315.5510042124 13025
104 32315.5171988744 13145
105 32315.4900495143 13270
106 32315.449773416 13396
107 32315.3997054914 13516
108 32315.3830098459 13647
109 32315.3706019893 13770
110 32315.3510658388 13895
111 32315.3131594035 14033
112 32315.2865537628 14156
113 32315.2474636499 14284
114 32315.2393337941 14415
115 32315.210044758 14540
116 32315.1683479925 14670
117 32315.1528621197 14802
118 32315.127964413 14931
119 32315.1096723694 15063
120 32315.0968190409 15192

0 99430.6958225752 154
1 100833.366582215 314
2 94700.8561394337 459
3 101317.003091259 593
4 101314.828496869 725
5 91110.0014564161 871
6 79004.6463792885 1004
7 71672.4855526639 1134
8 62407.0440906294 1257
9 59490.5677526644 1378
10 49037.4572179316 1504
11 46625.965216338 1627
12 42913.6637499839 1755
13 40016.7032952473 1878
14 38141.3970595927 1998
15 36854.6168478092 2123
16 35966.0130094847 2244
17 34890.6098576895 2368
18 34329.0776907475 2493
19 33859.2336659564 2613
20 33528.5632665283 2735
21 33278.3921002927 2859
22 32995.4988382141 2981
23 32790.7172586668 3116
24 32673.350476445 3238
25 32592.771962908 3363
26 32529.1764065057 3490
27 32469.085879089 3611
28 32446.7846716351 3739
29 32421.736758514 3862
30 32401.3258480943 3985
31 32391.9230192489 4113
32 32376.4574596515 4237
33 32368.1075396225 4363
34 32360.7824747432 4498
35 32354.5156999816 4621
36 32348.804323603 4749
37 32344.1224936493 4872
38 32340.7147429706 4995
39 32337.2657228127 5123
40 32335.0792179914 5249
41 32333.1191587447 5379
42 32329.4346840864 5507
43 32328.5229364003 5628
44 32327.3841095525 5755
45 32326.3971616858 5879
46 32325.3920629623 6003
47 32324.1315899523 6134
48 32323.144910722 6256
49 32322.3467781437 6383
50 32321.622610492 6509
51 32321.3444851296 6630
52 32320.7144716723 6758
53 32320.2285697213 6881
54 32319.5390004152 7007
55 32319.2554457261 7133
56 32318.973868597 7253
57 32318.1830479876 7388
58 32317.9138465916 7513
59 32317.5690532723 7637
60 32317.2775642072 7766
61 32317.1464787855 7887
62 32316.8143514722 8012
63 32316.6228771677 8138
64 32316.4600866869 8260
65 32316.3070025857 8388
66 32316.1116858414 8511
67 32315.867936738 8637
68 32315.7488919685 8773
69 32315.7233650773 8896
70 32315.4902858089 9027
71 32315.3350367031 9153
72 32315.2931150965 9276
73 32315.2289619035 9404
74 32315.0696363675 9527
75 32315.0597106114 9652
76 32314.9730426666 9778
77 32314.8384497826 9900
78 32314.7530639607 10027
79 32314.6938698299 10158
80 32314.6315418587 10289
81 32314.5833020153 10422
82 32314.488119605 10544
83 32314.4246701963 10668
84 32314.3684684506 10793
85 32314.3301131251 10914
86 32314.3042674246 11042
87 32314.2209981713 11165
88 32314.1375463262 11287
89 32314.1331031253 11415
90 32314.0642612365 11541
91 32314.0262669604 11668
92 32313.9635431351 11798
93 32313.9295006104 11922
94 32313.8870221482 12050
95 32313.8401397541 12171
96 32313.8208421199 12294
97 32313.7635015416 12421
98 32313.7112747398 12542
99 32313.6698289739 12671
100 32313.6395332784 12796
101 32313.5915206716 12918
102 32313.5584267916 13053
103 32313.5197727095 13175
104 32313.4839125435 13298
105 32313.4535871997 13422
106 32313.4418443744 13544
107 32313.4230927495 13680
108 32313.3806665106 13808
109 32313.367264494 13933
110 32313.3531857939 14061
111 32313.3325081846 14186
112 32313.3180924648 14307
113 32313.3115723689 14440
114 32313.2782473248 14562
115 32313.2635994913 14693
116 32313.2435287077 14816
117 32313.2271659554 14940
118 32313.2103567039 15066
119 32313.202103982 15188
120 32313.1862460984 15318
121 32313.1688385802 15446
122 32313.1504642446 15568
123 32313.1446996796 15696
124 32313.1375043848 15823

0 92215.2999369838 124
1 93704.4525469572 254
2 101885.421984614 377
3 93253.2846905523 505
4 99804.8150892335 632
5 91258.8605025708 753
6 77544.0560551641 882
7 74100.3108576712 1005
8 63508.2969047288 1127
9 56248.8167640634 1252
10 51081.2908910741 1372
11 45618.1854491264 1509
12 42798.9103562152 1634
13 39964.789335976 1754
14 38471.4283047233 1883
15 36874.7712462192 2005
16 36007.8907675329 2128
17 34904.4758398721 2253
18 34177.5678320977 2374
19 33802.2167300809 2500
20 33514.5208389059 2623
21 33215.5402480568 2747
22 32912.4670324553 2883
23 32760.9005628246 3012
24 32659.5549895745 3140
25 32566.5818997678 3267
26 32500.4021919074 3393
27 32467.9043428369 3523
28 32438.7213077399 3649
29 32414.2648308434 3771
30 32401.739525097 3899
31 32387.6655115755 4022
32 32373.9508122547 4148
33 32366.1410837248 4280
34 32359.7920785616 4405
35 32354.488068111 4541
36 32350.3578554159 4665
37 32347.0223258011 4788
38 32343.6645956555 4916
39 32342.536470049 5038
40 32338.4290715997 5165
41 32336.1342909366 5291
42 32336.2488590507 5412
43 32333.2281386153 5539
44 32332.38631764 5665
45 32331.4536971222 5790
46 32330.4551194096 5921
47 32329.3177117802 6047
48 32328.9532802252 6174
49 32327.7972487939 6300
50 32326.9098692382 6421
51 32326.7614529469 6552
52 32326.1589021863 6676
53 32325.5830014634 6805
54 32325.1228670422 6934
55 32324.6872908632 7058
56 32324.1805982141 7194
57 32323.8369564045 7325
58 32323.659050809 7448
59 32323.6160352532 7576
60 32323.1720003738 7700
61 32323.0156156638 7828
62 32322.7580692815 7958
63 32322.6951983931 8081
64 32322.4757266351 8211
65 32322.1822903708 8339
66 32322.067842903 8467
67 32321.8086288187 8602
68 32321.5905152049 8733
69 32321.4703153675 8860
70 32321.3756924205 8990
71 32321.1781661493 9113
72 32321.0633872194 9243
73 32320.9405301162 9372
74 32320.8636085315 9500
75 32320.8377120123 9628
76 32320.6530588616 9756
77 32320.4195426309 9884
78 32320.2618640876 10022
79 32320.0894059945 10150
80 32319.9900360397 10274
81 32319.8437717471 10402
82 32319.7563684172 10529
83 32319.6796151005 10658
84 32319.5535747009 10783
85 32319.4436690169 10911
86 32319.3613348271 11044
87 32319.2406442271 11170
88 32319.1658032608 11295
89 32319.1324324023 11435
90 32319.0261790514 11574
91 32318.9821200992 11704
92 32318.8746604639 11832
93 32318.8165230331 11960
94 32318.7626777109 12085
95 32318.7015221531 12216
96 32318.6464458972 12340
97 32318.6011675164 12464
98 32318.5380175195 12595
99 32318.4909319797 12722
100 32318.4306356191 12856
101 32318.3786775676 12983
102 32318.325302921 13105
103 32318.2950092004 13231
104 32318.2362549887 13355
105 32318.1891400354 13481
106 32318.1371656426 13606
107 32318.0966820937 13731
108 32318.045679438 13859
109 32318.0209101278 13982
110 32317.9617151117 14105
111 32317.9166171371 14240
112 32317.8755748457 14363
113 32317.8424053612 14496
114 32317.8071239934 14625
115 32317.763778457 14746
116 32317.7398946041 14876
117 32317.6874805292 15000
118 32317.6538468701 15121
119 32317.6232454937 15247

0 96415.3784070437 123
1 100588.237487238 248
2 92972.8984380574 377
3 94405.2290425986 505
4 97537.7959996735 641
5 84985.2216721756 780
6 83359.06253562 901
7 70981.0075120875 1027
8 63371.3123144058 1150
9 56864.930905755 1275
10 51690.2307342697 1401
11 46917.9078908047 1521
12 42909.3434296679 1649
13 40432.1456060709 1771
14 38168.8981967257 1895
15 37033.6454657283 2024
16 36004.9296584034 2144
17 34995.6848624315 2268
18 34366.6758462285 2390
19 33776.5914276534 2512
20 33532.2623226524 2639
21 33239.7383098845 2762
22 32957.7910843981 2889
23 32786.925757681 3014
24 32683.5252660318 3143
25 32594.8363505601 3278
26 32549.2556727592 3403
27 32494.3909352252 3532
28 32464.8938363018 3663
29 32437.148991508 3786
30 32419.6697642168 3909
31 32402.674794577 4034
32 32388.6656989211 4156
33 32380.9285976783 4284
34 32373.5392137845 4408
35 32367.8352470571 4532
36 32362.0971792986 4665
37 32354.5670273155 4790
38 32351.6154489333 4918
39 32348.8697223063 5042
40 32344.7667546146 5163
41 32342.8180881656 5290
42 32341.2840967724 5413
43 32338.394956319 5537
44 32336.8726647905 5662
45 32335.0784622784 5786
46 32334.0304598184 5914
47 32332.4921676435 6041
48 32331.3569205379 6163
49 32330.558757156 6291
50 32329.5729653473 6415
51 32328.5873032351 6543
52 32328.3429366075 6675
53 32327.2250299503 6798
54 32326.5105884138 6924
55 32325.9848627162 7047
56 32325.4240499023 7172
57 32324.9258302777 7298
58 32324.5644969557 7419
59 32323.8583631428 7556
60 32323.597304449 7684
61 32323.318789355 7805
62 32322.8853014346 7931
63 32322.4802267273 8055
64 32322.2338823075 8179
65 32321.8710990285 8305
66 32321.6353823141 8425
67 32321.3039750484 8552
68 32320.9951479623 8673
69 32320.805837045 8796
70 32320.5446604287 8939
71 32320.3280206989 9064
72 32320.1218443823 9198
73 32319.9504105767 9331
74 32319.7774261394 9455
75 32319.5398171436 9586
76 32319.4679106497 9710
77 32319.247586671 9831
78 32319.1482156683 9956
79 32319.0496428581 10078
80 32319.0040276206 10202
81 32318.7919282486 10334
82 32318.6141144041 10457
83 32318.4940734813 10586
84 32318.3928949828 10707
85 32318.2691240652 10829
86 32318.1144953786 10954
87 32317.988153494 11077
88 32317.900677191 11202
89 32317.7850130044 11326
90 32317.7027979191 11448
91 32317.5924733507 11574
92 32317.4891625149 11698
93 32317.3901335206 11826
94 32317.2925307255 11956
95 32317.2155411927 12078
96 32317.1197109922 12206
97 32317.041538222 12329
98 32316.943319359 12451
99 32316.8668409194 12578
100 32316.7582749249 12699
101 32316.67359967 12824
102 32316.6026011179 12946
103 32316.5224103625 13069
104 32316.459717981 13204
105 32316.3965489902 13330
106 32316.3159405699 13452
107 32316.2336142574 13576
108 32316.170605911 13696
109 32316.1148403665 13823
110 32316.043845048 13945
111 32315.9768590534 14067
112 32315.9080214798 14193
113 32315.8606754826 14318
114 32315.7884832571 14445
115 32315.7397450073 14575
116 32315.7009424676 14697
117 32315.6469310127 14826
118 32315.5955864599 14949
119 32315.5386957632 15072
120 32315.4654156169 15195
121 32315.4278509051 15317
122 32315.3845457843 15443
123 32315.3303347662 15565
124 32315.2853121049 15686

0 92185.7001954573 130
1 102934.081292535 253
2 99769.6425343714 392
3 101372.467012494 515
4 92907.9257238956 640
5 85856.4167282159 768
6 75135.4357647849 892
7 74285.7870354283 1017
8 64043.3208204962 1141
9 55076.4381561245 1261
10 50615.8176752621 1388
11 46795.6691373799 1508
12 41939.136683065 1629
13 40969.3152853833 1759
14 38255.5475450459 1882
15 37068.4829551409 2009
16 35959.1590281932 2134
17 34748.7479764869 2252
18 34105.2342215189 2379
19 33718.9987343203 2501
20 33521.5506063223 2625
21 33212.6078480183 2750
22 32935.9141703622 2871
23 32728.9038509318 2998
24 32617.5775355458 3120
25 32557.762128271 3249
26 32496.8028618354 3375
27 32458.4335766957 3496
28 32422.8302653824 3627
29 32408.9904103707 3753
30 32392.4998880231 3875
31 32384.4238955178 4001
32 32372.925547798 4123
33 32366.8944403168 4247
34 32360.2521406262 4374
35 32352.5195586195 4494
36 32351.5772199246 4629
37 32346.2901887203 4751
38 32342.8553817984 4876
39 32342.0715059938 5001
40 32339.3479394516 5122
41 32338.4491107019 5250
42 32336.1427199284 5376
43 32336.2430551965 5497
44 32334.9059298115 5624
45 32333.9380194369 5746
46 32332.1646061331 5871
47 32332.0129924806 6003
48 32330.8747177857 6123
49 32330.3441466771 6256
50 32330.2646510929 6381
51 32329.8790523548 6503
52 32329.2526378727 6627
53 32328.7336934058 6748
54 32328.5997730631 6874
55 32328.2716764107 6998
56 32327.8628521065 7119
57 32327.6937354719 7245
58 32327.3694855885 7369
59 32327.2303603064 7501
60 32327.1089586324 7629
61 32326.9355162639 7750
62 32326.7963860761 7878
63 32326.3992666933 8001
64 32326.3088597739 8123
65 32326.2511236778 8250
66 32326.1110374792 8372
67 32325.9961341818 8497
68 32325.8744035741 8622
69 32325.7780439339 8750
70 32325.5842585704 8883
71 32325.5273915234 9007
72 32325.4665011701 9130
73 32325.3777078294 9255
74 32325.3660190539 9376
75 32325.2983610398 9502
76 32325.1868226543 9626
77 32325.0819882235 9750
78 32325.1151517399 9876
79 32325.0744999157 9999
80 32325.0575594663 10122
81 32325.0500677273 10249
82 32324.9662794369 10373
83 32324.903350518 10503
84 32324.860754706 10625
85 32324.8103646316 10747
86 32324.808209124 10874
87 32324.7536051036 10997
88 32324.7395459936 11124
89 32324.6916501496 11244
90 32324.6740822743 11366
91 32324.6431661683 11490
92 32324.6200842969 11611
93 32324.5785487556 11746
94 32324.5681114532 11872
95 32324.5596849228 11995
96 32324.5556257839 12121
97 32324.5041598519 12243
98 32324.4879591667 12372
99 32324.4688240981 12500
100 32324.434135829 12624
101 32324.4257034736 12749
102 32324.4088985789 12871
103 32324.397430558 12992
104 32324.3869318522 13124
105 32324.3559587384 13246
106 32324.3345407226 13373
107 32324.3285276179 13496
108 32324.3212676333 13617
109 32324.3011555429 13745
110 32324.2863361111 13869
111 32324.2783007622 13992
112 32324.2721873156 14115
113 32324.2596788674 14238
114 32324.2493306785 14366
115 32324.2362772368 14490
116 32324.2278865786 14613
117 32324.2239333249 14741
118 32324.2119033614 14863
119 32324.1997715411 14988
120 32324.188562289 15111
121 32324.1721696008 15233
122 32324.1715637418 15360
123 32324.1640238057 15481
124 32324.1576529557 15605
125 32324.1494043899 15728

0 93328.9878562559 122
1 96400.7308980597 255
2 96861.2017900034 376
3 102082.043414175 498
4 93399.1353043756 624
5 77246.7864917518 744
6 83952.5280954987 870
7 72167.5069626509 992
8 63460.741184472 1117
9 58818.957131815 1244
10 51354.1596541469 1366
11 45332.7612487376 1492
12 42458.6322182297 1622
13 40407.2567789677 1746
14 38340.3584866471 1876
15 36973.5980652374 1997
16 35950.0171056183 2120
17 34972.9901243583 2242
18 34258.4022232005 2363
19 33797.6423856078 2489
20 33436.5398275915 2610
21 33179.4312832095 2738
22 32899.9103857281 2866
23 32720.3199716386 2997
24 32607.931887125 3132
25 32532.5810353176 3259
26 32468.9983567595 3382
27 32446.038537847 3512
28 32416.3970933998 3634
29 32397.0544213261 3756
30 32380.9717809256 3879
31 32369.4627668628 4000
32 32357.9011834227 4130
33 32352.2242849625 4254
34 32346.0885834847 4376
35 32343.1326499114 4510
36 32337.4142593456 4634
37 32334.6100637849 4761
38 32332.3417004707 4884
39 32328.0524913483 5005
40 32326.3241260562 5131
41 32323.8948495265 5254
42 32323.457800713 5377
43 32321.9824423151 5503
44 32321.9137556665 5626
45 32321.241550739 5753
46 32320.0315396912 5878
47 32318.9918039758 6002
48 32318.3713933429 6132
49 32318.1520527833 6254
50 32317.8487318589 6377
51 32317.3397684079 6500
52 32316.5728138122 6622
53 32316.3917029145 6749
54 32316.2022169457 6872
55 32315.8867075566 6995
56 32315.5700405712 7121
57 32315.3111988194 7243
58 32315.1092514154 7374
59 32314.8927111399 7496
60 32314.7295974502 7619
61 32314.5899465898 7748
62 32314.5148289419 7870
63 32314.5009148982 8005
64 32314.2988425734 8131
65 32314.0874736842 8254
66 32313.8294761672 8380
67 32313.6714022173 8502
68 32313.5375411042 8624
69 32313.3907845416 8760
70 32313.3783599255 8882
71 32313.160716538 9015
72 32313.057696008 9142
73 32313.0164478645 9267
74 32312.8831438644 9394
75 32312.8188791512 9520
76 32312.7361741667 9642
77 32312.6709733833 9767
78 32312.6107083267 9889
79 32312.543084683 10016
80 32312.5309550435 10147
81 32312.4249252204 10270
82 32312.3572751893 10400
83 32312.3536653413 10522
84 32312.3189523149 10644
85 32312.2539924122 10768
86 32312.2432411342 10888
87 32312.1700135873 11015
88 32312.126835578 11137
89 32312.0815040551 11276
90 32312.0678528699 11408
91 32312.0226527928 11531
92 32311.9427604029 11664
93 32311.8813931898 11793
94 32311.8495884714 11915
95 32311.8238648942 12043
96 32311.7379607542 12167
97 32311.6885677128 12289
98 32311.6735082749 12415
99 32311.6256462974 12539
100 32311.5605949376 12663
101 32311.5324554871 12786
102 32311.4721905168 12908
103 32311.4469862041 13049
104 32311.3989272432 13174
105 32311.3781743827 13297
106 32311.3443339124 13422
107 32311.3308064338 13545
108 32311.3132811473 13674
109 32311.2823664315 13801
110 32311.2542700963 13923
111 32311.2365599628 14049
112 32311.2106130862 14171
113 32311.2013745158 14295
114 32311.1874218228 14426
115 32311.1596557423 14548
116 32311.1436980519 14680
117 32311.1359392311 14804
118 32311.1061416944 14926
119 32311.0919444817 15052
120 32311.0855884283 15175
121 32311.0714183806 15302
122 32311.0458256424 15427
123 32311.0266889976 15548
124 32311.0194774141 15676
125 32310.999496418 15798

