0 1653.36895157773 8
1 1713.01033048705 16
2 1381.90002256179 24
3 1321.96113697759 32
4 860.816245584376 39
5 686.83765167307 47
6 545.082370131663 55
7 467.889233206193 62
8 421.129700608827 71
9 386.403789079481 79
10 378.506375233965 87
11 364.125590918829 95
12 359.165028611422 103
13 358.189780968661 111
14 357.963548345683 118
15 357.886734860049 126
16 357.854625512146 133
17 357.839568126179 140
18 357.832175261804 148
19 357.828397948729 155

0 1882.44641057067 7
1 1575.64997996184 15
2 1682.28093729216 22
3 1208.33570924258 29
4 821.777924227634 37
5 717.790370017202 44
6 562.627607008128 51
7 468.377475996097 59
8 426.379132553648 67
9 392.821639499471 74
10 378.035350466416 81
11 364.277372154215 89
12 359.174878079914 96
13 358.195958514207 103
14 357.969963229005 111
15 357.88816800894 118
16 357.85455336626 126
17 357.83910134773 133
18 357.831397678526 141
19 357.827504366938 148

0 1597.43813375439 7
1 1687.32848506578 15
2 1491.57096800311 22
3 1256.6225622138 30
4 875.466558873681 37
5 716.894249593277 44
6 554.957298389714 52
7 462.854320626839 59
8 424.641961956486 67
9 391.103042790836 74
10 378.118172452782 81
11 363.790139847921 89
12 359.231151938945 96
13 358.212359854217 105
14 357.983308762423 112
15 357.901461036291 119
16 357.867410568832 127
17 357.851419422488 134
18 357.843526691296 141
19 357.839519516441 148

0 1677.82844378382 7
1 1740.19353244973 15
2 1359.37808632049 23
3 1213.30284370358 32
4 899.539866388998 40
5 618.279055786061 48
6 538.544755476835 55
7 462.152363185294 63
8 415.048695414529 70
9 390.347597867306 78
10 377.930071985767 85
11 364.117187986098 93
12 359.306932901626 100
13 358.219747656298 108
14 357.973037702465 115
15 357.890391572134 124
16 357.856187952981 131
17 357.840393300524 138
18 357.8327156988 146
19 357.828787458473 153

0 1669.71411577843 7
1 1748.32257965225 15
2 1404.9461757963 22
3 1279.41261969857 30
4 913.308666418219 37
5 642.187320860235 44
6 546.109928093113 52
7 459.497565119276 59
8 421.056746068169 67
9 390.009606858108 75
10 378.365921312231 84
11 364.668726774752 92
12 358.967273219931 100
13 358.189261471275 108
14 357.9732748315 115
15 357.892899784881 123
16 357.860410601375 130
17 357.8451389126 138
18 357.837559924803 146
19 357.833695500065 153

0 1828.84724499176 7
1 1641.84709456138 15
2 1601.36441068281 22
3 1231.01275913249 30
4 896.121966849148 37
5 699.527509096706 45
6 533.828632312178 52
7 462.631096368379 60
8 423.263322194971 67
9 390.961575854754 74
10 378.572965273281 82
11 364.67903779387 89
12 358.943989633228 97
13 358.169250645471 104
14 357.947277783997 111
15 357.877152087872 119
16 357.846159263647 127
17 357.831739282555 134
18 357.824594504555 142
19 357.820952806164 149

0 1717.81539662783 7
1 1715.11476376407 15
2 1506.88013438474 22
3 1227.96630483423 30
4 874.361059672953 37
5 619.572174544553 45
6 529.739386813554 52
7 461.002319491275 60
8 428.101781389473 69
9 392.9951582838 76
10 378.052696552627 84
11 364.066492944738 91
12 359.089942696649 99
13 358.195964543129 106
14 357.967538756868 113
15 357.886449996933 121
16 357.853435074087 128
17 357.838103071417 135
18 357.8305568577 143
19 357.826735948427 150

0 1661.86777201025 7
1 1585.36764203578 15
2 1598.12156304301 23
3 1266.25334598881 31
4 900.822001764766 38
5 689.893767141584 46
6 539.642680108939 53
7 467.419869838694 61
8 422.217944510624 68
9 393.523328403951 75
10 378.669220659598 83
11 363.992083871024 90
12 358.897789933547 98
13 358.142636861497 105
14 357.944827518632 112
15 357.870676598816 119
16 357.838811613181 127
17 357.824543477656 134
18 357.817579567704 142
19 357.81402796328 149

0 1688.75120333098 7
1 1755.08340865212 15
2 1632.09460525603 23
3 1183.90809185798 30
4 892.654374810336 38
5 665.580469051421 45
6 564.28344217943 53
7 463.874815240764 60
8 420.295212353065 67
9 390.558191090791 75
10 378.419470601733 83
11 364.430414606875 91
12 359.110273112128 98
13 358.192428344947 106
14 357.959773315679 113
15 357.884188558132 121
16 357.853439044186 128
17 357.838914542612 135
18 357.831760053341 143
19 357.828087772875 150

0 1592.05567116794 7
1 1801.80347317432 15
2 1561.53787496609 22
3 1238.54762082266 30
4 908.781526930839 39
5 663.672060363898 46
6 552.851618355483 54
7 464.963015889167 61
8 419.665071048475 68
9 390.095549092173 76
10 375.982126670963 83
11 364.085776912457 90
12 359.156795145783 98
13 358.259132154342 105
14 358.012717101311 112
15 357.922945703671 120
16 357.885527539142 128
17 357.868141658344 136
18 357.859603638014 143
19 357.855258660429 151

0 1672.30942280742 7
1 1696.56875248563 15
2 1452.47011086491 22
3 1252.17953685213 30
4 902.591812756256 37
5 702.146331796307 45
6 542.545355950083 52
7 457.257216353638 60
8 426.3419796967 67
9 391.044718645195 74
10 377.355179081565 82
11 364.008360415502 89
12 359.111069337768 97
13 358.245622680829 104
14 358.001476378562 111
15 357.915300913842 121
16 357.878755079562 129
17 357.861913578969 136
18 357.853561637033 143
19 357.849303853235 151

0 1701.86959343802 7
1 1657.46899121467 15
2 1613.61504737742 22
3 1334.16409951124 30
4 872.49420545347 38
5 650.168378799641 45
6 541.678631883765 53
7 468.460861474898 60
8 418.220453057 68
9 390.106221550243 75
10 377.367259962329 83
11 364.029115836876 90
12 359.151351218989 97
13 358.235885508085 104
14 357.991864278027 112
15 357.905320536038 119
16 357.869543295086 127
17 357.85292406958 134
18 357.844811019931 141
19 357.840659098767 149

0 1815.94166780435 7
1 1644.24827150289 15
2 1522.10231998393 22
3 1171.05072251401 30
4 893.278360747881 37
5 676.270602061212 44
6 548.37866360124 52
7 466.896591452855 59
8 419.273401321655 66
9 389.928001596721 74
10 374.152443641002 82
11 364.05483627114 90
12 359.247794623567 97
13 358.216847437504 106
14 357.976250074168 113
15 357.897389907097 121
16 357.863232492341 129
17 357.847095180993 136
18 357.839187373146 144
19 357.835152912125 151

0 1658.0733312816 7
1 1707.75289090411 15
2 1457.74645349113 22
3 1256.11515409672 30
4 842.671384337887 37
5 657.28805503666 44
6 555.032312268231 52
7 471.719088361547 59
8 425.683300984054 67
9 391.922876901259 74
10 378.505662507118 81
11 365.131095317396 89
12 359.061173522508 96
13 358.166292181119 103
14 357.942740026559 111
15 357.868176194877 118
16 357.83818398189 126
17 357.824299031388 134
18 357.817463629711 142
19 357.813970389052 150

0 1831.16234301603 7
1 1716.07600763235 15
2 1606.66412854237 22
3 1357.27440195817 30
4 881.692404170762 37
5 640.967684737791 45
6 543.059598467107 52
7 460.108090038536 59
8 418.928144598034 67
9 390.801442906491 74
10 376.175172281205 82
11 365.456668807626 89
12 359.190511002198 96
13 358.235636858858 104
14 357.989943852172 111
15 357.906783248909 119
16 357.871281729571 126
17 357.854798076044 134
18 357.846760849935 141
19 357.842647104091 148

0 1859.24269347074 7
1 1662.71902219836 15
2 1526.56273823971 23
3 1243.28193936216 30
4 891.303155155503 38
5 679.922733723438 46
6 566.786805106876 53
7 473.665134124033 61
8 428.659050857018 68
9 389.985324977027 76
10 375.270276184596 83
11 364.904004670813 91
12 359.021446739241 98
13 358.150903134287 105
14 357.948460347546 113
15 357.873050907493 120
16 357.842087976459 128
17 357.827699495376 137
18 357.820585752797 144
19 357.816985665863 151

0 1708.09552322718 7
1 1690.17045106927 15
2 1471.95453512814 22
3 1259.16765470564 30
4 982.755473541026 37
5 654.986575296664 45
6 520.008790076804 52
7 467.844869187114 59
8 425.270129554618 67
9 387.309039524158 75
10 379.281523546482 82
11 364.265910979955 90
12 358.93846373836 98
13 358.147219600733 105
14 357.946466224814 112
15 357.874022193881 122
16 357.844156667763 129
17 357.830217113005 137
18 357.8233427643 144
19 357.819837248993 151

0 1515.31784078467 7
1 1681.73326540221 15
2 1788.40927831429 22
3 1192.15912603724 30
4 922.263346286296 37
5 674.333329532311 44
6 535.281283214718 52
7 466.208021385389 59
8 420.277772372094 66
9 387.1555918996 74
10 378.096495262172 81
11 364.811582833391 89
12 359.269478340374 96
13 358.26073439611 103
14 358.008054124427 111
15 357.918195628971 118
16 357.881560752329 125
17 357.864293524699 133
18 357.855867282392 141
19 357.851539401676 149

0 1575.39795059537 7
1 1657.76894417679 15
2 1527.02979437799 22
3 1203.42764410562 30
4 864.287107510683 37
5 676.859548581829 45
6 547.075926320699 52
7 471.922750526665 59
8 428.099916556408 67
9 389.688540326644 74
10 379.218609016914 81
11 364.138548874926 89
12 359.164741793994 96
13 358.211226153007 104
14 357.97409751977 111
15 357.893604144061 118
16 357.860270231067 126
17 357.844693759101 133
18 357.836961479216 140
19 357.833008304379 148

0 1698.14836173501 7
1 1679.15729063846 15
2 1675.00509457751 22
3 1235.05832397528 30
4 916.762437015318 38
5 688.148646503034 45
6 550.448371622337 53
7 459.228131865105 60
8 418.957762050114 68
9 393.343636848274 75
10 377.110341428801 82
11 364.580706204605 90
12 359.193780564336 97
13 358.228843927927 104
14 357.993290854508 112
15 357.907733644713 119
16 357.872660372146 126
17 357.8566870278 134
18 357.848709644544 141
19 357.844655347823 149

0 1548.5333407103 7
1 1643.90625670211 15
2 1597.22499303688 22
3 1228.23308514468 29
4 887.747504746874 37
5 687.106062349853 44
6 523.285949250755 51
7 465.347486712658 59
8 423.090237141266 66
9 391.12198164693 73
10 379.022416856893 81
11 364.254595682456 88
12 359.132425581405 96
13 358.209948472054 104
14 357.969726331722 111
15 357.888855659555 119
16 357.856368144186 126
17 357.840907461481 133
18 357.833341001446 141
19 357.829478649253 148

0 1683.98310266618 7
1 1702.78264934256 15
2 1603.28291263123 23
3 1247.95889893758 30
4 931.257712347071 38
5 641.140892026596 45
6 553.64703024851 52
7 470.820779163112 60
8 427.105885741487 67
9 388.310474273685 75
10 376.847552495675 82
11 363.803785059517 90
12 359.051948194936 97
13 358.18359420042 104
14 357.950507132495 112
15 357.87293379625 119
16 357.841464906743 127
17 357.826653137235 134
18 357.819442418482 143
19 357.81576650563 150

0 1715.99560619942 7
1 1662.26202557938 16
2 1506.17446712732 24
3 1096.97676830399 32
4 908.276900335434 39
5 663.627756688645 47
6 527.521509165183 54
7 471.696904057559 62
8 426.780100417695 69
9 391.177161857804 78
10 377.027281632917 86
11 363.438157006818 93
12 359.140471624523 100
13 358.219128111243 107
14 357.977555246449 115
15 357.893830950513 122
16 357.859953296899 129
17 357.843988958826 137
18 357.836127214227 144
19 357.832139520595 151

0 1695.74604603838 7
1 1598.88314900132 15
2 1462.63058616601 22
3 1293.11135881267 29
4 829.583741791027 38
5 656.719345883277 45
6 541.038516608731 53
7 460.081809456316 60
8 419.428533133063 68
9 390.024634171735 77
10 377.014814563062 84
11 364.303930125044 91
12 359.144092032315 99
13 358.182753894155 106
14 357.950439588474 114
15 357.875731349189 121
16 357.844646571942 128
17 357.830391351329 136
18 357.823332542908 143
19 357.81973805389 150

0 1610.09420202682 7
1 1690.52102540221 15
2 1693.03735118002 22
3 1303.36115053956 30
4 880.485405373841 37
5 648.75603722509 44
6 554.931396951165 52
7 473.956318255597 59
8 420.900409419095 66
9 394.9392494709 73
10 376.877593414089 81
11 364.067619677856 89
12 359.124946000089 96
13 358.194484798802 104
14 357.964137690032 111
15 357.883993088407 119
16 357.851714856012 126
17 357.836650170165 134
18 357.829206908227 141
19 357.825416732612 149

0 1859.93885058178 7
1 1671.81840159765 15
2 1591.88917988028 22
3 1163.89187879349 30
4 910.482469064326 37
5 685.504569008578 45
6 530.703254303084 52
7 461.623759725794 59
8 415.927575646626 67
9 391.537120978263 74
10 377.387778497465 82
11 363.887535409539 89
12 359.103818342657 96
13 358.163015005699 103
14 357.95737389636 111
15 357.878671723074 118
16 357.846577745705 125
17 357.831854821662 133
18 357.824499425738 141
19 357.820780681617 148

0 1903.9175923528 8
1 1718.2788527618 15
2 1536.29871149418 23
3 1259.23654716086 31
4 912.635545441666 38
5 675.208871395133 45
6 536.150229712479 53
7 468.331287068277 61
8 421.857837538966 68
9 389.232342206809 75
10 374.25385895295 83
11 364.281087036436 90
12 359.278023317393 97
13 358.273912143061 105
14 358.001743199778 112
15 357.914315075726 120
16 357.877010200765 127
17 357.85987662454 134
18 357.851504335199 142
19 357.847223534383 149

0 1795.54114717787 7
1 1822.74613721383 15
2 1476.28849524073 22
3 1276.77947955444 29
4 840.48850405988 37
5 707.54018112706 44
6 529.215797132021 52
7 465.838587393968 60
8 416.843000245298 67
9 390.947694151582 75
10 378.225763157376 82
11 364.300857781228 90
12 359.070253415857 97
13 358.19057955857 105
14 357.965018698992 112
15 357.888620730014 119
16 357.857065810256 127
17 357.842274744452 134
18 357.834941165301 141
19 357.831223058289 149

0 1502.82513271731 7
1 1844.21440327539 15
2 1438.60396356619 22
3 1361.07762209078 30
4 881.923110327153 37
5 698.309985945283 45
6 530.507333939171 53
7 467.573119811897 60
8 416.651885188039 68
9 389.235329991779 75
10 377.887190444742 82
11 364.164029962759 89
12 359.146365441558 97
13 358.20761174404 105
14 357.973169839602 112
15 357.893449436937 120
16 357.860114191839 128
17 357.844785421264 135
18 357.837196609805 142
19 357.833328349832 150

0 1640.40428974838 7
1 1722.89337344249 15
2 1541.91189504018 22
3 1286.45539223572 30
4 902.351051071541 37
5 700.334768395687 45
6 555.05491305003 52
7 463.371586906651 59
8 428.442529441761 67
9 390.08280471903 74
10 377.916325389694 82
11 363.98624772076 89
12 358.949709627423 96
13 358.129020203978 104
14 357.926905568928 111
15 357.860139495152 118
16 357.831526493624 126
17 357.818578570875 133
18 357.812120730787 140
19 357.808840853669 148

0 1641.72453369402 8
1 1635.48189646108 18
2 1568.33562740285 26
3 1321.70914831657 33
4 813.297042606665 41
5 682.036943830354 48
6 535.94093058132 56
7 467.615353235098 63
8 418.261948298562 70
9 388.888584715772 78
10 378.087077794996 85
11 364.44128174263 93
12 359.175602076844 100
13 358.193368261567 107
14 357.965387214429 114
15 357.883303085361 122
16 357.851089280564 129
17 357.836132523972 137
18 357.828720358365 144
19 357.824937724739 152

0 1755.59387579649 7
1 1781.26239181022 15
2 1707.87487173828 22
3 1323.8734575497 30
4 916.198834572964 37
5 667.02728736762 45
6 533.895243034401 53
7 479.0659194413 61
8 416.153388871083 69
9 386.862949316969 77
10 377.370382477099 85
11 364.127611859556 93
12 359.096691629396 100
13 358.155494944933 107
14 357.955904471611 115
15 357.881098994732 122
16 357.849506147812 130
17 357.83501974659 137
18 357.827942571082 144
19 357.824311087163 152

0 1872.77610874663 7
1 1961.6572072206 15
2 1589.99435472283 22
3 1300.41357790715 30
4 924.888928992822 37
5 643.028027886263 44
6 541.037491731025 52
7 462.558033660355 59
8 421.759709354576 67
9 390.148200067702 74
10 377.486339132469 81
11 364.87329303348 89
12 359.059843479889 96
13 358.137662180987 104
14 357.941069816678 113
15 357.8679259468 121
16 357.838382021813 128
17 357.824791986377 136
18 357.818074208235 143
19 357.814646547186 151

0 1599.52504565026 7
1 1595.98749474182 15
2 1386.67529015382 22
3 1238.8680695426 30
4 844.728045898623 37
5 684.438835575128 44
6 554.929630355492 52
7 469.46154525098 59
8 422.492047283435 66
9 389.036033177879 74
10 378.16089136141 81
11 364.649937266382 88
12 359.115803354438 95
13 358.201482355147 103
14 357.96788042711 110
15 357.886138980734 117
16 357.853441083103 125
17 357.83800428571 132
18 357.830399716052 139
19 357.826528894496 147

0 1615.40223795261 7
1 1709.07085237199 15
2 1556.7232222799 23
3 1232.57597277927 30
4 940.50901849027 38
5 664.172553938667 45
6 543.246824839526 53
7 462.391097648919 60
8 420.013335059003 68
9 385.207832475737 75
10 377.802867885179 82
11 365.220796982075 90
12 359.007525056901 97
13 358.168098895748 104
14 357.949522290168 112
15 357.874757208672 119
16 357.843932893307 126
17 357.82997506574 134
18 357.823127155797 141
19 357.819604016093 148

0 1704.9699648034 8
1 1925.05525179911 15
2 1578.12599757868 23
3 1363.38289796488 30
4 894.565009941635 37
5 670.319537255287 45
6 540.807217834618 52
7 472.169779978459 60
8 417.300720876477 67
9 387.300029889733 75
10 376.294001252621 83
11 364.473995740336 90
12 358.880283247005 98
13 358.107934896884 105
14 357.919864029395 113
15 357.853603295611 120
16 357.825221230259 127
17 357.812294456764 135
18 357.805906171999 142
19 357.802641288239 150

0 1684.0655498725 7
1 1770.47420613373 15
2 1575.26177470565 23
3 1272.79301814035 30
4 890.476967872144 38
5 666.050136417248 45
6 548.759745601666 52
7 459.685708614909 60
8 416.453798240266 67
9 389.271768249028 74
10 375.994086352966 82
11 364.068796976838 89
12 359.119467320887 96
13 358.212413811894 104
14 357.972001425013 113
15 357.891434895118 121
16 357.858597184782 129
17 357.843174242698 136
18 357.835547445734 144
19 357.831676980727 151

0 1769.32316119547 7
1 1572.14214064828 15
2 1492.08121534715 22
3 1248.80608783409 29
4 868.393635478073 37
5 677.008767071079 44
6 533.796791438251 51
7 468.923749537727 59
8 420.177905512194 66
9 388.550690808306 73
10 376.756160119558 81
11 363.671708055183 88
12 359.235255553717 96
13 358.228118183622 103
14 357.987024736463 110
15 357.905608965383 118
16 357.871194622845 125
17 357.85523737149 133
18 357.847347390849 140
19 357.84332964954 147

0 1580.76085008836 7
1 1721.15755990439 15
2 1450.36497600098 23
3 1280.21427843057 31
4 857.682116258457 39
5 673.803239801182 46
6 540.93523736415 54
7 474.385690752316 61
8 420.597611201173 69
9 389.930268890463 76
10 377.719139470659 84
11 364.341274405743 91
12 359.309325889214 98
13 358.305313085761 106
14 358.022409940653 113
15 357.927662870257 120
16 357.889131136796 128
17 357.871165625515 135
18 357.86239442372 142
19 357.857897299272 150

0 1719.3841557112 7
1 1580.23979381512 15
2 1556.0834075201 22
3 1328.73341867522 30
4 852.15729814774 37
5 638.897460928481 44
6 545.27925550435 52
7 464.412411392794 59
8 423.638785112506 67
9 386.225633452351 75
10 379.511414852899 83
11 364.52153418502 90
12 359.112568963963 98
13 358.197401075799 105
14 357.963777635285 112
15 357.883328299442 120
16 357.851496785531 127
17 357.836546280384 135
18 357.829200147442 142
19 357.825452104275 151

0 1723.63718211257 7
1 1695.2179306914 15
2 1537.79958856022 22
3 1328.05561710574 29
4 879.093868923457 37
5 668.160622391251 44
6 540.908775246308 51
7 468.707156642674 59
8 418.583339486159 66
9 388.019448334309 73
10 377.835706471333 81
11 364.467609320801 88
12 359.090356324122 95
13 358.177360281821 103
14 357.95238465954 110
15 357.878309596405 119
16 357.846749690965 126
17 357.832179599646 134
18 357.824972004336 143
19 357.821328145927 150

0 1846.86069086503 7
1 1715.39204801115 15
2 1411.04321730688 22
3 1167.58543746376 30
4 825.251616088903 37
5 685.326023964215 44
6 540.922413367287 52
7 463.691278749608 59
8 424.675752294591 67
9 385.607440306616 74
10 376.708319984248 81
11 363.987648253653 89
12 359.056141174471 96
13 358.200011517864 103
14 357.970308253149 110
15 357.889637773749 118
16 357.856987970257 126
17 357.841646658968 133
18 357.833996401185 140
19 357.830136345667 148

0 1923.78591713702 7
1 1796.67887829147 15
2 1571.14298558698 23
3 1197.25495594579 31
4 881.855001259158 39
5 677.327628994896 46
6 521.319953044296 54
7 454.187281373234 62
8 419.274407607167 69
9 391.14475109022 76
10 378.064545781225 84
11 363.912505772266 91
12 358.971050645938 98
13 358.149811761962 106
14 357.938914445596 113
15 357.867211725386 121
16 357.83720376886 128
17 357.823061112136 135
18 357.816092599095 143
19 357.812552500076 150

0 1798.48310813199 7
1 1596.95353734021 15
2 1581.27567321883 22
3 1196.85282680479 30
4 915.80401936474 37
5 639.425453739679 44
6 534.460949975217 52
7 469.558974979626 59
8 427.696816382841 68
9 392.340346070076 76
10 377.34917948074 84
11 364.3244928596 92
12 359.02097636257 99
13 358.175924089596 107
14 357.956559528865 114
15 357.880865926249 122
16 357.849554841236 129
17 357.834708848769 137
18 357.827398571914 146
19 357.823677376947 153

0 1863.92841484474 7
1 1622.52932652802 15
2 1426.54825161595 23
3 1250.00574209405 30
4 863.006489965622 38
5 664.499936118141 45
6 557.736912209758 53
7 472.416337978856 60
8 416.470545208405 67
9 391.715564178113 75
10 379.245311028119 82
11 364.096113836436 89
12 358.926312576156 97
13 358.143035459079 104
14 357.936691952277 112
15 357.86712260102 120
16 357.838036280682 128
17 357.824380838207 135
18 357.817629290597 143
19 357.814198622714 150

0 1811.87728075039 8
1 1676.05885895882 15
2 1564.33665292755 23
3 1225.5532438098 30
4 964.833057906903 38
5 682.464165153528 46
6 550.529292484542 54
7 470.771123349362 62
8 417.991032575749 69
9 392.34447507511 77
10 375.925387607225 84
11 364.522784044733 91
12 359.187111702898 99
13 358.228065842866 106
14 357.985328169042 114
15 357.900219183692 121
16 357.864483797367 128
17 357.848093723594 136
18 357.839990182745 143
19 357.835915178672 150

0 1594.12570642792 7
1 1750.8751080394 15
2 1545.42531515065 23
3 1254.22649251648 31
4 915.913730232064 38
5 643.907175013744 46
6 540.610033679372 53
7 467.628448401534 61
8 420.591667691323 68
9 390.317613423882 75
10 377.916717449282 83
11 364.207128358119 90
12 359.096872361689 97
13 358.176997714098 104
14 357.958679143557 112
15 357.881207275449 119
16 357.849464468414 126
17 357.834542659984 134
18 357.827171371434 141
19 357.823441886391 148

0 1713.28716008592 7
1 1753.90889633687 15
2 1601.77099605261 22
3 1189.80092820295 30
4 916.07021105428 37
5 678.018805459209 44
6 549.198988014327 52
7 464.805834573973 59
8 422.484736014174 66
9 390.758028688511 74
10 377.437887841776 82
11 364.28851215441 90
12 359.156467781883 97
13 358.178268918213 105
14 357.952442034324 113
15 357.875772524514 120
16 357.844115268483 127
17 357.82943096061 135
18 357.822206237857 142
19 357.818542666086 150

0 1629.81178581507 7
1 1674.29119974128 15
2 1469.37792033047 22
3 1235.16051630922 30
4 867.036592938235 37
5 708.616670414924 44
6 543.960904380933 52
7 479.20507129175 59
8 428.623624983104 66
9 388.523129981646 74
10 375.803617886911 81
11 364.610857469874 89
12 359.104171630828 96
13 358.185836267195 103
14 357.94998780199 111
15 357.875874388199 118
16 357.845479958806 126
17 357.83121962312 134
18 357.824232988764 141
19 357.820654110723 149

0 1853.96361845 7
1 1691.49737306525 15
2 1614.3001270866 22
3 1256.56679093521 30
4 899.173724900115 37
5 656.978596940046 45
6 547.630125718715 52
7 464.103590211899 59
8 418.894896520039 67
9 390.033227169641 74
10 376.540553511268 81
11 363.626166835833 88
12 359.314209377137 96
13 358.239568352732 103
14 357.992311655923 111
15 357.905580437726 118
16 357.869811533743 125
17 357.85326641377 132
18 357.84506602161 140
19 357.840900280043 147

