0 36002.1360438013 83
1 31363.3669327426 102
2 23793.0351134275 121
3 17985.7587966674 140
4 13774.2328664956 160
5 9919.00075667996 178
6 6877.89625547603 197
7 5012.27941572218 215
8 3943.55784325667 234
9 3298.61592066697 253
10 2887.48484457617 271
11 2609.9954735851 289
12 2420.19866614023 309
13 2292.50593236856 328
14 2209.2416910373 347
15 2151.5564134011 367
16 2110.90367457466 385
17 2081.31051570162 403
18 2058.81695435566 422
19 2041.68745913948 440
20 2028.63400041599 459
21 2019.07485790257 477
22 2011.36247519595 495
23 2004.69550946541 514
24 1998.89667448718 533
25 1993.7989176346 552
26 1989.47133517974 570
27 1985.8380523447 589
28 1982.79095869071 607
29 1980.23684689991 625
30 1978.08281008954 644
31 1976.15631630134 662
32 1974.30183225251 680
33 1972.53530859114 699
34 1970.81407980817 717
35 1969.07289014636 736
36 1967.34793798434 755
37 1965.72724288376 773
38 1964.26920618624 792
39 1962.94741016047 810
40 1961.67867293993 828
41 1960.51236436452 847
42 1959.44572497555 865
43 1958.418512418 883
44 1957.49561652245 902
45 1956.6463048415 920
46 1955.73924228575 941
47 1954.83356115985 961
48 1953.96383333904 980
49 1953.11715107331 998
50 1952.28322576695 1017
51 1951.46064471422 1035
52 1950.65772018284 1054
53 1949.87012680916 1073
54 1949.08498239101 1092
55 1948.28210563028 1111
56 1947.44209470925 1130
57 1946.56535332647 1149
58 1945.73874124436 1167
59 1944.97024194681 1186
60 1944.25259628975 1204
61 1943.56224673673 1223
62 1942.84903357645 1241
63 1942.15092411687 1259
64 1941.48146231599 1278
65 1940.83548940779 1296
66 1940.19250291334 1314
67 1939.46881161105 1334
68 1938.66610592398 1354
69 1937.84714724319 1372
70 1937.00235248293 1391
71 1936.10811233053 1410
72 1935.16524103756 1428
73 1934.20149380729 1447
74 1933.21726839517 1465
75 1932.20334035028 1483
76 1931.18479202683 1501
77 1930.17947765408 1520
78 1929.19662860347 1540
79 1928.24619198507 1559
80 1927.28085190372 1577
81 1926.22306800215 1596
82 1925.12287869942 1615
83 1924.00171999207 1633
84 1922.85139838825 1651
85 1921.63710132631 1669
86 1920.3113133757 1688
87 1918.82335598159 1706
88 1917.07737279419 1724
89 1915.09780558623 1743
90 1912.86603858654 1763
91 1910.28152509934 1782
92 1907.0499169344 1801
93 1903.03189945526 1819
94 1898.29552308796 1837
95 1892.5695276725 1855
96 1885.48584783149 1874
97 1876.83522388764 1892
98 1866.27045064439 1910
99 1853.70565342771 1928
100 1839.69176735513 1948
101 1822.96043936002 1968
102 1803.15897863171 1987
103 1779.22500163064 2005
104 1752.54865267347 2023
105 1722.22361780327 2042
106 1690.03542831198 2060
107 1654.6790939403 2078
108 1615.93990180938 2097
109 1575.95019319819 2116
110 1536.65669268435 2134
111 1497.33939281301 2154
112 1457.07652270693 2173
113 1414.53102204869 2191
114 1370.91779630546 2210
115 1325.13395720963 2228
116 1277.14060050195 2246
117 1226.36035809861 2264
118 1169.62790356191 2283
119 1105.42985192431 2301
120 1035.94338299892 2319
121 966.069017663693 2339
122 905.762243680801 2357
123 858.887122551722 2377
124 823.87573771426 2395
125 797.93018182443 2414
126 778.461842284526 2432
127 763.866254679945 2450
128 753.098485992487 2469
129 744.471020098269 2487
130 736.833304446831 2506
131 730.787902091675 2524
132 726.138874416917 2543
133 722.503120190162 2562
134 719.491337530612 2581
135 716.84564460378 2599
136 714.535654736252 2618
137 711.736658452441 2636
138 708.437786269875 2655
139 705.105739776269 2673
140 702.160910773523 2692
141 699.602739385379 2710
142 697.263657188657 2728
143 694.724030923798 2748
144 692.345943624261 2766
145 690.36309391473 2785
146 688.817450371356 2804
147 687.649444020201 2822
148 686.780972249246 2840
149 686.133360928583 2859
150 685.642862631156 2877
151 685.27283182543 2896
152 684.997065485234 2914
153 684.788984239181 2932
154 684.626462429066 2950
155 684.495832675878 2969
156 684.390310628231 2988
157 684.306641543743 3007
158 684.242480193265 3025
159 684.195112181333 3043
160 684.1613160191 3062
161 684.137792999075 3080
162 684.121622595302 3098
163 684.110492945307 3117
164 684.102712108585 3136
165 684.097101203174 3155

0 36243.9549087827 87
1 32228.1139056485 106
2 24806.539029224 124
3 16861.9373325759 142
4 12302.4849361532 160
5 9777.66844062899 179
6 8056.30770464094 197
7 6691.56447859819 217
8 5502.29823816695 236
9 4446.52552159108 255
10 3547.06021793202 274
11 2781.55788564706 292
12 2158.11713713032 310
13 1678.06945468716 329
14 1348.29451265554 348
15 1128.10944020146 366
16 983.183925540708 384
17 885.420580051511 403
18 818.529083059589 422
19 772.476596813246 441
20 740.772769362484 459
21 719.686593176892 478
22 706.797137804811 496
23 698.856890652798 515
24 693.75213765968 533
25 690.547346640574 551
26 688.499196193228 570
27 687.15520074113 589
28 686.25597817579 608
29 685.644385957662 626
30 685.220365514671 645
31 684.917248143215 664
32 684.685767313961 682
33 684.481051339513 700
34 684.256994103741 718
35 683.983753560032 737
36 683.683036907339 755
37 683.42150857103 773
38 683.244660958061 792
39 683.145195776188 811
40 683.093681082121 829
41 683.066662659503 848
42 683.05140003839 866
43 683.041951821761 885
44 683.035638350801 903

0 36433.6387403076 83
1 32824.0540606336 102
2 24665.6914414627 122
3 13798.0271812611 141
4 7543.87981039801 160
5 4838.91409408388 178
6 3587.45950072242 196
7 2941.01564530655 215
8 2577.83309381227 234
9 2355.94989608047 252
10 2218.27180955479 271
11 2131.82200117702 290
12 2074.90369538171 309
13 2038.22025786181 328
14 2015.78053750838 346
15 2002.20914013381 364
16 1993.52765759855 382
17 1987.52463166958 400
18 1982.96690346323 419
19 1979.40654217661 437
20 1976.38473247312 455
21 1973.64799542264 473
22 1971.29588310121 492
23 1969.29085184857 510
24 1967.5302382526 529
25 1965.90820172983 549
26 1964.44530023523 569
27 1963.12390026731 588
28 1961.81201234659 607
29 1960.5932806074 625
30 1959.45604425517 643
31 1958.35784082334 661
32 1957.22803524256 679
33 1956.01087576563 698
34 1954.92799659123 717
35 1953.96083567325 736
36 1953.0481575619 755
37 1952.12326270939 774
38 1951.16430110511 792
39 1950.17197496311 811
40 1949.14475363287 829
41 1948.08934360747 847
42 1947.02555279257 866
43 1945.98956959738 884
44 1945.00879101857 903
45 1944.09298339993 922
46 1943.23876281949 940
47 1942.43130994827 959
48 1941.62726300475 978
49 1940.83404742758 997
50 1940.06931296426 1015
51 1939.30983035505 1033
52 1938.56843774185 1052
53 1937.78051690381 1070
54 1936.97398615275 1088
55 1936.18462245159 1107
56 1935.36104743116 1127
57 1934.42850987359 1146
58 1933.4001645651 1164
59 1932.32717798935 1182
60 1931.20729427735 1201
61 1930.05389517022 1219
62 1928.91557711261 1237
63 1927.81739247897 1256
64 1926.75655997977 1274
65 1925.69299389224 1292
66 1924.52173214284 1311
67 1923.29426451643 1330
68 1922.04480599312 1349
69 1920.74153684991 1367
70 1919.33147630497 1386
71 1917.75129834587 1404
72 1915.95254680348 1422
73 1913.93790546861 1441
74 1911.75257222629 1459
75 1909.27027041602 1477
76 1906.1741802498 1496
77 1902.30463887731 1514
78 1897.57601614263 1533
79 1891.94215002009 1552
80 1885.16139159898 1571
81 1876.90631581863 1589
82 1866.6539479751 1607
83 1854.24558841652 1625
84 1840.03604063081 1644
85 1823.54830868476 1663
86 1803.62578421204 1681
87 1779.97532435502 1699
88 1752.73681126117 1718
89 1722.70677069419 1737
90 1688.76776096246 1755
91 1652.47493103067 1774
92 1611.85473643593 1792
93 1569.87069849799 1811
94 1529.12168965781 1829
95 1488.67480725893 1847
96 1447.03510844514 1865
97 1403.50107536329 1884
98 1358.62426249499 1902
99 1310.98356641723 1920
100 1262.11368270325 1939
101 1209.3177425116 1959
102 1150.51011940185 1978
103 1083.68296570461 1997
104 1012.79068699649 2015
105 944.540340743056 2034
106 888.189720004982 2052
107 845.404146084528 2070
108 813.532178346525 2088
109 790.105825067132 2107
110 772.380068444851 2125
111 759.345713602504 2145
112 749.629826589137 2164
113 741.132019501426 2183
114 734.131417270466 2201
115 728.688565598326 2219
116 724.497945445567 2237
117 721.146631244873 2256
118 718.266643919543 2274
119 715.746243317837 2293
120 713.388937768818 2311
121 710.487919632646 2329
122 707.103850808513 2349
123 703.891969177512 2368
124 701.092887293318 2386
125 698.66267059533 2404
126 696.166626862365 2423
127 693.659447365549 2441
128 691.446463038846 2459
129 689.664198984931 2478
130 688.293180275883 2496
131 687.25747909969 2515
132 686.482636769719 2533
133 685.90071392198 2552
134 685.462698802381 2570
135 685.137016102243 2589
136 684.894896635373 2608
137 684.709765120493 2626
138 684.562967562242 2644
139 684.44436115912 2662
140 684.349187329845 2681
141 684.274836739697 2699
142 684.218840095307 2718
143 684.178188631887 2736
144 684.149546116225 2756
145 684.129741366444 2775
146 684.116126141658 2794
147 684.106689169034 2812
148 684.099996952163 2831

0 36069.3719724749 82
1 32013.2364414353 101
2 24072.4878159344 119
3 14991.8422738126 139
4 9773.19751734629 158
5 7161.58058317311 176
6 5616.21362230538 194
7 4571.69908458264 212
8 3834.98341795754 231
9 3330.83609636366 249
10 2990.7300498168 268
11 2760.32799536678 286
12 2590.80385566527 305
13 2459.81650971621 324
14 2353.22726038869 343
15 2265.61538756805 361
16 2192.11608435903 380
17 2129.30626712825 398
18 2075.52546185414 416
19 2029.40497402149 434
20 1988.7122222618 453
21 1952.25612935538 471
22 1918.21908406409 489
23 1885.94445232434 508
24 1856.69317530731 527
25 1830.24633579248 547
26 1806.84534417388 567
27 1784.55609315243 585
28 1761.87953509054 604
29 1737.97490684498 622
30 1714.57770797217 641
31 1691.76912444994 660
32 1669.24156887665 678
33 1646.23542609716 696
34 1622.14509142686 715
35 1597.47790596302 734
36 1570.86632703505 752
37 1542.87453718934 771
38 1512.72604777181 789
39 1480.42991003595 808
40 1446.12064899893 826
41 1410.58555401549 844
42 1372.542100483 863
43 1332.41963409389 881
44 1289.46327086548 900
45 1242.95841500329 918
46 1190.30095851688 937
47 1130.16501634172 956
48 1062.62044983382 975
49 993.869136449994 994
50 929.897673963303 1012
51 877.548609081893 1030
52 837.762031538083 1049
53 808.279997073904 1067
54 786.822894394606 1085
55 770.629565622978 1103
56 758.380859282884 1122
57 749.098338301948 1141
58 740.93930317725 1159
59 734.106111346458 1178
60 728.783423018176 1197
61 724.659302470962 1215
62 721.359790901987 1234
63 718.529245573899 1252
64 716.029088738384 1270
65 713.675587964415 1288
66 710.586360210072 1307
67 707.050388403123 1326
68 703.588599739285 1346
69 700.433006037282 1364
70 697.179039592842 1383
71 694.035742635854 1401
72 691.342633938166 1420
73 689.007641091931 1438
74 687.079405722773 1456
75 685.655356008378 1474
76 684.696828870064 1493
77 684.089179374701 1512
78 683.717202068125 1530
79 683.489661075917 1549
80 683.346207558493 1568
81 683.251897189667 1586
82 683.187508126401 1605
83 683.142283598641 1623
84 683.109882581313 1641
85 683.086345959848 1660
86 683.069079627201 1678
87 683.056321373448 1696
88 683.046842526357 1715
89 683.039770140339 1733
90 683.034475360928 1752

0 36224.8366629882 83
1 32235.4047801176 102
2 24390.3512976971 120
3 15051.2172200832 138
4 8855.32312508724 157
5 5315.75135814985 175
6 3355.83965336515 195
7 2289.47174866643 214
8 1673.72105105505 234
9 1305.8046582423 252
10 1082.83798976399 270
11 944.966937523523 289
12 859.063118937499 307
13 803.711058925973 326
14 767.56608290567 344
15 742.363334709274 363
16 724.656480519354 381
17 712.305030531714 401
18 703.850134637253 420
19 698.029123069606 439
20 693.602569523522 457
21 690.25167909441 476
22 687.940709342618 494
23 686.416834379119 512
24 685.416160558941 531
25 684.747857336185 549
26 684.289241021275 568
27 683.965486716355 586
28 683.731410501787 606
29 683.559083670753 624
30 683.430547693535 643
31 683.333772488328 662
32 683.260413650739 680
33 683.204525170141 699
34 683.161784460269 717
35 683.129002577959 736
36 683.103801164383 754
37 683.084391826794 773
38 683.069421341041 791
39 683.057860754377 810
40 683.048924659582 829
41 683.042011699627 847
42 683.036660291929 866

0 36037.4826786618 83
1 32870.0362456404 101
2 27691.8661012676 120
3 20514.3954765528 140
4 13531.6004759899 158
5 9082.63629300454 177
6 6930.35748925146 195
7 5851.31171219436 213
8 5238.96745474348 231
9 4851.0254127344 250
10 4576.39274752805 268
11 4365.8890777243 286
12 4190.68879873403 305
13 4039.23657469298 323
14 3904.32413992285 342
15 3786.02191254468 361
16 3684.80908391394 379
17 3593.39811854981 397
18 3515.91553357976 415
19 3453.35973358087 434
20 3400.75725983648 453
21 3354.21542096214 471
22 3311.00578700471 489
23 3268.89075876939 507
24 3226.43624792648 526
25 3182.85753574575 545
26 3138.60620792197 563
27 3094.3419325779 582
28 3048.51236647964 600
29 3001.33181682336 618
30 2953.33629081619 636
31 2902.55088522572 654
32 2848.26975369884 673
33 2790.17773210887 691
34 2726.55183460755 709
35 2655.75233972968 727
36 2578.29729032521 746
37 2494.36853661969 767
38 2403.49374693547 785
39 2305.9830191965 805
40 2199.82132281145 823
41 2083.85781421313 841
42 1955.95872214381 860
43 1817.50989312558 878
44 1671.36195292814 897
45 1521.55869795973 915
46 1373.48372973616 934
47 1232.89227397243 954
48 1105.13561108275 973
49 993.838289715181 992
50 902.800303210332 1010
51 832.524562681556 1028
52 776.1447517369 1046
53 737.999433729011 1065
54 712.515440251299 1083
55 697.720775599922 1102
56 689.999018008729 1120
57 686.559193366221 1138
58 684.881419929336 1157
59 684.040349557116 1176
60 683.605853185052 1194
61 683.367979245923 1213
62 683.231530586178 1231
63 683.150739581453 1249
64 683.101783495049 1268
65 683.071579218849 1286
66 683.052672261641 1304
67 683.040693306695 1323
68 683.033023361104 1341
69 683.02806472931 1361

0 36555.1110636318 83
1 32942.5083000135 102
2 26136.450943912 120
3 17178.4372619906 139
4 10163.0069865643 157
5 6102.98193501151 176
6 3857.06050265013 195
7 2561.18007280846 214
8 1806.28086654062 233
9 1367.77923238589 251
10 1108.30959953326 269
11 945.992496535756 288
12 845.562322612657 306
13 784.499012841985 325
14 746.916512160828 344
15 722.386908160227 362
16 707.600333716356 381
17 698.844313336531 400
18 693.518965563947 419
19 690.155542128966 438
20 687.961290317892 456
21 686.49354818548 474
22 685.49243345182 493
23 684.79866205351 511
24 684.311370613603 529
25 683.965087580823 548
26 683.716467612257 566
27 683.536334974628 584
28 683.404765896982 603
29 683.307977908216 622
30 683.236324642284 641
31 683.182982165591 660
32 683.143075884358 678
33 683.113092616787 696
34 683.090479853263 715
35 683.073369484518 733
36 683.06038529474 752
37 683.050507470695 770
38 683.042976340853 788
39 683.037223385649 808

0 36493.7237400513 85
1 32945.3534950459 104
2 25772.3475728837 122
3 15248.9893048594 140
4 8308.37017847205 159
5 5382.90402255238 177
6 3911.28386643876 196
7 2986.18576445186 216
8 2353.76230901415 235
9 1909.61502418723 253
10 1597.03931720036 272
11 1379.12191602226 290
12 1219.69139729048 308
13 1099.69266497684 326
14 1004.91512783764 345
15 927.038607712148 363
16 859.684290823574 381
17 806.195164247732 400
18 766.475750650717 419
19 737.418835895316 437
20 717.198831297629 456
21 704.754707167867 474
22 697.514523473378 493
23 693.273598961106 512
24 690.714571924727 530
25 689.086649055246 548
26 687.869899707295 567
27 686.787067551338 585
28 685.902910177239 605
29 685.26552594991 623
30 684.832984920713 642
31 684.550325515543 661
32 684.374739808414 679
33 684.269732246595 698
34 684.20732365553 716
35 684.169385768665 734
36 684.145424946788 752
37 684.129653218864 771
38 684.118880281868 789
39 684.111297271109 808
40 684.105834497826 827

0 36736.1787168279 83
1 33299.6158860945 101
2 25791.2992301853 120
3 15716.4849221132 138
4 9247.49379006834 156
5 6130.2517027307 175
6 4487.73857822982 194
7 3490.76346953343 213
8 2835.43057652117 232
9 2380.79360748121 250
10 2053.72296356068 269
11 1814.35385364682 288
12 1633.41749131953 306
13 1490.38622393049 325
14 1368.76349469668 343
15 1257.65298218042 362
16 1150.77863228669 381
17 1048.86739729412 400
18 964.595481717161 419
19 899.041054659157 437
20 849.394408989755 456
21 810.193764904371 474
22 775.084438659492 493
23 744.886502389529 511
24 724.30332016647 529
25 711.269897108261 547
26 703.047680885334 565
27 697.760139824875 584
28 693.782791092743 604
29 690.480052803361 623
30 687.982046109684 643
31 686.27645393545 661
32 685.189781372664 680
33 684.518986933529 698
34 684.095255706451 716
35 683.811689947438 735
36 683.611747245609 753
37 683.466065705846 772
38 683.357975122759 791
39 683.276947371695 811
40 683.215813529535 829
41 683.169478431339 848
42 683.134235595526 866
43 683.107352193607 885
44 683.086795548365 903
45 683.071044057714 921
46 683.058952915006 941
47 683.049657172427 959
48 683.04250097913 978
49 683.03698549052 997

0 36582.1057720325 84
1 33049.6677636348 102
2 25371.3861283192 121
3 16552.837063522 139
4 11030.697984294 157
5 7730.54167594503 175
6 5730.20481041998 194
7 4502.26222744889 213
8 3683.78259262218 232
9 3103.20640224085 251
10 2681.68453876266 270
11 2375.78743435776 288
12 2140.64542620451 307
13 1943.1547654718 325
14 1763.3711814634 343
15 1593.69044148089 361
16 1441.85659048029 380
17 1309.37952759911 398
18 1196.4150871997 417
19 1098.72496797464 436
20 1013.60240725792 454
21 941.74640252862 472
22 882.92239343586 491
23 833.797547181374 509
24 795.385514163796 527
25 764.948483370966 546
26 742.376760392268 564
27 726.2000271501 582
28 715.251328802799 601
29 707.576878849373 620
30 702.050758135824 639
31 698.041892900886 657
32 695.080522549843 675
33 692.847163679341 693
34 691.131502771448 712
35 689.789461437096 730
36 688.716527880109 748
37 687.832249585217 767
38 687.072787137319 786
39 686.395407738106 805
40 685.79519494902 825
41 685.303514093523 843
42 684.943222644563 862
43 684.698159636934 880
44 684.532823112338 898
45 684.417078073046 916
46 684.331977823394 935
47 684.26642913925 953
48 684.213397547618 971
49 684.167468892472 990
50 684.123175983483 1009
51 684.073243923426 1028
52 684.006160746416 1048
53 683.904009331543 1066
54 683.747366403542 1085
55 683.539305344489 1103
56 683.329061615124 1122
57 683.175561092481 1140
58 683.090955186205 1159
59 683.051996128579 1177
60 683.035258971804 1195
61 683.027884826997 1215
62 683.024321942778 1234

0 36377.9097563298 83
1 32317.5501685436 102
2 24319.32706924 120
3 15730.8680947203 138
4 10792.8781657142 157
5 8171.77390326451 176
6 6523.76315586725 195
7 5293.83444396985 214
8 4286.17127940706 232
9 3437.99818891085 251
10 2747.28803948533 269
11 2210.81293570558 287
12 1805.94055392422 306
13 1504.88478202807 324
14 1286.03346923057 342
15 1121.45132390876 360
16 985.402650824808 379
17 879.859843708751 398
18 811.81451378326 417
19 769.083769912465 435
20 743.555498560183 454
21 726.835748907806 473
22 715.483475426657 491
23 707.317211825835 509
24 701.300211548708 528
25 696.850303864793 546
26 693.542195776372 565
27 691.061872803332 584
28 689.186223847735 604
29 687.758523296374 622
30 686.666981040235 640
31 685.830018267046 659
32 685.186984516407 677
33 684.692231548128 695
34 684.3111411256 714
35 684.017334909098 732
36 683.790649608397 751
37 683.615637738881 769
38 683.480444182003 788
39 683.375958103437 807
40 683.295169599965 825
41 683.232679945583 844
42 683.184327770747 862
43 683.146903122291 880
44 683.117928357934 899
45 683.095490004122 917
46 683.078109558752 936
47 683.064644109653 954
48 683.05420981501 973
49 683.046122937659 992
50 683.039854373175 1011

0 36346.9366738306 83
1 32397.1120255551 101
2 24164.4340910185 120
3 14046.8504841059 139
4 8170.20138176667 157
5 5344.30267520518 176
6 3740.81118251415 195
7 2699.8107946997 214
8 2031.55333481376 233
9 1611.64492714596 251
10 1331.48276228502 269
11 1131.07786713247 287
12 989.243332237532 305
13 888.286733483697 324
14 821.429238536839 342
15 777.421327235609 360
16 747.984926347348 379
17 728.254081405295 399
18 715.112977857587 418
19 706.328216708989 436
20 700.337356233486 455
21 696.131539775532 473
22 693.099675349787 492
23 690.873112166145 510
24 689.218839052028 528
25 687.980768816905 547
26 687.049510899635 565
27 686.346250951119 584
28 685.813346626732 604
29 685.408285534661 623
30 685.099532103823 642
31 684.863574665607 661
32 684.682797137952 679
33 684.543935395946 698
34 684.436951236661 716
35 684.354204251927 734
36 684.289835026456 752
37 684.239295605366 771
38 684.198976620355 790
39 684.165884507993 809
40 684.137313361689 827
41 684.110424364085 846
42 684.081571960547 864
43 684.04508421161 882
44 683.991143729122 901
45 683.903380079473 919
46 683.76174685471 938
47 683.563394079854 956
48 683.351037273099 974
49 683.187678086619 993
50 683.094512714335 1013
51 683.051259135457 1031
52 683.03310563257 1049
53 683.025581327601 1067
54 683.022291880014 1086

0 36052.5764004025 83
1 31645.8810681138 101
2 22644.280673683 121
3 12946.2880938472 139
4 8224.46761917722 158
5 6209.40442271214 176
6 5113.2468086281 195
7 4334.56247515309 213
8 3683.32483970491 232
9 3090.39235587358 250
10 2559.02958052609 268
11 2110.40323831132 286
12 1754.21601632538 305
13 1482.26491117978 324
14 1277.86848235806 343
15 1120.55420415337 361
16 1000.40689859711 379
17 915.543646224991 398
18 855.982370356986 416
19 809.876875690426 435
20 772.291648431511 453
21 744.472953760587 471
22 726.020226862531 490
23 714.132129017467 508
24 706.204771827454 529
25 700.600379183192 549
26 696.502600186422 567
27 693.486477338632 586
28 691.245031941484 604
29 689.56044265078 622
30 688.284158781257 640
31 687.312170020805 659
32 686.56928536486 677
33 685.999962245093 696
34 685.562652650036 715
35 685.226053762147 734
36 684.966470322571 753
37 684.765894006649 772
38 684.610583013125 790
39 684.490003472631 808
40 684.396033937778 827
41 684.322358471057 845
42 684.263989161252 864
43 684.216865484884 882
44 684.177472341695 901
45 684.142391824306 920
46 684.107637598277 939
47 684.067496410659 957
48 684.012510457972 976
49 683.926957969395 995
50 683.79045893118 1013
51 683.596093292152 1031
52 683.380517283657 1049
53 683.207767842798 1068
54 683.10575581779 1086
55 683.057195892468 1104
56 683.036430696996 1123
57 683.027654346469 1142
58 683.023710670259 1161

0 35189.8974225639 82
1 29408.4110069998 101
2 19108.3871578019 119
3 10141.2002519888 137
4 5726.34078989708 157
5 3652.20605253985 176
6 2522.94530697854 194
7 1878.80392149134 213
8 1504.4828651553 231
9 1271.03402069707 249
10 1110.28883970492 268
11 1001.95279380257 286
12 927.201376362751 304
13 871.032624653581 322
14 827.919101867229 341
15 795.712648459741 360
16 769.927865386884 379
17 748.264505778108 398
18 731.055422053619 416
19 718.038038685861 434
20 708.112166192179 453
21 701.209796957514 471
22 696.557547344537 490
23 693.370956078547 508
24 691.079616476983 526
25 689.309694149623 544
26 687.845331844143 563
27 686.597780253304 582
28 685.567204077804 601
29 684.793157432246 619
30 684.272123422746 637
31 683.934535546163 655
32 683.706897997029 674
33 683.544114415015 692
34 683.422892354999 711
35 683.330713773643 729
36 683.25994258435 747
37 683.205368533532 766
38 683.163195287623 786
39 683.130567655832 806
40 683.10530724777 825
41 683.085741014715 843
42 683.07057978902 862
43 683.058828387347 880
44 683.049717691834 898
45 683.042652825632 917
46 683.037173405761 935

0 36750.2237790707 85
1 33261.7838484843 103
2 26943.2500548218 121
3 19072.2020971933 139
4 12269.4828248904 158
5 7979.34887423357 176
6 5432.43289408645 195
7 3960.22617384731 213
8 3102.06239591622 231
9 2535.06677553136 251
10 2128.55695931472 270
11 1805.79805657058 288
12 1540.11996704388 307
13 1323.04105370688 325
14 1155.8481646005 343
15 1030.70736327106 361
16 939.299163134993 380
17 874.949636214189 399
18 829.365167307428 418
19 796.27205754591 437
20 771.71541698382 456
21 752.627052134354 475
22 737.718510577857 493
23 725.427588516023 512
24 715.758959225291 530
25 708.47131834077 548
26 703.01997147267 567
27 698.87835212988 585
28 695.608895604947 603
29 692.930501279027 622
30 690.739328079121 640
31 689.022288416057 659
32 687.738014212629 678
33 686.804495002523 697
34 686.130013651896 716
35 685.635635771058 735
36 685.266171159097 753
37 684.986618544231 772
38 684.774143097862 790
39 684.612531666407 808
40 684.48954652148 827
41 684.395782038365 847
42 684.324049107122 866
43 684.268907599543 885
44 684.226263644175 903
45 684.193031995912 921
46 684.166866680144 939
47 684.145951577465 958
48 684.128835073164 976
49 684.114289081646 995
50 684.10116793218 1014
51 684.08823052572 1032
52 684.073859758131 1051
53 684.055548169025 1070
54 684.028896914935 1088
55 683.985763264961 1107
56 683.911749609371 1125
57 683.786979854446 1143
58 683.602102639996 1161
59 683.389173828992 1180
60 683.212620638597 1198
61 683.105942530543 1216
62 683.054907321753 1235
63 683.033496659134 1254
64 683.024906083392 1274
65 683.021395761079 1293

0 36825.6995423915 83
1 33912.1042615429 102
2 28003.794785681 120
3 19450.0064887644 139
4 12437.5065430522 158
5 8492.21178349505 177
6 6712.12173135196 196
7 5773.48016024991 215
8 5129.35094072681 233
9 4603.77409138461 251
10 4158.76279137315 270
11 3778.96475203191 288
12 3465.43715196308 306
13 3208.59072198016 325
14 2995.59797767629 343
15 2816.9776378192 362
16 2673.36544189517 380
17 2564.71162967577 400
18 2484.28622073382 419
19 2420.73782723521 437
20 2367.93129144755 455
21 2324.71384123912 473
22 2287.8764105696 492
23 2255.8931780693 510
24 2226.96100420309 528
25 2200.45539326361 547
26 2176.70739799044 566
27 2155.50890557064 585
28 2136.54106772537 603
29 2119.68529765095 622
30 2104.72909364742 640
31 2091.48649502157 659
32 2079.6955257378 677
33 2068.9790431765 696
34 2059.21792668546 715
35 2050.37134095382 733
36 2042.33174403856 751
37 2035.23970778546 770
38 2028.92418363786 789
39 2023.31150158084 808
40 2018.16722180094 826
41 2013.49305972061 844
42 2009.10275960503 863
43 2004.97872292965 881
44 2001.13464784836 899
45 1997.66686126685 918
46 1994.4387129378 936
47 1991.37129113112 954
48 1988.37276973944 973
49 1985.65948236515 992
50 1983.17815606558 1011
51 1980.93706714294 1029
52 1978.94546691691 1047
53 1977.09693506178 1065
54 1975.42334200007 1084
55 1973.87583417843 1102
56 1972.41723792494 1120
57 1970.99009951457 1139
58 1969.53890409847 1158
59 1968.17683155672 1177
60 1966.89286373474 1196
61 1965.68207691067 1215
62 1964.53208414597 1233
63 1963.37881970488 1251
64 1962.18913236155 1270
65 1961.02607559295 1288
66 1959.90951806256 1306
67 1958.88494580165 1325
68 1957.99705649082 1343
69 1957.15550510464 1361
70 1956.20367952968 1380
71 1955.25998904711 1400
72 1954.32710542589 1420
73 1953.42243272464 1438
74 1952.53517864687 1456
75 1951.669093066 1474
76 1950.83903440654 1493
77 1950.040407795 1511
78 1949.25503604275 1530
79 1948.4617185428 1548
80 1947.66144075382 1566
81 1946.8499449284 1586
82 1946.01584772977 1605
83 1945.25016933115 1624
84 1944.53667279866 1643
85 1943.85476607366 1661
86 1943.13742068448 1680
87 1942.43227497796 1698
88 1941.75841190039 1716
89 1941.11465332615 1735
90 1940.49094436862 1753
91 1939.82050296586 1771
92 1939.07265540205 1790
93 1938.30035764536 1809
94 1937.48162818512 1828
95 1936.58681828843 1846
96 1935.63822686043 1865
97 1934.67663429938 1883
98 1933.70438638075 1901
99 1932.69798844822 1920
100 1931.66981529526 1938
101 1930.64907570676 1956
102 1929.6447104406 1975
103 1928.67250006157 1994
104 1927.71304433533 2013
105 1926.65799521922 2032
106 1925.5682105702 2050
107 1924.45259491997 2069
108 1923.31596743421 2087
109 1922.12968950256 2106
110 1920.84874093305 2124
111 1919.42549943255 2143
112 1917.78202327663 2162
113 1915.87727883908 2181
114 1913.72757860749 2200
115 1911.27759534647 2219
116 1908.33014157784 2237
117 1904.60247035802 2256
118 1900.12778974298 2274
119 1894.82068261267 2293
120 1888.19936395827 2311
121 1880.13326933427 2329
122 1870.13192411785 2347
123 1858.33235452063 2366
124 1844.86339310752 2384
125 1829.03025788077 2403
126 1810.53634936303 2422
127 1788.4709278075 2441
128 1762.73394002307 2459
129 1734.06137965646 2478
130 1702.34049484426 2496
131 1668.808712103 2515
132 1631.06335871083 2534
133 1591.30048375553 2553
134 1551.92051511481 2571
135 1512.83270743239 2589
136 1473.27988748305 2609
137 1431.71460326593 2627
138 1388.24519874001 2646
139 1343.47886714626 2664
140 1295.98121616297 2682
141 1246.79215720552 2701
142 1192.60990825306 2719
143 1131.95108652278 2738
144 1063.41094512026 2756
145 992.972916353934 2775
146 927.566538152172 2793
147 875.302409600025 2813
148 835.922904745135 2832
149 806.691980793118 2851
150 785.064931599777 2869
151 768.725790481737 2887
152 756.67263975464 2906
153 747.516203214816 2924
154 739.332449915093 2942
155 732.740601540713 2961
156 727.641845753317 2979
157 723.694281632505 2998
158 720.499603196316 3017
159 717.723799582394 3037
160 715.299033452883 3055
161 712.97597082582 3074
162 710.046030895041 3092
163 706.686440255423 3110
164 703.545227574254 3128
165 700.802360204009 3147
166 698.402901720681 3165
167 695.881518944708 3184
168 693.398689457882 3203
169 691.229484047464 3222
170 689.489149336491 3241
171 688.154754375581 3259
172 687.151584643398 3278
173 686.403648255416 3296
174 685.841859330844 3315
175 685.41887557415 3333
176 685.104374376983 3351
177 684.870081689952 3370
178 684.690256885713 3388
179 684.547261304629 3407
180 684.431689604046 3426
181 684.339147068341 3444
182 684.267118117479 3463
183 684.21310035191 3481
184 684.174042032053 3500
185 684.146609935133 3518
186 684.127681876695 3537
187 684.114680245173 3555
188 684.105663543172 3573
189 684.099255602912 3592

0 36574.6024917773 84
1 32843.2784336971 102
2 26082.2175117347 120
3 18730.2752349335 139
4 14004.0841572739 157
5 11186.5129589313 175
6 9147.67316717691 194
7 7435.87423350593 212
8 5971.27310224154 231
9 4765.42861423554 250
10 3812.40267897302 269
11 3072.8156315402 287
12 2485.96402440125 305
13 2040.66673443065 324
14 1715.45280739258 342
15 1462.25488286476 361
16 1265.35323828095 379
17 1114.16003014572 397
18 993.159451471175 415
19 906.044836987413 435
20 843.639564254127 454
21 801.049555617225 472
22 771.649446332167 490
23 750.645016781259 509
24 735.132466434191 528
25 723.435772250358 546
26 714.512942792665 564
27 707.657141373745 582
28 702.363708382596 601
29 698.262944212106 619
30 695.079770237116 640
31 692.606984340031 659
32 690.686631515457 678
33 689.196781749059 696
34 688.042281961327 715
35 687.148436706282 733
36 686.456621680144 751
37 685.921018930082 769
38 685.505997347353 788
39 685.183940406447 806
40 684.93345209871 825
41 684.737895113463 845
42 684.584198853574 864
43 684.461849578751 883
44 684.361937495625 901
45 684.27606280764 919
46 684.194777423663 938
47 684.105205795104 957
48 683.988565353968 975
49 683.823477710059 994
50 683.607558380922 1012
51 683.384382143066 1031
52 683.215039465123 1050
53 683.11753054671 1069
54 683.070225285838 1087
55 683.048350141096 1106
56 683.037640234982 1124
57 683.031749478216 1142

0 36381.9016654615 82
1 32251.0692436793 101
2 23742.4621871703 120
3 13846.0919341835 138
4 8025.64152202644 157
5 5512.47162321199 175
6 4364.23125498006 193
7 3750.74696819716 212
8 3383.4738283522 230
9 3144.67041249347 248
10 2978.95783510304 266
11 2860.00237403232 285
12 2771.97718518129 304
13 2702.8447531078 323
14 2645.26993762572 341
15 2596.07463366041 359
16 2554.70456882531 377
17 2518.4487302684 395
18 2486.60838680202 414
19 2456.26531711139 432
20 2427.17569860012 450
21 2398.91962456268 469
22 2370.70765282317 488
23 2341.8888531795 507
24 2313.47756150982 525
25 2286.61123259235 544
26 2261.38436912065 562
27 2237.66899291033 580
28 2214.70179322282 599
29 2191.75807518609 617
30 2169.16839046557 635
31 2148.23897456288 653
32 2129.32030276158 672
33 2112.68209877886 690
34 2098.44033585781 709
35 2085.61060873323 728
36 2073.50929747162 746
37 2062.97749839231 765
38 2053.96479760736 783
39 2046.24772682908 802
40 2038.93226385882 821
41 2032.76837134051 839
42 2027.41073642599 857
43 2022.58008419836 875
44 2018.17303350032 894
45 2014.15000156777 915
46 2010.43496075224 934
47 2006.75950603441 953
48 2003.43340037988 972
49 2000.31895197073 991
50 1997.27132948767 1009
51 1994.40540008058 1027
52 1991.69619922712 1045
53 1989.15657025897 1063
54 1986.786467279 1081
55 1984.55164520723 1100
56 1982.40867254957 1119
57 1980.29172242859 1138
58 1978.28081268388 1157
59 1976.49558268179 1175
60 1974.95989497282 1193
61 1973.58427800174 1212
62 1972.29345116986 1230
63 1970.93378588318 1248
64 1969.59350636721 1267
65 1968.36198338802 1285
66 1967.25423553969 1304
67 1966.2536846343 1323
68 1965.31957613547 1342
69 1964.39256428837 1361
70 1963.38695466665 1379
71 1962.32927032995 1397
72 1961.27725212273 1416
73 1960.2534219961 1434
74 1959.24040612048 1452
75 1958.30303330348 1471
76 1957.40350368191 1490
77 1956.44645391044 1509
78 1955.52712244321 1527
79 1954.67530868622 1546
80 1953.84437890115 1565
81 1953.00010821168 1583
82 1952.13939465168 1601
83 1951.26727208813 1619
84 1950.37575265274 1638
85 1949.45737260982 1656
86 1948.51401507658 1674
87 1947.5562231844 1693
88 1946.64046357263 1711
89 1945.80286608375 1731
90 1945.03556829333 1749
91 1944.32353754521 1767
92 1943.63988404802 1785
93 1942.92194574679 1804
94 1942.21346280464 1823
95 1941.52391529089 1841
96 1940.84991854099 1860
97 1940.16748920363 1878
98 1939.39898362401 1896
99 1938.53728639277 1915
100 1937.61205254941 1934
101 1936.60510485983 1953
102 1935.5301746348 1971
103 1934.4444249374 1989
104 1933.3743564586 2007
105 1932.2979263456 2026
106 1931.19693261812 2044
107 1930.08740023401 2064
108 1928.99331210181 2083
109 1927.94312662122 2102
110 1926.92171096009 2122
111 1925.82262847493 2142
112 1924.66571758506 2161
113 1923.48862201062 2179
114 1922.28795053636 2198
115 1921.02438720975 2216
116 1919.63995063471 2235
117 1918.07394060966 2253
118 1916.243931451 2271
119 1914.21483737615 2290
120 1911.96102156472 2308
121 1909.38026627644 2329
122 1906.1451465915 2348
123 1902.09025787916 2367
124 1897.28035943115 2386
125 1891.48829964178 2404
126 1884.36677446602 2423
127 1875.6358577388 2441
128 1864.86290235394 2460
129 1852.01080151679 2478
130 1837.72024998973 2497
131 1820.65630119896 2515
132 1800.2792881977 2535
133 1775.77794076057 2555
134 1748.57336111958 2574
135 1717.76126967738 2592
136 1684.82044883158 2610
137 1648.63192976948 2629
138 1608.77514637603 2647
139 1568.11938540241 2665
140 1528.33161813415 2684
141 1488.50635393109 2702
142 1447.36519136057 2720
143 1404.03380317239 2740
144 1359.88008141275 2758
145 1313.03461737025 2777
146 1264.54673306159 2796
147 1212.31347751241 2814
148 1153.93343109524 2833
149 1087.53347854174 2851
150 1016.72902965751 2869
151 948.435092258855 2888
152 891.401717391341 2907
153 847.778792160119 2926
154 815.228286688656 2945
155 791.414020598642 2963
156 773.390241229858 2981
157 760.100621634398 3000
158 750.250861797033 3018
159 741.748205421385 3036
160 734.627945086411 3054
161 729.073351171785 3073
162 724.803854506364 3092
163 721.409346181077 3110
164 718.513314337956 3129
165 715.971361989702 3148
166 713.63480744532 3167
167 710.779464784556 3185
168 707.399099224096 3203
169 704.161338729851 3222
170 701.333809299034 3240
171 698.884017527584 3259
172 696.435880719607 3277
173 693.916017276541 3295
174 691.657867854072 3313
175 689.825660007798 3332
176 688.413194302881 3351
177 687.347387846847 3370
178 686.551965862494 3388
179 685.955371862433 3407
180 685.505018102105 3425
181 685.168819919184 3444
182 684.918878273225 3462
183 684.728477789592 3480
184 684.578035937282 3499
185 684.456576302628 3517
186 684.358901936485 3537
187 684.282291953521 3555
188 684.22433056938 3574
189 684.182082944231 3592
190 684.152232306704 3610
191 684.131567362447 3629
192 684.117368455198 3647
193 684.107549872197 3665
194 684.100616149425 3684
195 684.095536220248 3702

0 36053.0941238761 86
1 31487.2962424827 105
2 22761.5631741827 123
3 13112.2733305114 142
4 7578.32456122011 160
5 4945.30727096249 179
6 3607.65594325789 197
7 2910.49181958935 215
8 2537.69717332146 234
9 2318.20759720111 254
10 2187.34827287705 273
11 2111.87850535587 291
12 2067.90032343377 310
13 2040.20850973017 328
14 2019.15701332816 346
15 2005.09245930457 365
16 1995.66310150165 383
17 1988.52078129727 401
18 1982.69697658528 419
19 1977.73939404346 438
20 1973.4619050504 457
21 1969.81274161213 476
22 1966.7246537246 494
23 1964.09737129806 513
24 1961.83375519093 531
25 1959.85671841516 549
26 1958.10851216946 567
27 1956.54273263792 586
28 1955.11377272644 604
29 1953.78769404498 622
30 1952.55663071942 641
31 1951.41593456291 660
32 1950.35217350754 678
33 1949.29929026543 697
34 1948.26624653624 716
35 1947.2780313173 734
36 1946.31858314645 752
37 1945.37458615446 771
38 1944.44882563057 789
39 1943.55402748907 807
40 1942.68718258085 826
41 1941.82792957377 845
42 1940.95462208723 864
43 1940.05415746429 882
44 1939.13808597711 901
45 1938.19033047787 919
46 1937.19521478871 937
47 1936.1739289448 956
48 1935.15753863382 974
49 1934.15056925264 992
50 1933.17003917501 1011
51 1932.18780226003 1029
52 1931.15687288547 1048
53 1930.05400873376 1067
54 1928.87083811161 1085
55 1927.58818569314 1104
56 1926.16547421106 1122
57 1924.66761465037 1140
58 1923.21860572927 1159
59 1921.76545529667 1177
60 1920.2365409842 1196
61 1918.58740314138 1214
62 1916.7265226553 1232
63 1914.6921310667 1251
64 1912.45745721281 1270
65 1909.97202241545 1289
66 1907.17862627432 1307
67 1903.7183996232 1325
68 1899.14095422934 1344
69 1893.6715947103 1362
70 1886.91139237387 1381
71 1878.31005033285 1399
72 1867.72857746853 1417
73 1855.25752333153 1435
74 1840.87580273486 1454
75 1824.21486104592 1474
76 1804.40363403989 1494
77 1781.15324108271 1513
78 1754.57089370083 1531
79 1724.89165445717 1550
80 1692.16842673367 1568
81 1656.94603954587 1586
82 1617.59550970341 1605
83 1576.89281626135 1623
84 1537.08085226896 1641
85 1497.40380590432 1660
86 1456.8522740003 1679
87 1413.94292270168 1699
88 1370.00924943577 1717
89 1323.86328689256 1736
90 1275.64654280451 1754
91 1224.52540784805 1772
92 1167.49445972558 1790
93 1102.8382890844 1809
94 1033.30365869824 1827
95 963.480142563258 1846
96 903.6441730465 1865
97 857.18185014013 1884
98 821.985886677437 1902
99 796.375714679156 1921
100 777.041944139224 1939
101 762.77389333034 1957
102 752.322057014144 1975
103 743.711737876419 1993
104 736.217523912926 2012
105 730.299188865135 2030
106 725.753974559285 2048
107 722.183281491448 2067
108 719.194159782052 2086
109 716.565250715198 2105
110 714.227052783458 2124
111 711.397760494767 2142
112 708.051205052661 2160
113 704.740876152599 2179
114 701.836542076548 2197
115 699.322771601887 2216
116 696.949319859242 2234
117 694.412300305443 2252
118 692.07677903698 2271
119 690.15377424736 2290
120 688.66242630985 2309
121 687.535125378297 2327
122 686.694614435212 2345
123 686.065852259993 2364
124 685.590110942768 2382
125 685.232893058459 2400
126 684.96717086175 2419
127 684.766004015317 2437
128 684.60813741037 2456
129 684.480970959909 2474
130 684.378385926319 2493
131 684.297368593843 2512
132 684.235557773421 2533
133 684.190148207322 2551
134 684.157869817037 2570
135 684.135448038897 2589
136 684.120035091146 2607
137 684.109405302172 2626
138 684.101943201465 2645
139 684.09652796369 2663

0 35366.8886218463 84
1 29337.0837746132 102
2 20929.0325662259 120
3 15238.1159474698 138
4 12162.0849492448 157
5 10286.2838893368 175
6 8973.87208579416 194
7 7917.42415395459 213
8 6993.23776493699 233
9 6161.95861563623 252
10 5423.14640361218 271
11 4761.69373665984 290
12 4176.00935936496 308
13 3659.82541276319 326
14 3214.59503844533 344
15 2844.39674564354 362
16 2550.7340083587 381
17 2322.76843883443 399
18 2148.26547723827 418
19 2019.01909619682 439
20 1925.55183677104 457
21 1857.69819214727 476
22 1805.68712862119 494
23 1764.16108837908 513
24 1729.59562118723 531
25 1698.63133731095 549
26 1670.00357931893 568
27 1643.10206697201 586
28 1616.65347984541 605
29 1589.57380748926 624
30 1561.91674934161 643
31 1532.93414599215 662
32 1502.4954345385 681
33 1471.47331334232 699
34 1439.17590838845 718
35 1404.66471350421 736
36 1368.76723754939 754
37 1329.95459575933 772
38 1287.6820168065 791
39 1241.88319868542 809
40 1190.84733315872 828
41 1132.67649567018 847
42 1067.33919265954 866
43 998.907661813851 884
44 933.970197419144 903
45 880.376620186552 921
46 839.694736287814 939
47 809.447230645206 957
48 787.011517197767 976
49 770.153229798127 994
50 757.7570234564 1012
51 748.161122156295 1032
52 739.72197772759 1051
53 732.925114811826 1069
54 727.691296734132 1087
55 723.640949940595 1106
56 720.323611460336 1125
57 717.44140959587 1143
58 714.912146739805 1161
59 711.993934770672 1179
60 708.650393879342 1198
61 705.204107010825 1216
62 702.171935009726 1236
63 699.564163429576 1254
64 697.098081732634 1272
65 694.523266881764 1290
66 692.172290377937 1309
67 690.246838277501 1327
68 688.752728867548 1346
69 687.609596490639 1364
70 686.741795383121 1382
71 686.088260956689 1400
72 685.599050787049 1419
73 685.237476445107 1439
74 684.970875102003 1458
75 684.769199315685 1476
76 684.610611401493 1494
77 684.48275384115 1513
78 684.379720029027 1531
79 684.29851745619 1550
80 684.236683337282 1568
81 684.1912904925 1586
82 684.1589901891 1604
83 684.136483145736 1622
84 684.120931417103 1641
85 684.110130907036 1662
86 684.102485396491 1682
87 684.096885767502 1700

0 36727.4458344607 83
1 33684.2981056539 101
2 27256.4663484482 119
3 17871.0523856178 139
4 11410.8611965945 158
5 8094.78737408776 177
6 6231.5850550999 195
7 5151.71679622417 213
8 4464.21468955799 231
9 3983.72011341549 250
10 3626.87978024623 268
11 3361.82715840896 286
12 3156.12578061439 304
13 2993.02809641092 322
14 2859.55031444346 342
15 2748.12638555615 361
16 2652.73086951701 379
17 2571.04956395805 398
18 2498.27211711771 416
19 2435.60877525585 435
20 2381.67649131762 453
21 2335.15364124433 471
22 2294.49979742344 489
23 2258.79868246213 509
24 2227.22703993159 527
25 2199.28604747743 547
26 2174.57016512272 565
27 2152.59074544019 584
28 2132.78489299431 602
29 2115.10824794066 620
30 2099.30860285377 639
31 2085.0877820929 657
32 2072.47902943374 676
33 2061.33893711208 694
34 2051.36350314704 712
35 2042.45629134545 731
36 2034.54840446977 750
37 2027.50755565418 769
38 2021.32000493068 788
39 2015.80421218829 806
40 2010.71566975585 824
41 2005.89651702738 843
42 2001.37712930188 861
43 1997.37696976718 879
44 1993.8801998133 898
45 1990.79188999314 916
46 1988.01433600131 934
47 1985.49465262952 954
48 1983.21767618443 973
49 1981.14945083242 991
50 1979.19099499831 1009
51 1977.34973364016 1028
52 1975.60984506478 1046
53 1973.95213717716 1065
54 1972.37038626532 1083
55 1970.75941077365 1101
56 1969.25580450339 1119
57 1967.83474930394 1138
58 1966.49436061409 1157
59 1965.21292311831 1176
60 1963.92328627204 1194
61 1962.59684088348 1212
62 1961.29164303473 1230
63 1960.10325561941 1249
64 1959.04713638255 1268
65 1958.00194270739 1286
66 1956.98737837622 1304
67 1956.06331980552 1323
68 1955.17779491822 1343
69 1954.25768672949 1362
70 1953.2980231775 1382
71 1952.3707038146 1402
72 1951.51050363831 1421
73 1950.70369082439 1439
74 1949.92137547208 1457
75 1949.14358158942 1475
76 1948.3608657888 1494
77 1947.58178392813 1512
78 1946.80990724712 1532
79 1946.00201266505 1551
80 1945.24850242901 1570
81 1944.53960926732 1589
82 1943.84386891072 1608
83 1943.08441832505 1626
84 1942.36551771535 1645
85 1941.67664872617 1663
86 1941.01670058173 1681
87 1940.36202093933 1700
88 1939.65333897319 1718
89 1938.87283573553 1737
90 1938.05469633123 1756
91 1937.18504747657 1774
92 1936.27110389451 1793
93 1935.35639999104 1811
94 1934.4519831983 1830
95 1933.5262358355 1848
96 1932.53933977859 1866
97 1931.51634462705 1885
98 1930.48961107328 1903
99 1929.47439902591 1922
100 1928.49015096603 1940
101 1927.50368364953 1959
102 1926.41786675032 1978
103 1925.30722925403 1996
104 1924.18175002639 2015
105 1923.03262282334 2033
106 1921.82464224812 2051
107 1920.50876283787 2069
108 1919.03498667563 2088
109 1917.31252004594 2106
110 1915.33012094454 2124
111 1913.08943026409 2143
112 1910.54248350953 2162
113 1907.45392463649 2181
114 1903.53528440239 2199
115 1898.89747054686 2218
116 1893.27375870981 2236
117 1886.17597268979 2254
118 1877.54695500478 2272
119 1867.10757411877 2290
120 1854.88325597323 2309
121 1840.94469453261 2327
122 1824.39736282574 2345
123 1804.92689139484 2365
124 1781.3828075805 2384
125 1755.03479272243 2402
126 1725.04101960449 2421
127 1693.25448296699 2439
128 1658.67279916427 2458
129 1620.57632132127 2476
130 1580.97269551548 2494
131 1541.94008858386 2513
132 1502.93471962756 2531
133 1463.14723450175 2550
134 1421.03606814267 2569
135 1377.53737821502 2588
136 1332.28767700714 2607
137 1284.48482868019 2625
138 1234.40756462695 2643
139 1178.49018277623 2661
140 1115.4617578785 2680
141 1046.11019438 2698
142 975.985521480744 2716
143 913.741007894647 2735
144 865.008666410425 2753
145 828.41114754336 2772
146 801.267840549583 2792
147 781.006223216453 2811
148 765.748211554156 2831
149 754.487545549433 2851
150 745.700692003051 2869
151 737.833502213355 2887
152 731.572888144475 2905
153 726.746207228694 2924
154 722.988788830553 2942
155 719.908935104637 2960
156 717.212388781073 2979
157 714.865810730162 2999
158 712.542031059283 3018
159 709.442648077289 3036
160 706.121587654055 3054
161 703.082961941398 3072
162 700.413797995199 3091
163 698.03460135231 3109
164 695.486960773297 3127
165 693.037168422618 3146
166 690.921904613621 3165
167 689.234452410621 3184
168 687.950736572474 3203
169 686.996626179471 3221
170 686.289964814667 3240
171 685.758659194151 3258
172 685.35808288402 3276
173 685.059843984773 3294
174 684.836571537099 3312
175 684.664006512355 3331
176 684.526140006024 3349
177 684.414674618712 3367
178 684.325725601581 3387
179 684.256882191478 3405
180 684.205572342462 3423
181 684.168675235047 3441
182 684.142864018839 3460
183 684.125090861847 3479
184 684.112881594049 3497
185 684.104394450597 3515
186 684.09833350544 3533

0 35926.0987237279 84
1 30833.9048953135 103
2 21739.3522131416 121
3 13535.1047478743 140
4 9334.56529938376 158
5 7065.24414708209 176
6 5474.69546838963 195
7 4253.56866370927 213
8 3293.48795615658 232
9 2555.24030795741 251
10 2008.75506906234 269
11 1596.81787491644 289
12 1272.97347494557 307
13 1043.03500916234 325
14 907.00161922496 343
15 832.612738731605 362
16 787.885564005822 380
17 758.502565207305 398
18 738.98578938011 417
19 725.288393991116 435
20 714.816256301901 454
21 707.100906961308 473
22 701.236675596402 492
23 696.729884424491 510
24 693.345550327013 528
25 690.850561546533 547
26 689.011086913437 565
27 687.620018509745 584
28 686.518074214815 602
29 685.626408473946 621
30 684.935200101697 639
31 684.434231062292 658
32 684.081086460416 678
33 683.827824478924 698
34 683.640628638787 716
35 683.499077797402 734
36 683.39064735696 752
37 683.30703803765 771
38 683.242354758006 789
39 683.192227614888 808
40 683.153344220543 826
41 683.123165716898 844
42 683.099735124224 865
43 683.081539416755 883
44 683.067406787451 902
45 683.056428743441 921
46 683.047900464783 939
47 683.04127489965 957

0 36455.1663167792 84
1 32771.8709926625 103
2 24521.1652130746 122
3 14282.5590026089 141
4 8715.35331910454 159
5 6136.81237527784 177
6 4656.84940160309 195
7 3652.21860022217 214
8 2909.19765515491 232
9 2356.17748572405 251
10 1969.64238851754 269
11 1701.9044894981 287
12 1519.26513682848 306
13 1394.69965261885 325
14 1302.87538689791 344
15 1225.30559262367 362
16 1150.88018901093 381
17 1076.39756114401 399
18 1003.22446340588 417
19 937.552469654347 435
20 884.884147784074 454
21 844.512024559992 472
22 814.282603927689 490
23 790.78727716633 509
24 773.196074337714 529
25 759.333862842962 547
26 747.915157404768 565
27 738.690792628174 585
28 731.257721381995 603
29 724.659487245271 622
30 719.160025854604 640
31 714.483912099036 658
32 710.365532944862 677
33 706.730224466383 695
34 703.329956917511 714
35 700.526521950656 733
36 698.379446362437 752
37 696.453388301002 771
38 694.386488574281 789
39 692.382706708901 807
40 690.644593164066 826
41 689.207204580009 845
42 688.032287197063 863
43 687.075541803152 881
44 686.321245546284 899
45 685.757999124837 919
46 685.352632965285 937
47 685.059367999232 956
48 684.838682383732 974
49 684.665216967946 993
50 684.525619167595 1011
51 684.413507384594 1029
52 684.325379027614 1048
53 684.258219302947 1066
54 684.20862233454 1084
55 684.17290276826 1103
56 684.147557891921 1122
57 684.129631889043 1142
58 684.11684333851 1162
59 684.107532506125 1180
60 684.100529216322 1198
61 684.095011390528 1217

0 35707.8722262472 83
1 29559.7591128072 102
2 19593.2172426061 121
3 12873.2757394845 141
4 9622.56977105345 160
5 7618.76602268891 178
6 6083.03915546781 196
7 4863.51195711349 214
8 3975.70927997852 233
9 3369.57995871096 251
10 2952.05966659655 269
11 2653.80051960805 288
12 2428.84021419797 307
13 2251.91379917121 326
14 2109.69875270144 345
15 1992.34916523108 363
16 1892.17238957569 382
17 1804.95845410402 400
18 1727.59353229581 418
19 1657.98468320433 436
20 1594.90277827202 455
21 1536.37547824607 473
22 1480.2048479142 492
23 1424.91401231746 511
24 1369.69214138664 529
25 1313.83647376966 548
26 1255.20972267648 567
27 1192.42094847534 585
28 1123.78415570309 603
29 1050.59580559339 622
30 978.96331377799 640
31 917.350249508896 658
32 868.586103132951 677
33 831.923352343986 696
34 804.323063616328 715
35 783.558348956192 734
36 766.942223636681 752
37 752.678038050395 771
38 740.699930499512 789
39 731.391015062189 808
40 724.018764863078 826
41 717.554572819745 844
42 712.204994093298 863
43 707.494168629142 881
44 703.497231019048 900
45 700.118154358898 919
46 696.895268633761 938
47 693.927035518108 957
48 691.413802164006 975
49 689.403152170578 993
50 687.866960151149 1012
51 686.697903070198 1031
52 685.774488044113 1049
53 685.026574445732 1067
54 684.442226167444 1085
55 684.019280810737 1103
56 683.730058088074 1123
57 683.534239077144 1141
58 683.398740259938 1160
59 683.302216348236 1179
60 683.231827814955 1197
61 683.179688470218 1215
62 683.140685134213 1234
63 683.111325551446 1252
64 683.08913307804 1270
65 683.072308452325 1289
66 683.059524827297 1307
67 683.049794412951 1327
68 683.042377171987 1346
69 683.036716195013 1365

0 36440.3944875581 83
1 33113.6097301284 102
2 27162.8051110064 120
3 18904.8537183471 138
4 12553.7220948799 158
5 9067.46854077826 177
6 6990.69357314896 197
7 5545.6070416705 215
8 4470.64965597146 233
9 3640.6840492566 251
10 3005.94819123471 270
11 2560.46584393913 288
12 2257.57139306918 306
13 2050.85750157492 325
14 1907.705204796 343
15 1804.9559520888 362
16 1728.31451374137 380
17 1667.01606215442 399
18 1614.57251904734 417
19 1567.50867565469 436
20 1524.22882190019 454
21 1482.8127837934 472
22 1442.30411187307 490
23 1400.67499638993 508
24 1357.45450266504 526
25 1311.49640251785 545
26 1262.76963439474 565
27 1209.39210432271 584
28 1149.92359933537 602
29 1084.64127837297 620
30 1015.54117941573 639
31 949.049090606396 657
32 893.291801692018 676
33 849.425955308734 694
34 816.547252708727 713
35 792.145051034007 731
36 774.397741455846 750
37 760.861656298 769
38 749.591928676853 787
39 740.363117576071 806
40 733.200973376312 824
41 727.708377521865 843
42 723.227231618209 861
43 719.387512694073 880
44 715.772032863936 898
45 712.071309297254 917
46 708.091552344028 935
47 704.358628509217 953
48 701.248145855506 973
49 698.471184483369 992
50 695.675315969318 1010
51 693.133090018782 1028
52 691.081887042654 1047
53 689.499455591738 1065
54 688.25543976801 1083
55 687.249263271957 1101
56 686.44780022494 1119
57 685.843617260513 1137
58 685.408975284063 1156
59 685.09750240187 1175
60 684.866065231826 1194
61 684.68596619682 1214
62 684.541768413007 1232
63 684.42605067626 1250
64 684.334906735001 1268
65 684.265230259482 1287
66 684.213617744074 1306
67 684.176367514084 1324
68 684.14991606908 1342
69 684.131220816823 1360
70 684.117912556149 1380
71 684.108257770158 1399
72 684.101030891417 1419
73 684.095371239645 1437

