0 46144.443604667 122
1 41956.4007414647 146
2 34386.0784176144 171
3 24928.4927699883 196
4 18016.0602048599 220
5 14028.7107445161 244
6 11590.4117186281 269
7 9969.40291110367 293
8 8749.18885816017 317
9 7771.10296626389 341
10 6956.22857000718 366
11 6248.88074922113 392
12 5607.99586387452 417
13 4997.62340283271 441
14 4384.88009818681 465
15 3766.27711373908 490
16 3145.12492741443 514
17 2516.39859048427 539
18 1934.17490327199 565
19 1469.92118327411 590
20 1121.05023600376 615
21 868.19357058789 639
22 687.603610755823 664
23 561.87976929094 688
24 479.621892199223 713
25 430.28448766017 737
26 404.08305473429 763
27 391.517386378974 787
28 384.759284757164 812
29 380.778547293387 836
30 378.340567473005 861
31 376.82387075298 886
32 375.873453779467 912
33 375.275416915684 937
34 374.898017076218 962
35 374.659292022643 987
36 374.507971413137 1012
37 374.411869315069 1038
38 374.350725096695 1062
39 374.311755192841 1086
40 374.286876707791 1111
41 374.270968850598 1135
42 374.260781360963 1160
43 374.254247551085 1185
44 374.250051054795 1210
45 374.247352033021 1235

0 46044.2583178849 120
1 41346.5200079986 146
2 31495.2052528157 171
3 20076.6899396118 195
4 12845.3515589431 219
5 8843.90527118442 243
6 6408.06497924913 268
7 4872.92514042683 292
8 3881.8692614179 316
9 3196.2544389432 341
10 2672.59414920404 367
11 2240.43021795249 392
12 1868.51955973095 416
13 1546.8126612186 441
14 1265.26937668296 466
15 1019.59413066149 490
16 818.758071220127 514
17 666.149820429839 538
18 549.61565751186 565
19 465.350613752617 591
20 411.7079628381 615
21 386.265389178134 639
22 378.482318727097 664
23 376.096503353802 688
24 375.205605932172 712
25 374.798307732437 736
26 374.580963245637 761
27 374.454109257071 788
28 374.376636473442 813
29 374.328226859165 837
30 374.29759449261 861
31 374.278057559756 886
32 374.265526499059 911
33 374.25745273072 935
34 374.252230740635 959
35 374.248841690145 984

0 46593.6486407721 120
1 41907.2636030148 145
2 32013.2070659931 169
3 20498.9971008201 194
4 14039.6910790908 219
5 10996.1797892964 244
6 9469.4091929581 268
7 8645.96888797667 292
8 8150.96570206276 316
9 7826.67294157655 341
10 7598.4665898241 366
11 7418.52155453807 392
12 7270.67658819405 417
13 7141.13384374457 442
14 7019.37257424473 468
15 6900.71662070009 492
16 6782.57021235793 517
17 6663.46134609517 541
18 6538.10693140071 565
19 6402.08018422034 590
20 6249.60004052512 616
21 6075.11998347038 640
22 5873.89398867894 664
23 5637.62403983713 689
24 5357.96477990214 714
25 5026.20837049883 738
26 4628.47822963649 763
27 4173.06447746139 787
28 3662.88815574534 813
29 3140.5522019719 838
30 2648.48302287543 862
31 2205.84575025418 886
32 1817.61807574705 910
33 1474.31925922957 935
34 1179.87753308147 959
35 940.671560760036 983
36 756.95919358905 1009
37 617.008322282471 1036
38 514.854433299211 1060
39 451.30849784984 1085
40 413.466836078446 1109
41 394.008325919399 1133
42 384.886559726364 1157
43 380.4392917926 1181
44 378.050330122008 1207
45 376.665882689751 1232
46 375.814320815335 1256
47 375.271623915539 1281
48 374.919687702278 1305
49 374.689430535769 1330
50 374.538025817817 1355
51 374.438159844528 1379
52 374.3721533488 1405
53 374.328464938483 1430
54 374.299519737705 1455
55 374.2803286477 1479
56 374.267597805429 1503
57 374.259148970241 1528
58 374.253539991444 1552
59 374.249815264917 1576

0 45213.1907293435 121
1 39486.0051449566 145
2 29489.2854247099 169
3 19074.2002242898 193
4 13067.7704612939 218
5 10390.3438166411 243
6 9033.85538974583 268
7 8256.53632436536 292
8 7749.59552563234 316
9 7391.98650573516 340
10 7109.79125972266 364
11 6873.75163983302 389
12 6661.76395473671 413
13 6462.71295210549 439
14 6263.67958221669 463
15 6052.46491710268 487
16 5822.58594071337 511
17 5569.49147754731 535
18 5287.70167424513 559
19 4976.34637963726 583
20 4635.64729903937 607
21 4265.84301820648 632
22 3876.78597934852 657
23 3473.96688109023 681
24 3068.68177242688 706
25 2672.23075188226 730
26 2293.66743463756 754
27 1940.50288297159 778
28 1612.70838843457 803
29 1311.00686709667 828
30 1053.80062446501 857
31 845.571860921971 883
32 676.248523781216 908
33 548.556218250117 932
34 463.779413464136 957
35 412.869729202555 982
36 389.614055992691 1007
37 381.420181506646 1032
38 378.246403117067 1058
39 376.668238477508 1083
40 375.759758197818 1108
41 375.204618726853 1132
42 374.856848553628 1156
43 374.636392620783 1181
44 374.495732805312 1205
45 374.405622191141 1229
46 374.34773301282 1255
47 374.310465904761 1280
48 374.286435168212 1305
49 374.270918813529 1329
50 374.26088887906 1354
51 374.25439924974 1378
52 374.250196841729 1402
53 374.247473594019 1426

0 45860.0169758053 121
1 39735.4596476923 145
2 28381.0145176399 169
3 18412.7656845687 193
4 13484.9531047587 218
5 11099.2609961415 243
6 9734.83448137477 268
7 8894.17037009263 292
8 8368.79628218063 316
9 8037.64782586488 340
10 7816.3002905021 365
11 7661.64349559247 389
12 7546.28286440267 414
13 7453.41448143933 440
14 7374.37803870101 464
15 7302.74646656535 488
16 7234.83155250384 513
17 7166.76957170757 537
18 7097.15465977478 561
19 7023.66940952584 585
20 6941.53454546396 609
21 6849.77779151241 634
22 6746.6402834856 659
23 6628.24207504165 683
24 6494.35693265875 707
25 6341.44379232731 731
26 6164.58108991978 756
27 5961.94284182577 780
28 5728.69667744568 804
29 5461.46327993724 830
30 5163.07814315089 855
31 4829.69163597871 881
32 4461.20787003434 905
33 4058.69872533638 930
34 3628.65773149518 954
35 3180.59634711183 978
36 2736.05590318971 1002
37 2308.22483491528 1028
38 1921.43445976553 1053
39 1577.2786014908 1078
40 1280.37011142973 1103
41 1030.59749189515 1127
42 832.040369234897 1152
43 675.568315801673 1176
44 559.810656898921 1200
45 484.23356214345 1225
46 438.476874929265 1250
47 410.648099890914 1275
48 394.706174782666 1299
49 385.830385364532 1324
50 381.229521886642 1349
51 378.552551360671 1373
52 376.937513504346 1399
53 375.952761523619 1424
54 375.341671085691 1450
55 374.955350033321 1475
56 374.707628109517 1500
57 374.547241024542 1525
58 374.442730143442 1549
59 374.37433078751 1573
60 374.329427076146 1598
61 374.299881571393 1622
62 374.280408308584 1648
63 374.267556660558 1673
64 374.259066115125 1698
65 374.253451941128 1722
66 374.249737025942 1747

0 46466.5105488617 122
1 42967.4478270619 146
2 36935.9810655092 171
3 28265.410083861 195
4 19003.2443960207 220
5 12341.0651463349 244
6 8227.54150871648 268
7 5624.1429370961 293
8 3894.23698013061 319
9 2690.53296206706 343
10 1834.04077168908 367
11 1248.31628133279 392
12 882.714503993187 416
13 660.854856109909 440
14 529.760255640996 464
15 458.64029237293 488
16 421.486006107823 515
17 401.89892305243 541
18 391.059946835808 566
19 384.71751909681 590
20 380.858417680072 615
21 378.456013645648 640
22 376.940452226583 665
23 375.976479505442 690
24 375.359988067094 716
25 374.964193135119 741
26 374.709354642137 765
27 374.544906972973 790
28 374.438600050866 815
29 374.369778455356 839
30 374.32517053965 864
31 374.296227596039 889
32 374.277432081742 914
33 374.26521699929 939
34 374.257273192929 963
35 374.252104062432 989
36 374.248738675314 1014

0 45731.991345763 120
1 40016.9481822809 145
2 29505.9752282533 169
3 20175.7893804442 194
4 15889.5641262053 218
5 13904.2143763082 243
6 12743.9928802309 267
7 11958.4235383221 291
8 11333.7328368087 316
9 10772.9411426635 341
10 10230.6407665709 365
11 9674.93742622123 390
12 9079.58273377103 414
13 8423.60932021227 438
14 7684.72068656916 463
15 6861.61121960053 487
16 5970.76907130045 513
17 5075.40591970486 538
18 4255.0903683227 562
19 3527.92625303629 587
20 2868.20523035449 611
21 2264.10393302616 635
22 1709.52461599698 660
23 1234.31337683047 684
24 873.793822324639 709
25 644.905830752588 734
26 504.942798398941 759
27 432.47005861864 783
28 401.983898626748 808
29 389.008294382066 833
30 382.745511848697 857
31 379.348083272255 882
32 377.375100368182 907
33 376.188389200474 934
34 375.460918300959 959
35 375.009793565245 984
36 374.727833418112 1008
37 374.550576024759 1032
38 374.438632179404 1057
39 374.367673238042 1081
40 374.322554060481 1106
41 374.293789028462 1131
42 374.275408181186 1157
43 374.263639114954 1182
44 374.25609000234 1206
45 374.251239958685 1230
46 374.248119471714 1254

0 45838.6208108605 122
1 41821.062678121 146
2 34921.6278950234 171
3 25775.574783384 195
4 18158.0497434083 219
5 13106.1519194235 243
6 9641.38673757233 269
7 7128.02956847392 293
8 5217.08247274913 319
9 3788.57859734562 343
10 2732.76631050384 367
11 1967.21419258942 392
12 1431.11843304971 416
13 1076.72978400439 441
14 842.659746053434 466
15 685.871456386453 491
16 580.21953459849 516
17 510.719683005889 542
18 460.635073220796 566
19 425.638663335609 590
20 402.587641583718 614
21 389.144904111537 638
22 382.015068531038 663
23 378.45108677773 688
24 376.639330025351 712
25 375.665885183327 736
26 375.113343573655 761
27 374.78622279792 785
28 374.586704859963 810
29 374.462476622026 834
30 374.384010542461 858
31 374.333950460014 883
32 374.301787246622 909
33 374.281019356284 934
34 374.267561728459 958
35 374.258818877099 983
36 374.25312849821 1007
37 374.249419828686 1031

0 46014.0421090853 123
1 41338.6517658459 147
2 32952.9765670343 172
3 22593.1576950819 196
4 15133.9173390859 220
5 10934.3761989232 249
6 8195.31408584336 280
7 6200.17531002445 305
8 4690.10952915021 330
9 3518.8013738525 354
10 2611.15300978402 378
11 1929.66518448588 403
12 1429.05731910397 428
13 1064.58502102715 453
14 803.084675420892 478
15 635.130241918788 502
16 536.141291778475 527
17 471.297561508175 551
18 427.552452516126 575
19 403.010299919802 599
20 390.140334860633 624
21 383.370278245196 649
22 379.667529752245 674
23 377.552929770736 698
24 376.302125690123 723
25 375.542089838477 747
26 375.07069405335 772
27 374.773847734042 796
28 374.584913984492 820
29 374.463807194678 845
30 374.38582378964 871
31 374.335461771283 895
32 374.302872901476 919
33 374.281752461183 943
34 374.268045994378 968
35 374.259139294301 992
36 374.253343971856 1016
37 374.24956817013 1040
38 374.24710494113 1066

0 46456.2363159862 119
1 42902.021277798 143
2 36618.9920916944 168
3 28420.4465347718 193
4 21777.0503736077 218
5 17347.9744531162 242
6 13739.312682773 266
7 10293.4795768063 291
8 7341.01317879806 316
9 5106.01843307601 341
10 3528.05815773647 366
11 2449.21825100875 391
12 1707.18979764365 417
13 1203.08690400675 443
14 882.460536743503 467
15 687.78527289249 492
16 567.260113807366 516
17 490.661216206869 540
18 444.582208366476 564
19 415.845219247613 589
20 397.19149299415 614
21 386.732274184137 640
22 381.031912245676 664
23 377.754921744579 689
24 376.038922682876 713
25 375.193790208719 738
26 374.771117634239 762
27 374.550057534003 787
28 374.427358777693 812
29 374.355646046988 837
30 374.312356277107 862
31 374.285791167496 886
32 374.269371204183 911
33 374.259193225704 935
34 374.252876902267 960
35 374.248953539407 984
36 374.246513621513 1009

0 46650.7733175821 119
1 42630.1170224204 143
2 35109.5284552829 168
3 25300.9226375662 193
4 17801.1414382386 218
5 13088.833787983 242
6 10109.4423452498 267
7 8004.80749272094 291
8 6314.42058246059 316
9 4863.23952935059 340
10 3675.01222667578 365
11 2732.12236032548 390
12 2010.44104659615 415
13 1462.48021498265 440
14 1077.06918250117 464
15 819.27996593339 489
16 653.006320078962 513
17 546.067083621609 538
18 474.261501456982 563
19 432.067746819577 587
20 408.198601716434 613
21 394.96603293726 638
22 387.39902196811 664
23 382.806517011544 688
24 379.883585583305 713
25 377.97970499022 737
26 376.726241045605 762
27 375.896035199939 787
28 375.344104091353 813
29 374.976396474799 839
30 374.731217260952 865
31 374.567746883282 889
32 374.458817832529 914
33 374.386289755225 938
34 374.338036414156 962
35 374.305954422223 986
36 374.284634577455 1013
37 374.27047098747 1038
38 374.261062981931 1062
39 374.254813977031 1087
40 374.250662976845 1111
41 374.247905259898 1135

0 45985.5247712931 122
1 40637.5172213464 147
2 31105.9043224209 170
3 20515.4241805255 195
4 13882.9319388911 219
5 10523.2311357542 244
6 8784.91802664033 269
7 7810.34535211903 294
8 7197.06455138964 319
9 6762.22876240161 343
10 6413.20063656061 368
11 6094.49484426662 392
12 5792.10477144586 415
13 5488.8691792406 439
14 5173.98739362756 464
15 4840.81998124746 489
16 4488.96188360439 513
17 4123.17186024928 538
18 3746.44800888761 562
19 3371.56838750321 586
20 2999.54656579285 610
21 2633.0262405439 634
22 2283.75439154109 659
23 1952.46044006882 685
24 1646.52674942783 709
25 1371.63556567117 734
26 1128.63957885157 758
27 928.566512498079 782
28 768.96066119722 806
29 642.51593321103 830
30 545.257946936108 855
31 473.548813796802 880
32 426.495922117398 904
33 401.165652660544 929
34 389.420771526442 953
35 383.325091409899 977
36 379.717953728108 1002
37 377.593859973237 1026
38 376.322379462306 1052
39 375.546534694122 1076
40 375.066185732558 1102
41 374.765619047738 1128
42 374.576091256818 1153
43 374.4558997771 1178
44 374.3793509739 1202
45 374.330434971975 1226
46 374.299093431033 1251
47 374.27896834725 1275
48 374.266021966777 1301
49 374.257680657323 1326
50 374.25229916856 1350
51 374.248823181797 1374

0 46515.6036192461 120
1 42037.5579453013 144
2 34104.8756521761 168
3 25717.1538473924 192
4 20244.8415911335 217
5 16700.40084182 241
6 13996.5306833552 266
7 11800.4806365533 291
8 9967.8817295837 316
9 8420.2004471927 341
10 7075.55972000568 366
11 5902.99797410691 390
12 4892.56401847633 414
13 4027.96385305359 438
14 3285.00919513092 462
15 2645.19702546718 487
16 2093.59061651058 511
17 1626.90649698391 537
18 1250.84990266391 562
19 966.377225880562 587
20 764.682320569721 611
21 626.063510624662 635
22 532.537967054428 660
23 472.079477920264 684
24 433.805257516084 709
25 410.830707939764 734
26 396.953125576542 759
27 388.474312056705 783
28 383.225808124704 808
29 379.944551257191 832
30 377.87846243865 856
31 376.570149880256 881
32 375.737714416378 906
33 375.205858705311 931
34 374.864811190461 955
35 374.645421012044 980
36 374.503897180271 1004
37 374.412379682051 1028
38 374.353071621601 1053
39 374.314563762694 1077
40 374.289518952861 1107
41 374.273205770562 1133
42 374.262565731217 1159
43 374.255617540231 1183
44 374.251075274934 1207
45 374.248102921815 1232

0 46332.7455655279 122
1 42436.3056263599 147
2 34404.8450960302 171
3 22933.184186105 195
4 14370.9921270235 219
5 9960.94107086692 244
6 7637.49753042093 268
7 6150.40663763223 293
8 5053.37620780107 317
9 4155.86623618439 342
10 3387.88467186903 366
11 2727.32418497499 391
12 2154.9639843996 415
13 1661.90530099404 440
14 1245.20023767181 465
15 918.717011274563 491
16 696.769268592831 516
17 559.888217295261 541
18 473.500060220633 566
19 423.338709245145 590
20 399.006829852074 615
21 387.583913991393 639
22 381.919987456078 663
23 378.775592368085 688
24 377.00759426906 713
25 375.970020505745 739
26 375.335716548949 764
27 374.939332709429 788
28 374.688826024443 813
29 374.529432254011 838
30 374.427519859261 863
31 374.362109703228 887
32 374.319993355293 913
33 374.292800862144 938
34 374.275201721091 963
35 374.263787173271 987
36 374.256369770807 1012
37 374.251541550779 1036
38 374.248393859077 1061

0 46564.6323398387 121
1 43181.1883966537 145
2 36388.6138249692 169
3 25464.2174606049 194
4 14927.8490920798 218
5 8132.84061196383 242
6 4315.63315727005 270
7 2301.94711056245 295
8 1261.28511501501 320
9 775.093692723492 344
10 557.997560365724 369
11 459.735587073972 393
12 415.372035291567 418
13 395.151821085047 442
14 385.43016405085 468
15 380.483650360765 494
16 377.845282992955 518
17 376.381785656018 543
18 375.542573792149 567
19 375.047584740055 592
20 374.748635905558 618
21 374.56452242382 642
22 374.449317082304 667
23 374.376305443908 692
24 374.329563684855 717
25 374.299399969402 741
26 374.279811908838 765
27 374.267028649043 790
28 374.258653750893 815
29 374.253150103779 839
30 374.249524508678 865

0 45926.2613947583 121
1 41327.3673586473 145
2 31990.8049953492 169
3 20647.9572279592 194
4 13126.0114171175 219
5 8773.55551779293 244
6 6121.02475466961 268
7 4400.78242858398 292
8 3201.50713105467 317
9 2329.60740039004 341
10 1664.53959596084 365
11 1180.80315083459 390
12 859.370458616544 415
13 651.90838465583 439
14 528.697727297404 464
15 458.817877131416 488
16 419.394669586982 513
17 399.217497730168 537
18 388.648560954775 562
19 382.794225385485 586
20 379.410005198596 612
21 377.399739138363 636
22 376.185608840172 662
23 375.444636923702 686
24 374.989249795395 711
25 374.707937308676 735
26 374.533450118794 760
27 374.424851615542 785
28 374.35705832179 812
29 374.314623394357 837
30 374.287995460359 863
31 374.271247860534 888
32 374.260691692006 913
33 374.254024453212 937
34 374.249805290667 961
35 374.247130392479 986

0 45792.2036890617 122
1 39491.1098873346 147
2 26891.9826611833 171
3 14094.2275151033 196
4 7382.72917661883 221
5 4199.45248677766 246
6 2543.71859110969 271
7 1612.17542421917 296
8 1081.86052552605 320
9 772.776118987317 344
10 596.326507118195 369
11 495.334121335579 393
12 440.939586171655 418
13 412.21659338938 443
14 396.273339039213 468
15 387.181780977252 493
16 381.965908086004 517
17 378.929556812729 542
18 377.127173979716 567
19 376.037912509841 593
20 375.369961900397 618
21 374.955625475579 643
22 374.696240126143 668
23 374.532641305413 692
24 374.428814635187 716
25 374.36257554521 741
26 374.320126381975 767
27 374.292817130432 792
28 374.275188447104 817
29 374.263774952711 842
30 374.256366060698 867
31 374.251545546784 891
32 374.248402675292 916

0 46178.2158117495 121
1 40410.9293479057 145
2 29331.8544482603 190
3 19021.528761459 214
4 12311.5367585734 239
5 7566.18465917978 263
6 4415.36373544614 288
7 2516.77874339361 313
8 1471.08110973972 339
9 949.980924097633 365
10 682.705054291978 390
11 539.398596910071 414
12 464.45347925926 438
13 422.965273988789 462
14 400.678899563262 486
15 389.165978574957 510
16 383.078520932341 536
17 379.666073884 561
18 377.648188551604 586
19 376.411505451731 610
20 375.636574354348 635
21 375.144116522813 660
22 374.828237606131 684
23 374.624303358761 708
24 374.492018056899 734
25 374.405901688416 759
26 374.349683884582 783
27 374.312901682288 808
28 374.288791329446 833
29 374.272962795911 857
30 374.262557658812 881
31 374.25570996302 906
32 374.251199041521 931
33 374.248224937198 956

0 46216.7511373997 120
1 42771.9563638399 144
2 36353.2672241453 169
3 27412.8126635797 194
4 19781.5462202376 218
5 14442.5485717204 242
6 10468.9340233901 266
7 7504.32424951662 291
8 5331.73303207523 315
9 3777.61816456799 339
10 2675.93826979181 363
11 1905.09441495769 389
12 1365.22857196868 414
13 992.353969895147 438
14 747.481828077696 463
15 591.204582406879 487
16 494.964824677092 511
17 442.235966365879 535
18 413.161835931346 559
19 397.192701995752 585
20 388.213830395416 610
21 382.94557689775 636
22 379.742297722179 660
23 377.749092824446 685
24 376.491158548139 710
25 375.690150644716 734
26 375.177076733799 759
27 374.847083872861 784
28 374.634213134986 811
29 374.496592007998 836
30 374.40747027421 862
31 374.349680930809 887
32 374.312170070248 911
33 374.287802009773 935
34 374.271961450663 960
35 374.261658723624 985
36 374.254954875749 1010
37 374.250591192309 1034
38 374.247749919144 1059

0 45775.0007510329 121
1 41592.1239633226 146
2 34455.5719776757 171
3 24924.9315495941 195
4 17453.8166230928 219
5 13499.6272406283 244
6 11428.0030569232 267
7 10155.420000352 292
8 9263.18101666856 317
9 8580.74245860827 342
10 8027.6732018061 367
11 7559.27021645777 391
12 7144.12396777796 415
13 6766.13019148801 439
14 6412.89992733549 463
15 6066.42032549815 488
16 5714.98979610259 512
17 5350.70241883173 537
18 4969.51625015703 562
19 4568.34548166391 587
20 4148.3880904925 611
21 3707.98459053078 636
22 3252.16407238586 660
23 2794.16928123005 685
24 2339.56282302986 710
25 1913.63336235402 735
26 1525.89994032121 760
27 1174.18277342879 785
28 870.638552441737 809
29 655.918266352482 834
30 529.063754908562 858
31 457.766060846469 882
32 420.804404633044 907
33 401.491230678751 932
34 390.748071163279 958
35 384.44381906461 982
36 380.621917043398 1006
37 378.261766758471 1031
38 376.788102296651 1055
39 375.861206139683 1079
40 375.275115103386 1104
41 374.902993224619 1128
42 374.665934339354 1155
43 374.514493538299 1181
44 374.417516081307 1206
45 374.355285244379 1230
46 374.315277762916 1255
47 374.289515043023 1279
48 374.272900564904 1304
49 374.26217135982 1328
50 374.255234150525 1353
51 374.250743634104 1379
52 374.247833817169 1403

0 46853.8256723222 120
1 42930.4648547288 145
2 35461.7691213283 170
3 25143.9940214909 195
4 16719.2193137988 219
5 11462.1519881295 243
6 8029.08868230433 267
7 5449.63880318124 292
8 3587.37596309775 316
9 2362.94324671914 341
10 1583.56484156741 366
11 1106.75672592315 390
12 821.043232046148 414
13 648.784865274706 438
14 544.673630181996 462
15 481.659176366619 487
16 442.365986048199 512
17 417.5613802587 537
18 401.934297655254 562
19 392.048551765915 586
20 385.741994730213 611
21 381.69027898495 636
22 379.075024607694 661
23 377.381993300092 685
24 376.283899438524 709
25 375.570760822443 733
26 375.107194945774 758
27 374.805648571155 783
28 374.609385848315 808
29 374.481589447581 832
30 374.398343116509 858
31 374.34409882994 882
32 374.308742466478 907
33 374.285691347788 931
34 374.270659367589 956
35 374.260854738356 980
36 374.254458427629 1004
37 374.250284882022 1029
38 374.247561222562 1053

0 46035.7361089677 124
1 41749.1511994133 149
2 33211.0153071052 174
3 21446.4701479799 198
4 12313.8308969734 222
5 6974.37190730095 246
6 4141.91382951742 270
7 2549.00998438513 296
8 1611.92765830752 321
9 1049.22617504953 345
10 726.914954758969 370
11 554.140856711475 394
12 465.879915655242 419
13 422.924362068896 443
14 401.38388005091 469
15 389.97229738013 493
16 383.693294477262 519
17 380.057977502453 544
18 377.873514335897 568
19 376.531190045573 594
20 375.694834385499 618
21 375.168821684714 642
22 374.835719654007 667
23 374.623660419817 691
24 374.488084801062 716
25 374.40110341951 741
26 374.345134118584 766
27 374.309029146369 790
28 374.285687463257 815
29 374.270568258221 839
30 374.260758397449 864
31 374.254383752993 888
32 374.25023570875 913
33 374.24753318044 939

0 45850.2260590161 119
1 40261.5240697659 143
2 32623.2440910759 168
3 26151.1750989205 193
4 21294.638390038 218
5 17168.1077926942 242
6 13663.8072479074 267
7 10696.6765650001 291
8 8157.8549858733 315
9 6058.08102393459 340
10 4433.92711627937 364
11 3237.11082449969 389
12 2374.36339952923 414
13 1760.61536450162 439
14 1312.77596409989 463
15 984.583751043541 488
16 753.666719564519 512
17 600.15210091558 537
18 507.388855265121 561
19 453.535811122591 588
20 422.531485108216 614
21 404.190484946905 639
22 393.035457966149 663
23 386.156284791572 688
24 381.863915169024 712
25 379.152914115987 737
26 377.42289228947 761
27 376.310287543506 786
28 375.590734677336 811
29 375.123476639905 836
30 374.819125946827 860
31 374.620422195196 884
32 374.490455309787 909
33 374.405323121618 933
34 374.349492941313 957
35 374.312843573579 982
36 374.288765878253 1007
37 374.272936695123 1032
38 374.262524239204 1056
39 374.255671504975 1080
40 374.251159572174 1105
41 374.248187722389 1130

0 45468.7806970059 123
1 40288.1129636329 147
2 31188.6955305441 172
3 21644.3583585626 196
4 15799.1914355491 222
5 12839.5043563552 246
6 11128.2721256859 271
7 9927.30413438804 296
8 8921.79392397283 320
9 7919.02162265034 344
10 6831.01112987098 368
11 5649.37491616975 392
12 4501.23771017252 416
13 3486.9757606111 441
14 2684.63259397053 468
15 2075.98673493357 492
16 1617.81625534487 516
17 1264.40339476879 541
18 997.259202229569 565
19 802.979312409651 590
20 659.390895820903 614
21 554.308245210332 638
22 482.687510156673 664
23 437.074225217552 689
24 410.675770620265 713
25 395.503292796184 737
26 386.811024222226 762
27 381.841677295183 786
28 378.935252380544 811
29 377.184176106168 835
30 376.104885756831 860
31 375.429607192361 887
32 375.002887991521 913
33 374.731356800874 937
34 374.557688462124 961
35 374.446176559655 985
36 374.37435504077 1009
37 374.327983342258 1033
38 374.297983698356 1058
39 374.278543915224 1084
40 374.265929663066 1111
41 374.257734928159 1136
42 374.252406003115 1161
43 374.248937689892 1186

0 45974.2807655269 121
1 41826.6276676796 145
2 33628.0107489266 170
3 22065.7729443911 194
4 14078.2043455962 219
5 10447.1601894417 243
6 8664.07850336796 268
7 7616.92574596304 293
8 6879.9123292053 318
9 6264.23444254941 344
10 5696.37195360251 369
11 5141.80145651101 393
12 4596.85549609881 418
13 4072.58638868135 441
14 3574.13512333833 466
15 3094.11634448949 491
16 2628.79939523296 516
17 2179.24285604367 541
18 1744.92840927719 565
19 1328.186951216 589
20 968.809357569891 614
21 713.10970209849 638
22 558.317077182656 662
23 470.81119344144 686
24 425.940274106512 711
25 404.12835622467 736
26 392.212328538061 760
27 385.328188289054 785
28 381.222368610474 809
29 378.692866000705 833
30 377.100089998095 858
31 376.084983663927 883
32 375.433680126405 908
33 375.014081324841 933
34 374.743009638626 957
35 374.56753799431 981
36 374.453775357616 1005
37 374.379929607771 1030
38 374.331946660239 1054
39 374.300742579183 1078
40 374.280435687756 1103
41 374.267212394222 1129
42 374.258597194647 1154
43 374.252981641821 1179
44 374.249319811995 1203

