0 1190.64013285988 27
1 1115.35546423708 53
2 1063.01174421385 80
3 948.148279089497 105
4 856.021330662487 130
5 656.563636579841 156
6 586.829832085428 181
7 507.341420162609 206
8 465.831990477279 232
9 417.308659148716 259
10 401.834064319168 284
11 384.595079650313 309
12 376.609097286057 334
13 374.953515505183 360
14 374.583834608946 385
15 374.476431268051 412
16 374.432451473824 438
17 374.412328547476 468
18 374.402485250013 496
19 374.397484041753 521

0 1086.5614425971 29
1 1197.12944871125 54
2 1038.4718059006 79
3 935.000723205283 106
4 823.50700135572 132
5 705.038662588706 159
6 572.924252178389 184
7 504.920054990327 210
8 461.23359387374 235
9 414.280487644503 260
10 403.455465573528 285
11 384.179028349637 310
12 376.579792074852 339
13 375.01619729972 365
14 374.60801122588 391
15 374.48817273636 416
16 374.438523288647 441
17 374.416909237688 467
18 374.406359657519 493
19 374.401036160143 519

0 1067.01658448467 30
1 1096.48946424323 58
2 1009.46729340016 84
3 1004.68961547155 109
4 815.621997733614 135
5 681.869919509716 160
6 582.118877574147 185
7 507.861048495464 211
8 454.485141612756 239
9 416.846725558391 265
10 403.204724308227 291
11 383.875228603244 317
12 376.540991799253 342
13 374.918380659311 367
14 374.555518813915 392
15 374.446188649138 419
16 374.405114625006 445
17 374.386768607463 470
18 374.377808044006 497
19 374.373311728556 522

0 1113.67615489234 26
1 1096.09960009108 51
2 1056.60440680321 77
3 954.666171118629 103
4 805.764446878196 130
5 648.945943567223 155
6 585.265451594957 180
7 508.428009664614 206
8 466.085228053829 232
9 413.201696816881 260
10 403.421471551705 286
11 385.369954779443 318
12 376.418112836433 348
13 374.971255053593 376
14 374.595750962697 401
15 374.483304011054 426
16 374.437569349501 452
17 374.417426825626 477
18 374.407478770793 503
19 374.402420373177 529

0 1077.44739168126 27
1 1120.47649495277 55
2 1099.3629246268 81
3 973.834472124868 106
4 786.995847487606 131
5 685.201491584591 157
6 582.216418346821 184
7 512.181558957396 210
8 469.833420757801 235
9 417.567866441303 260
10 402.802211918703 285
11 384.784989150878 310
12 376.489664440917 335
13 375.011464032006 361
14 374.59826980798 388
15 374.477797047561 414
16 374.430499245162 440
17 374.409512899204 467
18 374.399362583045 492
19 374.394186786622 517

0 1166.01292031588 26
1 1147.49341177414 52
2 1067.94175189859 79
3 919.105830632786 105
4 768.946111568585 130
5 699.11726137709 155
6 577.521119218439 180
7 506.808638926712 206
8 470.329391695603 230
9 417.034182545543 258
10 402.53364748383 284
11 384.316016156808 310
12 376.513260966743 336
13 374.943373205027 360
14 374.561645948828 386
15 374.455204519786 412
16 374.413373137709 437
17 374.394951593878 463
18 374.385976590765 491
19 374.381420787287 516

0 1072.16726294817 26
1 1125.99567007943 51
2 1048.83415683918 77
3 917.114370387719 102
4 799.333245924911 127
5 661.376634648977 156
6 587.070037505701 186
7 512.421642482979 213
8 458.858693083556 238
9 415.284665179615 263
10 401.038036087508 288
11 384.188291031102 313
12 376.608404043971 339
13 374.941918724668 365
14 374.571138208515 391
15 374.459956147282 416
16 374.416853812633 441
17 374.397253130252 468
18 374.387869850558 494
19 374.383090020755 521

0 1139.62506320691 27
1 1170.2236809809 53
2 1006.73747822635 80
3 982.817166114076 106
4 794.881424810345 131
5 665.501648871762 156
6 587.880300905486 181
7 508.982166522535 207
8 467.885826675954 233
9 414.928794538199 260
10 400.163635809331 286
11 385.047671259853 311
12 376.577994527501 336
13 374.97548414981 361
14 374.596505649202 387
15 374.477035482758 412
16 374.431357471763 438
17 374.410715372427 466
18 374.400572314996 492
19 374.3954245209 517

0 1092.35251268553 27
1 1108.20958751466 52
2 1066.38625842928 77
3 912.819096161759 102
4 766.495217760421 129
5 672.090427809147 156
6 591.223424405756 182
7 492.970508318335 207
8 462.039095452139 233
9 416.794511996815 258
10 400.92643086169 283
11 384.456345403176 308
12 376.528208169273 335
13 374.941297031818 361
14 374.579269621871 386
15 374.463947725646 411
16 374.42011728275 436
17 374.400376616097 461
18 374.390838867284 486
19 374.385961266572 512

0 1116.24624307998 30
1 1122.02472496567 60
2 1089.45838258806 87
3 988.856877688766 112
4 797.613835378405 137
5 668.973426585867 163
6 582.447857775498 188
7 499.166657997818 214
8 460.137774743226 241
9 424.747442039669 267
10 400.37875253005 292
11 384.498423059893 317
12 376.630068093417 342
13 374.961988787334 368
14 374.583888464251 393
15 374.469436702482 419
16 374.424743559531 446
17 374.404451388296 471
18 374.394612994808 496
19 374.389585576952 521

0 1137.25247868427 26
1 1126.59287791572 51
2 1053.07525990479 76
3 953.80522526286 103
4 808.51944138425 129
5 659.455050907214 155
6 586.620418388134 181
7 514.349656727627 206
8 461.048051905647 231
9 418.763455983292 256
10 404.304311002779 281
11 385.3637612479 307
12 376.829418148594 334
13 374.98076062601 359
14 374.592589165805 384
15 374.478302154829 409
16 374.432380676701 434
17 374.411867346171 459
18 374.401782729247 485
19 374.396672878434 512

0 1187.4203040473 26
1 1147.84772899121 51
2 1063.31156943308 76
3 894.385002860029 102
4 765.262554879398 127
5 675.55946940234 153
6 562.672130783464 178
7 495.725334648083 205
8 465.956804750432 231
9 420.247379664971 256
10 402.123743687814 281
11 383.691137988404 306
12 376.590547614855 331
13 374.881592262916 357
14 374.551603551704 383
15 374.450713119541 414
16 374.41106417263 445
17 374.393167129917 470
18 374.384409316765 496
19 374.379962117908 522

0 1119.67173201742 26
1 1129.7654912041 51
2 1095.14997678276 78
3 995.033509851106 106
4 824.581323710673 132
5 691.803707881375 157
6 562.99318415819 182
7 503.764488446985 207
8 459.458971443988 232
9 417.603584901318 257
10 399.666925781095 284
11 385.875125780133 310
12 376.672475881399 335
13 375.020129783911 360
14 374.632585703972 385
15 374.49794597962 410
16 374.448516247064 436
17 374.426228699843 461
18 374.415477980865 489
19 374.409988339944 517

0 1107.93958140364 28
1 1111.42467484413 54
2 1026.94859837595 80
3 936.776414507563 106
4 788.127658330374 132
5 690.823851877699 159
6 582.727953546169 186
7 511.193272796691 214
8 470.111838866402 241
9 419.53008183515 268
10 401.85411154743 294
11 383.737867223743 321
12 376.60690297538 347
13 374.97358749555 373
14 374.602141590861 401
15 374.482043165831 426
16 374.434691464486 452
17 374.413532830791 477
18 374.40314677107 503
19 374.39791698372 528

0 1082.57473831201 28
1 1104.90776688369 58
2 1140.79497129309 92
3 944.5977596619 120
4 824.836101513668 145
5 697.692940922297 170
6 572.261244748392 195
7 509.98883647602 220
8 457.792395479834 247
9 418.129962442297 274
10 403.646851218054 302
11 384.487202457198 329
12 376.431817904794 356
13 374.953865465079 381
14 374.586318165174 407
15 374.471362735268 433
16 374.428196218752 461
17 374.408341933348 487
18 374.39873663539 513
19 374.39384900628 538

0 1188.7117857455 27
1 1143.26219524905 52
2 1055.96720266649 77
3 928.997370293101 103
4 775.271315537627 130
5 673.237702286657 157
6 596.238827423197 184
7 506.943244980956 210
8 469.431637634269 236
9 417.637678787817 263
10 400.956838960241 289
11 385.374066476909 316
12 376.564503277383 343
13 374.922266288774 368
14 374.588885312907 393
15 374.47276225952 418
16 374.42728476329 443
17 374.407296666468 469
18 374.397594863037 494
19 374.392653048274 521

0 1134.52244280014 27
1 1109.18909373295 53
2 1082.44902670823 80
3 943.501933491393 107
4 801.508972359697 133
5 675.150879812987 159
6 583.859060657155 186
7 509.019784158653 213
8 459.450687156581 239
9 419.712397476221 265
10 400.606989738142 290
11 384.193084531281 315
12 376.393909139445 341
13 374.948448692985 366
14 374.575909904389 393
15 374.459417172436 426
16 374.416427309553 454
17 374.39733807873 481
18 374.388001325068 507
19 374.383237684624 533

0 1051.14064716034 27
1 1177.87471855576 53
2 1074.18881598538 83
3 967.628315016137 111
4 788.250019894534 140
5 694.305840360623 166
6 590.041187075684 192
7 522.779250147358 217
8 462.985668404092 244
9 419.270686994908 274
10 404.468507659664 306
11 384.677011170684 333
12 376.793752141687 361
13 374.998807425681 388
14 374.609632029737 414
15 374.490423852226 440
16 374.441666294233 466
17 374.420055709494 493
18 374.409369386299 521
19 374.40396725988 547

0 1104.86487355403 26
1 1063.30354516114 52
2 1092.88189837683 78
3 934.799541177935 104
4 812.566319173231 131
5 670.695668682863 158
6 570.265871368699 183
7 501.680335606782 210
8 468.793213270861 235
9 417.64338430984 261
10 403.502797065844 287
11 384.100635411137 313
12 376.632252047771 340
13 374.950004233321 367
14 374.589549270234 392
15 374.473498257091 417
16 374.428630984351 442
17 374.408632141682 467
18 374.398862290474 492
19 374.393862174553 518

0 1152.65922443391 27
1 1194.50269337068 54
2 1048.80460149039 80
3 927.026950780013 106
4 814.841286268653 132
5 679.422461201629 160
6 596.342933613243 186
7 513.645582179567 213
8 459.084170753601 242
9 419.822574961585 268
10 402.652702968537 293
11 384.311179430836 318
12 376.457696571502 344
13 374.945051298115 369
14 374.590121202078 394
15 374.473440983859 420
16 374.428723287713 447
17 374.408535453777 473
18 374.39868444723 498
19 374.393705930194 523

0 1094.87553412463 26
1 1147.20574614717 51
2 1045.20697014102 77
3 948.606025150864 104
4 782.768287336537 132
5 669.365675918856 158
6 566.065682612103 184
7 502.771446472724 210
8 463.845581141133 236
9 423.798223928172 261
10 398.803657818579 286
11 383.819751390263 315
12 376.519052944689 342
13 374.927574349346 368
14 374.565638381097 394
15 374.46057579072 420
16 374.41762087252 445
17 374.3986946606 471
18 374.389238484785 497
19 374.384443395453 523

0 1119.30118367185 27
1 1146.36726315525 53
2 1047.46461325737 79
3 943.887023153545 106
4 775.643678570561 133
5 667.147770847068 159
6 584.668504049955 186
7 506.422986973465 212
8 463.550453765256 238
9 421.148920640287 263
10 401.959202623384 288
11 383.955573825077 313
12 376.719836671784 338
13 374.930642920346 364
14 374.590242593359 396
15 374.480701620154 431
16 374.437379467667 458
17 374.417946787314 483
18 374.408432785493 509
19 374.403561146471 535

0 1068.86956731809 26
1 1121.17756684431 53
2 1053.16182598656 79
3 947.865005279379 105
4 878.404446433464 130
5 685.766936309088 156
6 575.884036959603 181
7 502.337487921882 206
8 465.484591270365 231
9 416.853775918937 257
10 400.920138569369 283
11 384.238125763793 308
12 376.515362173698 333
13 374.957124698377 362
14 374.586091052837 391
15 374.467043143493 419
16 374.422585099982 445
17 374.402737623769 473
18 374.393086069866 500
19 374.388183627201 525

0 1110.17229180732 26
1 1133.79016840804 51
2 1098.55691771832 77
3 946.18160696905 103
4 804.540672021641 129
5 669.257961845551 156
6 580.269994921733 182
7 508.162182156013 207
8 459.223582804427 232
9 415.996618114164 257
10 400.126781211341 282
11 384.047402173136 307
12 376.726509751468 333
13 374.973590676731 361
14 374.569771615719 386
15 374.45006270478 411
16 374.407594271313 436
17 374.388783266983 461
18 374.379546631781 486
19 374.37486034077 511

0 1117.65229657714 27
1 1144.02327031168 55
2 1052.31945276037 81
3 904.779506768011 106
4 807.034598044255 132
5 682.222214916693 157
6 566.778723175492 183
7 517.295771555205 208
8 459.059054462013 236
9 415.190040099764 266
10 402.953413938607 292
11 384.375362188701 317
12 376.667530558194 342
13 374.959016112391 368
14 374.570910022983 393
15 374.461526040899 419
16 374.417361608273 445
17 374.397580291732 471
18 374.388086031618 496
19 374.383274120944 521

0 1101.3466096619 26
1 1081.41740117846 52
2 1063.58600993136 78
3 989.201971057664 104
4 833.221256375072 131
5 676.130575933594 156
6 579.84256556031 182
7 508.972658240217 207
8 455.04833148132 232
9 414.490621519984 257
10 402.879216317378 283
11 384.44035390995 309
12 376.506936318666 336
13 374.948858493382 362
14 374.58152149153 387
15 374.465399555026 412
16 374.422137222205 437
17 374.402926147782 462
18 374.393545133333 488
19 374.388767498756 514

0 1145.59025215342 27
1 1135.85400010656 52
2 1061.91624336162 77
3 935.867190107728 103
4 807.056289634447 128
5 666.480029966396 153
6 591.913869939237 179
7 522.990009470262 205
8 463.505429100025 232
9 415.726760202584 258
10 404.256548714879 283
11 384.48243716943 309
12 376.572946764367 334
13 374.937178488109 359
14 374.57234235461 384
15 374.461558333827 411
16 374.418560584438 438
17 374.399192104649 463
18 374.389831018188 488
19 374.385050945806 514

0 1110.83015191802 27
1 1108.51444833842 52
2 1035.49632664389 78
3 912.72060407303 107
4 828.630769902794 134
5 668.091078274212 160
6 573.509046743465 185
7 504.943249681754 210
8 471.030473122227 235
9 419.283296685654 260
10 401.179930211776 286
11 384.406663058339 316
12 376.525297326749 342
13 374.962909432541 368
14 374.584060705738 393
15 374.466778934395 418
16 374.422122478866 443
17 374.402438144228 468
18 374.392772766739 494
19 374.387873424685 524

0 1149.15415364469 27
1 1074.99486798728 53
2 1049.50622050176 78
3 910.386838942344 103
4 806.869232271929 129
5 665.599002482646 154
6 570.468032277096 181
7 514.149064467844 209
8 460.557017368514 235
9 417.021129831844 260
10 403.088057958974 285
11 384.00454057225 310
12 376.734274133474 335
13 374.986526799028 360
14 374.594269293763 387
15 374.473579877222 413
16 374.427754857689 438
17 374.406764553277 463
18 374.396593104238 489
19 374.391435206782 514

0 1141.60867498742 27
1 1085.85492023896 53
2 1037.71413175119 80
3 913.692013371974 106
4 840.04999637879 131
5 703.957756524906 157
6 589.253596966944 182
7 514.420969979061 207
8 460.866746624003 233
9 417.535481808061 258
10 402.521732782542 284
11 383.726874504402 310
12 376.535392033024 336
13 374.933488866511 360
14 374.588459186629 385
15 374.47020397177 410
16 374.425977178373 435
17 374.405966006623 462
18 374.396235149444 494
19 374.391303711565 522

0 1089.3980427054 26
1 1141.15025952848 51
2 1119.67863648397 76
3 949.757142819527 101
4 832.645737132319 126
5 667.58239538389 152
6 570.815418655044 178
7 509.427111138927 204
8 469.601802952067 229
9 419.122830204333 255
10 401.48475230941 280
11 384.084176351934 305
12 376.547335775529 330
13 374.989075162813 356
14 374.610480306004 384
15 374.478911083619 409
16 374.431455468713 434
17 374.410210824646 460
18 374.399854124523 485
19 374.394618708225 511

0 1138.87594956572 26
1 1137.84528173892 53
2 1106.982113114 80
3 924.21350623515 105
4 824.374082297365 131
5 649.268343067815 157
6 586.851569589288 182
7 507.774885352368 207
8 461.429594017751 232
9 418.072535230987 259
10 400.116465862018 285
11 383.803681072942 310
12 376.659087272913 335
13 374.931187245334 360
14 374.568766664534 385
15 374.455691205455 410
16 374.412325636919 436
17 374.392812939116 463
18 374.383449801014 489
19 374.378670679826 514

0 1127.06028082678 26
1 1076.13313127066 51
2 1051.40817458731 76
3 926.527772630829 102
4 814.332258038653 129
5 676.302548763013 156
6 594.716519429126 182
7 514.652581564104 207
8 461.342463798802 232
9 412.544029622367 258
10 403.45529230709 283
11 384.397584446858 308
12 376.577911519188 334
13 374.945888208322 366
14 374.57367608777 392
15 374.458448385951 417
16 374.415865024747 442
17 374.396734711967 468
18 374.387343688712 493
19 374.382563150142 518

0 1161.51184245427 28
1 1094.6553200172 54
2 1117.91777961742 80
3 917.250919698786 105
4 780.446081753697 132
5 660.058279985567 157
6 582.880420379801 183
7 509.306866249914 208
8 468.31991192951 234
9 418.583227513578 261
10 401.02600515968 286
11 384.178520205528 311
12 376.477148548713 336
13 374.952842391602 361
14 374.576914515773 386
15 374.464384532805 411
16 374.421298227691 439
17 374.401687448627 465
18 374.392070443402 490
19 374.387214651116 515

0 1138.08570638795 26
1 1107.18020536747 52
2 1122.32332768846 77
3 956.634086084108 102
4 794.476450550696 129
5 669.974365875713 155
6 567.869343383503 181
7 514.718800801183 206
8 459.686149980079 231
9 412.025759855778 256
10 402.737953474918 281
11 384.126369819665 307
12 376.66511657729 333
13 374.971972132604 359
14 374.581772176435 384
15 374.471035478246 410
16 374.428215238349 435
17 374.40895871786 460
18 374.399521604638 485
19 374.394705917434 511

0 1040.53530486042 27
1 1169.09530869581 53
2 1067.06252659081 78
3 925.892816420275 105
4 792.25530204965 131
5 665.513589766558 156
6 566.92925920437 182
7 503.296593301943 208
8 468.940831502992 239
9 417.307513724399 265
10 401.523724732464 290
11 384.615316442523 315
12 376.382015883534 340
13 374.902414057592 365
14 374.555408720811 390
15 374.456711104016 418
16 374.415967807897 444
17 374.39749265289 470
18 374.388642881831 496
19 374.3841106091 521

0 1129.18990948241 26
1 1164.10442092465 52
2 1070.86330306614 78
3 900.055927235408 104
4 808.566354521804 130
5 695.034501633722 156
6 591.228727522687 181
7 513.086053696766 206
8 474.059060374443 231
9 415.613791202294 256
10 402.548600354043 281
11 384.126106380914 308
12 376.624304422162 334
13 374.990521074196 359
14 374.576994263433 384
15 374.464141129716 410
16 374.419484099926 435
17 374.399514911014 460
18 374.389792714816 486
19 374.384851677485 512

0 1135.72179943929 26
1 1061.31533765693 53
2 1041.39559675149 79
3 958.881704051007 104
4 829.16128165072 130
5 676.548897989509 155
6 579.156666171731 181
7 516.04725250707 207
8 458.434018501916 233
9 418.910623765468 259
10 400.888202187102 284
11 383.058193749982 309
12 376.514622113887 334
13 374.977241552416 359
14 374.592761824671 386
15 374.476365533943 414
16 374.430548097457 439
17 374.410041686916 464
18 374.400094645805 489
19 374.395057209101 514

0 1096.54836126745 25
1 1107.49266343999 50
2 1055.85523729442 78
3 946.763800294322 109
4 816.385575566373 136
5 658.674982616059 161
6 569.443726548893 186
7 515.779794367192 211
8 460.305675618799 236
9 417.781191745225 262
10 402.44666931921 288
11 384.334454209719 314
12 376.667018174407 340
13 374.922041828938 365
14 374.585985397172 390
15 374.474112942522 416
16 374.42878324233 442
17 374.408789973139 467
18 374.398935311717 494
19 374.393943984307 520

0 1112.45064707873 26
1 1114.64921284814 51
2 1011.52713107374 76
3 992.80117656912 102
4 814.652302117161 127
5 665.605628014724 152
6 581.66449904228 180
7 512.847380902836 207
8 466.240008145472 234
9 419.082610456744 259
10 401.340271778585 285
11 383.522532765379 310
12 376.503784426299 336
13 374.908072683916 362
14 374.56928319822 391
15 374.460495076797 417
16 374.418100780207 444
17 374.399268693193 468
18 374.389985196931 493
19 374.385285285532 518

0 1076.33603711398 26
1 1130.51639812468 52
2 1103.60395232835 79
3 939.778597945279 105
4 808.134287097068 130
5 672.449112970751 155
6 572.911481990939 180
7 514.629234417474 205
8 453.691165443271 231
9 418.02007575834 257
10 405.137123571246 283
11 384.369169305696 308
12 376.62396884028 333
13 374.977612142934 358
14 374.58928422867 383
15 374.473273146013 409
16 374.429004686961 435
17 374.409161262596 462
18 374.399358853778 494
19 374.394378730111 520

0 1136.42952116128 26
1 1114.20689161269 51
2 1063.44712948597 76
3 962.604300706825 102
4 824.038675154437 128
5 666.284168282976 154
6 581.539647240748 181
7 510.339730231216 206
8 464.90097991961 231
9 419.628625392975 257
10 402.551964276289 282
11 384.004235172098 307
12 376.493323138817 332
13 374.898910943139 359
14 374.566474414083 385
15 374.452813442066 410
16 374.409673275387 435
17 374.390450508683 460
18 374.381247965393 485
19 374.376558027339 512

0 1129.58764749664 27
1 1131.62273152551 55
2 1102.61146815874 81
3 909.235153930162 106
4 819.707292693155 131
5 652.164343163609 157
6 584.948312849407 182
7 507.23786843653 207
8 457.627091810562 233
9 416.025020260225 260
10 405.095635334615 286
11 384.418958187613 311
12 376.415184216885 336
13 374.937975496309 361
14 374.580585177163 386
15 374.466055253982 412
16 374.42227454135 438
17 374.402074704992 466
18 374.392267182472 491
19 374.387278000258 516

0 1150.79408911453 26
1 1071.85931069321 51
2 1074.20657572652 76
3 952.358146467448 102
4 796.967240900537 128
5 686.577025153073 154
6 566.332574317662 179
7 513.500658333364 204
8 462.475181120875 229
9 417.231646539646 255
10 400.29065896866 280
11 383.852353712186 305
12 376.735311022046 335
13 374.986976951946 362
14 374.595313688358 387
15 374.475665355308 412
16 374.430396141753 437
17 374.410252153275 462
18 374.400463968096 487
19 374.395460243995 513

0 1106.5482493593 30
1 1117.95944836804 56
2 1038.93505120704 82
3 960.997532041204 108
4 796.096947537797 133
5 672.650982969405 158
6 584.999562126966 184
7 505.175066180404 210
8 467.893041183901 236
9 420.147645501533 262
10 405.128541937015 287
11 384.127039840523 312
12 376.710793495908 338
13 374.970912869246 363
14 374.590961198596 389
15 374.473970801731 415
16 374.427317658895 441
17 374.407195852664 467
18 374.397367499536 492
19 374.392341748472 517

0 1123.23474039508 26
1 1104.04877428971 51
2 986.51134492664 76
3 945.448837104453 103
4 797.062283140865 130
5 676.183002094557 156
6 558.675556838324 181
7 502.138400524691 206
8 466.204981526734 231
9 417.783343721864 257
10 399.26745815689 282
11 384.331173008367 309
12 376.536979511826 335
13 374.845968382128 360
14 374.535157741897 385
15 374.434406989108 410
16 374.395376167516 435
17 374.378242707134 460
18 374.369924151044 486
19 374.365676142709 512

0 1031.44462057354 27
1 1133.49750521667 52
2 1074.533248886 78
3 920.768998593141 103
4 804.179571982734 128
5 665.258907513124 153
6 599.036721811851 179
7 503.601518872993 208
8 462.569023962697 236
9 416.29438732113 261
10 398.027331790428 286
11 383.661040274956 311
12 376.440494407146 337
13 374.918218718268 362
14 374.554522134051 388
15 374.448284920438 419
16 374.406340790032 445
17 374.387713974746 470
18 374.378695298988 495
19 374.374125464477 520

0 1103.20767572846 26
1 1061.05097391579 51
2 1080.27426279595 78
3 939.323714702025 104
4 781.821721168545 130
5 653.28987341945 155
6 574.678636688865 180
7 504.489546386694 205
8 460.874968197996 231
9 419.588367283913 256
10 401.190114199872 282
11 384.713510260713 308
12 376.458674626038 334
13 374.899723018906 359
14 374.567205930605 384
15 374.460575528165 409
16 374.417843053313 434
17 374.398792804488 459
18 374.389396500514 485
19 374.384647361577 511

0 1144.8012664821 27
1 1163.64005563527 53
2 1038.47373103156 78
3 949.681749319932 104
4 827.699177854447 129
5 684.149322017445 154
6 573.804219886957 181
7 509.121872474239 208
8 458.646277602471 233
9 419.530604947634 259
10 400.808537289996 284
11 384.693589105227 311
12 376.279391713401 337
13 374.93740295365 362
14 374.569875364166 389
15 374.462411402201 415
16 374.419917470246 441
17 374.400738554535 466
18 374.391438936713 491
19 374.386714044564 516

0 1122.65679305291 26
1 1059.17272680038 52
2 1020.46226153829 82
3 927.016452190854 111
4 815.869837692748 136
5 677.733984232904 162
6 569.16190492891 188
7 508.196368744596 213
8 467.30068806973 238
9 412.486283258243 265
10 399.629612753434 291
11 384.882780332655 317
12 376.572360029234 342
13 374.947795171774 367
14 374.567992555504 392
15 374.457830129112 417
16 374.416296853189 442
17 374.397471186098 468
18 374.388411891384 495
19 374.383795542004 521

