0 49372.3272104798 77
1 48075.6502332705 150
2 47289.0309075672 218
3 47081.1585255945 291
4 47276.0843752004 361
5 49036.9833843444 429
6 48336.0739647239 501
7 48148.7342893886 568
8 47831.6190365592 638
9 46133.9695149432 717
10 45223.2452225799 785
11 43992.8261760955 854
12 42665.4137781187 926
13 42383.662627535 993
14 41490.3432812476 1062
15 40818.4660592386 1134
16 40478.0366285074 1204
17 39874.5772601692 1275
18 39348.9594468724 1345
19 38950.4267510176 1414
20 38456.5939514003 1484
21 38309.8359467463 1555
22 38188.9529025313 1623
23 37931.2808379019 1695
24 37852.6426032843 1765
25 37722.2135871046 1836
26 37522.2896984346 1911
27 37509.4744029871 1981
28 37387.9197819663 2054
29 37390.1151578306 2141
30 37329.0768773471 2215
31 37271.8924787333 2292
32 37237.5376220293 2364
33 37215.9365340806 2435
34 37158.3274709043 2508
35 37126.9571292586 2578
36 37121.3146135847 2648
37 37081.3709089556 2720
38 37094.2161191111 2791
39 37025.3773669017 2860
40 37025.459906253 2935
41 37002.6900928579 3006
42 37018.1342747971 3076
43 36975.2067281791 3150
44 36955.2003434765 3221
45 36964.6121281319 3290
46 36927.4487826569 3362
47 36911.4398759242 3432
48 36904.2951453942 3517
49 36896.2522286001 3591
50 36883.4927556179 3660
51 36885.2026900744 3735
52 36868.680423756 3804
53 36868.2977479585 3875
54 36866.6365581173 3950
55 36852.774698182 4020
56 36844.526736586 4092
57 36833.9459768824 4168
58 36828.4761937102 4240
59 36822.0649623287 4311
60 36816.8647683985 4384
61 36810.4775016974 4455
62 36804.2037144139 4528
63 36800.6414175292 4597
64 36794.450972655 4666
65 36798.6575874902 4739
66 36788.2693663692 4813
67 36780.2375920465 4884
68 36781.8060635228 4962
69 36783.6233222507 5033
70 36776.6307664117 5104
71 36771.9924217251 5178
72 36776.5032090562 5250
73 36774.0862320586 5321
74 36770.87686039 5394
75 36771.3024706635 5464
76 36768.3876168361 5536
77 36763.5549667392 5609
78 36762.0979272596 5680
79 36760.4135739527 5755
80 36756.5619968774 5826
81 36756.5660743995 5896
82 36756.7906968221 5971
83 36756.6910026398 6041
84 36748.9777424612 6112
85 36748.1224947603 6187
86 36744.0353813396 6257
87 36746.5806646449 6328
88 36745.0193245532 6402
89 36740.7084990358 6473
90 36743.0414641854 6548
91 36737.8290432699 6625
92 36738.3658031641 6694
93 36738.5433425814 6767
94 36736.6904832341 6838
95 36735.6657375618 6906
96 36735.076811562 6979
97 36736.8963700178 7047
98 36732.0245819145 7117
99 36732.809631222 7190
100 36730.356243337 7259
101 36729.7645890442 7328
102 36727.9724177719 7400
103 36728.1541137498 7470
104 36728.7330652032 7539
105 36732.4828801314 7611
106 36725.2444191238 7679
107 36724.7128959677 7750
108 36727.3916016034 7826
109 36722.7967105063 7896
110 36724.6001718328 7969
111 36725.10982069 8040
112 36722.2228405371 8108
113 36725.5793889406 8186
114 36721.0545951847 8256
115 36721.1487799476 8324
116 36720.5708636186 8396
117 36720.2867614405 8466
118 36721.8882771486 8535
119 36722.4104518868 8608
120 36719.9216974959 8678
121 36719.9762469627 8747
122 36718.4065820627 8820
123 36720.297412523 8890
124 36719.4201508683 8959
125 36722.5157380514 9031
126 36718.0558235806 9100
127 36718.70147899 9172
128 36718.403285827 9248

0 48699.0270203618 70
1 49111.0049094598 142
2 48534.3784100699 212
3 48035.9075664342 280
4 48027.698787792 351
5 46488.5244130153 421
6 48162.2536602603 489
7 47981.7004313156 563
8 48123.4528875251 632
9 45928.1865789783 700
10 44173.5894689334 773
11 44066.8306050058 841
12 42765.803585754 911
13 42626.112053314 984
14 41904.0560408609 1053
15 41084.630917893 1122
16 40649.0862844306 1196
17 39978.4240055846 1266
18 39331.5599561691 1337
19 38813.063876615 1412
20 38714.5969230479 1481
21 38346.5970825945 1555
22 38329.8429741044 1626
23 37946.0326610532 1695
24 37875.5865908968 1766
25 37703.917030356 1836
26 37569.7833552826 1906
27 37554.1216115883 1978
28 37404.5138770579 2048
29 37353.7467032737 2116
30 37339.3979931003 2190
31 37271.9448729112 2260
32 37207.4622089235 2330
33 37184.953411395 2404
34 37143.4638739761 2473
35 37080.9307257957 2543
36 37067.1992906552 2617
37 37041.8611114814 2687
38 37014.2706063731 2758
39 36981.1281856734 2834
40 36983.3731662633 2904
41 36964.318222717 2977
42 36926.9207200121 3048
43 36926.6604450188 3117
44 36907.1626144435 3190
45 36922.5737721611 3263
46 36883.20832965 3334
47 36868.900428435 3408
48 36867.9648822212 3479
49 36862.1921755262 3550
50 36843.3363973222 3623
51 36855.3845891705 3692
52 36835.3235165404 3761
53 36821.9577605171 3834
54 36808.5310636575 3904
55 36802.278893606 3980
56 36798.0334754354 4051
57 36794.888206256 4119
58 36788.3123624256 4192
59 36782.4783354212 4267
60 36780.4002843341 4338
61 36775.6206459861 4410
62 36767.2131407608 4479
63 36758.1812577424 4549
64 36761.8931892017 4621
65 36749.2468435494 4691
66 36742.0747976806 4759
67 36746.134122254 4833
68 36748.8406622603 4903
69 36737.2553364372 4973
70 36735.467866016 5046
71 36734.3307424502 5115
72 36731.0392937325 5185
73 36726.2672876494 5256
74 36723.1274708903 5326
75 36720.1536793574 5396
76 36723.7973781265 5466
77 36719.7901507018 5535
78 36717.2858455592 5611
79 36714.3301262574 5682
80 36717.4434649748 5750
81 36710.6411997849 5823
82 36706.0900592195 5894
83 36707.792081216 5963
84 36704.9150446137 6035
85 36702.6477888529 6105
86 36704.1328348835 6173
87 36702.7664929812 6247
88 36699.7680809812 6318
89 36699.9338073091 6386
90 36699.0066937539 6459
91 36698.8780908987 6529
92 36697.2969180002 6599
93 36695.7376234276 6672
94 36696.6398497013 6742
95 36694.1829202582 6811
96 36695.5388718675 6883
97 36692.184877494 6952
98 36693.0293501081 7024
99 36693.5795831478 7097
100 36691.2876852089 7165
101 36689.6747729692 7239

0 47223.1038820883 70
1 48854.7565319994 139
2 47259.1583698573 210
3 48057.6200803393 279
4 49703.1866074928 348
5 48703.2825295451 420
6 49993.5105498321 490
7 48103.9044849051 557
8 46343.5853065814 630
9 45657.0637147513 699
10 44820.5571148986 768
11 43887.7435710961 840
12 42760.3665323258 908
13 42350.2115580865 976
14 41694.2137639986 1047
15 41073.7757147066 1116
16 40513.1075419317 1186
17 39856.435525907 1265
18 39342.4081958843 1335
19 38844.8506405924 1406
20 38767.4352727748 1479
21 38428.2332785887 1547
22 38204.0785895016 1618
23 38001.9342503223 1691
24 37773.5897998117 1764
25 37683.3655259458 1836
26 37547.8160848047 1906
27 37443.243998861 1974
28 37371.8952245834 2051
29 37276.9534058463 2123
30 37262.8039553303 2192
31 37268.8170986683 2266
32 37190.4232373682 2335
33 37144.1382074942 2406
34 37111.2451209152 2478
35 37056.6132466908 2546
36 37054.6031712234 2617
37 37000.5084937341 2694
38 36993.2634493549 2764
39 37006.9153491641 2837
40 36976.0460410391 2908
41 36961.159748229 2976
42 36920.773005506 3048
43 36916.5930035921 3119
44 36905.193430245 3188
45 36896.3995030545 3260
46 36885.9840525739 3331
47 36877.3998918456 3400
48 36862.5379195425 3475
49 36840.1112114484 3544
50 36833.1807245495 3614
51 36835.2338448294 3687
52 36841.8457360469 3757
53 36812.548201756 3827
54 36814.2617824099 3898
55 36789.545409906 3966
56 36797.0021529682 4036
57 36781.5265743388 4112
58 36785.0509286828 4180
59 36779.3594907533 4251
60 36775.7341488219 4322
61 36768.34140723 4390
62 36763.2658273453 4461
63 36764.4543377914 4530
64 36757.8087457768 4598
65 36753.0858161143 4672
66 36743.5955304681 4741
67 36741.3094724887 4809
68 36740.7958649861 4881
69 36738.0608008755 4950
70 36733.4175771205 5017
71 36730.8256779341 5090
72 36721.9889917381 5159
73 36725.070769502 5228
74 36724.9583942991 5301
75 36723.2677763684 5369
76 36720.6387023614 5437
77 36718.6793926462 5518
78 36709.7271463081 5587
79 36714.3779785762 5658
80 36715.5109231211 5732
81 36708.9049320013 5802
82 36708.3650192573 5872
83 36710.863354412 5942
84 36705.5023735781 6009
85 36702.1353583074 6080
86 36700.0473730406 6150
87 36702.0882378523 6218
88 36700.3764239607 6291
89 36699.3429099487 6361
90 36699.2954778386 6429
91 36703.0488083056 6501
92 36698.4196163294 6570
93 36694.9224331766 6638
94 36693.8719061176 6713
95 36693.9206077989 6784
96 36692.8253988921 6853
97 36691.3985394064 6932
98 36686.9305702391 7001
99 36686.5469028861 7070
100 36686.3030393395 7144
101 36686.7217566557 7213
102 36685.5615290743 7283

0 46533.8841789021 70
1 48220.8033671162 137
2 48552.8714588554 207
3 49123.2955815257 277
4 48280.8345508445 344
5 47365.0158108188 414
6 47402.4100099705 485
7 48063.0389461835 552
8 47516.5548716063 622
9 47554.5151963479 692
10 44421.481871025 759
11 43340.7412014936 832
12 42824.6476168601 904
13 42782.4589567791 972
14 41703.8947564492 1051
15 41694.2428305332 1123
16 41056.4745608143 1193
17 39933.5174368425 1266
18 39516.9871708786 1334
19 39260.3350897837 1404
20 38728.2455676936 1478
21 38521.2806493192 1547
22 38259.7282587226 1617
23 38171.3951550244 1692
24 37880.8721407266 1766
25 37744.3496685748 1837
26 37635.6306736296 1907
27 37746.064124115 1976
28 37532.9113734304 2047
29 37461.0391945566 2117
30 37362.6758843194 2185
31 37372.9026937336 2257
32 37269.90448201 2326
33 37223.0163580304 2395
34 37167.4874300922 2474
35 37159.3051573318 2544
36 37109.2185758777 2613
37 37101.0447980519 2689
38 37081.3196486737 2758
39 37061.0564682017 2827
40 37032.6619787231 2899
41 37008.0776431454 2969
42 36990.996630624 3038
43 36971.8330695011 3109
44 36959.1398508092 3178
45 36936.1339990723 3248
46 36930.8103687372 3318
47 36921.9933036877 3388
48 36891.6595987567 3460
49 36880.3394449212 3530
50 36871.4892466271 3599
51 36866.2916081946 3670
52 36855.8256564438 3740
53 36848.2883184052 3808
54 36840.2186279407 3887
55 36840.5514136721 3957
56 36832.5357975583 4025
57 36826.8959792378 4100
58 36819.6637011364 4169
59 36818.7215419852 4239
60 36807.227601415 4311
61 36808.8799855774 4380
62 36806.6329963665 4452
63 36797.9381134594 4524
64 36790.0082633606 4592
65 36795.1050351174 4662
66 36786.9843510515 4735
67 36782.3402377585 4805
68 36777.9542725904 4875
69 36777.7024508846 4946
70 36770.8623435149 5014
71 36772.095902081 5085
72 36766.3382730758 5155
73 36763.7154602575 5223
74 36762.5393316001 5301
75 36754.600695861 5373
76 36755.6497474134 5443
77 36753.4220393501 5515
78 36754.2171659032 5585
79 36746.0737067783 5654
80 36749.8258101413 5727
81 36744.2225187853 5797
82 36744.0184461943 5866
83 36741.718175464 5939
84 36741.9412975832 6009
85 36736.0862059512 6080
86 36735.8280945153 6151
87 36738.6677831304 6220
88 36736.7996994068 6292
89 36733.6182929625 6363
90 36731.3318810893 6432
91 36730.4429102873 6503
92 36730.8888801924 6573
93 36728.5376226424 6641
94 36727.4689680691 6719
95 36728.5446960966 6790
96 36724.9598596862 6858
97 36726.8064885058 6932
98 36726.1210268056 7003
99 36726.0864314334 7073
100 36723.4583180074 7147
101 36721.8186884253 7217

0 48911.7528438507 73
1 49214.7792003657 144
2 49795.2868444109 212
3 49392.8941472147 281
4 47243.0019862509 351
5 48016.6239804373 419
6 48124.5460275294 488
7 46812.0365393372 559
8 49025.7788036397 626
9 46548.1477241539 695
10 45369.6248268827 766
11 43731.3367151361 834
12 42408.1300765352 910
13 42282.9600728499 981
14 41805.5406207524 1049
15 41004.4976324302 1124
16 40467.175170371 1195
17 40166.7789238046 1264
18 39824.8380985373 1339
19 39386.8007279119 1409
20 38771.1663490284 1479
21 38392.6026349812 1551
22 38054.2132325743 1621
23 37849.3000307406 1692
24 37806.9662429985 1765
25 37633.6188411061 1834
26 37509.7258331208 1903
27 37380.619260961 1974
28 37415.6606192924 2042
29 37380.2844450238 2112
30 37291.3794716144 2184
31 37248.8719442568 2255
32 37160.9345973349 2333
33 37174.988126657 2405
34 37064.6687414571 2474
35 37093.356957404 2549
36 37041.6848405113 2619
37 37041.1619273572 2687
38 37009.0225993091 2760
39 36993.0505670995 2830
40 36972.7324125764 2899
41 36959.2660518772 2972
42 36939.6954379922 3041
43 36942.8858882019 3111
44 36905.7163117334 3183
45 36886.2919112624 3253
46 36883.3004323841 3323
47 36867.8927223042 3393
48 36872.2939366265 3462
49 36876.1905620531 3532
50 36851.4058175445 3603
51 36839.2238014605 3671
52 36826.3244079579 3742
53 36832.5140714665 3817
54 36814.7916547774 3885
55 36817.6700418829 3959
56 36801.0847829938 4030
57 36803.0507825076 4097
58 36798.7456017032 4170
59 36782.3700309152 4240
60 36780.5665371109 4308
61 36774.9227360292 4381
62 36777.2589045418 4450
63 36766.7232965175 4519
64 36765.3899742664 4592
65 36754.4993793187 4661
66 36753.1162477337 4730
67 36751.04968549 4805
68 36750.9344269771 4874
69 36744.713776053 4944
70 36738.5281035807 5018
71 36738.4564872276 5086
72 36739.2859813316 5156
73 36736.5967759189 5230
74 36727.894404363 5299
75 36725.2321257576 5373
76 36725.4602196955 5444
77 36720.5421451299 5514
78 36718.8215488728 5585
79 36718.1708811685 5655
80 36720.0917958537 5723
81 36715.0349367226 5795
82 36713.7166226222 5865
83 36711.9461388974 5934
84 36709.7013280716 6007
85 36709.2096237378 6076
86 36705.0796845534 6146
87 36706.0175361227 6220
88 36702.7036864637 6289
89 36710.6503681895 6358
90 36701.6950856423 6430
91 36700.8419337596 6500
92 36701.4693883222 6571
93 36697.5330822678 6646
94 36697.756359421 6715
95 36696.7155586183 6788
96 36702.2043503638 6859
97 36695.7811099849 6926
98 36692.6774437795 6998
99 36690.9264338242 7068
100 36693.6133357449 7136
101 36688.7522298148 7208
102 36691.13854804 7282
103 36690.0594878578 7351

0 47424.2420654647 74
1 49479.7506991722 142
2 47705.0466545874 211
3 49231.5981070146 283
4 47806.4852544795 351
5 47393.4654875878 419
6 47883.7734053514 491
7 46118.04182803 560
8 47579.7986484517 631
9 47724.9961542869 709
10 44892.5090757032 778
11 42823.9734081899 849
12 42666.8634249226 920
13 42589.7333137577 987
14 41917.4407468505 1057
15 40938.2403674423 1127
16 40486.8494301355 1195
17 39938.3075341925 1268
18 39404.760682604 1338
19 38846.1029111514 1407
20 38856.0018980044 1480
21 38340.4492799803 1550
22 38034.9965733438 1619
23 38038.8206216713 1692
24 37971.7761651984 1761
25 37806.1320222281 1830
26 37619.8943934246 1909
27 37547.2854946604 1985
28 37453.2319661191 2056
29 37418.4178658162 2132
30 37327.5025944066 2202
31 37289.6672312335 2275
32 37252.6218523841 2345
33 37208.1877834116 2414
34 37236.9649126318 2486
35 37123.5930376518 2556
36 37140.4210831562 2624
37 37108.2366214082 2696
38 37051.1341989545 2764
39 37042.9177177141 2833
40 37037.797511989 2906
41 37023.4069792385 2976
42 36984.6306445284 3044
43 36974.2488243318 3118
44 36955.294123805 3186
45 36944.3918079806 3255
46 36943.5964058562 3328
47 36911.9609718373 3397
48 36905.5341409715 3468
49 36892.6243438483 3548
50 36890.0576868767 3619
51 36881.053486564 3689
52 36857.7592128891 3759
53 36852.0348986343 3828
54 36857.3615691513 3899
55 36845.6096276037 3969
56 36834.2980845411 4037
57 36825.711365822 4108
58 36821.828267347 4178
59 36823.2361317405 4246
60 36810.9526762769 4319
61 36810.2288702689 4388
62 36804.3203614509 4457
63 36806.329567015 4529
64 36795.4559536753 4598
65 36793.9856925265 4666
66 36783.7662139215 4738
67 36783.3603042194 4807
68 36778.7384598181 4875
69 36772.2038753792 4958
70 36766.2695708864 5027
71 36771.86322706 5096
72 36764.1159516715 5170
73 36771.3545926718 5238
74 36760.5974444563 5309
75 36768.8469092956 5380
76 36757.2496305094 5448
77 36755.6837644594 5518
78 36756.1335156649 5589
79 36762.8923849564 5659
80 36746.5578291025 5730
81 36755.8400918565 5801
82 36747.1451705741 5869
83 36744.2695456549 5942
84 36743.4261301044 6011
85 36744.612962592 6078
86 36741.1748108889 6151
87 36737.1296373129 6220
88 36739.580329483 6289
89 36738.643520991 6368
90 36737.5019771013 6437
91 36734.875144154 6507
92 36732.7984305848 6582
93 36734.6121683751 6650
94 36732.1632632056 6720
95 36732.8174271846 6791
96 36735.0863596435 6859
97 36735.4510303748 6929
98 36728.492385529 7000
99 36730.7013267293 7068
100 36728.1128005154 7138
101 36730.3466464921 7208
102 36726.6368130612 7276
103 36725.4583299658 7346
104 36729.7579732116 7416
105 36723.2004956069 7484
106 36722.3364099211 7555
107 36722.8113615189 7624
108 36723.6292593892 7692
109 36722.8344457362 7771
110 36720.9907031232 7841
111 36721.7850745291 7909
112 36720.0400345379 7984
113 36719.78333902 8053
114 36719.609688516 8121
115 36717.1590958783 8194
116 36717.2311940928 8263
117 36718.6245476824 8332
118 36715.2978957395 8403

0 48691.9892594814 70
1 49119.192949914 139
2 47772.6377324998 210
3 47399.4519349485 278
4 47313.2550141234 347
5 46517.2446241094 420
6 48346.0355293572 488
7 47532.8622481575 558
8 48283.828356485 628
9 45984.2887145946 696
10 44975.3320966252 771
11 43358.8599316284 842
12 43376.1498465899 911
13 42553.7088802486 984
14 42202.420893065 1054
15 41446.3494240485 1122
16 40498.2823839813 1197
17 40013.1474364568 1268
18 39596.592228748 1337
19 39328.5058415743 1412
20 38684.4199181373 1484
21 38439.5670186179 1559
22 38164.4660027251 1630
23 37906.4918803804 1698
24 37788.6370754829 1768
25 37770.3731970778 1839
26 37545.78282498 1908
27 37494.7716722703 1978
28 37392.2747168729 2048
29 37347.6782550579 2116
30 37354.1620573251 2192
31 37224.259213122 2264
32 37151.8514789519 2332
33 37098.8856320915 2407
34 37108.5874092901 2477
35 37076.0442618995 2545
36 37065.865933282 2616
37 37051.377044005 2685
38 36991.5686168367 2755
39 37017.6414302764 2828
40 36955.7347145458 2898
41 36949.696006814 2967
42 36928.8816597687 3040
43 36907.7410676701 3111
44 36895.2050793384 3181
45 36903.4239032882 3252
46 36879.2963300683 3320
47 36866.7671244172 3391
48 36859.625986001 3461
49 36845.579179688 3529
50 36837.208594728 3601
51 36834.0543085065 3673
52 36824.5357283287 3742
53 36814.6619472641 3816
54 36809.1686993397 3886
55 36804.0404010091 3954
56 36793.7962224645 4026
57 36788.6231781669 4095
58 36770.7056142588 4163
59 36772.4202913956 4236
60 36773.9006950019 4306
61 36765.0991105381 4375
62 36759.1630803893 4449
63 36755.6525666977 4518
64 36749.8409796261 4587
65 36751.5222608871 4659
66 36748.0681611967 4728
67 36750.4166401474 4796
68 36736.2617809333 4869
69 36731.8432625455 4938
70 36731.590060896 5008
71 36732.7235082273 5086
72 36723.681446867 5155
73 36722.4206954842 5226
74 36720.8405612207 5298
75 36716.1804217473 5366
76 36719.236483512 5438
77 36710.6925601559 5508
78 36713.0192872536 5576
79 36711.5634409973 5647
80 36712.3872805179 5717
81 36711.1972016418 5785
82 36705.6381784921 5857
83 36705.7380960849 5926
84 36702.3784584107 5995
85 36702.9222556379 6069
86 36702.1283121458 6139
87 36700.9704213406 6209
88 36697.8399286051 6281
89 36695.769671295 6349
90 36699.4939912854 6419
91 36695.099610368 6496
92 36695.8217403655 6570
93 36693.5789647322 6642
94 36693.1158060388 6713
95 36690.7411629408 6782
96 36695.0700773068 6854
97 36688.9272333049 6923
98 36691.1406846023 6991
99 36687.875131309 7063
100 36690.0902506772 7133
101 36689.5776771883 7202
102 36684.5543542208 7276
103 36685.2444341349 7347

0 47347.0319448547 71
1 48599.3824446013 144
2 47306.6376339365 212
3 48118.0451158839 280
4 47894.1584676798 351
5 48297.0170819809 419
6 46937.6905910074 487
7 48032.6745009901 568
8 47143.3139823964 637
9 45333.1505952766 708
10 45229.4492758747 778
11 43593.3110341225 846
12 43067.4974431286 916
13 42739.2107616102 985
14 41622.886145235 1053
15 41179.7741627103 1124
16 40816.9969251769 1195
17 39920.0184378224 1263
18 39426.2965249209 1335
19 38929.5216107279 1405
20 38648.0760512568 1473
21 38268.2399099932 1545
22 38056.8511258595 1614
23 37935.0839719618 1682
24 37885.0702422513 1755
25 37760.4336162887 1825
26 37608.3131861013 1894
27 37572.378596024 1973
28 37439.5339115892 2042
29 37405.3619322269 2111
30 37262.3913044822 2186
31 37274.635140983 2255
32 37202.2802293222 2326
33 37220.2166532975 2397
34 37120.5941580092 2465
35 37138.1019728851 2536
36 37104.6278329925 2606
37 37047.4847747241 2674
38 37057.7456988707 2745
39 37014.6887943597 2815
40 37015.7700254499 2883
41 36973.7067084849 2953
42 36974.4170285062 3023
43 36957.4815550309 3091
44 36921.6851971359 3163
45 36915.0089949404 3232
46 36900.7053864008 3302
47 36883.6821512004 3381
48 36863.2006956892 3451
49 36868.6809643181 3519
50 36831.6198538747 3594
51 36843.1484899202 3664
52 36841.5757490389 3734
53 36822.1295947969 3806
54 36817.2719005758 3875
55 36807.2190200461 3944
56 36802.7409544671 4015
57 36801.3620113015 4083
58 36791.5903542425 4154
59 36783.738629038 4227
60 36795.5342652662 4298
61 36777.8318538209 4369
62 36765.4457123514 4439
63 36762.3049874534 4509
64 36759.2031652079 4580
65 36757.7433791468 4650
66 36755.0964625117 4719
67 36749.0482428313 4797
68 36747.9152957824 4868
69 36748.5272768372 4936
70 36747.4168638888 5012
71 36733.2415202795 5082
72 36732.0323518149 5152
73 36728.386040656 5224
74 36731.4909199086 5293
75 36725.5651814365 5363
76 36727.3412213673 5435
77 36722.1283986266 5503
78 36718.11292598 5574
79 36716.7797610727 5644
80 36715.6059010848 5716
81 36709.8880930986 5788
82 36709.7194461342 5858
83 36705.300987297 5927
84 36710.6778261916 6000
85 36707.052601694 6072
86 36701.135024993 6142
87 36702.006687721 6220
88 36704.1229818577 6296
89 36703.1809776535 6366
90 36701.5372220337 6438
91 36698.02992535 6507
92 36697.6215055066 6577
93 36699.7580838889 6650
94 36702.3624649599 6721
95 36693.360800186 6791
96 36690.8854502704 6862
97 36691.5393995806 6931
98 36690.4527634143 7002
99 36689.007502451 7073
100 36689.9355715211 7141

0 48329.5598211272 73
1 49393.3912702876 141
2 47407.5651570434 208
3 48315.0095237297 279
4 47448.1309038349 348
5 48018.657739804 417
6 47533.5152518623 495
7 48666.7227681981 564
8 46998.7745454851 633
9 46555.5609108245 709
10 44718.8978341732 779
11 43874.3951835461 847
12 43099.916822118 920
13 42192.1136908133 989
14 41621.0079904592 1058
15 41586.4553466614 1129
16 40733.9567036754 1197
17 39968.9900323323 1267
18 39515.7303546386 1339
19 39086.8444339296 1407
20 38685.2386232829 1478
21 38479.3185776969 1550
22 38088.9553072031 1619
23 38002.1797552639 1690
24 37757.6090124711 1759
25 37595.5003509774 1827
26 37477.5370460669 1903
27 37542.0086206646 1974
28 37383.2408013892 2042
29 37295.9748792463 2122
30 37360.2389109913 2192
31 37266.5204521651 2260
32 37151.5660106832 2333
33 37135.8416209407 2401
34 37115.7962382955 2470
35 37078.0157938542 2542
36 37069.4475340532 2612
37 37032.938865064 2682
38 37042.8071219797 2753
39 36986.2998067931 2821
40 36948.9531276826 2891
41 36956.0889510349 2962
42 36937.0088401357 3031
43 36938.4108880924 3104
44 36907.1415846651 3174
45 36908.1180751232 3243
46 36891.9888379333 3317
47 36885.2162449495 3389
48 36865.3626775593 3457
49 36863.0024049908 3531
50 36848.7150059507 3603
51 36829.6245931881 3671
52 36828.9877482041 3744
53 36833.6954933169 3814
54 36811.7433530946 3884
55 36807.6597407714 3956
56 36808.960419277 4024
57 36799.7317140707 4093
58 36798.071018395 4167
59 36780.7967627577 4236
60 36777.2255434732 4306
61 36783.3220441888 4378
62 36770.8197700118 4446
63 36763.0969465733 4515
64 36758.8218424936 4585
65 36748.5967338902 4654
66 36749.8650689739 4726
67 36747.3465942058 4800
68 36741.8481147688 4870
69 36734.0221158145 4944
70 36736.1607592701 5018
71 36736.9987884845 5087
72 36729.6624790296 5159
73 36726.1296176146 5228
74 36722.3319343375 5296
75 36716.9824988318 5368
76 36719.5179996745 5437
77 36714.8883448462 5505
78 36715.0657354591 5577
79 36718.5369545002 5645
80 36709.1849982852 5713
81 36708.1857060718 5786
82 36705.3342677548 5855
83 36707.0784251188 5926
84 36708.2110281935 5997
85 36703.8153389091 6065
86 36701.0015121295 6136
87 36701.9250098919 6211
88 36700.6472995037 6282
89 36698.2465301671 6358
90 36695.1160987461 6429
91 36695.2283825682 6498
92 36695.7294909141 6571
93 36693.8292046699 6643
94 36695.1837657896 6716
95 36691.1228337062 6798
96 36694.3266344527 6870
97 36690.1973681736 6943
98 36690.6199475794 7016
99 36688.6875026442 7087
100 36687.4785114151 7166
101 36687.4791501428 7239
102 36686.1193553873 7309

0 46672.267106353 76
1 47842.7421961111 148
2 48025.298843305 218
3 48780.7311495376 295
4 48168.623986036 364
5 47388.4297003849 433
6 47286.8541771877 507
7 47694.9162067568 577
8 47694.2505146471 647
9 45432.8746516843 719
10 44561.3504999139 790
11 43374.1094552993 862
12 42494.1386524454 932
13 41951.225810568 1000
14 41612.1337467669 1072
15 41241.7474827747 1142
16 40126.279326631 1211
17 39700.4361704918 1286
18 39216.0402310496 1359
19 38810.8560414474 1429
20 38488.4353267959 1503
21 38321.2667989367 1574
22 37969.9945853506 1642
23 37885.4413453401 1724
24 37730.4469971926 1797
25 37695.108689759 1868
26 37576.1967748627 1940
27 37493.4716830371 2008
28 37413.5415229568 2078
29 37306.7823997129 2149
30 37214.6984520524 2223
31 37218.3922151728 2300
32 37157.2516375217 2372
33 37202.1729215314 2442
34 37120.8670124548 2514
35 37073.4832541244 2586
36 37086.7450933111 2656
37 37024.571404388 2731
38 37016.87850378 2803
39 36981.0763747641 2874
40 37004.6173909304 2948
41 36939.834059148 3016
42 36938.8493409257 3087
43 36942.7779695197 3161
44 36916.6949258875 3231
45 36903.2334860976 3306
46 36890.6760923992 3380
47 36875.0765350165 3449
48 36862.9109886781 3521
49 36849.3346883535 3591
50 36843.0624331502 3663
51 36828.8209705558 3737
52 36821.4233036429 3807
53 36814.7569706233 3878
54 36819.1434915922 3952
55 36806.762740288 4023
56 36811.8634793369 4095
57 36799.3122797242 4168
58 36791.5900750364 4239
59 36783.3972077438 4310
60 36776.3991798347 4381
61 36766.1450553064 4449
62 36767.1468218415 4524
63 36767.4003849653 4595
64 36756.6925213957 4664
65 36752.9840989229 4738
66 36755.7126066704 4811
67 36744.4953676435 4884
68 36741.8741220302 4959
69 36738.7005843223 5029
70 36737.1438406543 5098
71 36733.5084499834 5171
72 36735.2657283377 5243
73 36734.4157792629 5314
74 36729.7338249445 5386
75 36722.8467505018 5454
76 36720.8004789324 5525
77 36720.408886075 5595
78 36718.9384854604 5663
79 36715.4037543196 5734
80 36718.4285022237 5804
81 36713.9073892925 5872
82 36712.7742338116 5948
83 36705.8715592155 6020
84 36707.2064567858 6088
85 36708.6833372564 6163
86 36707.6370078502 6233
87 36705.7981160281 6303
88 36704.9470935962 6375
89 36700.8156576298 6445
90 36699.6783064382 6514
91 36697.6049269643 6586
92 36696.5062245533 6655
93 36697.3155144845 6725
94 36693.8095044014 6796
95 36693.4539358685 6865
96 36692.0596754937 6936
97 36691.0373298186 7007
98 36689.9059849356 7075
99 36690.1617928659 7144
100 36691.5205315703 7215

0 46735.9097415936 70
1 47965.4755152205 144
2 47900.2406116627 214
3 48432.0278545268 282
4 47698.3228622761 356
5 48968.732005493 426
6 46861.1080494909 493
7 48509.42048874 565
8 46405.234185453 634
9 45187.4497264356 702
10 44315.6954118126 774
11 43504.7106276313 843
12 43534.2515318513 910
13 42588.2932005191 985
14 41846.7084160628 1054
15 41431.4716723877 1123
16 40556.7030494033 1196
17 40069.9319536879 1265
18 39525.2261789472 1335
19 39248.8373108546 1408
20 38687.5433948762 1477
21 38296.8518883866 1551
22 38212.0744171984 1623
23 38076.3719108436 1693
24 37834.7093126275 1768
25 37736.6134513315 1840
26 37648.8551387257 1909
27 37585.5898743065 1981
28 37476.8272079054 2051
29 37387.7126335473 2120
30 37342.7784252082 2193
31 37310.2450811289 2262
32 37238.5812305421 2331
33 37205.7603251223 2403
34 37142.9450616713 2472
35 37131.868833082 2541
36 37075.020550241 2616
37 37053.6041683863 2686
38 37048.7328428734 2757
39 37032.6506828395 2832
40 37024.129447059 2901
41 37001.9780801766 2976
42 36998.4832568301 3047
43 36965.23413188 3116
44 36956.3110414854 3191
45 36960.2347761198 3262
46 36931.7690502343 3331
47 36914.225593741 3404
48 36908.7494103625 3473
49 36889.9445265698 3541
50 36911.2522172016 3613
51 36873.9826118234 3682
52 36865.31301709 3751
53 36867.7554561325 3824
54 36849.4851511009 3894
55 36841.6576247831 3964
56 36837.693352957 4037
57 36835.2222666077 4106
58 36824.2268485251 4176
59 36815.4432375448 4248
60 36809.722031404 4317
61 36801.4282764913 4391
62 36794.2734540011 4463
63 36793.9712057687 4532
64 36789.9428486519 4606
65 36785.692054135 4676
66 36777.4800858645 4746
67 36776.3206762802 4818
68 36784.4215544184 4888
69 36775.3603194545 4957
70 36775.0779055002 5029
71 36772.045981582 5100
72 36766.8552892803 5169
73 36760.015714263 5241
74 36759.7418731851 5309
75 36757.1895628105 5379
76 36752.5570923438 5451
77 36756.1379875892 5519
78 36749.8849809094 5588
79 36750.3586370226 5659
80 36746.586051036 5727
81 36754.8463464697 5799
82 36748.2074324547 5874
83 36741.5964577207 5942
84 36739.9918442795 6015
85 36746.3785018215 6086
86 36739.9033177141 6154
87 36743.341702958 6225
88 36732.4105786942 6294
89 36731.4435968733 6362
90 36734.5143583236 6434
91 36732.7851949802 6503
92 36729.7691333701 6571
93 36729.1964419258 6642
94 36732.5798583646 6711
95 36724.9111889782 6780
96 36724.144780744 6852
97 36724.0310083811 6921
98 36724.2132324896 6990
99 36722.2769159825 7065
100 36723.1379991546 7134
101 36720.2440483866 7206
102 36719.0227602064 7282
103 36719.7059828695 7350
104 36717.8841562064 7421
105 36716.2304628523 7492
106 36716.1714653019 7561
107 36715.632138759 7635
108 36717.7302938575 7705
109 36718.7209564719 7774
110 36713.4900491371 7846
111 36715.837179748 7916
112 36717.7775937328 7984
113 36715.2684577583 8056
114 36715.5458063554 8126
115 36710.9712593626 8195
116 36712.0544666037 8266
117 36713.0462297736 8335
118 36711.0557054537 8404
119 36708.7126139498 8476

0 50485.5228236954 71
1 46910.8151901277 139
2 48556.1402248597 217
3 47952.5660584143 285
4 49611.3435326445 355
5 48361.4791113119 432
6 48826.9764101645 502
7 47962.4338917337 573
8 47545.2956200253 646
9 46394.6022215333 714
10 45866.7451408271 783
11 43824.0576893837 852
12 43340.6442547935 921
13 42336.1196108261 991
14 42049.2987165749 1060
15 41344.6262640029 1128
16 40211.007155725 1199
17 39816.1053638539 1269
18 39459.606435324 1338
19 38847.1947480328 1411
20 38751.515725788 1480
21 38382.8656483311 1549
22 38237.9333163401 1629
23 38106.6206579496 1701
24 37883.6275307828 1770
25 37716.126330904 1842
26 37632.0118575107 1912
27 37483.0710462516 1983
28 37373.9856819009 2056
29 37358.8185687699 2125
30 37323.878150655 2195
31 37253.8279089972 2267
32 37207.3715005487 2337
33 37127.1334709131 2409
34 37148.4022926683 2478
35 37111.5708673326 2547
36 37093.2656227173 2618
37 37031.6872710324 2687
38 37020.7732503302 2755
39 37059.7192157564 2825
40 36998.4936726042 2895
41 36982.5546315792 2964
42 37000.7984220087 3043
43 36965.6513965166 3112
44 36965.5775204926 3181
45 36921.4798679917 3257
46 36926.6405231391 3327
47 36899.3437462676 3396
48 36905.2214464666 3468
49 36889.4165476321 3536
50 36889.9368363427 3606
51 36883.5124152025 3677
52 36858.2684846549 3745
53 36857.072775542 3815
54 36838.6075904949 3885
55 36844.6864707502 3954
56 36832.5581264295 4024
57 36828.4832789568 4095
58 36816.6635502637 4166
59 36805.1557992001 4239
60 36803.1249728475 4310
61 36803.4215796209 4378
62 36793.5374332103 4454
63 36789.1208329846 4527
64 36795.563044949 4596
65 36783.7669358984 4670
66 36779.8811608088 4739
67 36774.0726271351 4808
68 36770.888673109 4880
69 36768.3403192218 4948
70 36767.3201136812 5017
71 36763.0639841836 5090
72 36760.9630787901 5160
73 36750.6219374221 5230
74 36762.0426224207 5301
75 36751.7462509203 5371
76 36752.8410491237 5443
77 36749.0351682538 5513
78 36753.2157140851 5584
79 36744.4192673295 5655
80 36743.1158855453 5725
81 36739.3849141557 5793
82 36742.4001331149 5870
83 36735.9765146826 5942
84 36738.1662589643 6012
85 36732.781908105 6085
86 36731.2187843764 6154
87 36728.3038746238 6223
88 36732.8048265996 6296
89 36726.3319045897 6367
90 36725.0001755344 6436
91 36726.0808747383 6509
92 36726.0570448402 6581
93 36725.2815456822 6651
94 36724.6848196819 6724
95 36721.0700492833 6795
96 36721.8742605001 6866
97 36721.3802462023 6936
98 36719.3033401853 7005
99 36717.5767284739 7075
100 36719.5272447999 7145
101 36717.4724798361 7213
102 36716.9470270242 7290
103 36713.9778304721 7359
104 36715.7508836728 7429
105 36714.0222489304 7505
106 36717.5343931748 7575
107 36714.2787621623 7644
108 36714.9250868025 7717
109 36712.4187346002 7787
110 36711.8843666764 7856
111 36710.5614855741 7929
112 36709.9691139133 7999
113 36710.2975774401 8069
114 36710.1507386166 8140
115 36708.5369640347 8210
116 36709.2005662425 8283
117 36707.0201716546 8353
118 36711.4222617689 8423
119 36706.3071033017 8496
120 36705.4552973556 8568
121 36705.1778842995 8636
122 36704.6472466498 8713
123 36704.4380292366 8783
124 36704.270161677 8851
125 36703.2969202722 8926
126 36703.7126192804 8996
127 36702.8250894615 9065
128 36704.4875031198 9138
129 36703.5377391744 9213
130 36703.7394837939 9284
131 36701.7081094028 9356
132 36703.5632649294 9424

0 47849.3245259569 72
1 49858.0793665725 142
2 48124.469964939 211
3 48528.1474257976 281
4 47861.2875359275 351
5 47592.5036971255 418
6 47705.7502438689 488
7 46384.6928638018 558
8 47380.2827982852 626
9 46367.9092049201 698
10 44561.2244406789 770
11 43551.6369297595 840
12 42499.54123093 914
13 42439.2562483216 982
14 42500.1489472499 1050
15 41266.6744452718 1122
16 40427.116357478 1193
17 40044.2050439652 1261
18 39323.0315037255 1334
19 39191.4927845167 1403
20 38746.5685430423 1472
21 38617.0922539607 1545
22 38190.6079144304 1614
23 38025.7447654948 1684
24 37946.1140952161 1756
25 37775.4767089575 1826
26 37657.1518204528 1897
27 37500.1120908076 1968
28 37481.763827278 2037
29 37419.5753140355 2110
30 37328.0707517134 2189
31 37292.0536999798 2259
32 37225.3855545011 2333
33 37202.0914344496 2405
34 37125.522235296 2474
35 37142.5776851072 2548
36 37083.0430616387 2617
37 37086.029411064 2686
38 37070.7929092232 2760
39 37020.3725879618 2830
40 37005.9809826381 2899
41 37022.7952242232 2972
42 37000.5886215104 3041
43 36953.1663833304 3111
44 36948.7904666478 3182
45 36927.9124068031 3250
46 36923.0482189296 3320
47 36907.2773106659 3391
48 36886.9712157717 3461
49 36898.3220245132 3541
50 36877.3668519021 3610
51 36869.0737366464 3679
52 36861.9772111995 3755
53 36859.4603134375 3825
54 36851.9891397732 3894
55 36846.9119899196 3966
56 36831.1651365007 4035
57 36826.0245427512 4105
58 36818.5153103869 4180
59 36817.8048777817 4248
60 36813.792020758 4318
61 36812.9871137674 4389
62 36796.647900888 4457
63 36795.0861356413 4527
64 36796.7281598171 4599
65 36787.9750707096 4667
66 36781.9144740362 4738
67 36776.7410659746 4813
68 36774.3952280939 4883
69 36768.3275338351 4959
70 36770.9289311866 5030
71 36764.9364147539 5099
72 36762.8059808761 5175
73 36762.6838456976 5244
74 36765.8741671886 5312
75 36754.3880517977 5385
76 36760.8758936256 5453
77 36755.8183960481 5523
78 36751.242064374 5597
79 36745.4854444124 5666
80 36747.4455995855 5736
81 36748.2056349891 5810
82 36743.3337804752 5878
83 36741.0606734706 5948
84 36740.8700048849 6020
85 36736.6530561664 6089
86 36735.3758764096 6161
87 36735.0946743849 6232
88 36736.9084808492 6301
89 36734.3497123715 6379
90 36737.3727183977 6450
91 36736.3028223428 6519
92 36732.1175674199 6594
93 36730.4872184775 6675
94 36727.9081377952 6752
95 36728.3490841249 6825
96 36726.4409123617 6894
97 36723.8035232893 6963
98 36724.3167587906 7035
99 36724.140856793 7104
100 36723.5527040958 7176
101 36723.5166455824 7248
102 36722.3443738827 7317
103 36720.7496112704 7390
104 36721.9280228924 7461
105 36719.2498367937 7529
106 36718.6415309173 7600
107 36716.983484541 7669
108 36718.8883744723 7738
109 36715.3589257521 7818
110 36715.8499908241 7889
111 36717.0789760866 7958
112 36714.9946694797 8031
113 36714.0168934453 8100
114 36713.4103035073 8170
115 36714.13790061 8244
116 36712.9428049489 8313
117 36712.3760045501 8383
118 36712.4919748323 8454
119 36712.1837335585 8523
120 36711.2280981159 8592
121 36711.0047336021 8663

0 47484.4960358652 71
1 46863.8758101536 142
2 48222.6170178257 211
3 48701.2464444751 279
4 48210.7924773191 350
5 48004.7131711452 420
6 48909.2412676657 490
7 45568.6303739187 568
8 46647.0458853802 637
9 46909.054126948 705
10 44644.1985524561 780
11 44053.5082301879 849
12 43223.9119643899 917
13 42643.2221936862 989
14 41959.1952012803 1058
15 41449.1639241199 1130
16 40670.4458790762 1202
17 39831.0020357826 1272
18 39553.905397733 1342
19 38999.1119610118 1414
20 38850.1838840031 1483
21 38532.2512478994 1555
22 38322.5824084504 1626
23 37996.9681998809 1696
24 37802.7958488134 1768
25 37669.3025079622 1838
26 37643.7666735262 1906
27 37509.5728335645 1985
28 37423.3517212374 2055
29 37359.6330350898 2124
30 37347.9616111409 2201
31 37276.5361918584 2272
32 37251.2795909452 2340
33 37178.0762893258 2413
34 37148.6613543224 2483
35 37121.2077213689 2554
36 37067.835199868 2627
37 37065.359611604 2695
38 37031.8181038612 2764
39 37019.1485951578 2835
40 37003.7689102901 2903
41 36987.2367990597 2974
42 36964.5653998671 3044
43 36942.7293616343 3112
44 36934.0556127993 3182
45 36943.9696572297 3252
46 36925.4609826662 3320
47 36905.465289988 3397
48 36900.6565605813 3469
49 36885.9893044335 3537
50 36867.235110055 3612
51 36853.0378709093 3681
52 36847.9634203244 3750
53 36837.7864674146 3823
54 36827.493188335 3891
55 36843.7224744373 3959
56 36811.5765784048 4031
57 36810.3498508269 4099
58 36813.0663290705 4168
59 36794.6958223483 4240
60 36792.0273995055 4308
61 36795.4537769242 4377
62 36780.7714592225 4448
63 36781.3714320623 4517
64 36776.3601746459 4586
65 36772.2380417428 4657
66 36764.0298036065 4726
67 36769.0486874277 4799
68 36754.4304588395 4871
69 36755.2660812701 4941
70 36765.7590146749 5015
71 36754.3464301917 5086
72 36758.3784200044 5154
73 36748.1382660233 5225
74 36750.9898569138 5294
75 36746.0033826942 5362
76 36742.5942410836 5434
77 36735.0325205901 5504
78 36737.9364211408 5572
79 36737.9231380024 5647
80 36740.0775381451 5718
81 36734.3667770364 5787
82 36729.9440374983 5861
83 36732.8201543122 5931
84 36729.9729089594 6002
85 36727.0976184756 6073
86 36727.217966123 6144
87 36727.1898949008 6218
88 36725.4299511056 6295
89 36723.653404924 6363
90 36724.4650073829 6434
91 36724.5801269067 6504
92 36723.28002898 6572
93 36720.8225413015 6643
94 36720.2404849203 6712
95 36719.0075322636 6781
96 36718.5234804371 6854
97 36722.0645329796 6924
98 36717.1312529683 6992
99 36713.739129736 7063
100 36713.4534972005 7133

0 47705.1244244123 70
1 49316.7059536615 143
2 47778.902716247 211
3 49454.8119057229 279
4 47993.7095762436 352
5 49781.0627562727 423
6 47191.934089859 494
7 48703.9096846804 566
8 47402.0601496868 635
9 46222.6736120204 706
10 44916.5086397132 777
11 43893.5857238992 844
12 42972.4544993793 914
13 43177.8219222492 984
14 41817.806809567 1052
15 41537.1429125877 1123
16 40771.4860780757 1193
17 39995.7158738605 1261
18 39719.2055787045 1333
19 38772.7877102042 1404
20 38458.1552102866 1473
21 38314.5332649359 1544
22 37862.4204418771 1613
23 37869.8570459612 1683
24 37799.2096164039 1757
25 37640.7569635251 1825
26 37547.9625521673 1894
27 37448.7207350097 1975
28 37358.1421784495 2045
29 37309.6287627524 2115
30 37290.410889375 2189
31 37215.6547635735 2257
32 37190.0987061144 2328
33 37185.9059398118 2399
34 37091.9173787208 2468
35 37074.0782981889 2538
36 37012.9493208477 2608
37 37015.7911910067 2677
38 37011.8408658722 2750
39 36983.9302941022 2819
40 36968.5559825623 2887
41 36966.0540642295 2963
42 36951.1115883341 3032
43 36927.3944375377 3100
44 36907.2285858139 3173
45 36891.715107537 3242
46 36893.5564317767 3310
47 36891.4449171663 3391
48 36855.6378993143 3461
49 36858.5990449478 3530
50 36834.003965912 3605
51 36823.3229802308 3674
52 36826.3891179581 3746
53 36819.6056297125 3816
54 36815.1720886985 3884
55 36804.3705021695 3956
56 36801.2817799844 4028
57 36793.6405566965 4099
58 36796.9493777679 4171
59 36781.7961156664 4241
60 36782.3821138143 4309
61 36772.3723408597 4380
62 36766.6839206472 4449
63 36762.7049573491 4517
64 36764.0274888539 4591
65 36759.1489176586 4662
66 36751.0544175579 4730
67 36748.4484304009 4811
68 36745.1421359157 4882
69 36743.8814490172 4952
70 36742.8113421543 5022
71 36735.1367601411 5090
72 36728.8702551197 5160
73 36729.0330532789 5231
74 36728.1551732321 5300
75 36720.3283479424 5371
76 36724.5330836041 5442
77 36717.4883938643 5510
78 36715.7408404415 5581
79 36714.5970537361 5651
80 36707.9776517808 5720
81 36713.3111254247 5792
82 36707.8642818149 5862
83 36706.5483880319 5930
84 36702.4286503251 6002
85 36701.1715613268 6074
86 36702.2462364989 6142
87 36699.0921799401 6220
88 36699.7895384 6289
89 36697.782646182 6358
90 36694.3278244385 6433
91 36694.4997451542 6502
92 36691.0532933279 6572
93 36694.8024277451 6643
94 36694.3068632191 6712
95 36690.6018356161 6782
96 36688.4230507447 6853
97 36691.2361899384 6921
98 36686.3956652758 6992
99 36687.5558637164 7062
100 36685.4410574313 7131

0 47740.753452231 73
1 48271.5075707041 144
2 48752.7745732395 212
3 47985.5386382345 284
4 48538.9228523504 353
5 47006.1744671638 421
6 48212.0084478828 499
7 46628.1002985714 572
8 46381.0460103456 640
9 47437.41357134 716
10 43368.0013197329 784
11 44005.3321925415 852
12 42526.4643552252 925
13 42286.2978231357 994
14 41713.4253455637 1063
15 41169.0697381184 1135
16 40766.1199597623 1205
17 40086.5490099621 1275
18 39532.6763971137 1346
19 39146.0565095097 1415
20 38569.4785971704 1487
21 38386.6221096278 1559
22 38148.902774812 1628
23 37927.7204087909 1700
24 37817.2662609647 1770
25 37680.0929454115 1838
26 37684.0703631177 1918
27 37532.2944611406 1989
28 37460.423087831 2057
29 37372.3497955031 2132
30 37312.2649688885 2202
31 37231.7608812281 2270
32 37216.7682111834 2342
33 37196.4356730292 2410
34 37138.7564015996 2480
35 37119.0650856768 2552
36 37105.9541664628 2621
37 37045.6007644254 2691
38 37038.5564757512 2763
39 37021.2803288808 2832
40 37008.4450317027 2903
41 36967.7663980263 2973
42 36968.5687672675 3042
43 36942.9595419627 3112
44 36925.3874750539 3181
45 36906.5117990602 3252
46 36888.2340471826 3329
47 36887.4858407159 3400
48 36875.7252243768 3468
49 36870.1369848674 3550
50 36844.9568731972 3627
51 36833.9288955847 3698
52 36828.5852644241 3771
53 36817.2871944397 3842
54 36801.7021943959 3912
55 36805.9915995295 3982
56 36796.2905782828 4051
57 36779.5933714298 4122
58 36783.1833916242 4192
59 36778.2729187838 4260
60 36771.24401198 4330
61 36776.0377971389 4400
62 36765.3642632663 4468
63 36768.0913587603 4541
64 36764.651703727 4610
65 36755.5386315281 4678
66 36753.4057677364 4755
67 36746.7660716646 4825
68 36744.5441420739 4894
69 36737.8539892452 4970
70 36741.0795249922 5039
71 36736.968428111 5108
72 36740.0212134697 5180
73 36732.6106032745 5248
74 36727.3270939717 5318
75 36725.50395519 5390
76 36723.3532630216 5458
77 36723.0066729023 5527
78 36715.9849555797 5599
79 36716.826338081 5667
80 36711.9486499683 5737
81 36712.7117045657 5808
82 36710.7148718917 5876
83 36708.4256575562 5946
84 36710.5564052931 6019
85 36706.9582632907 6088
86 36705.5983951553 6161
87 36706.4207025902 6233
88 36707.1565703657 6301
89 36701.8762950272 6375
90 36701.0994526063 6445
91 36699.6920701884 6513
92 36698.3441077559 6586
93 36697.1209182282 6655
94 36697.5397453589 6723
95 36695.211004495 6796
96 36696.1958718208 6865
97 36695.1678722539 6937
98 36693.9408806163 7009
99 36697.0867891077 7078

0 46825.1810604825 71
1 48522.7789950231 143
2 48642.5413760381 211
3 46974.8831871636 280
4 50380.2489242027 350
5 48587.5431698971 418
6 47947.0671655621 489
7 47390.3086023574 562
8 46840.8624939816 630
9 45862.5227934046 706
10 46017.7514655688 776
11 43785.3356306972 844
12 42865.402069436 916
13 42577.3221498317 985
14 41672.7523060436 1052
15 41230.6966635052 1123
16 40302.8000171792 1194
17 40434.818261856 1263
18 39514.9483054125 1336
19 39388.1485017924 1405
20 38815.3101901611 1475
21 38532.9306628284 1548
22 38241.2174617702 1616
23 38117.2878827795 1686
24 37774.4028422315 1760
25 37828.2183115029 1829
26 37597.9082587045 1900
27 37516.2515079746 1977
28 37467.2074664076 2046
29 37373.1881169545 2117
30 37358.2713455156 2189
31 37308.5042665549 2258
32 37286.422336162 2330
33 37219.0293547518 2400
34 37219.9804388246 2469
35 37145.2375794631 2543
36 37107.0107698042 2615
37 37092.4172098063 2683
38 37088.2159456845 2755
39 37043.1170363931 2824
40 37014.462112043 2892
41 36980.0526852449 2966
42 36965.5451053566 3035
43 36940.2463634705 3104
44 36931.7640239913 3176
45 36918.7850480573 3244
46 36910.217648084 3315
47 36903.5846333646 3391
48 36884.9401823247 3461
49 36875.6229774896 3532
50 36868.5263874357 3603
51 36857.5165528665 3671
52 36848.9051610149 3742
53 36850.5737140398 3812
54 36841.2362284049 3880
55 36823.2917863722 3952
56 36817.5602994809 4022
57 36824.1793766855 4090
58 36805.0020161124 4162
59 36797.7448092357 4232
60 36801.347195869 4300
61 36800.6174531663 4372
62 36789.4102904178 4441
63 36776.426193129 4511
64 36770.3189465381 4584
65 36769.800001565 4654
66 36767.6293205368 4722
67 36762.4714869749 4801
68 36752.2525270583 4874
69 36750.9940319077 4946
70 36756.8001411043 5018
71 36743.9049892712 5088
72 36743.1915801566 5159
73 36746.2947158158 5229
74 36736.2443411542 5297
75 36739.0694837026 5368
76 36739.2719574167 5438
77 36734.8916972687 5507
78 36734.3997189681 5579
79 36729.2070499097 5649
80 36726.3106016133 5717
81 36724.9295509047 5788
82 36726.3656479556 5857
83 36724.5872407255 5925
84 36721.8357950107 5998
85 36720.4952086825 6066
86 36717.9471631348 6135
87 36717.1621963414 6214
88 36714.9320176777 6284
89 36713.1372876487 6355
90 36717.7334940694 6426
91 36712.4818374704 6495
92 36709.1199650425 6565
93 36710.9744451642 6637
94 36712.9593677103 6705
95 36715.6057545653 6775
96 36706.9998760207 6845
97 36706.0824890301 6913
98 36708.2103834888 6984
99 36705.6984153004 7054
100 36704.0566787912 7124

0 48696.2945572325 74
1 48387.7570370303 142
2 48024.176798941 209
3 45856.1239462122 279
4 49182.3385381165 349
5 49414.6194336391 417
6 47748.4997488225 495
7 48101.2782921665 564
8 48151.5519265182 632
9 45902.7042030663 706
10 44538.3426520254 776
11 43941.2438447769 844
12 43577.9546268405 916
13 42086.1997391077 983
14 42004.8970376171 1052
15 41374.3805062188 1122
16 40991.2493006335 1190
17 40292.3283830237 1260
18 39576.2766198691 1332
19 39092.4012606105 1402
20 38699.8187306393 1473
21 38536.7537427188 1544
22 38427.1350022953 1613
23 38296.6102466795 1685
24 38062.7902048294 1759
25 37991.8664086986 1829
26 37737.8255741972 1907
27 37636.1254926864 1983
28 37542.2669930021 2053
29 37431.8435483833 2127
30 37428.0099639721 2200
31 37339.6331173028 2270
32 37384.4931315209 2343
33 37278.1803223327 2412
34 37232.1310176354 2482
35 37193.9390359506 2553
36 37153.7285112587 2621
37 37113.4590817764 2692
38 37127.9247190703 2768
39 37095.091741244 2840
40 37076.9770251976 2912
41 37044.4498532925 2981
42 37058.1004389741 3051
43 36998.1600519774 3126
44 37005.4065138489 3198
45 36980.6945187781 3269
46 36960.759180184 3349
47 36947.8750662376 3421
48 36948.7609870371 3493
49 36941.512807683 3567
50 36927.2532970617 3638
51 36911.4982200429 3711
52 36895.4939534263 3784
53 36889.341021405 3855
54 36886.9008248214 3928
55 36878.387693791 4001
56 36873.1530734529 4072
57 36872.5623886681 4145
58 36862.7549028599 4214
59 36874.5626206179 4282
60 36852.0478143483 4355
61 36841.9117579928 4425
62 36841.2573096626 4495
63 36832.2119621486 4570
64 36830.4972057516 4640
65 36824.8096636773 4712
66 36824.7766550707 4786
67 36816.2518945902 4854
68 36819.0290247336 4926
69 36814.1249002079 5000
70 36810.6312229411 5071
71 36808.5274526691 5142
72 36804.7338728177 5212
73 36801.4282334889 5280
74 36798.5870957417 5353
75 36794.4891454482 5425
76 36788.7764748861 5496
77 36793.5791892628 5570
78 36787.4498651752 5641
79 36785.9236651978 5712
80 36784.6801280976 5786
81 36782.4019629792 5857
82 36778.989544412 5929
83 36777.2690413107 6002
84 36774.7977876512 6073
85 36777.3134109314 6149
86 36772.6536296753 6226
87 36770.3891586728 6296
88 36767.6144718283 6371
89 36769.6936531728 6441
90 36766.5441594416 6509
91 36765.2394147974 6581
92 36758.7640717106 6650
93 36762.1097258037 6722
94 36759.0172919586 6798
95 36757.6701654977 6867
96 36753.1129183732 6938
97 36753.0295288082 7010
98 36754.3439864889 7079
99 36755.7847797411 7148
100 36752.8214771347 7220
101 36754.037706476 7289
102 36750.3148270459 7361
103 36749.8915800549 7431

0 48745.5276328982 70
1 49175.684542815 146
2 48215.4972858605 216
3 47939.6227157081 283
4 47590.1351739827 363
5 47746.9503306308 437
6 47437.6731756277 506
7 48051.0571334047 577
8 47041.5825582903 645
9 45327.0324843645 713
10 46355.5741619211 785
11 43856.4876511383 852
12 43433.788977883 923
13 42697.1384283533 994
14 41978.4985646581 1062
15 41117.4859117284 1131
16 40380.0904814952 1203
17 39934.0688121706 1272
18 39331.2840845205 1342
19 39107.3076203175 1414
20 38650.3236374431 1484
21 38311.5122095866 1558
22 38208.0381834892 1633
23 38091.3365219306 1702
24 37770.7274948219 1778
25 37692.8933449056 1848
26 37545.8114257094 1918
27 37479.1317759107 1990
28 37372.0031256734 2060
29 37319.3349131669 2129
30 37301.3695820365 2201
31 37260.3630912363 2270
32 37211.0877401292 2340
33 37162.9877665277 2411
34 37137.6203794048 2479
35 37097.9877659294 2548
36 37072.3336937022 2620
37 37060.1293377259 2689
38 37025.5102503514 2759
39 37003.3984417799 2830
40 36984.5912834629 2899
41 36958.8857355127 2972
42 36966.8236946472 3045
43 36935.413516405 3114
44 36911.6035771906 3187
45 36890.4376097923 3258
46 36885.3692885749 3326
47 36881.5058544961 3397
48 36886.6281497837 3467
49 36866.3732183415 3536
50 36849.742649034 3608
51 36844.8160309134 3676
52 36837.4701712101 3744
53 36826.712318933 3817
54 36821.5158564322 3886
55 36815.3422614052 3956
56 36808.1486667247 4029
57 36783.5220995991 4097
58 36787.1008161713 4166
59 36781.1302712153 4238
60 36790.8505926005 4306
61 36769.9186398775 4378
62 36764.5483428773 4453
63 36763.908410576 4521
64 36767.7231273275 4593
65 36757.1212913036 4665
66 36755.2906949786 4733
67 36749.0782895208 4804
68 36744.6335566003 4874
69 36744.5144001935 4942
70 36749.7030660625 5014
71 36744.8089543841 5083
72 36734.1571613338 5152
73 36734.6414970081 5223
74 36734.7499054701 5293
75 36728.8419597257 5364
76 36730.5146918695 5438
77 36727.6346270908 5507
78 36724.3917455893 5576
79 36725.3309893388 5648
80 36722.7839787673 5715
81 36719.2157211403 5784
82 36726.4538065094 5863
83 36719.1819754022 5932
84 36715.1446960619 6003
85 36719.6731386547 6074
86 36712.9140628979 6142
87 36711.7868807829 6212
88 36712.5181541531 6282
89 36710.5856415551 6350
90 36711.0127558622 6427
91 36705.1217040426 6505
92 36703.9674545972 6575
93 36705.4965617537 6649
94 36707.7224277489 6720
95 36701.5043124635 6788
96 36702.5392766177 6860
97 36701.1801174977 6930
98 36705.8493206018 6998
99 36697.2385823306 7070
100 36699.5212624205 7139
101 36698.7280970859 7207
102 36695.9302041397 7285
103 36699.4361792011 7353

0 48611.6923404631 72
1 48386.112274036 146
2 47915.3261010015 214
3 47733.6717583864 283
4 48817.9009983449 353
5 46859.2431816203 420
6 47500.3324886426 489
7 49550.5778752618 561
8 47287.7145314285 629
9 47126.5415983992 700
10 44961.6896214312 770
11 43730.178420564 838
12 42857.0182149858 908
13 42704.9028642148 977
14 42067.8114209695 1045
15 41408.5702662571 1115
16 40496.8137854837 1185
17 40037.0485219908 1254
18 39339.6020937514 1332
19 39203.4609165868 1403
20 38833.5579506448 1473
21 38332.398635083 1549
22 38041.6640568558 1619
23 38004.7460295567 1688
24 37743.449291551 1759
25 37669.4708367503 1828
26 37517.0902662496 1897
27 37478.989082094 1970
28 37423.6776024382 2039
29 37327.819834297 2111
30 37307.2863433634 2181
31 37271.6484535338 2250
32 37183.554940197 2320
33 37137.804877176 2390
34 37128.8760152119 2460
35 37109.1470805371 2532
36 37069.2755117917 2602
37 37053.6111150461 2670
38 37020.885323572 2747
39 36980.4240118544 2818
40 36989.6372801413 2885
41 36975.269753295 2960
42 36952.1612578992 3033
43 36965.7593478209 3103
44 36932.7895114895 3177
45 36915.8580460779 3245
46 36909.0404218143 3314
47 36882.7617091102 3387
48 36870.7806728291 3458
49 36866.103957614 3528
50 36849.397062065 3599
51 36841.1597871444 3668
52 36830.4483725999 3737
53 36831.240198886 3808
54 36813.5720900651 3876
55 36811.8639799131 3946
56 36811.4485041873 4017
57 36790.6351169146 4085
58 36796.0926910386 4161
59 36786.8154312553 4232
60 36777.2643214061 4302
61 36776.7184522024 4376
62 36772.0556015447 4446
63 36776.6128096401 4515
64 36769.1246660412 4589
65 36764.7696478902 4657
66 36755.4470050149 4726
67 36757.4798152193 4799
68 36759.8139418728 4867
69 36749.9604231016 4935
70 36739.6701910143 5007
71 36737.7535444741 5077
72 36733.9984476938 5148
73 36733.8553927318 5222
74 36730.2800854348 5292
75 36731.7601795193 5364
76 36722.4546063053 5439
77 36722.8330402489 5510
78 36719.9452876995 5589
79 36719.1474710675 5659
80 36716.3920247509 5726
81 36714.9802126238 5802
82 36716.4483464779 5872
83 36710.1466166523 5941
84 36707.8510557435 6015
85 36708.091382978 6084
86 36710.632592192 6154
87 36712.8808968033 6227
88 36707.2829702114 6295
89 36705.8016580053 6364
90 36704.2484291875 6436
91 36701.1642864937 6505
92 36699.6680939384 6575
93 36700.9098603975 6646
94 36699.4251459506 6714
95 36700.8862728133 6785
96 36699.7118183325 6856
97 36696.4741574333 6924
98 36695.8723302606 7001
99 36698.9853779675 7073
100 36693.8069041433 7141
101 36695.0431840721 7220
102 36697.1640498183 7289
103 36691.3468618231 7359

0 48477.3545153882 74
1 48498.9897046611 144
2 47276.7127214966 212
3 47689.5206107656 285
4 47883.8794693328 354
5 47742.8256880199 423
6 48198.5571614081 494
7 46968.0115075523 562
8 47518.0182377103 632
9 46519.3199663701 707
10 45250.6911733956 775
11 43385.8696054653 845
12 42571.0032564566 914
13 42342.0505437045 981
14 42012.2446134959 1058
15 41076.3442765624 1127
16 40544.6890438978 1196
17 39830.1447154558 1273
18 39372.3254799339 1342
19 39032.8851971578 1411
20 38551.3606470818 1484
21 38567.0919723448 1554
22 38193.9404844139 1623
23 37838.5174218393 1696
24 37740.372102713 1764
25 37779.664028588 1834
26 37607.2399118335 1909
27 37534.1190734194 1978
28 37447.0649852242 2049
29 37426.4454941503 2119
30 37302.5068880589 2188
31 37322.3349860978 2259
32 37275.6933737222 2330
33 37226.7483452696 2398
34 37192.4849485824 2475
35 37160.3344196239 2549
36 37151.2687905372 2619
37 37117.2929689972 2693
38 37072.4531717363 2762
39 37099.2590289364 2830
40 37042.1921352611 2905
41 37017.0695027845 2975
42 37000.6119742578 3044
43 36988.3411179542 3117
44 36964.2851592394 3188
45 36961.2233760792 3259
46 36958.260549623 3331
47 36936.942609601 3400
48 36927.8459980715 3469
49 36904.4065065377 3541
50 36905.8186369826 3610
51 36899.6392908903 3681
52 36888.5570048336 3751
53 36887.199232651 3820
54 36873.0816804107 3898
55 36866.2837082449 3970
56 36861.8355855289 4038
57 36853.0085018273 4114
58 36846.4214397915 4185
59 36840.5317061687 4256
60 36826.2247525762 4328
61 36827.4064632616 4397
62 36821.3759681242 4465
63 36821.4280180624 4538
64 36812.1271834938 4607
65 36806.7672162494 4678
66 36802.4421079654 4750
67 36797.1631393042 4818
68 36791.0808172653 4887
69 36787.2334304096 4958
70 36786.8164545399 5027
71 36784.3368058796 5096
72 36780.0124326872 5167
73 36777.001787036 5235
74 36774.9715329327 5307
75 36774.4370118604 5380
76 36768.0542425687 5448
77 36769.6114648499 5522
78 36761.558608217 5593
79 36764.587955437 5662
80 36764.0305890455 5739
81 36759.4992569625 5807
82 36758.1672693215 5878
83 36756.2882639357 5952
84 36752.7780307958 6021
85 36756.6035112782 6090
86 36751.0766315166 6161
87 36749.5886451993 6231
88 36750.330852149 6301
89 36753.6742915461 6374
90 36747.7689871562 6443
91 36747.8819753481 6513
92 36742.5583706104 6585
93 36743.6586023313 6654
94 36745.8891007715 6728
95 36739.9241734161 6801
96 36738.7911258685 6869
97 36742.5206190846 6944
98 36736.6830495455 7014
99 36734.8321072694 7082
100 36734.3444639411 7153
101 36732.812936741 7223
102 36733.5472981218 7291
103 36731.0215849322 7363
104 36730.6990837148 7433
105 36728.8166015429 7516
106 36728.4765408367 7593
107 36728.8550644143 7662
108 36728.4342669702 7733
109 36728.5583014637 7804
110 36730.7053383383 7873
111 36727.7870737095 7945
112 36727.4466694425 8015
113 36726.302854957 8083
114 36724.7612094263 8157
115 36727.2161342978 8228
116 36723.3034389043 8297
117 36722.9505186839 8372
118 36724.2953420526 8441
119 36724.5083466953 8510
120 36721.8883804214 8583
121 36722.2672015016 8652
122 36720.5253172474 8721
123 36720.3859737041 8795
124 36719.7257052302 8864
125 36720.4222282752 8934
126 36719.5571605849 9007
127 36719.0788753769 9077
128 36718.0325535468 9146
129 36717.7844820801 9219
130 36717.3760132762 9287
131 36717.3017416145 9356
132 36717.1297983237 9426
133 36717.5257051832 9495
134 36717.5023230469 9567
135 36715.1619147208 9645
136 36715.5313611281 9714
137 36715.9509431171 9786
138 36714.9555639513 9856
139 36713.4209737701 9925
140 36714.050393212 9997
141 36714.8739096239 10066
142 36715.4060293927 10134
143 36713.1523950393 10207

0 48355.2078947036 71
1 48570.6504030969 139
2 47610.0875966112 210
3 46983.5384879796 279
4 47906.4111066172 348
5 47227.6277605816 421
6 47562.6646652046 491
7 46839.1250636973 564
8 48324.5620709548 636
9 46290.9936463606 706
10 45304.507066944 780
11 43488.3976940043 852
12 42702.5690742568 920
13 41811.2746982067 993
14 42131.182314713 1063
15 41437.6530532743 1131
16 40508.6706303825 1204
17 39812.3267621259 1274
18 39553.7473676469 1343
19 39214.9178982935 1415
20 38893.8439493233 1485
21 38606.9170029543 1555
22 38391.8044400083 1628
23 38245.0762811111 1698
24 38066.0290578057 1769
25 37892.4623238684 1840
26 37815.9036189716 1909
27 37672.5071010215 1978
28 37642.301117591 2051
29 37488.4699694848 2121
30 37436.1433721424 2193
31 37402.6969874991 2267
32 37314.1223477505 2336
33 37291.9244529232 2410
34 37259.5846969951 2480
35 37238.6061283184 2548
36 37175.1225562763 2620
37 37137.7808371818 2690
38 37128.1006166484 2759
39 37146.2927694467 2831
40 37102.0649569902 2900
41 37077.2992022861 2969
42 37063.2029564374 3042
43 37053.5667650364 3111
44 37033.6204038521 3180
45 37012.5842640431 3252
46 37001.9502861564 3320
47 36984.8970292569 3390
48 36976.0057269069 3464
49 36954.6489029419 3533
50 36953.452074501 3605
51 36929.090963812 3681
52 36924.7054720677 3751
53 36921.6857214544 3822
54 36906.0838914562 3893
55 36898.5220759575 3961
56 36897.1140652826 4033
57 36879.066788735 4103
58 36866.373917049 4172
59 36867.4742382276 4244
60 36869.7365301848 4313
61 36858.027525478 4382
62 36855.0316402434 4455
63 36850.0948513341 4524
64 36845.9253014949 4592
65 36836.4617080494 4666
66 36837.0488232683 4736
67 36837.5247420461 4805
68 36827.8937594304 4882
69 36827.2253804696 4952
70 36817.3266063713 5025
71 36819.1924052768 5103
72 36811.4642147676 5174
73 36814.7280444407 5245
74 36811.0736847368 5316
75 36808.7889711 5386
76 36803.2091805712 5459
77 36801.7742557556 5531
78 36807.9181035572 5600
79 36803.914723724 5673
80 36797.30548394 5743
81 36803.3775334982 5813
82 36796.5419050785 5886
83 36793.4991882699 5955
84 36789.9743195383 6024
85 36785.3909652571 6096
86 36788.8203978952 6165
87 36788.2398334398 6234
88 36787.5928932851 6306
89 36783.9031076302 6375
90 36779.509494633 6449
91 36782.9477526923 6525
92 36776.9335932863 6594
93 36775.3345319219 6666
94 36777.0468858843 6737
95 36772.6941561822 6806
96 36773.22118989 6877
97 36772.7122937022 6947
98 36771.1183099553 7016
99 36768.7661279353 7087
100 36770.9532123078 7156
101 36769.5422981108 7225
102 36771.1782107647 7299
103 36768.0557539181 7368
104 36766.0376458397 7437
105 36767.3913607339 7510
106 36772.1649686384 7579
107 36764.1879390388 7649
108 36765.0079851004 7721
109 36762.6383033296 7789
110 36762.0090442754 7862
111 36762.7857849049 7935
112 36761.1077571843 8005
113 36763.1760090038 8079
114 36760.1216677807 8149
115 36759.2144498936 8219
116 36761.4777893444 8291
117 36757.6799661207 8361
118 36760.4615201396 8430
119 36757.4824402355 8503
120 36755.9705943637 8572
121 36757.0198214145 8641
122 36757.0857339668 8714
123 36754.7704931537 8783

0 48226.8983409316 71
1 48377.4868950627 143
2 49049.1901754007 211
3 48819.5799858204 280
4 46300.0344517203 352
5 47364.9510330817 420
6 47723.1426579674 491
7 48462.486758792 566
8 46015.5742103093 636
9 46486.0039898217 707
10 45158.5137496937 778
11 43745.1692062847 848
12 43152.1401204141 920
13 42626.7902508635 991
14 41270.2376799292 1059
15 41587.2937958876 1129
16 40830.2822500796 1200
17 39922.7988367588 1270
18 39225.684736401 1343
19 39068.279109523 1412
20 38736.9154398958 1481
21 38485.6096291416 1554
22 38171.8141157943 1623
23 37975.2119903165 1694
24 37884.2005654735 1772
25 37756.5665385805 1842
26 37699.3588943394 1916
27 37543.6463732295 1990
28 37383.1472741337 2059
29 37420.6901546266 2133
30 37400.6659354091 2206
31 37342.8724270233 2276
32 37250.480135133 2348
33 37211.9985033777 2418
34 37156.8369042107 2487
35 37155.8523084692 2559
36 37157.6457900068 2629
37 37119.2974174585 2698
38 37075.4525674074 2770
39 37053.8101237657 2839
40 37035.7975616128 2908
41 37019.993267811 2983
42 37002.1052306652 3053
43 36964.6778834007 3122
44 36972.903749157 3195
45 36950.8367687736 3264
46 36932.216061823 3337
47 36927.6535177022 3411
48 36920.4787835141 3480
49 36906.8514223405 3553
50 36898.9235342827 3625
51 36889.3922611428 3693
52 36892.6475864723 3764
53 36878.4061097166 3834
54 36868.2009236143 3903
55 36860.4393697702 3976
56 36853.6872017419 4046
57 36853.4225826379 4114
58 36846.2641412445 4187
59 36841.1243132703 4256
60 36826.3107659728 4324
61 36825.6685192223 4397
62 36823.7066844946 4466
63 36815.6602045525 4535
64 36817.121850127 4608
65 36818.7316415411 4677
66 36806.8655885932 4749
67 36805.1810602491 4824
68 36801.9958019491 4893
69 36796.171966494 4965
70 36795.7024080235 5036
71 36792.1097956752 5104
72 36785.620194892 5174
73 36782.2524061121 5246
74 36780.7248475925 5315
75 36777.127523142 5386
76 36789.04536932 5456
77 36775.0504061776 5525
78 36770.275052923 5596
79 36773.6078049584 5667
80 36764.7901198505 5736
81 36765.827986548 5808
82 36761.7543354419 5879
83 36761.0405466461 5948
84 36760.2218809516 6021
85 36759.9725342643 6090
86 36757.4751531052 6160
87 36752.9297510718 6239
88 36753.1528313816 6308
89 36754.9124500788 6378
90 36754.7310219909 6452
91 36752.7384992427 6522
92 36750.4850791214 6593
93 36751.6755066717 6664
94 36752.5818841856 6732
95 36748.5912544255 6809
96 36748.9817088491 6880
97 36751.6778249836 6949
98 36743.8544769967 7020
99 36745.5714985452 7091
100 36743.5225004059 7159
101 36745.8765228233 7232
102 36741.6773119292 7301
103 36739.879904248 7369
104 36742.8238322861 7441
105 36743.6634548039 7511
106 36742.3294268953 7580
107 36738.1205385896 7661
108 36738.6611403425 7730
109 36737.9320157493 7800
110 36735.8137699571 7873
111 36736.828508589 7943
112 36743.6525185572 8015
113 36734.8759447596 8086
114 36737.6129258312 8156
115 36736.7997770912 8229
116 36735.487679246 8302

0 47261.8361534765 70
1 46744.0990742899 143
2 47656.8285357738 213
3 47561.5133200962 282
4 46390.0408659125 356
5 47935.5285556814 424
6 47068.2253439846 492
7 47551.0336775109 566
8 47837.3843289898 634
9 45490.7022034876 703
10 44109.4036875408 785
11 42749.431372483 853
12 42936.4538406847 923
13 42158.5412382072 993
14 42040.0994548438 1060
15 41758.0457466975 1130
16 40543.9611928455 1200
17 39993.7151982692 1269
18 39641.2496275751 1341
19 39573.0363406308 1412
20 38636.0995265295 1480
21 38411.8957899812 1554
22 38260.8101439843 1623
23 37979.9979316549 1692
24 37775.2994965865 1766
25 37721.8182240276 1835
26 37626.5231582377 1903
27 37553.3381465733 1977
28 37388.3337845662 2046
29 37332.5923041582 2115
30 37338.1601373845 2193
31 37303.401965254 2263
32 37285.0029132167 2333
33 37232.513686851 2409
34 37233.9282740177 2477
35 37164.3615188249 2548
36 37099.6867520413 2619
37 37112.978701983 2687
38 37095.2908727183 2759
39 37031.3257188392 2830
40 37013.1365178523 2899
41 37009.355650573 2971
42 36993.6542990631 3040
43 36969.7430435445 3108
44 36963.3132991453 3181
45 36944.8679992406 3252
46 36954.5624433359 3321
47 36945.5602598768 3393
48 36928.9141763854 3464
49 36908.4801749535 3537
50 36907.3182273704 3617
51 36899.7492064982 3686
52 36894.0936689159 3756
53 36873.4392986624 3828
54 36872.6812991069 3897
55 36860.3814933577 3968
56 36864.2717961546 4038
57 36840.6441020879 4106
58 36849.6800681159 4178
59 36840.4979793332 4249
60 36837.7982898322 4318
61 36829.3035326481 4390
62 36820.432531543 4459
63 36827.7356550832 4528
64 36819.8130262995 4602
65 36819.5271810066 4673
66 36811.0871702427 4741
67 36805.4861887618 4814
68 36799.0648193835 4882
69 36795.0292187579 4951
70 36788.7846737506 5031
71 36789.5485012524 5100
72 36791.4982312781 5170
73 36783.8665224792 5244
74 36781.4266010342 5313
75 36780.2598220198 5384
76 36792.1489970225 5454
77 36777.1522787057 5522
78 36774.5656745671 5593
79 36779.0104933746 5664
80 36777.5588439468 5733
81 36771.9256743923 5805
82 36769.3797033253 5874
83 36765.7577074631 5943
84 36775.5735072427 6018
85 36764.3429036007 6089
86 36763.2503425079 6158
87 36764.2145107866 6233
88 36759.3241971376 6303
89 36761.3023883246 6372
90 36753.424327089 6451
91 36755.7044361336 6520
92 36753.5831883932 6590
93 36749.0531927195 6664
94 36751.9529621546 6733
95 36750.3818823544 6803
96 36748.8427475728 6873
97 36746.8235857983 6943
98 36746.5754926594 7014
99 36747.2234859851 7084
100 36742.2874594153 7152
101 36747.2772600691 7224
102 36744.501116253 7294
103 36743.1522049075 7364
104 36742.7192776033 7436
105 36742.6459378071 7506
106 36742.9569119882 7576
107 36738.4833902131 7649
108 36737.7125144863 7718
109 36737.4690297616 7786
110 36736.3068402083 7867
111 36735.6241755101 7938
112 36734.6657597096 8007
113 36734.5131205319 8083
114 36735.9743793299 8152
115 36737.8114297446 8222
116 36733.8142315748 8293
117 36735.9092580282 8362
118 36731.5303664737 8434
119 36731.3637157856 8507
120 36730.2936235622 8577
121 36730.2584156097 8649
122 36729.9238628916 8718
123 36729.5992080172 8786
124 36730.220442186 8858
125 36729.9235744889 8928
126 36729.4201333366 8996
127 36729.4992919096 9069
128 36730.6922265809 9138
129 36727.9535186107 9205

0 50023.5589095326 82
1 47222.4230707042 152
2 48276.2201339761 222
3 48372.0982886469 295
4 46774.1842470784 364
5 46544.8719485602 434
6 46777.5011111877 505
7 48987.0761125585 572
8 48320.636206428 641
9 45680.1262493922 712
10 44803.4470895675 781
11 44665.2820646601 851
12 42528.5868516922 920
13 42458.6793538821 988
14 42035.849379098 1059
15 41244.5684457691 1129
16 40392.4890473434 1199
17 39816.6815347628 1271
18 39063.6942839889 1341
19 39072.7460263906 1410
20 38464.8101541281 1489
21 38320.519804291 1560
22 38029.7211282189 1630
23 37938.9292625023 1704
24 37645.472948456 1773
25 37704.4029967629 1843
26 37566.2191538908 1915
27 37477.0433968045 1985
28 37409.2832134372 2055
29 37319.8333684099 2126
30 37273.5601495066 2195
31 37222.5881354209 2266
32 37194.0439746485 2336
33 37163.309508215 2404
34 37149.5001403809 2475
35 37114.7744168674 2545
36 37065.0973363846 2613
37 37043.7992558531 2684
38 37035.7609003889 2754
39 36992.8521016049 2822
40 36971.7409990026 2900
41 36970.1854653467 2970
42 36957.305614702 3039
43 36927.8532797202 3115
44 36921.1102925322 3187
45 36918.9620216451 3256
46 36915.7421951935 3331
47 36907.6463106011 3400
48 36880.966367689 3469
49 36862.0239435669 3539
50 36866.3389735245 3609
51 36851.0344356522 3679
52 36844.7688064759 3750
53 36847.5780461321 3818
54 36853.0184636731 3888
55 36819.3350627624 3959
56 36809.4999645749 4027
57 36810.655819323 4098
58 36810.0584710325 4167
59 36804.0383935675 4236
60 36792.8964058951 4316
61 36789.1738873806 4387
62 36786.7705020753 4455
63 36784.2936639372 4531
64 36780.5230764866 4601
65 36775.8908151432 4670
66 36773.2140217957 4742
67 36769.3332991156 4811
68 36766.0601252662 4882
69 36762.9599637205 4953
70 36760.4648339016 5020
71 36761.2277807084 5089
72 36751.2337761917 5160
73 36747.6399456627 5230
74 36745.6561117536 5300
75 36743.3903318931 5370
76 36740.6880547338 5439
77 36741.5881955224 5510
78 36741.2996247859 5580
79 36738.3635019077 5648
80 36731.6504241908 5725
81 36731.7414629202 5796
82 36730.3779413976 5864
83 36733.0071677752 5938
84 36726.3369219368 6007
85 36724.9449546049 6076
86 36725.4321590314 6148
87 36724.7242665484 6216
88 36719.4825225019 6285
89 36718.6829976768 6358
90 36717.9070267923 6427
91 36715.9564424031 6496
92 36716.9793467945 6567
93 36718.9637078161 6635
94 36714.0745582304 6706
95 36713.5115818619 6778
96 36713.5457365278 6847
97 36710.5661272748 6917
98 36708.8943671171 6988
99 36710.9597340332 7057
100 36708.5232290873 7128

