0 101371.115851181 230
1 66214.7318185815 269
2 45260.1596947329 309
3 36628.8384839702 348
4 31708.3261329377 389
5 28258.7804203369 428
6 25438.7815752348 468
7 22871.2573150662 506
8 20520.8506688859 545
9 18377.9721182325 585
10 16341.2970610231 624
11 14579.027480947 663
12 13067.1479606957 703
13 11786.481016103 743
14 10728.3886835933 784
15 9845.05655334358 823
16 9141.70287241308 862
17 8602.39964931671 902
18 8138.87422603168 940
19 7734.2715852692 980
20 7373.10995879661 1020
21 7028.83647640637 1059
22 6690.75299744809 1098
23 6359.03763418872 1138
24 6037.46545874812 1177
25 5736.27573253832 1218
26 5462.29689872531 1258
27 5220.50816357379 1297
28 5012.19618238846 1335
29 4834.03505692453 1374
30 4681.11906328568 1416
31 4548.41602705052 1455
32 4433.01838433501 1495
33 4333.07128502478 1533
34 4248.47683261267 1572
35 4176.74404469979 1612
36 4115.17386571181 1651
37 4061.34275216764 1690
38 4014.13181082153 1729
39 3972.4581956183 1768
40 3935.26973714169 1808
41 3901.6943799527 1847
42 3870.90699947201 1886
43 3842.63388777287 1924
44 3816.88022581343 1963
45 3793.23123114234 2003
46 3771.45989671771 2043
47 3751.32075473653 2083
48 3732.74877067198 2121
49 3715.64553081712 2160
50 3699.91391325532 2201
51 3685.32039725363 2240
52 3671.77869839415 2280
53 3659.15694714358 2319
54 3647.45818650862 2358
55 3636.5196600173 2398
56 3626.33591859057 2437
57 3616.69652712127 2477
58 3607.68453791951 2516
59 3599.26388315311 2555
60 3591.34066561695 2595
61 3583.90741361759 2636
62 3576.82455658857 2675
63 3570.17522689709 2714
64 3563.85151578355 2754
65 3557.88572131888 2793
66 3552.39004809565 2834
67 3547.28469150973 2873
68 3542.41066562994 2913
69 3537.9195605803 2952
70 3533.92222994402 2991
71 3530.3364956454 3031
72 3527.08829864788 3070
73 3524.0716442729 3110
74 3521.25729914982 3149
75 3518.69192893953 3188
76 3516.34207882886 3228
77 3514.11404437972 3268
78 3512.01565616231 3307
79 3510.0860764253 3346
80 3508.31410298799 3385
81 3506.69487323137 3425
82 3505.22000329554 3464
83 3503.81783429451 3503
84 3502.43095111839 3543
85 3501.16454801225 3583
86 3500.03088970032 3622
87 3498.98802473506 3662
88 3498.02422327069 3701
89 3497.16671319563 3740
90 3496.43640716693 3779
91 3495.82506540539 3819
92 3495.31052682837 3858
93 3494.87140386459 3898
94 3494.49120040555 3936
95 3494.15787731969 3976
96 3493.86264390485 4015
97 3493.59897640332 4057
98 3493.36194284607 4097
99 3493.14774622816 4138
100 3492.95340778588 4177
101 3492.77654099863 4218
102 3492.61518778043 4259
103 3492.46770062562 4298
104 3492.33266060021 4337
105 3492.20882333363 4376
106 3492.09508569302 4415
107 3491.99046621496 4458
108 3491.89409334051 4497
109 3491.80519701127 4536
110 3491.72310082112 4576
111 3491.64721331641 4615
112 3491.57701805224 4656
113 3491.5120626536 4696
114 3491.45194750666 4735
115 3491.39631487681 4774
116 3491.34483924476 4813
117 3491.29721948551 4854
118 3491.25317322671 4893
119 3491.21243337573 4932
120 3491.17474649559 4971
121 3491.1398725146 5010

0 100672.864703349 236
1 62476.7174852781 275
2 34428.6078555834 315
3 24693.8149796492 355
4 20835.9728830504 394
5 18351.2478335352 436
6 16374.0024294502 477
7 14884.6047456604 517
8 13774.5352650591 557
9 12904.8151602248 595
10 12188.5429618807 635
11 11559.8302736188 674
12 10971.72277687 713
13 10377.6068109693 752
14 9723.71152834174 791
15 8944.00674626118 830
16 8025.62061704625 870
17 7031.22576620529 909
18 6076.56466031149 948
19 5344.13730825379 987
20 4847.5030963095 1026
21 4550.26106039644 1066
22 4353.59320639784 1105
23 4207.71325275451 1144
24 4094.86062700919 1183
25 4006.67376670465 1222
26 3937.85016648464 1262
27 3883.7642710479 1302
28 3840.20837043163 1341
29 3804.27115293057 1380
30 3774.10420972352 1419
31 3747.85398129937 1460
32 3724.88801062781 1499
33 3704.58701785719 1538
34 3684.8460790376 1577
35 3663.79997214081 1616
36 3641.91488795504 1656
37 3620.33967897339 1695
38 3599.36129887021 1734
39 3580.1061070857 1773
40 3563.37732767012 1812
41 3549.39845913915 1854
42 3537.66906818191 1894
43 3527.6335859915 1933
44 3519.43189024826 1972
45 3513.00815800584 2011
46 3508.04327828074 2052
47 3504.44968975772 2091
48 3501.89326190099 2130
49 3499.85540432371 2169
50 3498.19596859338 2208
51 3496.92876015448 2247
52 3495.97091170863 2286
53 3495.20783372053 2325
54 3494.55234968508 2363
55 3493.94250790913 2403
56 3493.3310623922 2442
57 3492.68221018559 2483
58 3491.98715182658 2522
59 3491.26289952388 2561
60 3490.52418289789 2599
61 3489.77634551363 2638
62 3489.00505366896 2679
63 3488.14952262699 2719
64 3487.1804766433 2758
65 3486.06049391186 2796
66 3484.68393917443 2835
67 3483.03267335243 2876
68 3481.28475932289 2916
69 3479.45569535444 2955
70 3477.65025035678 2994
71 3475.71795832344 3033
72 3473.63117544049 3074
73 3471.3464827459 3113
74 3468.86712032482 3151
75 3466.14335998891 3191
76 3463.26651826188 3229
77 3460.1652644705 3270
78 3456.97280801879 3311
79 3453.66010714571 3350
80 3450.21439479633 3390
81 3446.8904914311 3429
82 3443.60413314296 3469
83 3440.342387163 3509
84 3437.44123929944 3548
85 3434.72331264824 3587
86 3432.39138671918 3626
87 3430.31407790777 3665
88 3428.65886734044 3705
89 3427.18941681294 3744
90 3426.08886420817 3784
91 3425.29490288497 3823
92 3424.61490508236 3862
93 3424.03047278146 3902
94 3423.63166904431 3942
95 3423.40731145921 3980
96 3423.28873954485 4019
97 3423.22386048691 4058
98 3423.18546991366 4098
99 3423.16071868573 4137

0 103662.673377896 229
1 67814.9295670025 268
2 40380.9830439976 307
3 28458.405469921 347
4 20333.8807357174 388
5 14214.890127773 427
6 10902.8661707181 466
7 8951.43456874388 505
8 7645.59275057179 545
9 6702.15297991571 586
10 6018.36868669651 625
11 5504.13563225093 664
12 5093.97416006123 703
13 4768.63239255815 743
14 4515.60093707227 782
15 4311.18034260404 821
16 4136.3732456208 860
17 4000.23961849705 898
18 3896.01907818238 938
19 3816.03996342252 979
20 3754.26761843103 1018
21 3704.57554079936 1057
22 3662.87809479252 1096
23 3628.11629513222 1135
24 3600.11973720207 1175
25 3577.50567581209 1215
26 3558.53687180356 1254
27 3542.14041059568 1293
28 3527.10994466246 1332
29 3513.03109490116 1373
30 3500.33592352763 1413
31 3489.35535194708 1452
32 3479.87500970927 1491
33 3471.77893485777 1530
34 3465.19170176578 1570
35 3459.78275156061 1611
36 3454.66990825548 1650
37 3450.1292186629 1689
38 3446.64857946387 1728
39 3443.86715993894 1768
40 3441.52037041451 1807
41 3439.4998137275 1846
42 3437.74764125333 1885
43 3436.22143498165 1923
44 3434.88612223968 1963
45 3433.71212350945 2005
46 3432.67451995696 2045
47 3431.75254420457 2084
48 3430.92949118309 2123
49 3430.19289787821 2162
50 3429.53428502055 2201
51 3428.94769665409 2240
52 3428.42749241792 2279
53 3427.96701585138 2319
54 3427.55886731704 2358
55 3427.19588479355 2399
56 3426.87181569186 2438
57 3426.58146939046 2477
58 3426.32058511477 2516
59 3426.08563351854 2555
60 3425.87364538021 2595
61 3425.68208523974 2634
62 3425.50876208016 2673
63 3425.35176562244 2712
64 3425.20941940878 2751
65 3425.08024490378 2792
66 3424.96293305144 2831
67 3424.85632110384 2870
68 3424.7593733614 2909
69 3424.67116494147 2948
70 3424.59086797537 2988
71 3424.51773980191 3027
72 3424.45111283458 3067
73 3424.39038584301 3105
74 3424.33501643953 3144
75 3424.28451459044 3183
76 3424.23843699903 3223
77 3424.19638222594 3262
78 3424.15798643202 3301
79 3424.12291964347 3340
80 3424.09088245759 3380

0 99693.1449765718 234
1 49813.1276026576 273
2 21740.7754772159 311
3 15136.7509595729 350
4 12457.630914283 389
5 10760.69919635 430
6 9271.79781298145 470
7 7866.84203311368 508
8 6770.07709393786 547
9 6008.85773502299 586
10 5457.49901918776 626
11 5058.02091065624 666
12 4763.95253636065 704
13 4553.10267063334 743
14 4395.27249021953 783
15 4271.1055203595 823
16 4170.84443343479 862
17 4088.03512692753 902
18 4018.39460181027 940
19 3959.06580981409 979
20 3907.69123645954 1018
21 3862.61173914382 1058
22 3821.84614856345 1098
23 3782.36765450707 1137
24 3742.91764491087 1176
25 3705.40035602328 1215
26 3670.03017741983 1255
27 3638.22850279283 1293
28 3610.49466732366 1332
29 3587.17506036821 1371
30 3567.99438546735 1409
31 3552.42740262056 1452
32 3539.8843840375 1491
33 3529.92981628104 1530
34 3521.9684832071 1569
35 3515.78049987806 1608
36 3510.92381581945 1650
37 3506.8664569658 1689
38 3503.52458167682 1728
39 3500.87950857358 1767
40 3498.76597895918 1807
41 3497.02900012975 1847
42 3495.57023372988 1887
43 3494.32853242911 1925
44 3493.26258412425 1965
45 3492.34204887997 2003
46 3491.54319937422 2044
47 3490.84649747022 2085
48 3490.23494946052 2123
49 3489.69310709915 2162
50 3489.20787979951 2201
51 3488.77109812326 2241
52 3488.37923939387 2281
53 3488.02999950314 2321
54 3487.72029164349 2360
55 3487.4462412794 2399
56 3487.20375621307 2439
57 3486.98894351593 2478
58 3486.79828926256 2517
59 3486.62869476865 2557
60 3486.47745008056 2595
61 3486.34218757097 2635
62 3486.22083417988 2676
63 3486.11156911272 2715
64 3486.01278901482 2754
65 3485.92308099806 2793
66 3485.84120341764 2833
67 3485.7660739294 2876
68 3485.696763533 2916
69 3485.63249392461 2955
70 3485.57263402513 2994
71 3485.51669110597 3033
72 3485.46429353477 3074
73 3485.41516569111 3114
74 3485.36909935391 3153
75 3485.3259275418 3192
76 3485.2855054745 3231
77 3485.24770004365 3272
78 3485.21238601086 3311
79 3485.17944553192 3350

0 99108.837816061 226
1 56104.5518000732 266
2 32103.2153523539 306
3 23294.7548518741 345
4 17612.3046484152 384
5 12695.1081132744 423
6 9397.27884802343 461
7 7574.8601520576 500
8 6605.69799014726 542
9 5986.47727424018 581
10 5560.82678188561 619
11 5257.01690822083 658
12 5033.58801462556 697
13 4859.54479359319 739
14 4717.79766760692 777
15 4599.85153544807 816
16 4496.72667519131 855
17 4404.99123368245 894
18 4323.57489449157 936
19 4247.19480635331 976
20 4168.6968948399 1016
21 4092.10724536561 1054
22 4024.40121469443 1093
23 3968.00437432163 1135
24 3921.59037951716 1174
25 3882.59683078498 1213
26 3849.2930279573 1252
27 3820.32645774969 1291
28 3794.5538275397 1331
29 3771.40587534859 1371
30 3750.3932674831 1410
31 3731.14268140169 1449
32 3713.33239003027 1488
33 3696.66378126684 1529
34 3681.13718291318 1569
35 3666.71268611886 1608
36 3653.5156314001 1647
37 3641.49021899403 1687
38 3630.59417809076 1726
39 3620.55344951294 1766
40 3611.34164894297 1806
41 3602.82531151632 1845
42 3594.93192999204 1884
43 3587.61613505775 1923
44 3580.70797240022 1962
45 3574.32421930298 2001
46 3568.36768700409 2041
47 3562.81357417022 2080
48 3557.6510970399 2118
49 3552.71725774278 2158
50 3548.15459929189 2197
51 3543.91856788525 2236
52 3539.94282395388 2275
53 3536.22497205468 2314
54 3532.72365489075 2357
55 3529.40973930234 2397
56 3526.3565102737 2435
57 3523.54280027983 2474
58 3520.8755154131 2512
59 3518.35039390237 2554
60 3516.01096149406 2594
61 3513.84736984997 2632
62 3511.85495406553 2672
63 3510.02148771042 2711
64 3508.26233369625 2751
65 3506.54005906468 2791
66 3504.94796472344 2830
67 3503.46830821162 2869
68 3502.09310909888 2908
69 3500.83196821077 2948
70 3499.71698487909 2988
71 3498.75339568084 3027
72 3497.91983292338 3066
73 3497.18985465466 3105
74 3496.54185459733 3145
75 3495.9600211881 3184
76 3495.4329243405 3223
77 3494.95200946986 3262
78 3494.50841718044 3302
79 3494.07833090915 3341
80 3493.66529698521 3380
81 3493.282197999 3419
82 3492.92760619985 3458
83 3492.59872019456 3496
84 3492.29318247694 3535
85 3492.00902209188 3575
86 3491.74453800372 3615
87 3491.49820719752 3653
88 3491.26859193796 3693
89 3491.05413989467 3731
90 3490.85211972098 3774
91 3490.65306574035 3815
92 3490.44608040056 3855
93 3490.24444592091 3894
94 3490.05578294838 3932
95 3489.88029787326 3974
96 3489.71692907298 4015
97 3489.56468874663 4054
98 3489.42274404851 4093
99 3489.29035978327 4132
100 3489.16681668574 4172
101 3489.05126333404 4211
102 3488.9422539554 4250
103 3488.83590806057 4289
104 3488.72320779585 4329
105 3488.60154993724 4369
106 3488.48158929581 4408
107 3488.36951845305 4447
108 3488.2660294228 4487
109 3488.17045964987 4526
110 3488.08207126825 4565
111 3488.00022013609 4605
112 3487.92433116986 4644
113 3487.85383722609 4684
114 3487.78807847913 4722
115 3487.72607532553 4761
116 3487.66590586235 4802
117 3487.60341363898 4841
118 3487.53303322968 4880
119 3487.45548018629 4919
120 3487.3782710927 4958
121 3487.30644538988 4998
122 3487.24106160859 5036
123 3487.18174248716 5075
124 3487.12788481287 5114
125 3487.07892945778 5153
126 3487.03438633579 5194
127 3486.99381327376 5234
128 3486.95678887332 5273
129 3486.92288292373 5312

0 97599.7466632297 229
1 54121.0967829569 269
2 27384.6313056417 309
3 17095.5676684055 349
4 12958.8561032616 388
5 10854.7087723052 427
6 9486.76223909183 466
7 8544.58390833672 506
8 7811.39439058912 546
9 7160.98696622055 585
10 6590.35503320426 624
11 6141.4430830762 663
12 5786.18071840843 704
13 5480.64636056464 743
14 5220.42874003895 781
15 5010.39248006109 820
16 4840.51165298579 859
17 4697.41150968597 899
18 4572.75546869546 937
19 4461.08955586187 976
20 4359.7034461547 1015
21 4267.76411749126 1054
22 4183.95313767141 1094
23 4107.70650657427 1133
24 4038.77615194595 1172
25 3976.71344807215 1211
26 3921.43592078953 1249
27 3874.03959833259 1291
28 3833.96846250895 1332
29 3798.82745841275 1371
30 3769.77676303654 1410
31 3744.7199986819 1449
32 3722.7883912974 1490
33 3703.11137086728 1531
34 3685.33850427508 1570
35 3669.32117501193 1609
36 3654.54763392124 1648
37 3640.88220964192 1688
38 3628.54091199619 1727
39 3617.55472220041 1766
40 3607.54990420012 1805
41 3598.14368632554 1845
42 3589.31817587161 1885
43 3581.08702269786 1924
44 3573.5379362739 1964
45 3566.64134147595 2003
46 3560.16333674448 2042
47 3554.19956944327 2082
48 3548.63370120253 2123
49 3543.36068260778 2163
50 3538.4310116402 2202
51 3533.8251750086 2241
52 3529.56752782893 2280
53 3525.59731708225 2321
54 3521.60195086397 2360
55 3517.88374859646 2399
56 3514.64828866562 2438
57 3511.83420607928 2477
58 3509.28780948026 2520
59 3506.82671372438 2559
60 3504.36164518898 2598
61 3502.0984255815 2637
62 3500.16287319622 2676
63 3498.50637368436 2718
64 3497.13642251101 2758
65 3496.03583302333 2797
66 3495.14756323079 2835
67 3494.41541732901 2874
68 3493.79872436653 2914
69 3493.27023354259 2954
70 3492.81154214406 2993
71 3492.40976117706 3037
72 3492.05547697327 3076
73 3491.7415372922 3116
74 3491.46231205877 3155
75 3491.21323044837 3194
76 3490.9904876858 3234
77 3490.79086032032 3273
78 3490.61159001364 3313
79 3490.45030757264 3353
80 3490.30497776174 3392
81 3490.1738530756 3431
82 3490.05543085876 3470
83 3489.94841244551 3510
84 3489.85166535233 3551
85 3489.76419030423 3590
86 3489.68509451369 3628
87 3489.61357171172 3668
88 3489.54888841885 3707
89 3489.49037519848 3746
90 3489.43742132276 3786
91 3489.38947135196 3824
92 3489.34602246456 3864
93 3489.30662179509 3903
94 3489.27086341673 3944
95 3489.23838489133 3983

0 100133.945924042 230
1 60625.6582451542 269
2 35757.2868893293 308
3 21482.9459933618 349
4 14286.0729528753 389
5 10564.1660647126 427
6 8495.28494044093 466
7 7226.60707153026 505
8 6439.04304742555 545
9 5921.47675117859 586
10 5557.72964600067 625
11 5284.98064508008 663
12 5071.03583838684 702
13 4890.49018498204 742
14 4711.1444120239 781
15 4481.79303853224 820
16 4210.08447560986 859
17 3990.19369676109 898
18 3852.87041712832 938
19 3769.58008204362 978
20 3713.39424912754 1017
21 3672.50839970152 1056
22 3640.5139593447 1094
23 3615.1984892768 1134
24 3594.22448969209 1174
25 3577.08362680041 1213
26 3563.66279061522 1252
27 3552.96213148124 1292
28 3544.20180636411 1331
29 3536.82365846196 1372
30 3530.49996222933 1411
31 3525.02737557578 1450
32 3520.25613680266 1489
33 3516.06583547462 1528
34 3512.36220259889 1570
35 3509.07565618551 1611
36 3506.15230385031 1650
37 3503.54698309125 1689
38 3501.22289041148 1728
39 3499.15113971347 1768
40 3497.3071059683 1808
41 3495.66654317385 1847
42 3494.20502087607 1886
43 3492.89966502275 1925
44 3491.73051719139 1965
45 3490.68073274263 2004
46 3489.73615537168 2044
47 3488.88478485634 2083
48 3488.11633327221 2122
49 3487.42189191574 2162
50 3486.79368375347 2201
51 3486.22487513517 2240
52 3485.70942857371 2279
53 3485.24198522371 2318
54 3484.81776991987 2357
55 3484.43251393521 2397
56 3484.08239179756 2436
57 3483.76396916048 2475
58 3483.47415922721 2514
59 3483.21018571904 2553
60 3482.96955088797 2594
61 3482.75000751963 2634
62 3482.54953423856 2673
63 3482.36631365756 2712
64 3482.19871303764 2752
65 3482.04526715997 2793
66 3481.90466307933 2832
67 3481.77572636608 2872
68 3481.65740837965 2910
69 3481.54877409533 2949
70 3481.44899006326 2991
71 3481.35731225125 3031
72 3481.27307379442 3070
73 3481.19567299114 3110
74 3481.12456214101 3148
75 3481.05923790462 3189
76 3480.99923372917 3228
77 3480.94411456333 3268
78 3480.89347369699 3308
79 3480.84693124487 3346
80 3480.80413363541 3387
81 3480.76475349337 3427
82 3480.7284894513 3465
83 3480.69506562391 3505

0 101016.900455359 231
1 69062.75482989 270
2 43595.0212081398 310
3 30098.6923114322 349
4 23275.8649493776 388
5 19355.7326697903 428
6 16441.6741296194 467
7 14054.5796117223 507
8 12183.4028229042 546
9 10750.299876995 585
10 9623.17373267531 624
11 8784.0173048206 663
12 8138.82239353694 703
13 7581.89993821199 742
14 7142.44289558502 782
15 6813.05780227605 821
16 6556.93380191274 860
17 6349.1995741415 906
18 6178.01020839871 948
19 6032.05602250003 987
20 5902.81526943592 1026
21 5780.9674653671 1065
22 5653.96973142864 1108
23 5510.15689913428 1147
24 5349.67899839354 1187
25 5156.01298981533 1226
26 4914.57168192124 1265
27 4650.74302125957 1305
28 4399.45951777367 1344
29 4181.97784850772 1383
30 4008.25027159209 1422
31 3876.56759500287 1460
32 3780.74950227299 1500
33 3712.55922426075 1540
34 3664.72471934601 1578
35 3629.53533013206 1617
36 3605.78198563425 1656
37 3588.56328039327 1697
38 3575.35875268458 1737
39 3564.59003354673 1776
40 3555.3424402832 1815
41 3547.32253535525 1854
42 3540.21728125523 1893
43 3534.38884914651 1934
44 3529.65918204526 1974
45 3525.49015817912 2013
46 3521.65015167974 2052
47 3518.41533107475 2092
48 3515.70888473978 2133
49 3513.32101462776 2172
50 3511.19179153471 2212
51 3509.27325115218 2251
52 3507.44243950028 2290
53 3505.65885720871 2332
54 3503.99056301649 2372
55 3502.40457470933 2411
56 3500.85203630839 2450
57 3499.3361807049 2489
58 3497.86861969503 2531
59 3496.3511413032 2570
60 3494.85506907173 2609
61 3493.50617007735 2647
62 3492.31069229799 2685
63 3491.15900346942 2726
64 3490.09325764769 2766
65 3489.30719326378 2804
66 3488.75638872609 2844
67 3488.33018837819 2883
68 3487.97208812843 2922
69 3487.65862589004 2963
70 3487.37913614506 3002
71 3487.12783608522 3041
72 3486.90089524814 3080
73 3486.69531675194 3122
74 3486.50854339567 3162
75 3486.3383434994 3201
76 3486.18277633798 3240
77 3486.04016398337 3279
78 3485.90905644028 3319
79 3485.78819561213 3359
80 3485.67648429232 3398
81 3485.57296286726 3438
82 3485.47679355965 3477
83 3485.38725040848 3517
84 3485.30371234936 3557
85 3485.2256564977 3596
86 3485.15264915564 3635
87 3485.08433324856 3674
88 3485.0204125792 3713
89 3484.96063478817 3755
90 3484.90477554558 3795
91 3484.85262605932 3834
92 3484.80398485206 3873
93 3484.75865358087 3911
94 3484.71643591393 3952
95 3484.67713827072 3992
96 3484.6405713979 4033
97 3484.60655208151 4072

0 100099.641490188 239
1 60280.3862950211 279
2 39326.8095815412 317
3 31384.1169351531 356
4 26323.3215832712 395
5 21700.2426450694 433
6 17400.6500717018 473
7 14355.4108205642 512
8 12529.1268214588 551
9 11380.957290668 589
10 10595.4526261843 628
11 10049.9617502179 669
12 9647.59017447713 708
13 9329.26644261561 747
14 9063.94929511719 789
15 8833.2114932106 828
16 8628.35400403802 867
17 8447.36898848461 907
18 8288.82276675325 946
19 8147.36918967195 984
20 8018.72286831783 1023
21 7897.76382442246 1061
22 7781.10259909926 1103
23 7666.38003724646 1143
24 7553.05957431736 1181
25 7441.90344117992 1220
26 7332.99410452475 1259
27 7225.91219312049 1299
28 7129.24106254351 1338
29 7043.95342869399 1377
30 6967.20322913649 1416
31 6896.66949102487 1456
32 6827.74276817128 1496
33 6757.13269647422 1535
34 6678.23257941344 1574
35 6580.8099688818 1613
36 6448.36745025031 1652
37 6260.04280770919 1692
38 5993.95318172767 1731
39 5638.48284201147 1770
40 5250.99780426003 1809
41 4902.50190119324 1847
42 4625.08139779243 1887
43 4415.63768634483 1926
44 4272.04847511728 1965
45 4172.80476939558 2004
46 4096.52043609463 2042
47 4032.30736510719 2082
48 3976.74983810876 2122
49 3927.52141260561 2160
50 3882.20813820558 2199
51 3839.11697773969 2238
52 3797.9813093148 2276
53 3758.65010978464 2316
54 3721.8556397911 2356
55 3688.387722 2396
56 3658.31608720878 2435
57 3632.25471893388 2474
58 3609.88179796485 2515
59 3590.688932516 2555
60 3573.71051355362 2594
61 3558.89074538427 2633
62 3545.51263885346 2672
63 3535.31857386042 2714
64 3527.77499607311 2754
65 3521.48615195483 2793
66 3516.00274483121 2832
67 3511.2391985254 2871
68 3506.92504668286 2912
69 3502.32333707282 2951
70 3498.38430899967 2991
71 3495.50353435561 3031
72 3493.55056169054 3070
73 3492.26510423979 3110
74 3491.40988740277 3150
75 3490.81798251275 3189
76 3490.38871070819 3228
77 3490.06425594345 3267
78 3489.81087061682 3307
79 3489.60791011645 3348
80 3489.44202657338 3388
81 3489.30412252749 3426
82 3489.18768092454 3465
83 3489.08776663363 3504
84 3489.00035844803 3544
85 3488.9218444 3583
86 3488.84858043755 3622
87 3488.77643171966 3661
88 3488.70025898665 3701
89 3488.61353504181 3741
90 3488.50898865066 3780
91 3488.38232052523 3819
92 3488.23969757941 3858
93 3488.10100639064 3897
94 3487.98764730216 3939
95 3487.90655752039 3980
96 3487.85065286996 4019
97 3487.80901556137 4058
98 3487.77294308252 4097
99 3487.73647481172 4139
100 3487.69444778194 4179
101 3487.6388142953 4218
102 3487.55133709532 4257
103 3487.39169558363 4296
104 3487.10553587418 4338
105 3486.72561661995 4377
106 3486.42128990838 4415
107 3486.26535814233 4455
108 3486.19999222396 4493
109 3486.17236607455 4533

0 99071.2581177605 227
1 52027.739212669 266
2 26982.7548894025 305
3 17899.9076082488 344
4 12451.7553890544 383
5 9345.44898437805 424
6 7735.21458050509 464
7 6702.37039541782 503
8 5887.27385498013 542
9 5254.97119856964 581
10 4788.97474487606 622
11 4454.06659691627 661
12 4208.71022584402 700
13 4026.65941354637 739
14 3896.85836719273 778
15 3800.244917446 822
16 3726.2850373821 862
17 3669.02769470112 901
18 3624.48951806839 939
19 3588.51157301607 978
20 3559.05681240118 1019
21 3535.29940049577 1059
22 3515.83412868784 1097
23 3500.28736066189 1136
24 3487.89011409958 1176
25 3478.06563315307 1216
26 3470.04651742124 1256
27 3463.26867129751 1295
28 3457.87299738525 1334
29 3453.52140555496 1374
30 3449.92674979089 1414
31 3446.90980443399 1453
32 3444.34918828972 1492
33 3442.15417076343 1531
34 3440.25466145683 1570
35 3438.59710571709 1610
36 3437.14081490056 1650
37 3435.85443205202 1689
38 3434.71321109305 1728
39 3433.69717309021 1766
40 3432.7898918904 1806
41 3431.97767172237 1845
42 3431.24896348473 1885
43 3430.59393261343 1924
44 3430.00413037273 1962
45 3429.47224078247 2001
46 3428.99188532445 2041
47 3428.55747228331 2080
48 3428.1640800599 2119
49 3427.80736554412 2158
50 3427.48349030047 2197
51 3427.18905907677 2239
52 3426.92106687106 2279
53 3426.67685228223 2317
54 3426.45405593862 2357
55 3426.25058343119 2396
56 3426.06457245548 2436
57 3425.89436391536 2476
58 3425.73847670809 2515
59 3425.59558585001 2554
60 3425.46450356892 2593
61 3425.34416298324 2633
62 3425.23360401035 2673
63 3425.13196117693 2712
64 3425.03845304737 2750
65 3424.95237302759 2789
66 3424.87308133562 2829
67 3424.79999797074 2869
68 3424.73259653084 2908
69 3424.67039876351 2947
70 3424.61296974509 2986
71 3424.55991360459 3026
72 3424.51086972119 3066
73 3424.46550933364 3106
74 3424.42353251049 3145
75 3424.38466543695 3185
76 3424.34865798105 3225
77 3424.31528150598 3264

0 104647.998574914 228
1 67456.1103218698 267
2 27741.3975126484 306
3 16457.9286160989 345
4 12900.1405188743 388
5 11129.8063421849 427
6 10020.0218992823 466
7 9260.60070646738 505
8 8689.32416365422 545
9 8238.02890032525 585
10 7877.10258740346 625
11 7579.40122133939 664
12 7327.59634363933 704
13 7110.7812319995 743
14 6916.31348870823 783
15 6738.00122750643 822
16 6570.89379423502 861
17 6408.98274423449 900
18 6250.69526271407 939
19 6094.45534100391 979
20 5941.41463221984 1019
21 5794.92912567815 1058
22 5656.24911134468 1097
23 5526.21530052226 1138
24 5405.73945630287 1178
25 5296.10980536954 1217
26 5196.82851796399 1257
27 5107.44736887103 1297
28 5026.92413955052 1336
29 4953.90407588331 1376
30 4888.15718383252 1417
31 4828.96801570157 1457
32 4775.60390357677 1496
33 4727.45989166262 1535
34 4683.7791120274 1575
35 4644.14049607634 1614
36 4608.2731490327 1653
37 4575.88574072249 1692
38 4546.59664851437 1731
39 4520.10241676058 1770
40 4496.0934933593 1812
41 4474.36061724199 1852
42 4454.70084196932 1891
43 4436.7101731943 1930
44 4420.12919207979 1969
45 4404.92813986346 2010
46 4390.91416947948 2049
47 4377.77987337523 2088
48 4365.17987386557 2127
49 4353.09967916167 2166
50 4341.21491732383 2207
51 4328.90522677069 2246
52 4315.55906362897 2285
53 4300.25416621043 2325
54 4284.78554125421 2363
55 4270.97471583797 2405
56 4259.36922273037 2447
57 4249.83113190441 2486
58 4241.98777517485 2526
59 4235.45772088079 2565
60 4229.92736827292 2605
61 4225.15998764187 2644
62 4220.98301111822 2682
63 4217.27201523152 2721
64 4213.93691313282 2761
65 4210.91135091234 2800
66 4208.14497682281 2840
67 4205.59862492616 2880
68 4203.24311864534 2920
69 4201.05878602707 2960
70 4199.03146116703 3000
71 4197.14869803237 3041
72 4195.39871160104 3080
73 4193.77040867594 3121
74 4192.25345416506 3161
75 4190.83820193145 3201
76 4189.51554697801 3242
77 4188.27678066511 3282
78 4187.11355602497 3322
79 4186.01811741538 3360
80 4184.98391805539 3400
81 4184.00647159211 3442
82 4183.08390858568 3481
83 4182.21676297055 3520
84 4181.40655358236 3560
85 4180.65334743167 3598
86 4179.95455238505 3639
87 4179.30583813614 3679
88 4178.70252683248 3719
89 4178.14035501559 3758
90 4177.61566338797 3797
91 4177.12533530448 3837
92 4176.66667991852 3876
93 4176.23733151974 3915
94 4175.83517792621 3955
95 4175.45831233893 3994
96 4175.10500058475 4035
97 4174.77365759973 4074
98 4174.46282928259 4112
99 4174.17117751661 4152
100 4173.89746721454 4192
101 4173.64055486468 4232
102 4173.39937839915 4272
103 4173.17294836782 4311
104 4172.96034043244 4350
105 4172.76068915902 4388
106 4172.57318300685 4428
107 4172.39706033726 4468
108 4172.23160621588 4507
109 4172.07614976713 4547
110 4171.93006186493 4587
111 4171.792752991 4627
112 4171.66367115248 4667
113 4171.5422998044 4706
114 4171.42815577025 4744
115 4171.32078717985 4783
116 4171.21977145807 4822
117 4171.12471339822 4863
118 4171.03524334714 4903
119 4170.9510155169 4943
120 4170.87170642753 4983
121 4170.79701347511 5022
122 4170.72665361211 5061
123 4170.66036212375 5099
124 4170.59789148358 5137
125 4170.53901027236 5176
126 4170.48350214687 5215
127 4170.43116484967 5255
128 4170.3818092552 5294
129 4170.33525844803 5332
130 4170.29134683822 5371
131 4170.24991931252 5410

0 101113.460880181 233
1 59886.9752551834 273
2 31884.8367152821 312
3 18072.1439329956 350
4 11105.7284354478 389
5 7689.60620986886 428
6 5873.82392027931 469
7 4910.26767130117 508
8 4351.08420236664 548
9 4041.0047985805 588
10 3872.80977472169 627
11 3771.22465544817 667
12 3703.74941108854 708
13 3656.52351450626 746
14 3621.96778257193 785
15 3595.70577972812 823
16 3574.91469207716 866
17 3558.5909762762 905
18 3546.0232348352 945
19 3536.29299353927 984
20 3528.61502284012 1023
21 3522.51566747134 1063
22 3517.54264140882 1102
23 3513.30605701016 1141
24 3509.75335199185 1179
25 3506.72695424812 1218
26 3504.08441177651 1257
27 3501.69752360624 1297
28 3499.44135326268 1335
29 3497.11230597005 1375
30 3494.78954302222 1415
31 3492.35217409287 1455
32 3489.59315277548 1495
33 3486.24926650447 1534
34 3482.12728722338 1572
35 3476.59260630973 1612
36 3468.80711842965 1652
37 3459.26842249997 1691
38 3450.35437871836 1731
39 3443.12608903244 1769
40 3437.71133960945 1808
41 3433.83515878013 1848
42 3431.13793807969 1888
43 3429.2874970769 1928
44 3428.02275966422 1968
45 3427.15437340111 2007
46 3426.5509574685 2046
47 3426.1237957984 2088
48 3425.81411388093 2129
49 3425.58354941347 2168
50 3425.40729463754 2207
51 3425.26926990015 2246
52 3425.15886077256 2286
53 3425.06885518287 2324
54 3424.99421890201 2364
55 3424.93137544134 2402
56 3424.87775570148 2440
57 3424.83149283925 2482
58 3424.79120745965 2521
59 3424.75585746422 2560
60 3424.72463587146 2600

0 99137.9199291552 227
1 41316.9545329341 266
2 19885.8132450275 306
3 14423.833300844 345
4 11885.5867138391 385
5 10399.0276916476 424
6 9429.44421550783 463
7 8674.67690762556 503
8 7956.60594783333 542
9 7182.1167853324 580
10 6382.14829572636 619
11 5698.94426533316 658
12 5188.35671820939 698
13 4799.5040238182 736
14 4504.07782859163 775
15 4287.95640977579 813
16 4132.04431252406 852
17 4016.86801593172 894
18 3930.29152244531 935
19 3861.55936715965 973
20 3804.94255894725 1012
21 3758.10289175344 1050
22 3718.62919339768 1090
23 3685.03288455728 1130
24 3656.31708818441 1168
25 3631.26158124731 1207
26 3609.42410122458 1246
27 3590.35356014271 1285
28 3573.5801661947 1324
29 3558.77713796628 1362
30 3545.45080181501 1401
31 3532.92999613705 1439
32 3521.54092932024 1478
33 3510.98229019728 1519
34 3500.62742378428 1558
35 3491.37689848055 1596
36 3482.96846980705 1635
37 3474.51711133421 1674
38 3467.50247114992 1714
39 3461.86505015609 1753
40 3457.12930669941 1791
41 3452.74962003296 1830
42 3449.03084043414 1868
43 3446.08318177387 1908
44 3443.65986371451 1947
45 3441.59459958078 1986
46 3439.79750899562 2024
47 3438.21387785331 2063
48 3436.80691230381 2103
49 3435.55008322281 2142
50 3434.42320597335 2180
51 3433.41022154651 2219
52 3432.49782678607 2257
53 3431.67458090199 2296
54 3430.9302997729 2338
55 3430.25558796611 2376
56 3429.64143303106 2415
57 3429.07918440423 2454
58 3428.56163548844 2493
59 3428.08438641925 2534
60 3427.64533909008 2573
61 3427.24305499893 2611
62 3426.87570722805 2650
63 3426.54090706157 2688
64 3426.23596265624 2728
65 3425.95816187247 2767
66 3425.70494086483 2805
67 3425.47395273586 2844
68 3425.26307984571 2883
69 3425.0704210665 2922
70 3424.89427054163 2961
71 3424.73309537863 3000
72 3424.58551512004 3038
73 3424.45028377619 3076
74 3424.32627439155 3116
75 3424.21246584661 3155
76 3424.10793155693 3194
77 3424.01182976708 3233
78 3423.92339519844 3271
79 3423.8419318612 3311
80 3423.76680687955 3351
81 3423.69744520858 3389
82 3423.6333251301 3428
83 3423.57397440851 3467
84 3423.5189669772 3506
85 3423.46791999911 3546
86 3423.42049112958 3584
87 3423.37637580046 3623
88 3423.33530436342 3662
89 3423.29703897743 3700
90 3423.26137020303 3743
91 3423.22811335535 3783

0 99166.7929193935 230
1 53705.4468386653 269
2 26648.6953286869 307
3 17575.0110597758 347
4 12587.6753297095 386
5 9200.89719862313 424
6 7118.71428735906 463
7 6041.3851036374 501
8 5470.13690770652 541
9 5107.36854240809 580
10 4852.80595366215 619
11 4661.63130717586 658
12 4513.71211740932 697
13 4396.60088084968 736
14 4300.91923712753 776
15 4219.36968706718 815
16 4147.73532436944 853
17 4083.77719298561 892
18 4026.7127400373 931
19 3975.58888855002 970
20 3930.60640656759 1009
21 3890.71967957217 1047
22 3855.26630977764 1086
23 3824.09815812809 1124
24 3796.5693342786 1164
25 3771.95338838872 1203
26 3749.83326507073 1242
27 3729.9477675284 1281
28 3711.91694535182 1320
29 3695.46257698465 1362
30 3680.8655960246 1402
31 3667.55333796493 1441
32 3655.06617085464 1480
33 3643.29992189458 1519
34 3632.08352811908 1559
35 3621.14055672656 1598
36 3610.55368508643 1637
37 3600.8684127685 1676
38 3591.95851989329 1714
39 3584.00204683123 1754
40 3577.0155161066 1793
41 3570.74014417385 1832
42 3564.74848187726 1870
43 3558.98604533021 1909
44 3553.83146919481 1947
45 3549.34209904626 1987
46 3545.31692723562 2025
47 3541.6163587062 2063
48 3538.17462656682 2102
49 3534.95623556436 2141
50 3531.93755341307 2180
51 3529.10002377611 2218
52 3526.42713676088 2257
53 3523.90279511486 2295
54 3521.51081003392 2334
55 3519.2368063962 2374
56 3517.07424800549 2413
57 3515.03074425748 2452
58 3513.12232406263 2491
59 3511.35631650114 2529
60 3509.72457024142 2569
61 3508.21161194183 2608
62 3506.80298009632 2647
63 3505.48767496495 2685
64 3504.25753151061 2724
65 3503.10615219801 2763
66 3502.02817464142 2806
67 3501.01886821205 2845
68 3500.07392687486 2884
69 3499.18936296716 2923
70 3498.36145036408 2962
71 3497.58669160563 3002
72 3496.86179679874 3041
73 3496.18366846658 3080
74 3495.54938952688 3118
75 3494.9562130162 3158
76 3494.40155286466 3197
77 3493.88297536443 3236
78 3493.39819114336 3274
79 3492.94504754435 3313
80 3492.52152135338 3352
81 3492.12571184564 3392
82 3491.75583413005 3431
83 3491.41021278213 3469
84 3491.08727575534 3508
85 3490.78554856578 3547
86 3490.50364874349 3587
87 3490.24028054321 3627
88 3489.99422991008 3666
89 3489.76435969054 3705
90 3489.54960508206 3744
91 3489.34896931494 3783
92 3489.16151955426 3823
93 3488.98638301663 3862
94 3488.82274329178 3901
95 3488.66983685947 3939
96 3488.52694979312 3979
97 3488.39341464125 4019
98 3488.26860747771 4057
99 3488.15194511022 4096
100 3488.0428824401 4134
101 3487.94090996073 4174
102 3487.84555138774 4215
103 3487.7563614075 4255
104 3487.67292353705 4294
105 3487.59484807865 4334
106 3487.52177016161 4372
107 3487.45334785353 4413
108 3487.38926032931 4452
109 3487.32920607913 4491
110 3487.27290113958 4530
111 3487.22007733125 4569
112 3487.17048048448 4609
113 3487.12386864757 4648
114 3487.08001027372 4686
115 3487.038682416 4726
116 3486.9996689926 4764
117 3486.96275926013 4804
118 3486.92774673308 4844
119 3486.89442894755 4883

0 100735.995268522 227
1 59090.3353338952 267
2 30027.9858626808 305
3 19883.8737547151 345
4 14656.7578179007 384
5 11148.8001027185 422
6 8904.6632832482 460
7 7520.60638381746 499
8 6621.36678190246 539
9 6014.41954252973 577
10 5580.16172589167 616
11 5251.55565945153 655
12 4987.94030784074 694
13 4772.84959208129 735
14 4596.08078805138 775
15 4448.39558221123 815
16 4322.15835180366 853
17 4210.78354377583 892
18 4114.25885960285 932
19 4032.7174020024 972
20 3965.60181560845 1010
21 3910.51553347361 1049
22 3864.15916015881 1087
23 3824.24151557804 1126
24 3789.45006251366 1165
25 3757.72453656342 1204
26 3728.90892164547 1243
27 3702.48989863279 1281
28 3678.33161277844 1320
29 3656.44314663502 1360
30 3636.39201080793 1399
31 3618.38592674117 1438
32 3602.44570971553 1477
33 3588.0362617657 1515
34 3575.02580549852 1555
35 3563.12595015682 1594
36 3552.25109856238 1633
37 3542.20442160171 1671
38 3532.9793881942 1710
39 3524.41597448722 1749
40 3516.50707822232 1789
41 3509.19912440318 1828
42 3502.43426769083 1867
43 3496.22810899918 1906
44 3490.40390444654 1946
45 3485.07700345184 1985
46 3480.16231112605 2023
47 3475.60943265691 2062
48 3471.42821034593 2100
49 3467.45766628197 2139
50 3463.80032810703 2180
51 3460.44900906594 2220
52 3457.33325896853 2259
53 3454.45347167742 2297
54 3451.78526684445 2337
55 3449.26774425346 2377
56 3446.97359191731 2415
57 3444.89531615451 2454
58 3442.94268132876 2493
59 3441.09573984493 2531
60 3439.40593080046 2571
61 3437.86543087098 2610
62 3436.47030530868 2648
63 3435.21329476144 2687
64 3434.01599955781 2726
65 3432.823117599 2765
66 3431.74958382527 2804
67 3430.80050184681 2843
68 3429.93325409593 2882
69 3429.14205891339 2921
70 3428.45657872565 2960
71 3427.8933824786 3000
72 3427.4401445681 3039
73 3427.07352572426 3077
74 3426.77241157223 3117
75 3426.5209377361 3156
76 3426.30772432409 3195
77 3426.1246120245 3234
78 3425.96567771485 3272
79 3425.82655479871 3311
80 3425.70396655631 3349
81 3425.59539993608 3389
82 3425.49887555653 3427
83 3425.412787725 3465
84 3425.33579728333 3504
85 3425.26676374524 3543
86 3425.20470475563 3585
87 3425.14877245691 3626
88 3425.0982385868 3665
89 3425.05248275192 3703
90 3425.01098077296 3742
91 3424.97329188435 3781
92 3424.93904484293 3821

0 101124.956548588 230
1 55118.4661100298 269
2 31311.2218488776 308
3 21933.7353371034 346
4 16745.4102364226 386
5 13407.8683974436 424
6 10931.021081185 463
7 8920.78689455756 502
8 7396.84763765385 541
9 6317.70414317217 581
10 5572.2124560113 620
11 5071.42683410379 658
12 4713.54270093574 697
13 4441.57182404201 735
14 4240.77453311983 775
15 4094.48808937764 814
16 3984.37056607454 853
17 3897.84265340828 891
18 3828.07938302426 930
19 3770.55431088491 970
20 3723.53802266943 1009
21 3685.22519884226 1048
22 3654.29212533478 1087
23 3629.64485178686 1125
24 3609.2369306447 1166
25 3591.90326409296 1207
26 3577.88016616066 1246
27 3566.68301394131 1285
28 3557.41595846674 1324
29 3549.60653579115 1363
30 3543.06423666825 1403
31 3537.75745953654 1441
32 3532.91007262674 1480
33 3528.77586203676 1519
34 3524.91294084149 1559
35 3520.85218002638 1598
36 3517.00174392186 1636
37 3513.63346996115 1675
38 3510.69015412793 1713
39 3507.91285173686 1752
40 3505.27000017474 1792
41 3502.82872733583 1831
42 3500.74319656344 1870
43 3499.04159300302 1908
44 3497.62487983279 1947
45 3496.35155218277 1987
46 3495.11791011454 2026
47 3493.74605800201 2065
48 3492.23532405397 2103
49 3490.54611418103 2141
50 3488.58777368743 2181
51 3486.03146445896 2221
52 3482.82626289026 2260
53 3478.44599489879 2298
54 3472.32691839809 2336
55 3463.63395360638 2376
56 3454.31526451829 2415
57 3446.22789230013 2454
58 3439.97880129613 2494
59 3435.47438016936 2532
60 3432.36091991142 2571
61 3430.26228515292 2613
62 3428.86853187812 2653
63 3427.95064617472 2692
64 3427.34860904282 2730
65 3426.95407162289 2769
66 3426.69503764595 2809
67 3426.52421944813 2848
68 3426.41078068631 2887
69 3426.33469817937 2926
70 3426.28299814169 2965
71 3426.24727911435 3005
72 3426.22209655002 3045

0 100919.548527664 228
1 55988.9776149344 266
2 30666.3523151865 305
3 19750.4810882501 344
4 14876.6286368106 383
5 12564.0817295516 421
6 11234.4952528896 460
7 10329.099382384 498
8 9650.19409986995 537
9 9115.8139308547 577
10 8679.03892257717 616
11 8311.83187465034 654
12 7985.0485406669 694
13 7673.18585978061 732
14 7353.40763218918 772
15 7005.626324723 811
16 6615.95464853405 849
17 6188.85576181539 887
18 5780.75311991669 926
19 5424.71240289682 967
20 5129.18306029633 1008
21 4886.4810166719 1048
22 4698.37726828187 1087
23 4557.26102423721 1126
24 4444.51511251468 1167
25 4348.67160508621 1206
26 4264.54206983691 1245
27 4188.79092383534 1284
28 4119.07458044573 1323
29 4054.00612037787 1362
30 3992.60577682924 1402
31 3934.87027285877 1441
32 3880.55354189773 1479
33 3830.40165946591 1518
34 3784.6368405875 1557
35 3743.91054752479 1597
36 3707.67002414585 1636
37 3675.82700024255 1675
38 3648.17969400506 1713
39 3623.8097337956 1751
40 3601.83136452147 1792
41 3582.31643337828 1830
42 3565.18190391751 1869
43 3550.07722168425 1907
44 3536.04019251381 1946
45 3523.70054671358 1986
46 3513.11141467449 2025
47 3504.25727270606 2063
48 3496.72092485584 2102
49 3490.42406253412 2141
50 3484.81242438642 2180
51 3480.01954014965 2220
52 3475.94750457003 2259
53 3472.43694989245 2298
54 3469.34136900512 2336
55 3466.55299746792 2377
56 3464.00386137905 2418
57 3461.65219812879 2456
58 3459.47096603203 2495
59 3457.44121461558 2533
60 3455.54862536304 2573
61 3453.78167628928 2614
62 3452.13058533894 2652
63 3450.58662697553 2691
64 3449.14163579529 2729
65 3447.78760867425 2768
66 3446.51634110004 2808
67 3445.31902878226 2846
68 3444.18582776477 2885
69 3443.10571010905 2923
70 3442.06789703343 2961
71 3441.06706334943 3001
72 3440.11096508986 3040
73 3439.21917625579 3079
74 3438.40682268007 3118
75 3437.67282134185 3157
76 3437.00551875738 3196
77 3436.39251003929 3236
78 3435.82462067356 3274
79 3435.29570078074 3313
80 3434.80146088526 3351
81 3434.33853746994 3391
82 3433.90384932481 3430
83 3433.49400555331 3469
84 3433.10438346956 3507
85 3432.72710520268 3546
86 3432.34616621067 3587
87 3431.9274371771 3626
88 3431.41445068076 3665
89 3430.7944276323 3704
90 3430.20659571463 3743
91 3429.77761415548 3781
92 3429.47500604919 3822
93 3429.23621872561 3862
94 3429.02970007183 3901
95 3428.84299333266 3940
96 3428.67095486178 3978
97 3428.5111106956 4019
98 3428.36202673268 4058
99 3428.2227150832 4096
100 3428.09240354695 4135
101 3427.97043968805 4173
102 3427.85624762397 4213
103 3427.74930664254 4253
104 3427.64913944443 4292
105 3427.55530495727 4331
106 3427.46739350998 4370
107 3427.38502333634 4409
108 3427.30783789376 4449
109 3427.2355037179 4488
110 3427.16770865044 4526
111 3427.10416033733 4565
112 3427.04458492492 4605
113 3426.98872590633 4644
114 3426.93634307864 4682
115 3426.88721158456 4721
116 3426.84112101809 4760
117 3426.79787458103 4799
118 3426.75728828029 4839
119 3426.7191901611 4877
120 3426.68341957352 4917
121 3426.64982646946 4955

0 99654.8693187701 229
1 50054.9421794801 269
2 24001.5029851163 310
3 17905.2986922599 349
4 14927.6197151784 387
5 13104.0170220576 427
6 11892.1337360221 468
7 11071.6587516484 506
8 10503.7522365621 545
9 10095.0762636098 584
10 9783.9837968412 622
11 9530.10153946901 661
12 9316.24357035946 700
13 9130.44363834702 740
14 8965.40156673516 779
15 8818.85631355279 817
16 8689.33746817983 857
17 8574.97867419131 896
18 8475.12282458819 934
19 8387.81207958663 973
20 8307.94966365779 1011
21 8230.17303175963 1050
22 8150.86355238883 1090
23 8077.14191408237 1130
24 8009.33470878626 1168
25 7944.65851962542 1207
26 7879.67863749911 1245
27 7809.05341281038 1285
28 7729.68988364819 1325
29 7636.04867081825 1364
30 7520.22154708647 1403
31 7377.41709057949 1441
32 7212.46200859194 1480
33 7042.79822553092 1519
34 6873.29682224873 1558
35 6698.85420947732 1596
36 6511.19858899639 1635
37 6307.27157818218 1674
38 6084.61653623248 1716
39 5842.1086953852 1755
40 5579.51273221927 1794
41 5299.42690515986 1833
42 5012.12940592794 1871
43 4750.59149749225 1912
44 4535.8945333327 1950
45 4362.12674270422 1990
46 4220.10114588424 2029
47 4103.93534463505 2067
48 4010.23895531854 2108
49 3935.19542199398 2147
50 3874.06818917256 2186
51 3822.9492389773 2225
52 3779.80505896768 2263
53 3743.21246064505 2303
54 3711.59955399713 2343
55 3684.26658263004 2381
56 3660.50805903791 2420
57 3639.71710626077 2458
58 3621.52089572185 2498
59 3605.42553054758 2537
60 3590.81370058606 2576
61 3577.29959410597 2614
62 3564.82308776624 2655
63 3553.62384290618 2694
64 3543.21659169282 2734
65 3534.14188362115 2773
66 3526.04143872747 2812
67 3518.88547313311 2850
68 3512.99855085085 2890
69 3508.38711232491 2930
70 3504.7825147448 2968
71 3501.86776104837 3007
72 3499.43405899395 3046
73 3497.36773066712 3085
74 3495.59761366897 3127
75 3494.07079316058 3167
76 3492.74536247301 3207
77 3491.58754641657 3246
78 3490.57039500991 3284
79 3489.67305035586 3326
80 3488.87954102257 3365
81 3488.17706826443 3403
82 3487.55465826424 3442
83 3487.00255163527 3480
84 3486.51203879606 3520
85 3486.0754175114 3559
86 3485.68593964356 3598
87 3485.33772863653 3637
88 3485.02568166835 3675
89 3484.74537051762 3715
90 3484.49294887062 3754
91 3484.26506829339 3792
92 3484.05880010761 3831
93 3483.87154908494 3870
94 3483.70088213475 3909
95 3483.54366498307 3949
96 3483.39077027747 3987
97 3483.22721735441 4026
98 3483.06741234165 4065
99 3482.92322996918 4103
100 3482.79398415939 4143
101 3482.67715571915 4182
102 3482.57104579936 4221
103 3482.4746894693 4260
104 3482.38746174743 4298
105 3482.30877565775 4339
106 3482.23793874197 4378
107 3482.17415214927 4417
108 3482.1165848016 4456
109 3482.06445217118 4494
110 3482.01706331847 4537
111 3481.97383383644 4577
112 3481.93427749545 4615
113 3481.8979895602 4655
114 3481.86462965473 4693

0 98650.4603751896 230
1 53338.3831666699 269
2 32767.9266289577 307
3 25547.9728062209 346
4 21097.4193215613 385
5 17118.2114645362 424
6 13059.7602166925 463
7 10197.8506855362 501
8 8641.25221778459 539
9 7673.39855004878 578
10 6968.46872878586 616
11 6391.14792739977 657
12 5909.68564240998 696
13 5511.71894067994 734
14 5191.72048632242 773
15 4936.82777364761 812
16 4732.03143250152 852
17 4564.87275975519 891
18 4426.09756795313 930
19 4309.9129286596 968
20 4211.71427670531 1007
21 4127.71531025979 1047
22 4055.0115945681 1086
23 3991.41702848837 1125
24 3936.11072763381 1166
25 3888.61252080203 1204
26 3847.86944004519 1244
27 3812.64818704503 1285
28 3781.40049286596 1324
29 3753.53739205166 1363
30 3728.55106011625 1402
31 3706.27010849789 1442
32 3686.41092043704 1482
33 3668.78549848891 1521
34 3653.11970489791 1560
35 3639.10459270106 1599
36 3626.62074646899 1638
37 3615.35642041695 1679
38 3605.13673443387 1718
39 3595.73981396545 1757
40 3587.15590916928 1796
41 3579.19591462471 1835
42 3571.92002241075 1874
43 3565.18943973351 1913
44 3558.94278435304 1952
45 3553.08397032234 1991
46 3547.64904415539 2030
47 3542.70076131896 2069
48 3538.05981311954 2108
49 3533.46906091615 2147
50 3529.17643383311 2185
51 3525.38778022931 2224
52 3522.0984182664 2264
53 3519.09998331067 2302
54 3516.22089114861 2342
55 3513.41972913283 2380
56 3510.85367969436 2419
57 3508.67233656855 2459
58 3506.79377764485 2498
59 3505.06967704931 2536
60 3503.46121096961 2574
61 3502.00677576746 2613
62 3500.6931435534 2652
63 3499.51536547748 2694
64 3498.46035072889 2734
65 3497.43571397812 2773
66 3496.4147380717 2811
67 3495.50992395005 2850
68 3494.7111434512 2890
69 3493.9796588814 2929
70 3493.32180905196 2968
71 3492.77029039885 3007
72 3492.3347144847 3045
73 3491.99770080021 3086
74 3491.73524769193 3125
75 3491.52736804068 3164
76 3491.35957456598 3203
77 3491.22169117989 3242
78 3491.10654678981 3282
79 3491.00903069106 3321
80 3490.9254583973 3359
81 3490.85314166216 3397
82 3490.79008829461 3436
83 3490.7347882637 3475
84 3490.68606183554 3515
85 3490.64295532828 3554
86 3490.60467387788 3592
87 3490.5705415443 3631

0 99567.496837779 230
1 57122.0952728664 269
2 32900.2079518937 308
3 21742.9472430156 347
4 14617.5391073742 385
5 10916.9629841487 423
6 9222.50934510848 464
7 8206.63916855347 504
8 7483.81366209979 542
9 6905.36176037601 581
10 6413.21863714042 619
11 5975.65518977004 660
12 5578.2792310782 700
13 5212.17277038971 739
14 4884.53483597012 777
15 4609.99718490056 816
16 4395.88406131807 855
17 4233.48692698192 895
18 4110.94251745747 933
19 4016.13041351747 972
20 3941.66893282265 1010
21 3881.74679764859 1049
22 3831.92069008423 1090
23 3789.57917489556 1128
24 3753.59860917489 1167
25 3723.19141888372 1206
26 3696.87311797042 1245
27 3673.91069311191 1285
28 3653.758287077 1324
29 3635.72025952602 1362
30 3619.39221543274 1401
31 3604.53476655159 1440
32 3590.84011660691 1480
33 3578.09595476112 1519
34 3566.0526098255 1557
35 3554.50456868543 1596
36 3543.55459134069 1635
37 3533.35702081861 1674
38 3524.08038118934 1714
39 3515.80133956588 1753
40 3508.52149947687 1792
41 3502.1089293595 1830
42 3496.39407306583 1869
43 3491.24035972248 1911
44 3486.55126900542 1950
45 3482.25856080005 1989
46 3478.31174161718 2028
47 3474.67151403058 2067
48 3471.30600882317 2108
49 3468.18858971965 2146
50 3465.29650849771 2185
51 3462.61002838206 2224
52 3460.11181762156 2262
53 3457.78650811177 2303
54 3455.62036062299 2341
55 3453.60100233381 2380
56 3451.71721560171 2419
57 3449.95876501742 2457
58 3448.31625593176 2498
59 3446.78102375472 2537
60 3445.34506037515 2576
61 3444.00099062712 2615
62 3442.7421112044 2653
63 3441.56248375152 2694
64 3440.45702505635 2733
65 3439.42148820457 2771
66 3438.45225363971 2810
67 3437.54598339102 2849
68 3436.69931985433 2889
69 3435.90877474587 2928
70 3435.17079442286 2967
71 3434.48188725976 3006
72 3433.83872175824 3044
73 3433.23817119641 3083
74 3432.67732026093 3123
75 3432.15345487174 3162
76 3431.66404830261 3200
77 3431.20674858022 3239
78 3430.77936775628 3278
79 3430.37987222871 3319
80 3430.00637331486 3359
81 3429.65711772084 3398
82 3429.33047793184 3437
83 3429.02494273567 3475
84 3428.73910812415 3517
85 3428.47166875768 3556
86 3428.22141010113 3594
87 3427.98720126005 3633
88 3427.76798849914 3673
89 3427.56278938939 3713
90 3427.37068752145 3752
91 3427.19082771617 3790
92 3427.02241167042 3828
93 3426.86469398174 3866
94 3426.71697850642 3906
95 3426.57861500579 3946
96 3426.44899605281 3984
97 3426.32755416752 4023
98 3426.21375915839 4061
99 3426.10711565182 4100
100 3426.00716079091 4140
101 3425.91346209072 4179
102 3425.82561543721 4218
103 3425.74324321879 4256
104 3425.66599258107 4296
105 3425.59353379568 4335
106 3425.52555873646 4374
107 3425.46177945379 4414
108 3425.40192684262 4452
109 3425.34574939705 4491
110 3425.29301204533 4531
111 3425.2434950611 4570
112 3425.19699304549 4609
113 3425.15331397523 4647
114 3425.11227831263 4686
115 3425.07371817395 4729
116 3425.03747655079 4770
117 3425.00340658344 4809

0 96806.9600672137 228
1 58599.3795656316 266
2 40439.2725613238 305
3 30393.9329741813 345
4 22641.9148118083 384
5 17153.7103831179 422
6 13313.0489093276 461
7 10784.2428762332 500
8 9150.34552465602 539
9 8119.75885615282 579
10 7389.19463489971 617
11 6815.87160152798 656
12 6330.88161653855 695
13 5928.65968330024 735
14 5617.58488171988 774
15 5370.48729890053 812
16 5173.14812799122 851
17 5018.75123290795 890
18 4896.89827301775 930
19 4798.43029130312 968
20 4716.95535136922 1008
21 4647.93228146585 1046
22 4589.1420391632 1084
23 4538.7404660891 1124
24 4494.2520713202 1163
25 4455.91277868479 1202
26 4422.42911275075 1241
27 4391.80849731228 1279
28 4366.06340577847 1319
29 4343.60283555676 1359
30 4323.77025238366 1399
31 4306.27117388015 1438
32 4290.3685196837 1476
33 4276.29115939389 1516
34 4263.29587423273 1557
35 4252.05537427166 1596
36 4241.42458703698 1635
37 4232.54034602042 1674
38 4225.3420756206 1712
39 4219.33650580045 1753
40 4213.94162507097 1791
41 4208.98845522793 1829
42 4205.09180378633 1868
43 4201.96803112399 1907
44 4199.27283957164 1947
45 4196.84791322067 1985
46 4194.63278246859 2024
47 4192.53099117201 2062
48 4190.51267046574 2101
49 4188.59930134467 2140
50 4186.853387051 2180
51 4185.06704782125 2218
52 4183.1743049425 2257
53 4181.51216691266 2295
54 4180.11262039948 2335
55 4178.87450810368 2374
56 4177.05445638459 2413
57 4175.44931298385 2452
58 4174.41946470661 2490
59 4173.72800739587 2530
60 4173.19077855239 2570
61 4172.73522631416 2608
62 4172.33385156082 2647
63 4171.97391037673 2685
64 4171.64776115565 2724
65 4171.3500945944 2765
66 4171.07692205397 2805
67 4170.82504797588 2843
68 4170.59174662601 2883
69 4170.37454567862 2922
70 4170.17106601326 2963
71 4169.97889680339 3002
72 4169.79552076444 3040
73 4169.61836060889 3079
74 4169.44508860525 3117
75 4169.2743406842 3157
76 4169.10669650248 3197
77 4168.94517152622 3237
78 4168.79425920205 3278
79 4168.65775701325 3318
80 4168.53709716095 3358
81 4168.43136589364 3397
82 4168.33842255332 3435
83 4168.25596690676 3473
84 4168.18206643553 3512
85 4168.11525672064 3551
86 4168.0544578858 3590
87 4167.99885925242 3629
88 4167.94782837034 3668
89 4167.90085185585 3707
90 4167.85749998734 3746
91 4167.81740578956 3785

0 100364.99347152 228
1 59119.5749082507 267
2 35800.0138189572 306
3 25547.4936050742 344
4 18341.7744513985 387
5 13217.3658212772 427
6 10918.4132700891 466
7 9835.49517560285 504
8 9186.58377054746 543
9 8746.60405042706 584
10 8428.88351423854 623
11 8176.81697984271 662
12 7970.80248701338 701
13 7788.07527308054 739
14 7622.47352434764 779
15 7469.50853723994 818
16 7322.25066751999 856
17 7177.06407615721 895
18 7029.43300966625 933
19 6880.81996523852 972
20 6737.62941200269 1013
21 6602.2245200027 1052
22 6477.32136700236 1090
23 6359.73269724053 1129
24 6243.85641437425 1168
25 6121.69659924839 1208
26 5969.26768240169 1247
27 5753.46584914802 1285
28 5460.65592568107 1324
29 5103.49264805286 1362
30 4736.844302214 1402
31 4428.98738723217 1441
32 4205.33399887743 1480
33 4052.29619793469 1518
34 3946.59528896797 1557
35 3874.78874154651 1597
36 3820.53185419106 1636
37 3775.06066641949 1675
38 3735.98127038463 1714
39 3701.60942195884 1752
40 3670.31681581277 1793
41 3641.86677270888 1833
42 3615.65877698177 1872
43 3591.19122311948 1911
44 3568.6094475035 1950
45 3548.26616796564 1989
46 3530.06817997238 2029
47 3514.34504876823 2069
48 3500.76022293177 2108
49 3488.88598816217 2146
50 3479.05371492868 2185
51 3470.90171876176 2225
52 3463.62462642778 2264
53 3457.52319804476 2302
54 3452.60750854366 2341
55 3448.55626082398 2379
56 3444.93764491595 2419
57 3441.43362796281 2458
58 3438.25238976353 2497
59 3435.73731536628 2536
60 3433.95990310581 2575
61 3432.739951863 2614
62 3431.88602552495 2654
63 3431.26368114788 2693
64 3430.79044963645 2732
65 3430.41727220116 2771
66 3430.11424303969 2812
67 3429.86222225362 2851
68 3429.64829895328 2890
69 3429.46340722034 2928
70 3429.30111182772 2967
71 3429.15701108805 3006
72 3429.02838009544 3045
73 3428.91376025565 3084
74 3428.81236806398 3123
75 3428.72346663292 3162
76 3428.64598338076 3202
77 3428.57849582727 3242
78 3428.51944634325 3282
79 3428.4673699804 3321
80 3428.42102197037 3360
81 3428.37940531398 3398
82 3428.34174254607 3439
83 3428.30742974466 3478
84 3428.27599264287 3517

0 98515.1099855433 230
1 61479.5784614465 269
2 35620.2471334692 308
3 20192.1054650202 348
4 13118.5060795962 387
5 9980.25590468467 426
6 8304.83734926938 464
7 7154.96365498207 504
8 6285.97705811833 543
9 5610.7363811415 582
10 5096.0941534236 620
11 4718.83166588413 659
12 4441.59139017413 698
13 4234.59336649568 738
14 4076.48346989151 776
15 3957.59528250804 816
16 3867.34267613869 854
17 3797.0061282696 893
18 3740.76487601021 932
19 3694.58868529151 971
20 3654.81876349171 1009
21 3619.33215308461 1048
22 3586.80635172621 1086
23 3557.24844998911 1129
24 3530.96520467055 1168
25 3509.15692546235 1207
26 3492.35540815337 1246
27 3479.76107776046 1284
28 3469.66587668581 1325
29 3461.56243598645 1364
30 3455.34167443979 1403
31 3450.29541898858 1441
32 3446.27539516885 1480
33 3443.26889609371 1520
34 3440.97561487889 1559
35 3439.15556760949 1598
36 3437.66720720618 1637
37 3436.42354293815 1675
38 3435.36754339446 1715
39 3434.45974682702 1754
40 3433.67159678978 1793
41 3432.98169169418 1832
42 3432.37357241694 1870
43 3431.83433823991 1908
44 3431.35372708427 1949
45 3430.92347378588 1987
46 3430.5368478861 2026
47 3430.18831403825 2064
48 3429.87327782518 2103
49 3429.58789046252 2143
50 3429.32889392009 2182
51 3429.093495543 2222
52 3428.87926754351 2260
53 3428.68407008891 2298
54 3428.50599659628 2338
55 3428.34333766061 2377
56 3428.19455809284 2415
57 3428.05828130005 2454
58 3427.9332765955 2492
59 3427.81844700293 2531
60 3427.71281677614 2573
61 3427.6155188056 2612
62 3427.52578240472 2650
63 3427.44292192821 2689
64 3427.36632648467 2728
65 3427.2954508305 2768
66 3427.22980739472 2807
67 3427.16895931952 2846
68 3427.11251437474 2884
69 3427.06011960756 2923
70 3427.01145661547 2962
71 3426.96623734919 3001
72 3426.92420038721 3040
73 3426.88510763844 3079
74 3426.84874144961 3117
75 3426.81490209734 3158

0 100104.210619809 229
1 54975.7852935268 269
2 32498.0904961919 310
3 21309.0863739507 349
4 14636.6932290894 389
5 10642.2767393892 428
6 8071.89989841233 466
7 6483.48493036606 504
8 5511.45116679942 543
9 4909.48836393487 582
10 4513.13998272674 622
11 4237.90831186084 661
12 4044.77959326691 700
13 3908.37339250936 739
14 3809.24266354284 779
15 3736.8500341378 820
16 3683.01726770814 860
17 3641.6963619581 900
18 3609.49172119571 939
19 3584.01708171362 978
20 3563.42412309089 1019
21 3546.41853444994 1058
22 3532.22013626149 1097
23 3520.20402315825 1136
24 3509.91868584477 1175
25 3501.03080799124 1215
26 3493.28929799356 1254
27 3486.50208946314 1292
28 3480.52076175327 1331
29 3475.22852359562 1369
30 3470.53039867145 1408
31 3466.34705884419 1449
32 3462.61152482037 1487
33 3459.26705195712 1527
34 3456.26543105558 1565
35 3453.5655319853 1605
36 3451.13207163928 1645
37 3448.93459583269 1684
38 3446.94665316813 1723
39 3445.14513631371 1762
40 3443.50977287769 1802
41 3442.02275739053 1840
42 3440.66851609365 1880
43 3439.43357166454 1919
44 3438.30642286702 1957
45 3437.2773176147 1996
46 3436.33785686074 2039
47 3435.48052215309 2078
48 3434.69831746723 2118
49 3433.98463104947 2156
50 3433.33326031044 2196
51 3432.73847794073 2239
52 3432.19506402243 2279
53 3431.69829359 2318
54 3431.2438983261 2357
55 3430.82802111731 2396
56 3430.44717334732 2437
57 3430.09819776834 2476
58 3429.77823645852 2516
59 3429.48470253768 2555
60 3429.21525455592 2594
61 3428.96777295617 2635
62 3428.74033837747 2674
63 3428.53121175109 2715
64 3428.33881618593 2753
65 3428.16172061551 2792
66 3427.99862512931 2832
67 3427.8483478727 2871
68 3427.70981337423 2910
69 3427.58204215194 2949
70 3427.4641414516 2987
71 3427.35529698257 3027
72 3427.2547655308 3068
73 3427.16186833988 3107
74 3427.07598517056 3146
75 3426.99654895696 3185
76 3426.92304099146 3224
77 3426.85498657831 3263
78 3426.791951106 3303
79 3426.73353649098 3342
80 3426.67937795744 3381
81 3426.62914111485 3421
82 3426.58251930694 3460
83 3426.53923120112 3499
84 3426.49901859997 3538
85 3426.46164444815 3576
86 3426.42689101901 3615
87 3426.39455826447 3656

0 98487.5863458337 229
1 55442.7780783826 268
2 34690.3191933478 307
3 26143.8174357128 346
4 20616.5696172445 387
5 16348.2483396516 427
6 13094.0023591024 465
7 11253.3334800113 504
8 10197.2194145184 544
9 9513.45097591003 584
10 9028.83440267031 624
11 8655.48134376774 663
12 8350.74428187768 701
13 8087.97712881006 741
14 7844.69416074414 781
15 7602.17393840262 820
16 7343.03461851391 860
17 7065.2623581917 899
18 6791.21888384176 937
19 6550.17205975504 976
20 6351.48629696873 1017
21 6191.93829279186 1055
22 6062.80946944931 1094
23 5957.05832283478 1133
24 5868.01344203438 1172
25 5790.10946704399 1212
26 5719.14313936395 1252
27 5650.70703458639 1291
28 5578.67419223287 1329
29 5493.06364821416 1368
30 5378.4682300982 1411
31 5215.63596105234 1452
32 4991.21294410733 1491
33 4733.87994436724 1530
34 4476.87809964682 1569
35 4245.10340538993 1610
36 4053.23469209874 1650
37 3904.17660194997 1689
38 3793.70724509988 1728
39 3715.10549825367 1767
40 3660.54606885359 1807
41 3622.83437365543 1847
42 3594.51013140723 1885
43 3573.57966501623 1924
44 3557.17152785515 1963
45 3545.39036545668 2003
46 3537.12005568225 2043
47 3531.06643048282 2082
48 3526.39425643513 2122
49 3522.61883215746 2161
50 3519.45975552765 2201
51 3516.77760889041 2241
52 3514.46810900195 2280
53 3512.4570280866 2319
54 3510.69355827463 2358
55 3509.11160429538 2396
56 3507.54482421258 2437
57 3506.03749764854 2477
58 3504.64248090963 2516
59 3503.32789076551 2555
60 3502.04948137005 2594
61 3500.81625432411 2634
62 3499.62528631566 2673
63 3498.43289521271 2712
64 3497.25003743273 2751
65 3496.12204065059 2790
66 3495.03593260198 2831
67 3493.79318335359 2872
68 3492.48064662422 2911
69 3491.37998376936 2949
70 3490.5162648648 2988
71 3489.74400991268 3029
72 3488.90486260373 3069
73 3488.11861101371 3110
74 3487.56252198767 3149
75 3487.18106297722 3188
76 3486.88572162907 3227
77 3486.62644492598 3267
78 3486.38371639667 3306
79 3486.15961360436 3345
80 3485.95577585257 3384
81 3485.77045865241 3424
82 3485.60129585517 3464
83 3485.44616359892 3503
84 3485.30316071999 3543
85 3485.17021410232 3582
86 3485.04398206798 3621
87 3484.91765815028 3661
88 3484.78372765614 3701
89 3484.64603429755 3740
90 3484.51356129999 3780
91 3484.39004698126 3818
92 3484.27575412125 3858
93 3484.17004880623 3897
94 3484.07214889514 3936
95 3483.98113706665 3974
96 3483.89563812381 4013
97 3483.81300543209 4053
98 3483.72807077079 4092
99 3483.63510825696 4132
100 3483.5358503566 4171
101 3483.43813191265 4210
102 3483.34696125385 4252
103 3483.2635260579 4293
104 3483.18751464457 4332
105 3483.11827828171 4371
106 3483.05511241134 4410
107 3482.99724039927 4451
108 3482.94367901187 4489
109 3482.89298197821 4528
110 3482.84283592774 4567
111 3482.78989665418 4606
112 3482.73132571511 4645
113 3482.66807330875 4685
114 3482.60479357397 4724
115 3482.54565269862 4763
116 3482.49233513753 4802
117 3482.44491708002 4842
118 3482.40290741275 4882
119 3482.36570680956 4921
120 3482.33274186489 4959

