0 15071.058610677 31
1 12974.1475047815 40
2 10061.7407359704 48
3 7514.79872913243 56
4 6007.75060629788 65
5 5126.69860171825 73
6 4494.31610792032 81
7 3949.98047474072 89
8 3485.24269867508 96
9 3112.84031848496 105
10 2819.92701648614 113
11 2583.17797440816 121
12 2383.03871141402 128
13 2202.74201703495 136
14 2034.25182647961 144
15 1870.0726094681 152
16 1708.5289264265 160
17 1547.61324126779 168
18 1389.92788545097 176
19 1234.87723729605 184
20 1082.28540464939 192
21 937.67152858538 200
22 803.76533858581 208
23 688.327348488482 216
24 593.498942303717 224
25 519.671780147284 233
26 467.547272492059 242
27 434.782736820356 250
28 413.948813034084 258
29 404.044491614588 266
30 398.678461705795 274
31 396.515204634056 282
32 395.649477165029 290
33 395.259724795958 298
34 395.065682847811 306
35 394.96498598375 313
36 394.912035253883 321
37 394.884028650645 329
38 394.869127567812 337
39 394.861138243584 345
40 394.85681499857 353
41 394.854451754705 361

0 15217.4331823803 28
1 12863.644974177 36
2 9076.43160948383 44
3 5671.0531958423 52
4 3736.05792832997 60
5 2727.12107866279 69
6 2122.09776826781 77
7 1686.83072601241 85
8 1325.31610016586 93
9 997.703392499981 101
10 722.797533890072 110
11 544.102770166461 118
12 452.092408760572 126
13 415.899947169215 134
14 403.2726669288 142
15 398.62650278057 150
16 396.692125255314 158
17 395.800637921938 166
18 395.360579596932 174
19 395.13278741129 182
20 395.010660386774 190
21 394.943350016468 198
22 394.905397064653 206
23 394.883579609912 214
24 394.870827140607 222
25 394.863264727461 230
26 394.858723259456 239
27 394.855965743552 246

0 15246.043975573 31
1 13262.9256773434 39
2 10103.2300030331 47
3 6749.42471872753 55
4 4373.85420610715 63
5 3063.05669866549 71
6 2295.87738042566 79
7 1813.63654178335 87
8 1475.91458074693 95
9 1220.44898884605 103
10 1020.68347438233 111
11 859.285998479582 119
12 726.835281931735 127
13 622.158310354117 135
14 540.564125596932 143
15 482.545950671332 151
16 443.547974104565 159
17 420.175435231692 167
18 407.963092723455 175
19 402.344092439582 183
20 399.59199625817 191
21 397.978257035278 200
22 396.945420043107 208
23 396.264084742894 216
24 395.8087320728 225
25 395.502167847931 233
26 395.294782602949 241
27 395.154013896914 249
28 395.058222776077 258
29 394.99291269136 266
30 394.948317069901 274
31 394.917828904581 282
32 394.89696476523 290
33 394.882674983432 298
34 394.872881240228 306
35 394.866165039087 314
36 394.861557031218 322
37 394.858394122761 330

0 15279.4341526156 28
1 12905.837955891 37
2 8952.37242650307 45
3 5699.39551810161 53
4 3863.93987728032 61
5 2727.69216675497 69
6 1987.8151239576 77
7 1514.29166262808 85
8 1199.73731436092 94
9 967.198370321524 102
10 788.63871482286 110
11 649.116768463934 119
12 544.781803277198 127
13 482.818148719247 135
14 447.705109614057 143
15 425.383731395731 151
16 409.755223673275 160
17 401.898578752297 168
18 398.392293970595 177
19 396.763045606765 185
20 395.937521952413 193
21 395.489841651279 201
22 395.236323397089 209
23 395.088331770117 217
24 394.999811279866 225
25 394.945747568285 233
26 394.912127257076 242
27 394.890894669405 250
28 394.877309527785 257
29 394.86852226176 266
30 394.862786737866 274
31 394.859014862576 282

0 15248.1000035145 31
1 12852.7557028816 39
2 8861.62452122354 49
3 5918.39277295788 57
4 4539.53226490708 65
5 3740.88131678295 73
6 3132.50389062784 82
7 2631.74864287676 90
8 2205.66360919071 98
9 1834.9256080644 106
10 1522.05388312994 114
11 1273.0874996378 122
12 1078.76811647197 131
13 921.212116507214 139
14 790.385820942563 147
15 681.459341679582 155
16 594.29737934546 163
17 522.882347306692 171
18 466.936109982739 179
19 427.640587677669 186
20 407.608863710147 195
21 399.767414562583 203
22 396.821147579367 211
23 395.766749635186 218
24 395.339921132284 227
25 395.129424939321 235
26 395.013877084074 244
27 394.947572637731 252
28 394.908765535066 260
29 394.885813321032 269
30 394.872146791435 277
31 394.863967447638 285
32 394.859050583367 293
33 394.856082946091 301

0 15036.5964971083 28
1 12139.4966580675 36
2 8105.61702287563 44
3 5046.29713231065 52
4 3314.77058064145 60
5 2307.57068044576 68
6 1645.35467944531 76
7 1180.88478896524 84
8 864.741752464743 92
9 659.507315440635 100
10 534.120023242868 108
11 465.265837298197 116
12 433.864174861771 124
13 418.672580649487 133
14 410.233453757515 141
15 405.037068477592 149
16 401.678503246187 157
17 399.459173853653 165
18 397.975381580629 173
19 396.976186362371 182
20 396.30000986309 190
21 395.840796847062 197
22 395.528099710811 205
23 395.314738670216 214
24 395.168928410537 221
25 395.069159626858 229
26 395.000827664638 237
27 394.953990373182 245
28 394.921866031599 253
29 394.899821449767 261
30 394.884687366116 269
31 394.874293751012 278
32 394.8671535722 286
33 394.862247161674 293
34 394.858874948839 301

0 15487.4231145412 31
1 14125.2831158991 39
2 11792.651996866 47
3 8784.61867517029 56
4 6458.36024310774 64
5 4810.24355599152 72
6 3535.86796937668 80
7 2505.81231461463 88
8 1685.16993543536 96
9 1115.52028967489 104
10 775.196757208852 112
11 590.7848334289 120
12 492.43082537557 128
13 442.930808999262 136
14 418.55594266792 144
15 406.848723112158 152
16 401.124155112449 160
17 398.235062511156 168
18 396.730912831689 177
19 395.924343009898 185
20 395.479257823489 193
21 395.226889582126 201
22 395.080219153258 209
23 394.9931047257 217
24 394.940380076034 225
25 394.907947356069 233
26 394.887715256585 241
27 394.874939345549 249
28 394.866785208249 257
29 394.861531722303 266
30 394.858118778337 274

0 15395.8231693134 28
1 13402.9360577234 36
2 10381.2099144937 44
3 7314.87260951036 52
4 5349.3167071137 60
5 4287.84074170992 68
6 3709.33592218035 77
7 3346.50751107714 85
8 3101.56123788161 92
9 2935.58615588365 101
10 2819.84344368812 109
11 2739.33159498116 117
12 2681.72511802642 125
13 2634.72388247519 133
14 2593.6195239325 141
15 2555.820920667 149
16 2519.37068325228 157
17 2482.89187220744 165
18 2445.00752209997 173
19 2404.37486913282 181
20 2359.91262812856 190
21 2308.5736205297 198
22 2249.79115319366 206
23 2181.57078122295 214
24 2101.17407586966 222
25 2004.77010650761 230
26 1889.10518423863 238
27 1748.02101151429 246
28 1582.17908549185 254
29 1397.97671437424 262
30 1208.91678248766 270
31 1028.59258830888 278
32 872.085828507981 286
33 746.114423372213 294
34 647.562816289194 302
35 574.147234922632 310
36 519.353898384246 318
37 478.25377794365 326
38 450.1006700424 334
39 429.864369488688 342
40 416.646126440191 350
41 407.983491274001 358
42 402.537711906819 367
43 399.151819067627 375
44 397.223862805308 384
45 396.178056107433 392
46 395.607330714278 400
47 395.289926752438 408
48 395.110009942523 416
49 395.006183524366 424
50 394.945264287244 432
51 394.908978526613 440
52 394.887075477343 448
53 394.873699919104 456
54 394.865449571675 464
55 394.860316306942 472
56 394.857098297444 480

0 15711.4371389534 30
1 14116.9682839223 38
2 11415.6282300188 46
3 8084.0462688523 54
4 5234.52638651945 62
5 3152.74336328803 70
6 1949.65537094042 79
7 1272.80657183803 87
8 890.745444109466 97
9 673.295021206803 105
10 548.447709874996 114
11 482.703739725162 122
12 445.055559835472 131
13 422.023727319909 140
14 408.999626945401 147
15 402.576939705691 155
16 399.273874637691 164
17 397.453609313559 172
18 396.406408581726 180
19 395.7910446172 188
20 395.425176437385 196
21 395.205577537495 204
22 395.072465504673 212
23 394.990910739848 220
24 394.940380482537 228
25 394.908717931545 236
26 394.88866028913 244
27 394.875822890449 252
28 394.867528487198 260
29 394.862123253417 269
30 394.858573765738 276

0 15780.7459441487 31
1 13549.9491610265 39
2 9083.35342323771 48
3 5221.91742432005 56
4 3005.31709187195 64
5 1716.46249460622 72
6 1008.85677604761 80
7 660.612130073816 88
8 506.678692751595 97
9 441.748773484154 105
10 415.121724519737 113
11 404.107434624647 121
12 399.333497421019 129
13 397.131431771509 137
14 396.056612173876 145
15 395.507662141063 153
16 395.217214786306 161
17 395.05921735001 169
18 394.971333845425 177
19 394.921546485619 185
20 394.892904339222 193
21 394.876209387473 201
22 394.866367362846 210
23 394.860507577709 218
24 394.856988160658 227

0 15772.0686118726 31
1 14248.9830613036 39
2 11189.0703942483 47
3 7256.48748362965 55
4 4441.04348678557 63
5 2699.58200186806 71
6 1654.73034304855 79
7 1074.33276532422 87
8 746.96605710744 95
9 562.81384843073 103
10 467.8220083668 111
11 426.503276689082 119
12 410.141965053518 127
13 403.090082582382 135
14 399.611815476315 143
15 397.7221904436 151
16 396.632500224053 159
17 395.979374624071 167
18 395.577088369508 175
19 395.324125569475 183
20 395.162436188298 192
21 395.057714049589 201
22 394.98915553643 209
23 394.943876641585 217
24 394.913757013752 225
25 394.893603062963 233
26 394.880052100914 241
27 394.870904499753 249
28 394.864709114088 257
29 394.860501787769 265
30 394.857638146961 273

0 15220.6193341978 28
1 13047.5484487922 36
2 9706.88562768417 44
3 6626.90453745274 51
4 4549.26779822551 60
5 3139.26515244512 68
6 2220.90790409176 76
7 1647.91398016153 84
8 1293.74572204576 92
9 1058.00342724072 100
10 888.287396187732 108
11 755.310977131702 116
12 650.070732322315 125
13 562.396974978295 134
14 498.935752809393 142
15 458.533365295976 150
16 434.313319995491 158
17 419.881484836014 166
18 411.069408959475 175
19 405.530931007218 183
20 401.965092407473 191
21 399.62815273521 199
22 398.077298970648 207
23 397.039007984519 215
24 396.339477934451 223
25 395.86600052852 231
26 395.544419350475 239
27 395.325431138536 247
28 395.176004231964 255
29 395.073881503312 263
30 395.004000757674 271
31 394.956134992484 279
32 394.923322355072 287
33 394.900814140484 295
34 394.885366082311 303
35 394.874758914145 311
36 394.867472974523 319
37 394.862466796384 327
38 394.859026145982 336

0 15193.7099905957 31
1 13127.4166696668 39
2 9653.80131004065 47
3 6156.35648490072 55
4 3951.91976600916 63
5 2591.13422700869 71
6 1760.02599816338 79
7 1249.73132162593 87
8 925.212861941531 95
9 723.451317200498 103
10 596.996501301814 111
11 515.461533454176 119
12 461.36486660183 127
13 426.377005905352 135
14 406.926564224687 143
15 399.341983524772 151
16 396.828446300625 159
17 395.872119744726 167
18 395.421221974175 175
19 395.180876030784 183
20 395.04541916326 192
21 394.966960153913 200
22 394.920803998458 209
23 394.893371216233 217
24 394.876939947465 225
25 394.86703441399 233
26 394.861028370153 241
27 394.857367122132 250

0 15065.6516430608 29
1 12291.8063402121 37
2 8303.87968143909 45
3 5221.83763954432 53
4 3444.58045741414 61
5 2352.98329176752 70
6 1613.806361984 78
7 1126.43097282825 86
8 830.588390227932 94
9 660.380663400602 102
10 562.487177593072 110
11 500.316546941478 118
12 461.317353601913 126
13 437.236172038135 135
14 422.227604103323 143
15 412.711213911636 151
16 406.589648674094 160
17 402.610690038655 168
18 400.005335753766 176
19 398.289758438792 184
20 397.154529202907 193
21 396.399854473844 201
22 395.895958498527 209
23 395.558129961174 217
24 395.330797680095 225
25 395.177317233297 233
26 395.073399397648 241
27 395.002864914156 249
28 394.954887877873 258
29 394.922195188331 266
30 394.899883311088 274
31 394.884636137464 282
32 394.874205169248 290
33 394.867062360808 298
34 394.862167272424 306
35 394.858810308662 314

0 15391.4348264245 31
1 13615.1307047457 39
2 10450.2762631458 47
3 6971.46188193547 55
4 4911.09427429748 63
5 4023.31728020714 71
6 3552.21381636997 79
7 3227.15646146841 87
8 2961.19268321715 94
9 2714.90291810157 102
10 2476.96570026125 110
11 2244.14948338074 118
12 2022.19300932452 126
13 1808.34566089666 134
14 1603.25829638179 142
15 1412.59218853963 150
16 1236.58504510995 158
17 1070.58582435187 167
18 922.117242489802 175
19 794.606437081906 183
20 691.586248702466 192
21 607.559901111152 200
22 540.261793016122 209
23 491.030122961844 217
24 456.006499862934 226
25 429.123998540958 234
26 413.299811315211 242
27 404.715122959853 250
28 400.0066302676 259
29 397.564566005179 267
30 396.323821072704 275
31 395.671542370713 283
32 395.316752884133 291
33 395.119295731769 299
34 395.007568451067 307
35 394.943478758836 315
36 394.906261575343 323
37 394.884404473599 331
38 394.871434532755 339
39 394.863665045063 347
40 394.858970529094 355
41 394.856111578902 363

0 15322.7973108701 28
1 12645.5986306427 36
2 8500.4010402104 44
3 5485.41054594561 52
4 4119.71495752038 60
5 3495.14159269373 68
6 3173.27431397369 76
7 2976.67661962508 85
8 2845.78045439706 93
9 2755.02627870872 101
10 2691.04165968086 110
11 2644.69039482319 118
12 2611.81079038152 126
13 2588.52576471826 134
14 2571.99355862773 142
15 2561.07095129453 149
16 2553.15602045258 157
17 2547.75249617994 165
18 2543.83862799061 174
19 2540.69263367814 181
20 2538.09855785482 190
21 2536.00273477476 197
22 2534.31656934771 205
23 2532.90414428368 214
24 2531.66244942702 222
25 2530.52819169676 230
26 2529.45499347133 238
27 2528.39133645724 247
28 2527.2844007545 255
29 2526.1619948735 263
30 2525.06192632369 271
31 2523.98668495356 280
32 2522.93279951081 288
33 2521.8963644812 297
34 2520.86875165417 305
35 2519.83144030758 313
36 2518.76174807175 321
37 2517.66977716936 329
38 2516.55892545007 337
39 2515.42875139273 345
40 2514.28444278771 353
41 2513.13362475885 361
42 2511.98079085952 369
43 2510.82614992229 377
44 2509.66472234893 385
45 2508.48517545584 393
46 2507.27431301609 401
47 2506.02770927532 409
48 2504.75041468156 417
49 2503.45043467331 426
50 2502.1358595689 433
51 2500.81142547782 442
52 2499.47581188155 450
53 2498.11788117376 458
54 2496.72789296555 466
55 2495.32023942783 474
56 2493.90369013663 482
57 2492.46425517292 491
58 2490.99717332252 499
59 2489.53378772267 507
60 2488.09750411057 515
61 2486.69577294103 523
62 2485.32757566631 531
63 2483.98603664169 539
64 2482.65741285389 547
65 2481.33638499873 555
66 2480.02777610438 563
67 2478.72326879516 571
68 2477.39952085212 580
69 2476.08153291856 588
70 2474.7754680331 596
71 2473.4858425846 604
72 2472.21732032149 612
73 2470.9731103307 620
74 2469.75573421923 628
75 2468.56824559282 635
76 2467.41391863085 643
77 2466.29493740782 651
78 2465.2116847328 660
79 2464.1635591379 667
80 2463.15089422776 676
81 2462.17535179851 684
82 2461.23876092742 693
83 2460.3422599011 701
84 2459.48539150021 709
85 2458.66457195783 717
86 2457.86895228026 726
87 2457.08250257665 734
88 2456.30492217123 742
89 2455.54122073148 750
90 2454.78141259128 758
91 2453.93833388506 767
92 2453.09274502926 775
93 2452.3005662467 783
94 2451.56780816345 791
95 2450.8813402967 799
96 2450.22977545401 807
97 2449.62234020665 815
98 2449.05467865748 823
99 2448.52311126187 831
100 2448.02469814541 839
101 2447.55677407858 847
102 2447.11672901634 855
103 2446.7020441075 863
104 2446.31062179593 871
105 2445.94102195006 880
106 2445.59211536386 888
107 2445.26231770492 897
108 2444.94384268507 905
109 2444.62313784689 913
110 2444.31828749873 922
111 2444.02420202892 930
112 2443.74059574311 938
113 2443.47013166832 946
114 2443.21117496257 954
115 2442.96194289223 962
116 2442.72086530289 970
117 2442.48630868709 979
118 2442.25610302246 987
119 2442.02661709324 995
120 2441.79200731566 1004
121 2441.54776498451 1012
122 2441.29648915784 1020
123 2441.04328685468 1029
124 2440.78967267875 1037
125 2440.53444073809 1045
126 2440.27584221453 1053
127 2440.01198126129 1061
128 2439.73557984623 1069
129 2439.43722862703 1077
130 2439.12881387264 1085
131 2438.80845501733 1093
132 2438.47398706178 1102
133 2438.12422939725 1110
134 2437.75849394267 1118
135 2437.37607654924 1126
136 2436.97570638051 1134
137 2436.55416151086 1142
138 2436.10231325217 1150
139 2435.59781074111 1158
140 2435.03416246348 1166
141 2434.42605310372 1174
142 2433.76763997235 1182
143 2433.04159704839 1190
144 2432.22935293561 1198
145 2431.31273975306 1206
146 2430.27077044453 1214
147 2429.10060627661 1222
148 2427.79325027494 1231
149 2426.41123603612 1239
150 2424.98201142439 1247
151 2423.48369013694 1256
152 2421.81667384172 1264
153 2419.92115463286 1272
154 2417.83833290337 1280
155 2415.49440411551 1289
156 2412.86651435266 1297
157 2410.00428654792 1305
158 2406.88923845466 1313
159 2403.44727579806 1322
160 2399.64981213203 1330
161 2395.50215426346 1337
162 2390.93402597447 1345
163 2385.85553285382 1353
164 2380.08981671444 1362
165 2373.73294931717 1370
166 2366.85626828106 1378
167 2359.30750389367 1386
168 2350.54879722153 1394
169 2340.72020038091 1401
170 2329.91266176804 1409
171 2317.70468341247 1418
172 2303.80815457827 1426
173 2288.0879615333 1433
174 2270.55292476252 1441
175 2250.42343752822 1449
176 2227.23948621308 1457
177 2201.17770789249 1465
178 2171.70605901601 1473
179 2137.35694386076 1481
180 2096.55047164226 1490
181 2049.53078141673 1498
182 1994.38689705569 1506
183 1929.62403698732 1515
184 1855.41983346879 1523
185 1768.84154579354 1531
186 1669.90856435573 1539
187 1556.76017268906 1547
188 1435.04990925565 1555
189 1306.90102531554 1563
190 1175.81281602835 1571
191 1045.3905335437 1579
192 922.145638889387 1587
193 806.416619754302 1595
194 704.469098850134 1603
195 615.386071507629 1611
196 541.33295293041 1620
197 484.250130789243 1628
198 443.748255586233 1636
199 417.551401487543 1644
200 403.567915774005 1653
201 398.032415641812 1661
202 396.28328958622 1669
203 395.646639446072 1677
204 395.338200179156 1686
205 395.162561904627 1694
206 395.05498336884 1702
207 394.986539356402 1710
208 394.941981150259 1718
209 394.912530119241 1726
210 394.892859236945 1734
211 394.879622416902 1742
212 394.870666958085 1750
213 394.864584015925 1758
214 394.860440021565 1766
215 394.857610671818 1774

0 15730.3861743375 30
1 13819.2032610804 38
2 9921.06115974424 46
3 5603.55104064934 54
4 2953.19900590135 62
5 1602.69125284767 70
6 940.963042570476 78
7 634.084862746505 86
8 500.710828156096 94
9 443.970397996679 102
10 418.787668493528 110
11 407.121785924078 119
12 401.478510915746 127
13 398.57859718671 135
14 397.008414188453 143
15 396.124972173583 151
16 395.614208450191 160
17 395.313120004739 168
18 395.133108242248 175
19 395.024348548872 183
20 394.958110782508 191
21 394.91751789625 199
22 394.892516688383 208
23 394.877055006023 216
24 394.867459503705 224
25 394.861486318557 232
26 394.857757739516 240

0 15386.7050159133 28
1 13395.2131399853 36
2 10314.6945050098 44
3 7232.14863278408 52
4 5456.33522237728 60
5 4499.34889956299 68
6 3973.56655048917 76
7 3664.69232639715 84
8 3447.76498223878 93
9 3272.30345743967 101
10 3117.68573058614 110
11 2976.30585704005 118
12 2851.80696732955 126
13 2746.43420956526 134
14 2656.16884043222 142
15 2578.52048419474 150
16 2513.4097874826 158
17 2458.13581728156 166
18 2411.34896992981 175
19 2367.56486885542 183
20 2325.04344362409 191
21 2282.55244066414 199
22 2237.54723826966 207
23 2189.53731644376 215
24 2138.79946997175 224
25 2082.9733753344 232
26 2019.5348387373 240
27 1949.50539980246 248
28 1873.09465593531 256
29 1789.45909864566 264
30 1696.93340073341 272
31 1599.16604623498 280
32 1492.59660449512 289
33 1379.9011005919 298
34 1264.43909147625 307
35 1144.87180670016 316
36 1026.77903616931 324
37 911.115456382541 333
38 802.624229611368 341
39 703.24564807168 350
40 616.441623079108 358
41 543.653850052853 366
42 486.646271637646 374
43 445.930631482229 382
44 419.426068810565 390
45 404.815057299928 398
46 398.593558871734 406
47 396.446930039441 414
48 395.715754601453 422
49 395.381271990098 430
50 395.192519283637 438
51 395.076131653124 446
52 395.001419810282 454
53 394.952395160605 462
54 394.919785254799 470
55 394.897896522869 478
56 394.883111276429 486
57 394.873079153284 494
58 394.866249740615 503
59 394.861589263885 511
60 394.858403077862 519

0 15412.5828401767 30
1 13701.4389931717 39
2 11320.3862587461 47
3 9144.9446029575 55
4 7685.98237592397 62
5 6770.87808493151 71
6 6158.65559607031 79
7 5719.18909376016 87
8 5387.17413583581 95
9 5105.94571802268 103
10 4857.43310917646 111
11 4629.28631412721 118
12 4415.99868426878 126
13 4224.99920016134 134
14 4053.47392058543 142
15 3905.01894367123 150
16 3773.42870203935 158
17 3658.16619905171 167
18 3554.04233570227 175
19 3458.65570174979 184
20 3367.39851808282 192
21 3280.61745704441 200
22 3197.85256978211 208
23 3118.52346758941 217
24 3042.06121945769 225
25 2968.71255308594 233
26 2900.77020889921 241
27 2838.00358858502 249
28 2780.94687520894 257
29 2730.02989895825 265
30 2685.04687258993 273
31 2645.63646033882 281
32 2611.87861346979 289
33 2582.9271608461 297
34 2558.61581341149 305
35 2537.69057533322 313
36 2519.35816462974 321
37 2502.90823797443 329
38 2487.4136834524 337
39 2472.44756869046 345
40 2457.84651029784 353
41 2443.38983476395 361
42 2428.75703926297 370
43 2413.10946712964 378
44 2395.84588035314 386
45 2376.25524535637 394
46 2354.75777103758 402
47 2331.03857003195 410
48 2304.2225774292 419
49 2272.92620822066 427
50 2236.05616721349 434
51 2194.90352526279 442
52 2147.90221187243 450
53 2093.8292906028 458
54 2032.65616312321 466
55 1964.8773007867 474
56 1888.0429320775 482
57 1803.55710013484 491
58 1709.81804868152 499
59 1608.59410456458 507
60 1499.39819523148 514
61 1386.18107311564 522
62 1267.35411321003 530
63 1146.98626193947 538
64 1028.18283436692 546
65 913.922700888621 554
66 806.991966214834 563
67 709.753157602519 571
68 625.019078603616 579
69 555.14054632349 588
70 500.261345657566 596
71 460.252037054073 605
72 433.765380996807 613
73 416.83502380791 621
74 406.010587781277 630
75 400.429865385477 638
76 397.536301094136 646
77 396.244891760394 654
78 395.633270410448 662
79 395.309079296775 670
80 395.125862779283 678
81 395.019188484757 686
82 394.955815610758 694
83 394.917450224694 702
84 394.893790739745 710
85 394.878945970572 718
86 394.869487880798 726
87 394.863382191146 734
88 394.859397147704 742
89 394.856772532845 750

0 15455.0982014387 28
1 13277.4758661909 37
2 9621.29661548759 46
3 6328.27323034971 55
4 4524.71162067236 63
5 3699.55372251664 71
6 3263.70816949319 79
7 2950.61654143603 87
8 2674.95316988635 95
9 2410.84335823068 103
10 2154.40328456813 111
11 1903.11146550304 119
12 1648.05792475745 127
13 1397.45759711407 135
14 1153.22292925186 143
15 942.763741255419 151
16 771.878394131866 159
17 642.779324683014 167
18 548.127034002174 176
19 484.702403435392 184
20 444.413412679045 192
21 420.746330506967 200
22 408.131121181491 208
23 401.959363968935 216
24 398.895837348833 224
25 397.25877959176 233
26 396.326224189331 241
27 395.772593718501 249
28 395.435073256345 258
29 395.225430799086 266
30 395.093343069492 274
31 395.009148847518 283
32 394.954957798888 291
33 394.919787040297 299
34 394.896796470458 308
35 394.881674042521 316
36 394.871672858222 324
37 394.865027097182 333
38 394.860592562902 341
39 394.85762266119 349

0 15238.8204008909 31
1 13131.2076990271 39
2 9533.20894621201 47
3 6183.64802913626 55
4 4401.58211927992 64
5 3575.23801181437 72
6 3149.19231802528 80
7 2898.8768471143 89
8 2724.6354263832 97
9 2595.72955239035 106
10 2489.45263041579 114
11 2395.04968559751 123
12 2312.38709306888 131
13 2237.25959779328 139
14 2168.43081890886 147
15 2098.55936334201 155
16 2022.07422063558 163
17 1938.64400322841 171
18 1841.28887417542 179
19 1722.53553875922 187
20 1580.75587506676 195
21 1424.61337444115 202
22 1265.8194935813 210
23 1115.11474786235 219
24 974.658084600766 226
25 846.654174978589 234
26 737.777711099655 242
27 647.422021594748 250
28 574.271585050793 258
29 517.639475999265 266
30 476.574088479733 274
31 446.076457942045 283
32 425.286002402508 291
33 411.344826861411 300
34 403.430181088059 308
35 399.512816063747 316
36 397.497948003045 324
37 396.391209574077 332
38 395.757190217529 340
39 395.387453175026 348
40 395.170531476664 356
41 395.042775918318 364
42 394.967137800625 372
43 394.922033967906 380
44 394.894908475555 388
45 394.878445546162 396
46 394.868361333109 404
47 394.862128622557 412
48 394.858243277224 420

0 15196.5269370829 28
1 12970.7272712957 36
2 9544.51549040094 44
3 6502.42257768085 52
4 4804.0751913056 61
5 3924.74402084897 69
6 3424.59505174669 77
7 3110.56157276432 85
8 2886.62366192565 94
9 2708.41509367062 102
10 2560.64921513742 110
11 2429.86437924883 118
12 2300.41817655864 126
13 2162.777912649 134
14 2010.40360162915 142
15 1836.8319913532 150
16 1639.40847271496 158
17 1424.6621823487 166
18 1215.64509079092 174
19 1027.53991408832 182
20 871.756865082661 190
21 748.30586530046 198
22 651.762394935634 206
23 578.423696815797 214
24 522.873773541294 222
25 481.579338654347 230
26 451.95170599406 238
27 431.110573080319 246
28 417.136588044499 254
29 408.065999522862 262
30 402.524303117873 270
31 399.13367358447 279
32 397.202027823256 287
33 396.153905542816 296
34 395.582801639506 304
35 395.266881115258 312
36 395.08985898939 320
37 394.989570549819 328
38 394.932170334703 336
39 394.898997115695 344
40 394.879651718958 352
41 394.868277963557 360
42 394.861542897223 368
43 394.857529926345 376
44 394.855126226064 384

0 15306.2287962728 30
1 13376.8731896697 38
2 10244.6802245516 46
3 7266.46697004816 54
4 5344.68248496799 62
5 4117.49381733912 70
6 3332.11174745676 78
7 2832.97752059551 86
8 2530.39280077733 95
9 2337.75148744449 103
10 2209.71282693466 111
11 2112.72450218162 119
12 2025.80590986328 127
13 1937.42767469231 136
14 1841.07328948741 143
15 1731.01227971048 151
16 1608.17729946399 159
17 1468.86537939537 167
18 1314.79847033967 175
19 1150.60415037125 183
20 980.249091837323 191
21 814.118424940558 199
22 666.21823373341 207
23 550.582520572883 215
24 472.060137633116 223
25 428.406740490922 231
26 409.534275021452 239
27 402.140500644069 247
28 398.936306544646 255
29 397.288025910068 263
30 396.345277611856 271
31 395.779931829912 279
32 395.433678849677 287
33 395.219156725789 295
34 395.085157427862 304
35 395.000872001955 312
36 394.947517156449 320
37 394.913539010615 328
38 394.891777643653 336
39 394.877765671235 344
40 394.868697661753 352
41 394.862801039215 360
42 394.858949295682 369

0 15344.7683070489 28
1 13487.3184283252 36
2 10429.2433415767 43
3 7275.95892746843 52
4 5009.56403932234 60
5 3329.54948126612 67
6 2213.39236006136 75
7 1520.37041682451 85
8 1079.41211700731 93
9 798.990224043387 101
10 625.835840329581 109
11 523.624192475944 117
12 463.331677671326 126
13 430.282332329374 134
14 412.798583039938 142
15 404.009970353267 151
16 399.553985163898 159
17 397.317120648036 167
18 396.176526129696 175
19 395.579557765627 183
20 395.259655805622 191
21 395.084586214393 199
22 394.986889694612 206
23 394.9313647061 215
24 394.899267851972 222
25 394.880423921893 231
26 394.869204430693 239
27 394.862439663924 247
28 394.858314425898 255
29 394.855773077695 263

0 15203.6855379461 31
1 12921.3745960748 39
2 9392.68165517394 47
3 6382.11621572523 55
4 4413.01742124631 63
5 3017.54436905639 71
6 2065.36359643541 79
7 1412.32574295495 88
8 981.227194778536 97
9 726.94618825622 105
10 584.457867703593 114
11 504.665150031113 122
12 459.33721457309 130
13 433.66261495357 138
14 418.386923834306 146
15 409.446206818772 154
16 404.167684645637 162
17 400.910187174862 170
18 398.834207483152 178
19 397.48777582987 187
20 396.605492740546 194
21 396.023299949358 203
22 395.637067593894 210
23 395.379711306004 218
24 395.207588416974 226
25 395.092098948549 234
26 395.014390123694 242
27 394.96197265232 250
28 394.926537431268 258
29 394.902535815665 267
30 394.886250397839 275
31 394.8751834274 284
32 394.867652336175 293
33 394.862521095161 301
34 394.859021117189 309

