0 72809.380553725 84
1 72416.9025724502 160
2 64786.350701197 234
3 62038.3796241018 310
4 40396.7153398436 381
5 27359.4328632266 458
6 21889.4094835654 531
7 18930.3269083736 601
8 17666.758545384 677
9 16857.0576915361 749
10 16611.613150906 819
11 16403.1858682838 900
12 16321.476110487 972
13 16302.7189106967 1051
14 16298.6543319042 1126
15 16297.3869792537 1194
16 16296.868853766 1266
17 16296.6277647056 1338
18 16296.5102209662 1406
19 16296.4504338419 1480

0 64625.2137889124 72
1 65701.9154571373 142
2 77564.0969014345 219
3 56966.5938087866 291
4 38091.916745219 361
5 27825.2372150466 437
6 21439.3176773618 508
7 18998.727245045 581
8 17657.70928646 656
9 16899.007644185 725
10 16584.2143108793 805
11 16405.7590078952 879
12 16321.9391096455 949
13 16304.2117237829 1031
14 16299.8601681814 1102
15 16298.4783271641 1172
16 16297.9157177339 1247
17 16297.6603468552 1317
18 16297.5353850346 1387
19 16297.4718878821 1460

0 67467.3831763064 74
1 68317.6978855636 150
2 70043.9189952574 224
3 60353.3805343531 294
4 38490.3104738944 370
5 27559.7406907309 442
6 22110.1003725494 514
7 18845.9719087323 591
8 17774.7999726414 661
9 16864.7324323786 734
10 16628.1192919729 814
11 16403.6030723173 883
12 16320.7222875295 954
13 16302.7548027461 1026
14 16298.6075841053 1098
15 16297.324052987 1175
16 16296.8084533474 1261
17 16296.5794520458 1333
18 16296.4667067634 1408
19 16296.4095953646 1478

0 76424.3611086208 74
1 69161.9461318397 149
2 67265.0555853276 219
3 54751.7120862237 293
4 37157.7826640924 366
5 27940.7299905903 436
6 21842.8752987656 510
7 19230.3244961256 585
8 17507.546482458 659
9 16889.5550801549 741
10 16577.8272675026 812
11 16394.4185353237 883
12 16319.941110451 956
13 16303.1800099382 1025
14 16298.9426657962 1097
15 16297.6277995272 1170
16 16297.0902998289 1239
17 16296.8494140772 1313
18 16296.7307474273 1384
19 16296.6703118718 1454

0 70916.5975484643 85
1 71808.8737245789 159
2 68958.8661475184 234
3 61970.0137853597 313
4 34748.0910481591 385
5 27235.732681454 463
6 21601.1477273482 534
7 18904.6584911729 604
8 17598.9009835533 681
9 16882.2225670777 752
10 16599.3917748384 822
11 16402.287669974 898
12 16319.0547871323 968
13 16303.4130089058 1039
14 16299.2730258418 1116
15 16297.9095173919 1187
16 16297.3766718045 1263
17 16297.1330169382 1336
18 16297.0150779683 1405
19 16296.9553121824 1478

0 63444.2090512657 72
1 63399.8447866719 142
2 69774.4166255686 219
3 59888.169627467 292
4 38761.6642597616 364
5 27030.7820972523 442
6 21847.489657342 514
7 18925.5469788133 586
8 17575.7461309995 658
9 16826.676856399 732
10 16571.5680025366 806
11 16388.1232799847 880
12 16320.6914678352 949
13 16302.8852289929 1023
14 16299.0196779519 1095
15 16297.6152108325 1165
16 16297.0591963035 1241
17 16296.8104705053 1310
18 16296.6884411247 1380
19 16296.6263216079 1454

0 70937.1120999741 72
1 70294.5890692242 146
2 72197.0742972289 226
3 55419.5683934975 301
4 40222.8481660009 377
5 27388.1388804753 449
6 22108.2671195332 518
7 19056.6442109241 593
8 17607.58096288 665
9 16897.5522439036 737
10 16570.7680276066 812
11 16401.0549648492 881
12 16322.5433445422 952
13 16303.975178365 1024
14 16299.8679846867 1093
15 16298.5015747133 1165
16 16297.9417357902 1240
17 16297.6842064735 1310
18 16297.5590991331 1386
19 16297.4953934213 1458

0 69072.6568430876 73
1 71572.9166482331 159
2 67250.0400178939 230
3 58931.3697804145 302
4 39406.9773685925 378
5 26750.4285674356 447
6 21826.9456358287 519
7 18699.263991714 590
8 17697.4362258666 659
9 16906.8643869285 732
10 16594.0218480331 805
11 16398.2759089788 876
12 16319.9124174893 953
13 16303.2690680222 1023
14 16299.2486329988 1093
15 16297.9202144198 1168
16 16297.3850046053 1237
17 16297.1409381986 1309
18 16297.0221417233 1386
19 16296.9617533215 1455

0 72785.3855272834 83
1 74870.0479250535 161
2 67856.1014203007 232
3 57134.6684019504 311
4 38763.9072956629 385
5 26440.5521526304 460
6 21463.2564405802 533
7 19102.5921274043 603
8 17591.8884746286 674
9 16924.8739297996 747
10 16598.5650602034 815
11 16404.403736746 888
12 16319.746256604 960
13 16302.989889532 1029
14 16299.0646284483 1101
15 16297.7310800193 1173
16 16297.1952625044 1241
17 16296.9552287214 1319
18 16296.8384598244 1394
19 16296.7795123829 1468

0 70070.1686754776 74
1 72577.2721274463 144
2 66721.8564071458 215
3 58478.3209313796 290
4 38007.8377699604 361
5 27149.4063747801 439
6 21723.7347374929 511
7 18835.9100604204 579
8 17636.931935352 652
9 16905.9451107125 724
10 16593.6061661817 793
11 16395.0015748196 868
12 16323.042125943 941
13 16305.618489248 1023
14 16301.0656690715 1112
15 16299.499925616 1183
16 16298.8786734215 1263
17 16298.5988629275 1334
18 16298.4610881289 1403
19 16298.3907434407 1482

0 64136.3008783863 72
1 71914.8213847632 143
2 63094.8660105935 218
3 57445.2360283968 288
4 37941.7027540853 362
5 26506.4561356394 439
6 21837.1592046221 510
7 19087.8484371365 587
8 17649.7295676302 659
9 16902.8064136123 727
10 16601.850813432 802
11 16400.0851188239 872
12 16319.247252926 945
13 16302.9673361012 1020
14 16298.9222520834 1088
15 16297.5685972237 1160
16 16297.0419675659 1235
17 16296.8004868836 1304
18 16296.6826303177 1381
19 16296.6227190568 1455

0 70711.7460923298 73
1 73183.8363937727 147
2 66826.1307851072 221
3 55546.4576831837 293
4 38362.9554236303 370
5 28529.2215252093 439
6 21327.7495078716 510
7 19327.6369834238 585
8 17585.8121560355 654
9 16896.219657129 725
10 16607.8097639371 797
11 16403.0819680188 865
12 16320.1673558202 937
13 16303.2784671931 1010
14 16299.2034288726 1080
15 16297.8561957782 1163
16 16297.3157386113 1235
17 16297.0759776466 1307
18 16296.9567888224 1387
19 16296.8963275544 1460

0 71375.5621015196 76
1 70834.2710277193 152
2 68033.6066005007 223
3 53138.282886272 297
4 38043.2809551981 374
5 26864.4292287014 444
6 22073.4218656524 521
7 18994.9454389042 593
8 17580.7812418577 668
9 16881.4106029123 744
10 16579.3548567269 815
11 16400.3110928142 887
12 16320.5447893211 959
13 16303.5497958023 1028
14 16299.4158017052 1117
15 16298.0801972115 1191
16 16297.5570192145 1262
17 16297.317867595 1342
18 16297.2001878465 1414
19 16297.1403817071 1495

0 66211.2332967861 73
1 74180.0962620674 144
2 62745.8472288624 218
3 60900.1998480333 295
4 38155.5416365361 367
5 25663.3654526693 445
6 21204.9209215181 516
7 18865.6547012844 586
8 17662.734146908 661
9 16947.9439579916 729
10 16581.8844180998 803
11 16397.1755258727 878
12 16319.2553436713 948
13 16302.3479984387 1029
14 16298.3236772649 1104
15 16297.0379688209 1177
16 16296.5354635755 1256
17 16296.3098980111 1329
18 16296.2002889924 1402
19 16296.1446619329 1477

0 72692.1049778668 72
1 70589.7512862447 146
2 72717.7676281764 220
3 59607.5146148091 291
4 38113.2264401142 364
5 27528.2144040851 438
6 21423.6144982271 507
7 18785.6229125146 586
8 17583.9445709137 660
9 16880.8532980308 736
10 16591.7315412525 811
11 16408.7430901547 881
12 16318.2372634837 958
13 16303.110189914 1034
14 16299.1591221739 1104
15 16297.8664523552 1180
16 16297.3485618482 1249
17 16297.1115643883 1318
18 16296.9965007399 1395
19 16296.9380473997 1467

0 75405.9788003327 75
1 64388.6671632607 151
2 60286.7965062512 222
3 59346.0560277771 300
4 38903.1087812784 376
5 27191.2468036269 447
6 21589.9011108243 525
7 18714.5809084377 599
8 17574.7107321747 671
9 16880.2724973601 751
10 16590.6361816127 822
11 16403.5682013931 897
12 16320.4464653598 973
13 16302.7455657373 1044
14 16298.8376965431 1118
15 16297.5248739375 1193
16 16296.9931522016 1266
17 16296.7519231426 1345
18 16296.6350976052 1421
19 16296.575632793 1497

0 70087.9024299074 75
1 64816.7668130914 146
2 70724.7722504384 219
3 63076.2081499036 292
4 37153.7135964184 361
5 27621.6405315849 433
6 22081.3067628644 507
7 18689.4463013066 576
8 17644.5896695634 652
9 16894.9557543824 723
10 16554.2905952434 795
11 16406.6159182167 878
12 16317.9146520722 951
13 16302.5364033535 1024
14 16298.6404188574 1100
15 16297.3467969296 1170
16 16296.8460818093 1243
17 16296.6225429695 1315
18 16296.5131188385 1383
19 16296.4576926465 1456

0 69047.3082211585 73
1 66434.6886682902 143
2 67145.5476563466 219
3 59371.3155412566 293
4 38309.9212873004 368
5 28135.140271633 446
6 21445.3872107391 516
7 18830.7587235902 587
8 17581.1720445229 660
9 16860.1277706655 729
10 16584.0516382994 806
11 16399.4530928363 879
12 16318.8795282931 949
13 16302.8950286397 1027
14 16298.9351096575 1099
15 16297.6129056596 1169
16 16297.0939553199 1245
17 16296.859587455 1317
18 16296.7454274024 1393
19 16296.6872925165 1466

0 67384.3596334187 71
1 67795.9762672319 143
2 65053.0961360511 215
3 55560.9326893768 285
4 38021.0091801117 358
5 27418.1251993947 430
6 21643.2847279844 501
7 18961.0411889834 576
8 17631.5957931545 648
9 16899.750820346 719
10 16609.1460024486 799
11 16402.2382874187 869
12 16321.0169889626 946
13 16302.7298047879 1023
14 16298.8925586295 1092
15 16297.5636161661 1164
16 16297.0292881825 1235
17 16296.7868937683 1303
18 16296.668804065 1376
19 16296.608759394 1447

0 77816.6516230508 74
1 71427.4196950714 149
2 61630.6187236852 223
3 66784.7956414764 297
4 37834.5060629861 373
5 26621.3809960443 444
6 21710.8052901757 521
7 18977.9235813781 594
8 17662.0491120067 664
9 16897.201411332 743
10 16597.0259387866 815
11 16398.1713658752 884
12 16318.1420617266 963
13 16302.3588447802 1035
14 16298.545284464 1107
15 16297.284970266 1184
16 16296.7829766796 1255
17 16296.558410571 1330
18 16296.4476748551 1407
19 16296.3915911479 1479

0 71156.3736263903 76
1 77936.4098411097 147
2 70083.1115620128 217
3 59382.2816870679 293
4 36815.5518039336 364
5 27700.8870685256 435
6 22037.3442180173 509
7 18808.5677370009 579
8 17649.5781217694 654
9 16914.8124788086 730
10 16597.3939509416 799
11 16403.9189128844 878
12 16319.7075903884 952
13 16302.6400319009 1025
14 16298.686176148 1103
15 16297.4268818696 1173
16 16296.9388693741 1243
17 16296.7158222501 1318
18 16296.6073897676 1387
19 16296.5523756821 1458

0 65612.2732984769 72
1 67417.8007469451 141
2 69118.1162558789 216
3 54042.6549801149 295
4 41489.254737145 367
5 28100.3666353698 444
6 21504.8873643884 519
7 19014.2204624265 595
8 17616.6195610485 670
9 16875.8345321837 738
10 16602.4927464869 812
11 16400.3957441114 884
12 16320.249580292 952
13 16303.442214714 1025
14 16299.2464679094 1096
15 16297.9669286837 1165
16 16297.4558532133 1239
17 16297.2219260135 1312
18 16297.1078030035 1381
19 16297.0495234585 1456

0 74149.2034935654 73
1 64538.7293815566 147
2 66762.8030507818 223
3 61189.8843504775 293
4 39715.8338358515 364
5 26939.0348389737 438
6 21859.2947011553 507
7 18744.8487165881 584
8 17613.8342349581 657
9 16871.3255112332 725
10 16583.9977723114 804
11 16402.8528267816 877
12 16321.3089205575 946
13 16302.4847915797 1021
14 16298.4019825667 1093
15 16297.0895987989 1169
16 16296.558101411 1244
17 16296.3225091555 1314
18 16296.2081312213 1385
19 16296.1498206436 1458

0 74611.5334585881 71
1 67994.5260424887 144
2 64701.5911651092 218
3 57240.3595224672 288
4 38643.2050936242 363
5 28267.4301051847 435
6 21631.3588226475 506
7 19090.1492061528 587
8 17709.996936652 661
9 16882.7303572881 737
10 16621.0227523151 809
11 16394.0653269643 878
12 16320.3388469212 950
13 16302.8897499426 1022
14 16298.9584452154 1090
15 16297.6817363405 1172
16 16297.1666819943 1250
17 16296.9352180798 1322
18 16296.8215387315 1398
19 16296.7636853872 1466

0 75743.0648283291 76
1 69471.6578420096 150
2 65922.0451040851 221
3 58133.0716513568 296
4 38432.6711493806 368
5 27142.8586663883 438
6 21598.7330342325 517
7 19025.8352600978 589
8 17499.0659929687 659
9 16889.8631561484 736
10 16592.4880699989 808
11 16396.9547065103 880
12 16317.9937515935 953
13 16302.7545086662 1022
14 16298.6723473552 1093
15 16297.4309528348 1168
16 16296.9358634354 1238
17 16296.7100435124 1314
18 16296.5993377832 1386
19 16296.5429643414 1455

0 69600.2605816275 76
1 66235.5636703411 148
2 72867.7832772865 217
3 58039.0689381081 297
4 39607.6550106251 372
5 27171.4004551474 448
6 21654.4799893012 528
7 18779.7851281324 598
8 17549.896951123 673
9 16895.205628715 746
10 16599.2959604333 818
11 16398.4449163847 896
12 16320.6691545423 968
13 16302.737857371 1038
14 16298.7538828762 1112
15 16297.5331045017 1181
16 16297.0448916559 1251
17 16296.8242268864 1323
18 16296.7160170903 1393
19 16296.6612653857 1467

0 69979.2741183048 72
1 70352.8977471133 142
2 62932.8643553446 217
3 56269.0050893235 292
4 37759.9175317035 368
5 27932.8029581853 451
6 22277.8509025468 523
7 19028.6214049137 594
8 17666.0809329307 667
9 16883.6225718933 736
10 16598.9813792579 808
11 16398.9271603216 881
12 16318.4051312987 950
13 16302.6970604427 1025
14 16298.5262723924 1096
15 16297.2549338802 1166
16 16296.7484409688 1241
17 16296.5225416919 1314
18 16296.4117229583 1388
19 16296.3554360227 1464

0 69131.6429471198 73
1 75032.1769033418 145
2 67035.5600609684 219
3 63661.2134343105 289
4 37995.0823106105 370
5 27027.0037390771 444
6 21773.7688163951 514
7 18864.3960897422 591
8 17683.7069746222 661
9 16917.9263583386 733
10 16617.1032131531 809
11 16400.6598698389 881
12 16319.7803906999 956
13 16302.7851002993 1030
14 16298.5067397437 1100
15 16297.1883140307 1173
16 16296.6735401886 1245
17 16296.4375010386 1314
18 16296.3237526954 1388
19 16296.2657822039 1461

0 67432.2830035375 72
1 75680.1588653193 147
2 72380.0302057564 218
3 58720.5832366167 292
4 39831.5106001658 372
5 27430.6459828838 443
6 21161.4504084256 518
7 18675.245880995 590
8 17634.8530943191 660
9 16884.2632502574 732
10 16589.8038215734 803
11 16405.4436330321 873
12 16320.399164879 948
13 16302.8698490724 1020
14 16298.8368659068 1091
15 16297.5030137465 1165
16 16296.9780176113 1235
17 16296.7421864271 1307
18 16296.6265161111 1381
19 16296.5682048949 1451

0 63623.8732337395 75
1 71152.6548374219 148
2 72790.9696722029 217
3 62415.7295028827 302
4 39434.4037723818 383
5 27737.6710224914 456
6 21528.7235596347 533
7 18622.7237287193 605
8 17777.8928514638 676
9 16923.9687534232 748
10 16581.9392656972 818
11 16409.2121262942 891
12 16320.2174876082 964
13 16303.4959324087 1036
14 16299.2764965164 1112
15 16297.8824378643 1183
16 16297.3311400507 1252
17 16297.0788024365 1326
18 16296.9567004534 1397
19 16296.8948133435 1467

0 70108.0699985398 77
1 75036.7610244904 147
2 69429.6260975378 221
3 58085.9526295701 294
4 39178.1118777755 364
5 26073.4915760784 437
6 21964.7154863979 510
7 19054.8213849335 581
8 17639.6951605389 657
9 16911.5913673898 729
10 16603.5564206204 798
11 16400.0949023861 873
12 16319.5407622373 947
13 16303.1809579232 1016
14 16299.0191080261 1091
15 16297.6496083836 1160
16 16297.1110762472 1230
17 16296.8678086969 1302
18 16296.7494379573 1371
19 16296.6893221657 1443

0 73030.3155283976 71
1 68856.1269074552 142
2 65433.6030670408 226
3 59659.1151961331 299
4 39727.9815028119 369
5 27916.5919167148 444
6 21579.7041591303 514
7 19218.7075039702 587
8 17584.8892732618 662
9 16921.7726637052 731
10 16562.0057035978 801
11 16404.7916726896 874
12 16322.8260958986 942
13 16303.8727225108 1013
14 16299.2572465654 1085
15 16297.8537655455 1155
16 16297.28941224 1228
17 16297.0333124191 1300
18 16296.9084472495 1368
19 16296.8452245923 1440

0 69936.9962358101 75
1 63469.2479823683 144
2 68655.1845232339 226
3 53867.7628653034 299
4 38457.5659456515 373
5 27786.717196817 449
6 21882.1686684853 518
7 18982.2159792398 590
8 17717.9320783972 662
9 16857.9376494822 732
10 16611.674358674 807
11 16401.1181748433 879
12 16321.1229224631 948
13 16303.2842965146 1023
14 16299.2812882834 1093
15 16297.9639990161 1164
16 16297.4251753943 1240
17 16297.1784112624 1312
18 16297.0572600482 1382
19 16296.9961359028 1456

0 62679.302016416 71
1 68002.7001308821 149
2 70359.6113466275 229
3 54240.1839264614 302
4 37431.216624385 384
5 26872.7354889589 458
6 21666.3588021155 529
7 18973.2943212726 607
8 17512.3327211529 676
9 16932.676036451 749
10 16570.9068807606 821
11 16391.4166517776 891
12 16320.4711274632 963
13 16303.4122006588 1035
14 16299.1627472027 1104
15 16297.8414010486 1178
16 16297.297312149 1249
17 16297.050123179 1320
18 16296.9299097501 1396
19 16296.8688832643 1468

0 68285.7622517535 74
1 70986.2004709091 149
2 66978.0883655683 219
3 66204.5920457825 296
4 41797.2324926617 371
5 27013.0074767546 441
6 22036.9018304305 515
7 18766.7119733225 587
8 17525.6110381525 657
9 16908.6267622729 732
10 16588.2313567734 803
11 16401.8380488633 875
12 16319.9764637292 952
13 16303.1296205772 1023
14 16299.264778647 1094
15 16297.9951020924 1170
16 16297.4879876511 1238
17 16297.2583273294 1310
18 16297.1466105628 1382
19 16297.0893857992 1450

0 67165.9766535623 84
1 66067.5910512208 157
2 69706.3975114643 227
3 55638.1475796518 308
4 39753.0890135888 380
5 28220.9329579531 454
6 21594.6072018869 529
7 18931.1005595823 598
8 17582.9276972736 669
9 16913.9107538718 743
10 16578.2009112836 812
11 16403.0301723567 884
12 16320.1245947719 956
13 16302.6704638915 1024
14 16298.7726628988 1097
15 16297.564591773 1170
16 16297.0946082144 1239
17 16296.8828893224 1314
18 16296.7791851762 1385
19 16296.7267761854 1459

0 77627.1428574739 77
1 79826.3623735524 149
2 76339.2128495596 222
3 56929.3696173096 296
4 37541.0033862317 364
5 27218.6253861321 438
6 21885.4190858649 510
7 19104.2900735569 578
8 17524.364417319 652
9 16933.5476381864 724
10 16606.7504775601 794
11 16393.7603103137 870
12 16320.6387793724 945
13 16303.5710048424 1018
14 16299.2783033287 1092
15 16297.8544858594 1161
16 16297.2967352334 1232
17 16297.0461458095 1310
18 16296.9243011234 1382
19 16296.8622851323 1457

0 65512.193543957 72
1 82548.5659499893 140
2 63755.6722837753 219
3 58952.5100420015 294
4 36265.7924691398 365
5 27203.7678094012 444
6 21997.0429638253 516
7 18961.0297560825 592
8 17531.6557799493 665
9 16879.304119562 735
10 16595.1233039156 807
11 16407.0360642164 878
12 16321.0713494541 947
13 16303.8077022057 1021
14 16299.3138505578 1093
15 16297.9220973213 1163
16 16297.368585426 1245
17 16297.1091325556 1316
18 16296.9829781623 1387
19 16296.9185937036 1462

0 64837.4413771769 73
1 70105.6263121201 149
2 73911.5080631183 221
3 52894.5696374284 291
4 39075.7345145025 365
5 27924.8305576297 438
6 21639.8700078757 508
7 18956.5453450483 582
8 17628.3905213047 653
9 16883.6405173974 723
10 16603.0114963684 798
11 16389.0494303608 867
12 16316.8816385407 937
13 16301.8234111256 1012
14 16298.1210854026 1082
15 16296.8981984436 1162
16 16296.4173494016 1235
17 16296.1998214682 1306
18 16296.0946033801 1380
19 16296.0412489391 1450

0 72152.5428789718 72
1 80093.8435659173 147
2 71857.732361318 218
3 55500.8802064103 288
4 40831.730484296 363
5 27150.4583310947 432
6 21850.3877437462 503
7 18965.9731975675 577
8 17616.0159759638 647
9 16916.4489524545 723
10 16574.0817018086 795
11 16396.6069147171 865
12 16318.2128750916 938
13 16303.377846245 1009
14 16299.3113747653 1079
15 16298.0180715897 1164
16 16297.4751966712 1235
17 16297.234223852 1305
18 16297.1161167366 1381
19 16297.0562443579 1453

0 79401.7372785772 74
1 67455.9035219783 147
2 65268.7809957039 220
3 63182.7162069339 298
4 39059.3762493953 371
5 24749.7415436628 442
6 21770.7812087468 516
7 19086.4128439991 586
8 17536.7369894956 656
9 16906.6878178545 730
10 16615.7349143301 800
11 16397.2641817158 872
12 16320.2004622153 948
13 16304.4193500536 1017
14 16300.1767392707 1094
15 16298.8525194219 1167
16 16298.327249085 1237
17 16298.090622937 1313
18 16297.9741217324 1384
19 16297.9149149075 1454

0 79114.9724119299 79
1 81457.030167641 152
2 65719.5303803154 222
3 58185.5080303857 298
4 40712.4590319819 369
5 25965.6956172708 440
6 21618.8178766495 513
7 19117.5462351945 583
8 17613.6886187038 655
9 16901.2270100177 727
10 16580.3835175414 797
11 16401.8227223423 873
12 16321.652397982 950
13 16304.6917205464 1020
14 16300.1762282687 1098
15 16298.7641198851 1170
16 16298.2115776145 1240
17 16297.9591548345 1315
18 16297.8359825215 1386
19 16297.773262501 1457

0 74802.6660933707 73
1 65666.6595470567 141
2 63331.2310385664 214
3 57508.5046744163 287
4 37476.5597631865 358
5 26882.9391924682 435
6 21716.4859040435 507
7 18987.2089250024 577
8 17502.7077145376 650
9 16874.3251024604 718
10 16578.5931017465 789
11 16401.4222035239 865
12 16319.8120776491 935
13 16303.0807395523 1009
14 16299.2128929227 1083
15 16297.9911585946 1152
16 16297.5188258463 1224
17 16297.299336997 1295
18 16297.1921435032 1365
19 16297.1376106546 1441

0 67846.9107148957 72
1 68578.9556772938 140
2 64889.7092440432 216
3 63820.170712825 288
4 40058.3742775988 359
5 27825.2109600307 436
6 21645.4525546044 505
7 19046.5014907026 577
8 17555.419736719 649
9 16884.3459784121 718
10 16599.9786054834 794
11 16394.7455609609 867
12 16320.2243785014 938
13 16303.1558581157 1016
14 16298.8764742302 1087
15 16297.5004403567 1156
16 16296.9823932833 1232
17 16296.7471191607 1303
18 16296.6323172564 1373
19 16296.574157357 1448

0 71062.9546583772 71
1 71205.4922334692 147
2 74714.8545558367 220
3 60026.6596149981 290
4 37578.4295322332 363
5 26573.3541782957 435
6 21566.1323131863 507
7 19021.2665074339 583
8 17555.1092685212 654
9 16907.8852230034 724
10 16599.1781842892 811
11 16395.3651522699 883
12 16322.2758836333 955
13 16303.1893786444 1027
14 16298.972327458 1095
15 16297.6285374896 1167
16 16297.0993819007 1238
17 16296.8614476773 1307
18 16296.745410946 1379
19 16296.6864958461 1451

0 66150.0210405898 75
1 67889.4718744286 154
2 70692.8557882962 227
3 61920.5209761908 298
4 39621.8073762093 376
5 27081.7885628386 446
6 21762.8591348527 518
7 18986.1545571137 590
8 17532.8545235206 659
9 16897.3485924277 738
10 16600.7682691304 810
11 16394.704368778 878
12 16320.7073580983 956
13 16302.7284677904 1027
14 16298.8153085155 1100
15 16297.5354153934 1177
16 16297.0203892443 1246
17 16296.785376904 1316
18 16296.6718324085 1392
19 16296.6140300364 1460

0 74921.316352427 75
1 67179.1766745467 148
2 61538.0596116309 218
3 59080.7663925531 292
4 40853.1299029246 364
5 27720.2647714459 433
6 21272.0993934438 507
7 19068.4754698621 578
8 17550.0951085319 652
9 16871.832830081 732
10 16574.7519125368 802
11 16398.3765872989 875
12 16320.4151545833 948
13 16303.5539268205 1017
14 16299.4845078113 1090
15 16298.2127300736 1162
16 16297.7145841677 1231
17 16297.485388113 1305
18 16297.3743706238 1377
19 16297.3179537292 1446

0 72436.0149020643 77
1 74380.1305841495 149
2 61483.1806108205 224
3 59059.8594490089 299
4 37720.4025404674 370
5 26809.0939900017 442
6 21495.278137236 517
7 18788.436572627 588
8 17447.4781264775 667
9 16848.4900176856 741
10 16613.6309338497 812
11 16403.7241307502 888
12 16318.8416919595 958
13 16302.9177713065 1027
14 16298.7998310956 1103
15 16297.5580346612 1173
16 16297.0593479438 1249
17 16296.8257514689 1324
18 16296.7141902201 1392
19 16296.6574918998 1465

0 66014.0381305267 71
1 76618.293887187 140
2 75234.7811345461 215
3 53755.1814593954 290
4 38599.2222126332 360
5 28343.0638085541 434
6 21830.8128442444 506
7 19078.1133388306 576
8 17649.7187256624 655
9 16927.8758958202 728
10 16581.323631055 803
11 16397.8533682145 879
12 16318.2940378107 949
13 16302.310134769 1021
14 16298.6644843657 1093
15 16297.4430279513 1163
16 16296.9368326113 1236
17 16296.7055543096 1309
18 16296.5920240859 1378
19 16296.5342688423 1452

0 72192.1179925007 71
1 64011.283963885 142
2 68281.3915458568 219
3 54094.719937089 294
4 36612.2934932366 369
5 27103.6423319574 447
6 21888.9778358995 520
7 18994.8112600183 602
8 17460.119853628 675
9 16840.5593324432 746
10 16587.8142667389 825
11 16389.2130035039 896
12 16318.251462804 966
13 16302.8050965882 1041
14 16299.1685295237 1110
15 16297.8210264223 1182
16 16297.2921843306 1254
17 16297.0510197192 1327
18 16296.9337760647 1400
19 16296.8741345625 1472

