0 1263.22877034775 1
1 1285.64928470677 3
2 1190.95746761329 4
3 1344.01779217143 6
4 1351.49193136499 7
5 1481.23882657245 8
6 1245.76175860167 10
7 1134.89085158488 11
8 1095.51157810742 13
9 1121.46552269741 14
10 1034.62713162848 16
11 998.456587780937 17
12 812.563010472553 18
13 800.151432014017 20
14 682.888500882582 21
15 650.580642875541 22
16 607.921228820738 24
17 607.440625194164 25
18 601.757878483199 27
19 568.467626982653 28
20 556.543512046073 30
21 539.20516162083 31
22 535.027834652136 32
23 532.425125529986 34
24 525.178432079386 35
25 526.219726795853 37
26 522.918686299907 38
27 518.844886841359 40
28 517.958971233381 41
29 516.07312301387 42
30 514.767988177243 44
31 514.049306293293 45
32 512.846860397426 47
33 512.784150458886 48
34 512.723434190089 50
35 512.157032169157 51
36 512.547776487193 53
37 511.652346615338 54
38 511.830771212011 56
39 511.198336634498 57
40 511.155443402701 59
41 511.091182521177 61
42 510.938032753162 62
43 510.635394602924 64
44 510.547709775028 66
45 510.527789971229 67
46 510.196179601135 69
47 510.067620867689 70
48 509.99834766662 72
49 509.770728785121 73
50 509.601262823633 75
51 509.490109771008 76
52 509.362788533185 78
53 509.245569208398 79
54 509.281906113949 81
55 509.136302349423 82
56 509.059677453877 84
57 509.082981742921 85
58 508.92046532428 87
59 508.928442835566 88
60 508.837819621375 90
61 508.849419184854 91
62 508.846970817733 93
63 508.785594526425 94
64 508.801627710103 96
65 508.742448807054 97
66 508.716416171778 99
67 508.697247072774 100
68 508.679042318592 101
69 508.680777493165 103
70 508.641474652778 104
71 508.623617324863 105
72 508.645506607335 107
73 508.615062015636 108
74 508.623357722101 109
75 508.577597725295 111
76 508.546905663493 112
77 508.556466047199 114
78 508.52632863629 115
79 508.530637875481 116
80 508.533577443421 118
81 508.503734685917 119
82 508.490303917656 120
83 508.491082379511 122
84 508.4830631975 123
85 508.469359476575 124
86 508.454627555824 126
87 508.437206712937 127
88 508.427159898737 128
89 508.42655408465 130
90 508.427013066583 131
91 508.424148338993 132
92 508.417864078095 134
93 508.402916270668 135
94 508.397875114729 137
95 508.393633268133 138
96 508.398402623533 139
97 508.394286090359 141
98 508.387787757577 142
99 508.381815660011 143
100 508.379519811866 145
101 508.368365368079 146
102 508.374835195933 148
103 508.364672726396 149
104 508.360355721607 150
105 508.360328700755 152
106 508.357184539909 153
107 508.353109436961 155
108 508.35481496025 156
109 508.346470708273 157
110 508.341472059222 159
111 508.341888636844 160
112 508.340317849922 161
113 508.333318365719 163
114 508.334978882158 164
115 508.333914489031 165
116 508.328144923163 167
117 508.332104279693 168

0 1245.87964650358 1
1 1260.4552269318 2
2 1262.62438967835 4
3 1251.05442105595 5
4 1331.72671440331 6
5 1120.21140109645 8
6 1386.90406563209 9
7 1136.83801427005 10
8 1074.28104813735 12
9 1057.78421590725 13
10 1004.64223391293 15
11 1087.93285561017 16
12 869.60649297225 17
13 794.422896752914 19
14 792.604081722566 20
15 691.584134606029 21
16 651.043519375728 23
17 602.943467751037 24
18 592.678293984841 26
19 571.460277252369 27
20 561.366731441152 28
21 543.64343963544 30
22 539.696389523613 31
23 529.699405943886 33
24 524.75541544901 34
25 525.607830232698 35
26 522.143709273017 37
27 520.635453056981 38
28 517.559716455242 40
29 517.791770832993 41
30 515.216432107463 42
31 516.473027010495 44
32 514.6612317847 45
33 513.703771257118 46
34 513.517134350901 48
35 513.11876449629 49
36 512.811359609031 51
37 512.988754571333 52
38 512.573230085718 53
39 512.067237804393 55
40 512.283784443212 56
41 512.051395608255 58
42 511.86881691131 59
43 511.642043915435 60
44 511.433938491087 62
45 511.1866569035 63
46 511.177106775704 64
47 511.093166184863 66
48 510.968256612783 67
49 510.83718552754 68
50 510.982450558894 70
51 510.798458949867 71
52 510.671248224599 73
53 510.520120539733 74
54 510.574923173555 75
55 510.555729792656 77
56 510.492968117468 79
57 510.512397274232 80
58 510.37365003955 82
59 510.340946129974 84
60 510.290086390794 85
61 510.308725669921 86
62 510.262844632897 88
63 510.249258356172 90
64 510.199014491244 91
65 510.155679248302 92
66 510.136459314108 94
67 510.11599756702 95
68 510.122781979171 97
69 510.108159504086 98
70 510.091676841324 100
71 510.07469497041 101
72 510.07401952039 102
73 510.053341649856 104
74 510.051349490074 105
75 510.009224745849 107
76 509.977972970725 108
77 509.990212079786 109
78 509.977573805065 111
79 509.974980766307 112
80 509.963192871731 114
81 509.950965653444 115
82 509.945264104606 116
83 509.937806336325 118
84 509.922598372684 119
85 509.92585814415 121
86 509.908351784879 122
87 509.901438510397 123
88 509.893309663911 125
89 509.899289276584 126
90 509.890480294256 128
91 509.872347582623 129
92 509.879014954838 130
93 509.85899279784 132
94 509.85525610909 133
95 509.854119093669 135
96 509.843493736168 136
97 509.830369943195 137
98 509.831596429919 139
99 509.833244366185 140
100 509.815267101083 142
101 509.801725393537 143
102 509.797155161414 144
103 509.798893831784 146
104 509.804595891094 147
105 509.797894255387 149
106 509.791893670866 150
107 509.783701092408 151
108 509.776879547097 153
109 509.778850081566 154
110 509.770980649053 155
111 509.759726263489 157
112 509.751839401332 158
113 509.747892798098 159
114 509.742924857928 161
115 509.735225086866 162
116 509.73323991292 163
117 509.735409223519 165
118 509.72491713888 166

0 1460.9265990731 1
1 1396.39486719785 2
2 1382.28122892803 4
3 1458.72144394893 5
4 1126.3767246877 6
5 1228.62792773989 7
6 1440.71908121304 9
7 1197.65267468631 10
8 1084.38505178444 11
9 1157.75480097554 13
10 1056.26271194966 14
11 1032.91918672361 15
12 962.768483773143 17
13 795.973929353566 18
14 691.979359749083 20
15 701.192332616247 21
16 614.579787291531 22
17 603.57147469417 24
18 593.4100912326 25
19 577.402776213926 26
20 547.619521123282 28
21 536.199501449352 29
22 527.444227887647 30
23 528.526946518232 32
24 525.10446818905 33
25 520.830621929258 35
26 521.361275196103 36
27 518.80155239663 37
28 516.817263148874 39
29 516.529063417853 40
30 515.363962512441 42
31 514.77213020258 43
32 512.91753404052 44
33 512.204918166827 46
34 512.050085037574 47
35 512.123454572292 48
36 511.460200176148 50
37 511.250560455757 51
38 510.889400327816 52
39 510.49600381325 54
40 510.510162531139 55
41 510.403891079988 56
42 510.440024738983 58
43 509.827569058175 59
44 509.905279504548 61
45 509.731767932452 62
46 509.62396889691 63
47 509.530027973774 65
48 509.443651948718 66
49 509.411482103172 67
50 509.450936640114 69
51 509.48500052885 70
52 509.459881573884 71
53 509.346552559189 73
54 509.326167896308 74
55 509.20832871251 76
56 509.273541558426 77
57 509.145233421801 78
58 509.104406339146 80
59 509.122508695029 81
60 509.064961597896 83
61 509.101744926305 84
62 509.095546475576 86
63 508.939180746429 87
64 508.932100890401 89
65 508.922429210694 90
66 508.893824439693 91
67 508.896735769005 93
68 508.857290403954 94
69 508.844364908915 95
70 508.792604117189 97
71 508.756554130536 98
72 508.734963206275 100
73 508.717664745016 101
74 508.698399590863 102
75 508.722610767726 104
76 508.706092994134 105
77 508.649657494619 106
78 508.632561343927 108
79 508.604179241206 109
80 508.589523593284 110
81 508.59473184121 112
82 508.572140497861 114
83 508.559375258268 115
84 508.53373992417 117
85 508.524950822102 118
86 508.509886214528 119
87 508.506780434625 121
88 508.487781142199 122
89 508.484242975364 123
90 508.481603275951 125
91 508.486674389958 126
92 508.465271245565 128
93 508.44721438836 129
94 508.44719568922 130
95 508.442471612078 132
96 508.425337050909 133
97 508.416777258146 135
98 508.407230331213 136
99 508.40579941927 137
100 508.398079896082 139
101 508.37893739818 140
102 508.365374939972 141
103 508.36129356215 143
104 508.354681197242 144
105 508.351543728368 145
106 508.351634835784 147
107 508.336577427826 148
108 508.339448091067 150
109 508.324008787919 151
110 508.317861603293 152
111 508.31532479662 154
112 508.309245146336 155
113 508.301728558925 157
114 508.304107995621 158
115 508.2927877586 159
116 508.288648913197 161
117 508.281829826593 162
118 508.27519457598 163
119 508.273698170979 165
120 508.272244598023 166
121 508.268726893656 168
122 508.254708628174 169
123 508.249567941983 170
124 508.248385418045 172
125 508.246457606724 173
126 508.237329276871 175
127 508.234572991941 176
128 508.228602433369 178
129 508.223795028293 179
130 508.217802573861 180
131 508.217949719371 182
132 508.214252606004 183
133 508.212872306529 184
134 508.212714121029 186
135 508.208697516011 187
136 508.204077296679 188
137 508.198773740642 190

0 1251.41943521752 1
1 1347.35043147096 2
2 1164.78356960099 4
3 1470.95951571757 5
4 1567.20255522214 6
5 1441.7542024575 8
6 1254.29219909974 9
7 1438.08010879146 10
8 1101.43405158329 12
9 1019.3038023373 13
10 1055.68426724099 14
11 1060.67361573116 16
12 916.032927545527 17
13 724.460424878633 18
14 700.324382975435 20
15 682.639744625265 21
16 606.316397807993 22
17 613.44575539922 24
18 590.42647840707 25
19 563.579957535571 26
20 547.313557671307 28
21 538.276639852209 29
22 536.041503009434 31
23 535.169422358364 32
24 524.382738670799 33
25 522.122200617533 35
26 521.707603855071 36
27 516.258561576675 38
28 515.814963374791 39
29 515.553264468518 40
30 514.308636742777 42
31 513.717017213049 43
32 512.81648896941 44
33 512.634624668344 46
34 511.816173652982 47
35 510.807361460502 49
36 510.894155339829 50
37 510.705292326327 51
38 510.21398825931 53
39 510.162402151297 54
40 510.008002285101 55
41 509.831244142767 57
42 509.47323666071 58
43 508.998540365987 59
44 509.264787136593 61
45 509.251109615241 62
46 508.966620103051 63
47 508.749896085124 65
48 508.608640828965 66
49 508.689265291562 68
50 508.582911002286 69
51 508.538999954752 70
52 508.478016019557 72
53 508.543905386056 73
54 508.532098984935 74
55 508.530052568586 76
56 508.373692586358 77
57 508.406029642988 79
58 508.363594119676 80
59 508.382030309041 81
60 508.297492316955 83
61 508.314123122322 84
62 508.326125786745 85
63 508.229632447928 87
64 508.194875416032 88
65 508.174874147071 90
66 508.205285067411 91
67 508.197119109228 92
68 508.175721826242 94
69 508.180448611226 95
70 508.205942693108 96
71 508.161451215171 98
72 508.136405836844 99
73 508.129314725257 100
74 508.131626003408 102
75 508.097132643163 103
76 508.074809594953 105
77 508.082972677374 106
78 508.077740961139 107
79 508.077704145144 109
80 508.056223244114 110
81 508.054987510804 111
82 508.040903902619 113
83 508.049700160201 114
84 508.043029942274 116
85 508.033226151126 117
86 508.032106727515 118
87 508.031029739209 120
88 508.020074370354 121
89 508.011262795194 123
90 507.999021157167 125
91 507.993924850739 126
92 507.999943563118 127
93 507.991204284555 129
94 507.982286246188 130
95 507.982205773042 131
96 507.988243946735 133
97 507.976023869694 134
98 507.975222135845 136
99 507.96254579174 137
100 507.960001739534 139
101 507.956680959043 141
102 507.954039727124 143
103 507.960158788412 144
104 507.962533392854 145
105 507.957622325369 147
106 507.959255348722 148
107 507.955679198132 150
108 507.947641057128 151
109 507.944196315357 152
110 507.942050538367 154
111 507.940632839601 155
112 507.936157345718 157
113 507.931898486813 158
114 507.939406028307 159
115 507.935200944873 161
116 507.934852113198 162
117 507.938464483723 163
118 507.932642768037 165
119 507.931497381429 167
120 507.932191512982 169
121 507.928543729146 170
122 507.927708998488 171
123 507.92296790954 173
124 507.922686972195 174
125 507.924062651692 175
126 507.923564430856 177
127 507.92276558226 178

0 1559.02564857341 1
1 1106.72525308494 2
2 1122.99667504565 4
3 1712.80096791012 5
4 1264.58315497786 6
5 1480.42422853707 7
6 1173.75802422893 9
7 1122.83106219786 10
8 1575.03589891382 11
9 928.985379420626 13
10 1050.3073847636 14
11 1004.96799927518 16
12 840.189424485269 17
13 773.568361850132 18
14 688.498999945495 20
15 626.229851456196 21
16 620.638769995172 22
17 598.897267714942 24
18 630.99322168725 25
19 573.717799590514 26
20 556.235411577951 28
21 541.287531528238 29
22 534.621092688459 30
23 527.710311663892 32
24 523.693974035974 33
25 525.470092000742 34
26 519.208460790021 36
27 517.57664386595 37
28 515.625550946456 38
29 514.124727536904 40
30 514.552557949597 41
31 514.002595916108 42
32 513.782133645312 44
33 512.632574194481 45
34 512.591626487434 47
35 511.448200872944 48
36 511.182283615181 49
37 510.998800310906 51
38 510.834761536257 52
39 510.216312304752 53
40 509.935196603255 55
41 509.586112128961 56
42 509.484869158977 57
43 509.403623508387 58
44 509.235729110164 60
45 509.254564537808 61
46 509.266353181759 62
47 509.072609014671 64
48 508.927558816347 66
49 508.806786757698 67
50 508.717045769374 68
51 508.802854071183 70
52 508.754924391483 71
53 508.746782822254 72
54 508.724714048101 74
55 508.583909824196 75
56 508.598546819616 76
57 508.614180862395 78
58 508.544283373035 79
59 508.55102290822 80
60 508.488582270797 82
61 508.405793812391 83
62 508.360691162705 84
63 508.338734700587 86
64 508.291345161808 87
65 508.27813071479 88
66 508.26830073408 90
67 508.215313172219 91
68 508.196286889951 92
69 508.197931281932 94
70 508.154125045422 95
71 508.183300452764 97
72 508.191527581226 98
73 508.155394614062 99
74 508.136294158644 101
75 508.169630023057 102
76 508.151367189152 103
77 508.091420897899 105
78 508.080039855071 106
79 508.077461744216 107
80 508.086281228226 109
81 508.073739861601 110
82 508.062612874529 111
83 508.053955215754 113
84 508.068335798454 114
85 508.029109239082 115
86 508.024771575963 117
87 508.016155852223 118
88 508.009637806892 119
89 508.005508761778 121
90 507.99986224492 122
91 507.994805110003 123
92 507.980950920247 125
93 507.969865461713 126
94 507.966752585117 128
95 507.973978628669 129
96 507.961806999184 130
97 507.974565364139 132
98 507.950498161994 133
99 507.939284197033 134
100 507.940086884501 136
101 507.936908088877 137
102 507.932701736389 138
103 507.925317283907 140
104 507.921860915844 141
105 507.927702810242 142
106 507.924957423191 144
107 507.921126598789 145
108 507.917796244137 147
109 507.923293310592 148
110 507.918125367388 150
111 507.915747500969 152
112 507.906559735561 153
113 507.905556478521 155
114 507.908562171704 156
115 507.901989283059 158
116 507.899667315115 160
117 507.896855428671 161
118 507.903712735089 163
119 507.903991554111 164
120 507.899462546999 166
121 507.899045224477 167
122 507.893924331623 168
123 507.893251435327 170
124 507.889632189989 171
125 507.887133875638 173
126 507.887494111033 174
127 507.884374100032 176
128 507.883935593757 177
129 507.881907710676 179
130 507.877535717584 180
131 507.874244096373 182

0 1396.56267801817 1
1 1522.3811995488 2
2 1234.05282000578 4
3 1272.31122637669 5
4 1195.98966970048 6
5 1277.36795377335 8
6 1132.07361909328 9
7 1296.96917062669 11
8 1120.7754287141 12
9 1134.90581625778 13
10 975.489372918688 15
11 1013.53576625086 16
12 876.459375731325 17
13 726.683997818752 19
14 713.844876495323 20
15 646.269243812287 21
16 622.432118507791 23
17 607.582760816879 24
18 584.788167050949 25
19 571.23960808933 27
20 545.867238147464 28
21 536.687223554287 29
22 537.733772143459 31
23 529.503734701087 32
24 523.507814346255 33
25 522.26790937277 35
26 521.946454151729 36
27 520.323996749944 38
28 517.945698492599 39
29 517.982194730213 40
30 517.066251186705 42
31 515.63519791929 43
32 514.650596611043 44
33 514.352985582661 46
34 514.021010264005 47
35 513.504057677369 48
36 512.785835835743 50
37 512.145070084924 51
38 512.415057751089 52
39 512.355671334661 54
40 511.465475508063 55
41 511.199298317343 57
42 510.963144021709 58
43 510.695568461218 59
44 510.692292400604 61
45 510.627161105656 62
46 510.18737000793 63
47 510.041358726311 65
48 510.016188413871 66
49 509.90802435115 67
50 509.738243113557 69
51 509.684933208348 70
52 509.607685984726 71
53 509.45386555164 73
54 509.28750866422 74
55 509.17386140215 76
56 509.19329503574 77
57 509.171928095939 78
58 509.000241637148 80
59 508.939604778079 81
60 508.920952226791 82
61 508.836422957315 84
62 508.777646085401 85
63 508.775584618309 86
64 508.744383660837 88
65 508.689572482982 89
66 508.709642209366 91
67 508.699961727626 92
68 508.658646484271 93
69 508.643126002158 95
70 508.624860040281 96
71 508.594234471662 97
72 508.560676525206 99
73 508.548674885568 100
74 508.508332268304 101
75 508.515559575106 103
76 508.488158224475 104
77 508.501147202844 105
78 508.497284423729 107
79 508.499564360319 108
80 508.47167635104 110
81 508.466362954489 111
82 508.446467435576 112
83 508.428927066853 114
84 508.416514044543 115
85 508.400188876677 116
86 508.388727309397 118
87 508.382061578719 119
88 508.375802152812 120
89 508.361172566562 122
90 508.36105958593 123
91 508.354853922417 125
92 508.353480565208 126
93 508.351784539122 127
94 508.339792378466 129
95 508.333543700146 130
96 508.338319787083 131
97 508.329984562083 133
98 508.322089256119 134
99 508.327656857524 135
100 508.322243050106 137
101 508.308303866725 138
102 508.313316394346 140
103 508.30201517208 141
104 508.296590542306 142
105 508.299511495072 144
106 508.302001281741 145
107 508.295660480366 146
108 508.291053719032 148
109 508.287412876416 149
110 508.286442450469 150
111 508.287672164527 152
112 508.280911555356 153
113 508.279656953093 155
114 508.277854512731 156
115 508.27522557312 157
116 508.27888883555 159
117 508.27792746673 160
118 508.27042319781 161
119 508.263881465429 163
120 508.262636187703 164
121 508.260071014506 166
122 508.262335836345 167
123 508.254907537136 169
124 508.254416756614 170

0 1413.27923269321 1
1 1827.58206940165 2
2 1375.10462990124 4
3 1245.8704332707 5
4 1238.64759031423 6
5 1347.80096687484 8
6 1239.60560521664 9
7 1220.55534154953 11
8 1223.18267932248 12
9 1071.92302329976 13
10 1171.41057444653 15
11 936.983512741281 16
12 846.887121386823 17
13 758.746651921238 19
14 649.753017730569 20
15 680.42012657238 21
16 630.234546744693 23
17 593.185203829891 24
18 583.109574319613 26
19 570.029318605493 27
20 551.59908898757 28
21 541.469823571845 30
22 533.422101871184 31
23 524.333753224032 32
24 522.992354674155 34
25 521.496711553319 35
26 518.076352560227 36
27 515.543837430749 38
28 516.690991250612 39
29 515.867669228521 41
30 513.50943206627 42
31 513.332587864771 43
32 513.662002181736 45
33 512.242249268089 46
34 511.46299994102 47
35 510.970564620983 49
36 510.380647752005 50
37 510.26275856351 51
38 509.762188158767 53
39 509.554132683908 54
40 509.696820772602 55
41 509.209867894739 57
42 509.542185549244 58
43 509.250037548028 60
44 509.051686654255 61
45 508.816117537899 62
46 508.844652049755 64
47 508.654387683995 65
48 508.493326721555 66
49 508.486318135029 68
50 508.393281901426 69
51 508.306730552413 70
52 508.27328217479 72
53 508.345986994298 73
54 508.164025724938 74
55 508.206179420944 76
56 508.237902120926 77
57 508.209244553581 78
58 508.163359429637 80
59 508.16827965864 81
60 508.089485022533 83
61 508.04745842235 84
62 508.05059386091 85
63 508.023227147621 87
64 508.003879690092 88
65 508.01105887601 89
66 508.002612416576 91
67 507.956045328892 92
68 507.998803947972 93
69 507.946559526814 95
70 507.93574619168 96
71 507.930405888002 98
72 507.895926534312 99
73 507.916569087927 100
74 507.921441189118 102
75 507.929871368962 103
76 507.903595704285 104
77 507.887758146977 106
78 507.885211029622 107
79 507.878935069118 108
80 507.870841956909 110
81 507.862713877711 111
82 507.871024929294 112
83 507.879005763592 114
84 507.860956904443 115
85 507.846552685303 117
86 507.854479010352 118
87 507.853248170942 119
88 507.839580652664 121
89 507.855540134894 122
90 507.856571945466 123
91 507.846479551238 125
92 507.833398271036 126
93 507.822601275564 127
94 507.830241707881 129
95 507.833595965338 130
96 507.829627652879 132
97 507.825710057846 133
98 507.82094797708 134
99 507.816122216654 136
100 507.822760026966 137
101 507.831474528614 139
102 507.827213784337 140
103 507.811309973469 141
104 507.811130393752 143
105 507.801281872052 144
106 507.809242236348 145
107 507.808756524237 147
108 507.804108596091 148
109 507.801863167746 150
110 507.80727050382 151
111 507.806574695484 152
112 507.801110719199 154
113 507.803511200896 155
114 507.799109841278 156
115 507.80115636325 158
116 507.798829300109 159
117 507.799719285433 161
118 507.795292006094 162
119 507.792884846655 163
120 507.788687108196 165
121 507.787722983975 166
122 507.7826724224 168
123 507.784173577809 169
124 507.78361565883 170
125 507.784289872677 172
126 507.788049982618 173
127 507.785511872549 174

0 1233.66428214116 1
1 1115.63379823208 2
2 1454.9462557539 4
3 1478.47275194619 5
4 1231.28916338709 6
5 1399.7884222573 8
6 1366.20804097771 9
7 1015.63980374665 10
8 1165.57286103522 12
9 938.230692568083 13
10 932.220365346324 14
11 1036.90000730393 16
12 901.617482937362 17
13 732.992264053884 19
14 748.613776187643 20
15 667.97734979622 22
16 637.679159807479 23
17 602.716935236158 24
18 581.104785137589 26
19 563.786561031092 27
20 548.179492456223 28
21 537.068678548153 30
22 533.595146997865 31
23 525.573336563856 32
24 526.882408159677 34
25 519.775376209953 35
26 518.740077809391 37
27 519.042039257124 38
28 516.281383806869 40
29 514.344720854209 41
30 514.005430601427 42
31 512.588551828927 44
32 511.800607999707 45
33 512.276328809583 46
34 510.552238089208 48
35 510.541865878495 49
36 509.873456309277 51
37 509.719895522351 52
38 509.47958367373 54
39 509.210732163386 55
40 509.123668908446 56
41 509.141495895656 58
42 508.777449153444 59
43 508.614055509768 60
44 508.721280853201 62
45 508.659049766845 63
46 508.531325548587 65
47 508.384584298605 66
48 508.52596946593 67
49 508.37788828672 69
50 508.380670009759 70
51 508.271386626576 71
52 508.203967508522 73
53 508.301317495137 74
54 508.229299936587 76
55 508.170416094123 77
56 508.186690672856 78
57 508.16323404439 80
58 508.088561204175 81
59 507.958269250968 82
60 507.945737091707 84
61 507.971359611057 85
62 507.901068144433 87
63 507.855216124547 88
64 507.895942049275 89
65 507.898221250919 91
66 507.883039623816 92
67 507.893669040041 93
68 507.839719218653 95
69 507.866405591423 96
70 507.823245415088 98
71 507.796639790478 99
72 507.788802183529 100
73 507.793422478495 102
74 507.786691892643 103
75 507.772150233671 104
76 507.769761918569 106
77 507.775723533537 107
78 507.760827646471 108
79 507.751263243455 110
80 507.748384797007 111
81 507.741685879533 113
82 507.748933236838 114
83 507.743795234374 115
84 507.727279734047 117
85 507.721996441498 118
86 507.721462911648 120
87 507.729006932729 121
88 507.737373309833 122
89 507.724740212273 124
90 507.725890399861 125
91 507.727849157943 127
92 507.716879456618 128
93 507.709404553851 129
94 507.712864094381 131
95 507.714285372472 132
96 507.704648639255 134
97 507.696019185074 135
98 507.694959387731 137
99 507.694961950729 138
100 507.698225813135 140
101 507.69162354451 141
102 507.695099679491 142
103 507.690759716397 144
104 507.685401090439 145
105 507.683110486732 146
106 507.678143956502 148
107 507.676964050089 149
108 507.68221628458 150
109 507.678559374735 152
110 507.677903728846 153
111 507.677746827352 155
112 507.683302552104 156
113 507.676003979375 157
114 507.677732605376 159
115 507.675030382223 160
116 507.674836166506 161
117 507.679163993144 163
118 507.678157388788 164
119 507.672980010036 166
120 507.67221249519 167
121 507.675025639698 168
122 507.667555191613 170
123 507.668029934751 171
124 507.672099563141 172
125 507.672946772434 174
126 507.669865169847 175
127 507.669430446215 177
128 507.667050532794 178
129 507.66757032392 179

0 1640.23361142621 1
1 1316.49831776778 2
2 1325.38458104484 4
3 1164.71372909638 5
4 1148.53959562098 6
5 1257.63134105989 8
6 1222.63948232101 9
7 1374.15249147782 10
8 1059.23301944991 12
9 886.877400249414 13
10 960.074409294239 14
11 995.282099481609 16
12 871.461068898822 17
13 802.32266635868 18
14 703.078548850679 20
15 649.964179067985 21
16 645.547586759114 22
17 627.824572543468 24
18 600.072922425702 25
19 558.192505358506 27
20 543.654598217457 28
21 538.329443152646 29
22 537.357713957237 31
23 527.377743827148 32
24 523.867257864263 33
25 523.318864860577 35
26 521.450323444726 36
27 517.721420632487 38
28 517.641450513209 39
29 515.759009541289 41
30 514.609938465748 42
31 514.116614893364 44
32 513.523476055418 45
33 512.999873100273 46
34 512.009722531127 48
35 511.35418370512 49
36 511.099021549107 51
37 510.463974575328 52
38 510.301866785127 53
39 510.345382363433 55
40 510.111059602384 56
41 510.035929801474 58
42 509.606745129825 59
43 509.569469039521 60
44 509.351939015775 62
45 509.294446021655 63
46 509.048150344319 65
47 509.094955886512 66
48 509.06199998858 67
49 508.943325571259 69
50 508.865808159463 70
51 508.834425100158 71
52 508.863200067975 73
53 508.68865606607 74
54 508.639311889744 76
55 508.591843904023 77
56 508.535679782673 78
57 508.586790968838 80
58 508.524722888511 81
59 508.564510348205 83
60 508.533178964255 84
61 508.542365630635 85
62 508.420989183633 87
63 508.404478796013 88
64 508.390449834653 89
65 508.362192524404 91
66 508.318284524764 92
67 508.302598928954 94
68 508.314757138831 95
69 508.27687601582 96
70 508.279100279602 98
71 508.273136528296 99
72 508.247268867204 100
73 508.241606554076 102
74 508.250848659417 103
75 508.25902759406 105
76 508.233654151329 106
77 508.226652752533 107
78 508.22650285117 109
79 508.200757138083 110
80 508.197106226961 111
81 508.193309812053 113
82 508.192479038607 114
83 508.172914558468 115
84 508.174111554324 117
85 508.162858445619 118
86 508.164830614632 120
87 508.165768738548 121
88 508.154194476675 122
89 508.165523255784 124
90 508.145614825035 125
91 508.140105780145 126
92 508.141397618352 128
93 508.12466035504 129
94 508.114910899153 130
95 508.116491734323 132
96 508.123966499196 133
97 508.115867828073 134
98 508.105695538406 136
99 508.109407776852 137
100 508.106162610529 139
101 508.101225649648 140
102 508.101804205181 141
103 508.096755718147 143
104 508.09693388446 144
105 508.099528561492 145
106 508.098910784537 147
107 508.097655144852 148
108 508.086874170078 150
109 508.093229408292 151
110 508.091047485273 152
111 508.084979795028 154
112 508.083799263202 155
113 508.079835125694 156
114 508.07905550843 158
115 508.073056555396 159
116 508.068770989269 161
117 508.067147281827 162
118 508.065671329635 164
119 508.065089069747 165
120 508.061854472487 167
121 508.058880275863 168
122 508.058755173637 169
123 508.059017524772 171
124 508.057884970476 172
125 508.052189937108 174
126 508.053883028484 175
127 508.053533065168 176

0 1742.69279822409 1
1 1153.22459804393 2
2 1383.4087777569 4
3 1420.00812714117 5
4 1509.93068364027 6
5 1286.19225119619 8
6 1251.34485808991 9
7 1184.79206707408 10
8 1226.81118688741 12
9 1014.53282288035 13
10 1012.58373275831 15
11 1036.88202675727 16
12 873.206896083558 17
13 744.772833803124 19
14 703.605431982188 20
15 673.026417078344 21
16 679.548847612719 23
17 650.629928784675 24
18 627.615443841235 25
19 590.554260637924 27
20 593.042063086496 28
21 559.115289226137 29
22 559.760515203739 31
23 547.977870492792 32
24 549.47896356787 33
25 542.487246976259 35
26 541.763990359012 36
27 538.9319522856 37
28 536.597447962511 39
29 535.087260692214 40
30 534.2530418645 41
31 532.824184294289 43
32 532.347965042196 44
33 531.587804924014 46
34 530.531840086509 47
35 530.101542999468 48
36 530.246790029807 50
37 529.658879820252 51
38 529.761265994439 53
39 529.620522860575 54
40 529.61094778868 55
41 529.200642965131 57
42 529.129637553721 58
43 529.089424422431 59
44 528.840063496048 61
45 528.657458967004 62
46 528.628312916157 64
47 528.048202316044 65
48 528.119829947882 66
49 527.989670515918 68
50 527.912154069597 69
51 527.813906445199 70
52 527.809581173138 72
53 527.706064389448 73
54 527.663183025444 74
55 527.609148931683 76
56 527.634968083793 78
57 527.608633638715 79
58 527.611772996656 81
59 527.574233842247 82
60 527.596530748675 83
61 527.544305710754 85
62 527.452900295589 86
63 527.489812174425 87
64 527.453716027233 89
65 527.490651126258 90
66 527.43261941392 92
67 527.411490215806 93
68 527.382380669612 95
69 527.389968450548 96
70 527.358739132499 97
71 527.381581100099 99
72 527.372729912761 100
73 527.3282268277 102
74 527.343601008938 103
75 527.30988719055 104
76 527.318557539594 106
77 527.285307879344 107
78 527.303485884148 109
79 527.286143675281 110
80 527.297562253323 112
81 527.268153582788 113
82 527.248430545116 115
83 527.252657691174 116
84 527.228563142906 117
85 527.242578770719 119
86 527.236153931139 120
87 527.232837145128 121
88 527.230942101933 123
89 527.218491864108 124
90 527.220996910811 126
91 527.205686299126 127
92 527.193301758059 129
93 527.200922443126 130
94 527.201069730977 131
95 527.189130035316 133
96 527.175357767213 134
97 527.182331700977 135
98 527.175477975137 137
99 527.171680651455 138
100 527.161529288365 139
101 527.157086157941 141
102 527.151296264601 142
103 527.15639155048 143
104 527.153248351528 145
105 527.139830816054 146
106 527.13590230644 147
107 527.143801297424 149
108 527.13704751637 150
109 527.133134119834 152
110 527.13465023071 153
111 527.127392425422 154
112 527.126229445628 156
113 527.118516851573 157
114 527.112494794108 158
115 527.109019455273 160
116 527.102154437446 161
117 527.096787502646 162
118 527.096832137762 164
119 527.101646115352 165
120 527.103848268551 167
121 527.105632017258 168
122 527.094438255573 169
123 527.089562563249 171
124 527.086101116798 172
125 527.08252737839 173
126 527.080148283062 175
127 527.076365762039 176
128 527.07692181886 178
129 527.073894445814 179
130 527.073115382076 181
131 527.070846055209 182
132 527.068589155861 183
133 527.06603896442 185
134 527.061850645045 186

0 1196.41636011817 1
1 1242.15832859028 2
2 1173.81030783253 4
3 1136.25198694518 5
4 1662.98477250086 6
5 1341.40384730834 8
6 1436.98315818592 9
7 1168.11830335682 10
8 1281.38593391039 12
9 1097.6634419621 13
10 1053.75560502999 14
11 1014.32441979756 16
12 920.422648651878 17
13 812.994450696042 18
14 741.663273153823 20
15 647.130279632191 21
16 633.963843975826 22
17 591.777831487208 24
18 591.818132132058 25
19 569.819013423509 26
20 566.938587638927 28
21 538.160081115537 29
22 527.060670228499 30
23 527.76914440544 32
24 522.337060259329 33
25 522.222822324914 34
26 518.525092115067 36
27 517.934381102397 37
28 516.706673174863 39
29 515.308874052513 40
30 513.511574520479 41
31 513.603104238405 43
32 513.619810112 44
33 512.886742434895 45
34 511.638739908936 47
35 512.541248080347 48
36 511.217104975255 50
37 511.199093161654 51
38 510.782272825508 52
39 510.601695707754 54
40 510.086065917381 55
41 510.404413648005 57
42 510.522597027197 58
43 510.25980087862 59
44 509.767669005511 61
45 509.73735688881 62
46 509.753529322427 63
47 509.601581232527 65
48 509.467551357 66
49 509.448089209103 67
50 509.360435627762 69
51 509.380139516355 70
52 509.334039414079 72
53 509.212844970956 73
54 509.161437771578 74
55 509.079651516543 76
56 509.14256130207 77
57 509.032860899291 78
58 508.98400245103 80
59 509.015370538383 81
60 509.033171137388 82
61 509.000310692279 84
62 508.950891280916 85
63 508.883541492181 87
64 508.92259925675 88
65 508.80316886917 90
66 508.791862439819 91
67 508.778625975709 93
68 508.788832614018 94
69 508.782261800136 95
70 508.757989356454 97
71 508.762015948449 98
72 508.767019374215 100
73 508.723050463711 101
74 508.742788140934 102
75 508.716146475839 104
76 508.726346705263 105
77 508.70460320064 107
78 508.685250735079 108
79 508.671700200527 110
80 508.682494902281 111
81 508.681955355529 113
82 508.684303005815 114
83 508.682700132532 115
84 508.679962817619 117
85 508.670384077347 118
86 508.664450562096 119
87 508.673335329058 121
88 508.680792389953 122
89 508.658385422145 124
90 508.641877231282 125
91 508.651088821362 126
92 508.651168819718 128
93 508.63783125033 129
94 508.642042040668 130
95 508.64631564666 132
96 508.632941016633 133
97 508.627577339753 135
98 508.630878743559 136
99 508.629462008278 137
100 508.619025037412 139
101 508.62095813483 140
102 508.616161877313 141
103 508.620402816787 143
104 508.624706083545 144
105 508.628371560926 145
106 508.622840460457 147
107 508.615347607532 148
108 508.615999366872 150
109 508.611563640408 151
110 508.609075738767 152
111 508.610356119253 154
112 508.60267257271 155
113 508.60208399536 156
114 508.602647155228 158
115 508.601186260383 159
116 508.599790696131 160
117 508.59828732283 162
118 508.597503008688 163
119 508.597039981101 164

0 1250.27682798293 1
1 1317.26232908795 2
2 1518.2258579437 4
3 1210.00364675254 5
4 1305.71197809144 6
5 1270.14927235742 8
6 1390.40345965591 9
7 1279.80808813141 10
8 1162.8580048635 12
9 1003.9015607608 13
10 1031.65661121866 15
11 1002.30088132046 16
12 921.650291019169 17
13 773.892410966721 19
14 701.127984095048 20
15 662.387433117894 21
16 624.179472072391 23
17 612.556972399086 24
18 607.360584285682 25
19 575.741186867172 27
20 546.77397812241 28
21 539.090671331217 29
22 534.824526570819 31
23 527.550353933092 32
24 526.756342367144 33
25 520.001029023184 35
26 520.580079232799 36
27 517.417113577881 38
28 515.936281590801 39
29 515.390249587278 40
30 513.366200379674 42
31 513.104510023871 43
32 512.241644370587 44
33 511.882963073643 46
34 511.519788705909 47
35 510.77106365095 48
36 511.08073557311 50
37 510.549579633741 51
38 510.711250903946 53
39 510.439640132432 54
40 509.804371056938 55
41 509.531691785316 57
42 509.517269487336 58
43 509.580996188896 59
44 509.445508343248 61
45 509.539720036505 62
46 509.361191211151 63
47 509.260336581585 65
48 509.049980917198 66
49 509.061392919879 67
50 508.934654611876 69
51 509.081270862978 70
52 509.059117034338 71
53 509.068586058731 73
54 508.995190694419 74
55 508.879183195066 76
56 508.937744398339 77
57 508.793972516807 78
58 508.756314090892 80
59 508.721777888661 81
60 508.67262862648 82
61 508.668809883665 84
62 508.649116860953 85
63 508.633229064596 86
64 508.668707553021 88
65 508.656783749937 89
66 508.602282852266 91
67 508.65894694257 92
68 508.628455007868 93
69 508.596811432673 95
70 508.583620769304 96
71 508.583450617594 97
72 508.572265098761 99
73 508.550567604488 100
74 508.530359513391 101
75 508.527486447909 103
76 508.505505768616 104
77 508.49069013261 105
78 508.514945006422 107
79 508.517895181271 108
80 508.482760964551 110
81 508.473735067453 111
82 508.465840581738 112
83 508.458366399727 114
84 508.450384483379 115
85 508.43261176155 116
86 508.423323180687 118
87 508.427827085386 119
88 508.410354078826 120
89 508.414523099209 122
90 508.406306742864 123
91 508.395994282508 124
92 508.400107266258 126
93 508.388775680713 128
94 508.383621732306 129
95 508.382309213615 131
96 508.379081644952 132
97 508.368978651907 133
98 508.370917225914 135
99 508.355841610681 136
100 508.343287817926 138
101 508.334979056528 139
102 508.334782048912 141
103 508.334784380932 143
104 508.329820479627 144
105 508.332269215962 146
106 508.3310055769 147
107 508.323087918088 149
108 508.310009379617 150
109 508.307085979865 152
110 508.308592920397 153
111 508.3027954136 154
112 508.302690419406 156
113 508.301668892295 157
114 508.307546565087 159
115 508.306121824254 160
116 508.306427443514 161
117 508.30421213172 163
118 508.298861759666 164
119 508.296247782863 166
120 508.299773103449 167
121 508.301006212145 169
122 508.304319383574 171
123 508.30031860969 172
124 508.295996056028 173

0 1396.91382874286 1
1 1203.28698981316 2
2 1275.59712074761 3
3 1210.19060204109 5
4 1260.51805451263 6
5 1128.19657142632 7
6 1309.80849273733 9
7 1278.28561115435 10
8 1143.91963708098 11
9 1025.9511997742 13
10 955.61511544719 14
11 1012.3415342442 15
12 928.546818672775 17
13 728.123809575589 18
14 698.492977487436 19
15 686.555120167846 21
16 640.65971838452 22
17 595.543660574957 23
18 596.196616949515 25
19 588.108885333589 26
20 555.476062973816 27
21 536.341085502159 29
22 530.965652385593 30
23 527.038244019141 32
24 524.989182072654 33
25 522.819135791473 34
26 525.645942761652 36
27 520.385600859701 37
28 518.017986812032 39
29 517.170980983542 40
30 516.206142385902 41
31 515.318318973105 43
32 513.44068208753 44
33 513.550661004257 45
34 512.729380732118 47
35 512.338249767485 48
36 511.395579292946 49
37 511.364974853314 51
38 510.824211984875 52
39 510.762582388744 54
40 510.941861018787 55
41 510.404979005935 56
42 510.374171964316 58
43 509.962170903802 59
44 510.126147529751 61
45 509.825766326019 62
46 509.488467104236 63
47 509.576921735202 65
48 509.444644871285 66
49 509.429725622813 67
50 509.412306478747 69
51 509.233848702237 70
52 509.303348474745 71
53 509.183976122995 73
54 509.085557868384 74
55 509.014250158443 75
56 508.918659288656 77
57 508.790360987069 78
58 508.733460375292 80
59 508.784741375481 81
60 508.825200116772 82
61 508.667074509035 84
62 508.634900089289 85
63 508.622650217665 86
64 508.589920130014 88
65 508.530590526516 89
66 508.590536526966 90
67 508.571676445219 92
68 508.528123026009 93
69 508.508618743922 94
70 508.505706305515 96
71 508.459717375339 97
72 508.452585231225 98
73 508.433587472895 100
74 508.406696565571 101
75 508.402587341745 103
76 508.367613196493 104
77 508.384964213676 105
78 508.382114917823 107
79 508.376032786859 108
80 508.367837212331 109
81 508.341044923871 111
82 508.339172255063 112
83 508.320006234195 113
84 508.319276476482 115
85 508.322227292893 116
86 508.301109281188 117
87 508.286699761593 119
88 508.285119657211 120
89 508.289174932276 121
90 508.266782045519 123
91 508.265824399672 124
92 508.254555144166 125
93 508.256171613837 127
94 508.241876150461 128
95 508.241425239321 130
96 508.225899190508 131
97 508.221842617459 132
98 508.218451100601 134
99 508.215068694048 135
100 508.206796018882 136
101 508.201542984571 138
102 508.203798210866 139
103 508.195483092267 140
104 508.192945402655 142
105 508.187177812856 143
106 508.189756873424 144
107 508.177650724499 146
108 508.177948866387 147
109 508.17556887801 148
110 508.173384895736 150
111 508.17258062048 151
112 508.169421881284 153
113 508.154276873335 154
114 508.15090650046 156
115 508.149546312559 157
116 508.149794526243 159
117 508.140115056869 160
118 508.137491242865 161
119 508.131888207596 163
120 508.131883692694 164
121 508.128550948262 166
122 508.130052584676 167
123 508.12613202484 169
124 508.124070254992 170
125 508.116487724671 171
126 508.114940395279 173
127 508.116185548424 174
128 508.114944173521 175
129 508.111832159209 177
130 508.110229145418 178
131 508.105882047765 180

0 1246.97147173787 1
1 1291.65126854323 2
2 1317.290070107 4
3 1280.81941100349 5
4 1470.70909905713 6
5 1349.42271743601 8
6 1257.87146135862 9
7 1394.40883629828 11
8 1103.49388531836 12
9 1093.61535792245 13
10 1115.26748949633 15
11 923.456304210774 16
12 803.26420241059 18
13 733.75601066178 19
14 677.570000079869 20
15 630.663960264641 22
16 634.312273331835 23
17 587.60410245248 25
18 573.528841112251 26
19 553.613081737501 27
20 541.835882396488 29
21 536.685882858863 30
22 536.963235319048 31
23 529.582992949821 33
24 526.107861301359 34
25 522.724663373341 36
26 519.298768197625 37
27 519.097505890151 38
28 517.16899587433 40
29 517.173759312692 41
30 516.30550125278 42
31 514.804178152112 44
32 513.310230271632 45
33 513.360303519564 47
34 511.984273330455 48
35 511.401699019472 49
36 511.718344470533 51
37 510.759342013335 52
38 511.454536536621 53
39 510.556744603646 55
40 510.031142668448 56
41 509.728500650755 58
42 509.622903464832 59
43 509.405423161179 61
44 509.238062322485 62
45 509.157097686285 63
46 509.032289846828 65
47 508.972605719067 66
48 509.007685120244 67
49 508.82569950456 69
50 508.722895841516 71
51 508.673300868205 72
52 508.577598974738 74
53 508.493394241472 75
54 508.489191487946 77
55 508.45040497628 78
56 508.394900245057 79
57 508.408735799148 81
58 508.399733854046 82
59 508.320825431807 83
60 508.37626860735 85
61 508.279259735411 86
62 508.197936083982 88
63 508.226596940925 89
64 508.230020715901 90
65 508.222302481572 92
66 508.15098877127 93
67 508.151790200246 95
68 508.149285010193 96
69 508.113237058096 97
70 508.126837667327 99
71 508.14112715168 100
72 508.103050914865 101
73 508.068829442095 103
74 508.089889209049 104
75 508.048295959402 105
76 508.045730360669 107
77 508.038451676887 108
78 508.014781620973 110
79 508.01284369813 111
80 507.988183114281 112
81 507.968630303262 114
82 507.974892261536 115
83 507.977138181588 116
84 507.950470407203 118
85 507.963581456566 119
86 507.942042972482 121
87 507.940424505499 122
88 507.922749254052 123
89 507.914715490624 125
90 507.924828276714 126
91 507.914002594826 128
92 507.903760455621 129
93 507.890133296909 130
94 507.892868892916 132
95 507.883699283219 133
96 507.882033980829 135
97 507.880986558977 136
98 507.873356649677 137
99 507.871947520478 139
100 507.858245720786 140
101 507.847948659178 141
102 507.849794947527 143
103 507.846999193265 144
104 507.843098943789 146
105 507.842692581153 147
106 507.843380702409 148
107 507.835103343646 150
108 507.830637038473 151
109 507.831494958495 152
110 507.840737931604 154
111 507.836845290786 155
112 507.834805289094 157
113 507.82960490892 158
114 507.826064934441 159
115 507.823927122506 161
116 507.824726664092 162
117 507.82471641753 163
118 507.819455340908 165
119 507.815499664486 166
120 507.815329493607 168
121 507.815425542321 169
122 507.81657620267 170
123 507.816355125196 172
124 507.814273842453 173

0 1517.03544018001 1
1 1218.23741743562 3
2 1336.34017000763 4
3 1277.58699185011 5
4 1272.84026350225 7
5 1322.00445516791 8
6 1102.93948829404 9
7 1217.74788771664 11
8 1202.17369272474 12
9 1007.92111007317 14
10 1141.23072205952 15
11 916.449119634811 16
12 870.433028652537 18
13 734.45369375893 19
14 748.25260023284 20
15 643.460058251662 22
16 624.886265026998 23
17 620.917250480295 24
18 600.356657948506 26
19 564.005483475801 27
20 545.546643031837 29
21 537.722630925498 30
22 535.412311773591 31
23 531.067489561671 33
24 522.384385707126 34
25 521.128815872333 35
26 521.689783279151 37
27 517.926029990375 38
28 517.121712786732 40
29 514.796378698989 41
30 514.281000940682 42
31 512.747295124704 44
32 512.335561773365 45
33 511.775626882904 47
34 511.468553518249 48
35 511.035671489231 49
36 510.247656577151 51
37 510.474630261376 52
38 510.149660025536 54
39 509.868479316251 55
40 509.626363148881 56
41 509.494412542513 58
42 509.522528984121 59
43 509.398484205306 60
44 509.4182662155 62
45 509.229641672652 63
46 509.364242328736 64
47 509.137147255727 66
48 509.165255105241 67
49 509.160957431283 69
50 508.962844641413 70
51 508.925112847364 71
52 508.978286927485 73
53 508.905454372306 74
54 508.91180256008 75
55 508.765904733433 77
56 508.640967562878 78
57 508.618388739997 80
58 508.688499613857 81
59 508.689526713403 82
60 508.602597632983 84
61 508.633866036761 85
62 508.599768796881 86
63 508.592612467759 88
64 508.554138013994 89
65 508.520596048028 90
66 508.522637790002 92
67 508.536225243235 93
68 508.51858445501 95
69 508.509870549319 96
70 508.500664191833 97
71 508.492992405615 99
72 508.506885289988 100
73 508.491367267108 101
74 508.490098777257 103
75 508.464804656662 104
76 508.448152062961 105
77 508.447817188117 107
78 508.457240263453 108
79 508.453612690109 110
80 508.440328682739 111
81 508.434739505899 112
82 508.435898716551 114
83 508.422045509612 115
84 508.424259673462 116
85 508.423178498087 118
86 508.413252066158 119
87 508.408427506079 121
88 508.4087758137 122
89 508.410739335613 124
90 508.427613503188 125
91 508.41022833216 127
92 508.401525906364 128
93 508.403025748276 129
94 508.404081100132 131
95 508.403561652563 132
96 508.399763823907 133
97 508.392363990681 135
98 508.390524448614 136
99 508.392122330614 137
100 508.392541205585 139
101 508.392517518097 140
102 508.391318861246 142
103 508.383679917363 143
104 508.376367351394 144
105 508.37473342993 146
106 508.377524711815 147
107 508.380109330271 148
108 508.379208933504 150
109 508.378807920285 151
110 508.37692568357 152
111 508.37038229473 154
112 508.3698663954 155
113 508.378335668891 157
114 508.371268338467 158
115 508.371522484346 159
116 508.367337908901 161
117 508.36684513425 162
118 508.368241924052 163
119 508.367811224034 165
120 508.370773509756 166
121 508.368425387949 168

0 1542.1082703511 1
1 1292.95148892817 2
2 1382.04479063091 4
3 1382.3963248374 5
4 1360.34457093872 6
5 1331.70523826764 8
6 1181.17472340656 9
7 1184.5514778913 10
8 1206.76099788786 12
9 1017.42992387078 13
10 1069.89148797973 15
11 998.367381693601 16
12 807.3703460784 17
13 821.203715440039 19
14 697.39646940497 20
15 668.917499007525 21
16 645.552522078077 23
17 599.425778512473 24
18 585.595568183644 25
19 566.075493219575 27
20 549.193709990799 28
21 549.540686609823 29
22 535.875241279154 31
23 527.161536192666 33
24 521.884290193049 34
25 520.295815970777 36
26 517.3556909607 37
27 516.718629151703 38
28 514.588432130438 40
29 513.77182773904 41
30 513.519420474457 42
31 513.206715334936 44
32 512.069529441188 45
33 511.1559048765 46
34 511.137564741947 48
35 510.931896136481 49
36 510.541954071885 51
37 510.351319738869 52
38 509.591946738604 54
39 509.988899524858 55
40 509.783149825526 57
41 509.705003671173 58
42 509.287467128706 59
43 509.255337108539 61
44 508.90541872786 62
45 508.678148407696 64
46 508.653317718874 66
47 508.675034989404 67
48 508.604946946723 68
49 508.529968506995 70
50 508.510232884967 71
51 508.46071209482 72
52 508.321717220283 74
53 508.276985651867 75
54 508.363641589839 77
55 508.31864888444 78
56 508.302702425116 79
57 508.287962123137 81
58 508.289955219552 82
59 508.232725858403 84
60 508.196406711432 85
61 508.128175040677 86
62 508.127433930879 88
63 508.141467590166 89
64 508.129023658595 91
65 508.094215876328 92
66 508.162336764046 93
67 508.119372515681 95
68 508.108390291648 96
69 508.077762209468 97
70 508.090332035429 99
71 508.065742703512 100
72 508.082578391738 102
73 508.057311637773 103
74 508.048447504497 104
75 508.057160696355 106
76 508.068422237213 107
77 508.052399254248 108
78 508.028418899149 110
79 508.031725847826 111
80 508.018815965551 113
81 508.031556104952 114
82 508.03145201692 115
83 508.02838723216 117
84 508.028528849786 118
85 508.011343837483 119
86 507.99548062785 121
87 507.996194024301 122
88 507.988166829721 123
89 507.997265083962 125
90 508.007906532091 126
91 507.996384777065 127
92 507.991328005668 129
93 507.993850641726 131
94 507.987113333675 132
95 508.004899492785 133
96 507.998472897569 135
97 507.993431683644 136
98 507.979044102584 137
99 507.98993254184 139
100 507.992689222187 140
101 507.993997320864 142
102 507.98612086418 143
103 507.978293747803 144
104 507.975320346485 146
105 507.97528376892 147
106 507.97061952681 148
107 507.968178303015 150
108 507.973162424714 151
109 507.970816422694 153
110 507.970206794836 154
111 507.977450481325 155
112 507.966494475931 157
113 507.963248558478 158
114 507.961027544592 159
115 507.961677103166 161
116 507.960940520821 162
117 507.964672343459 164
118 507.962814009306 165
119 507.962587276387 166
120 507.959076673057 168
121 507.964390597988 169
122 507.963957130178 170
123 507.962192812759 172
124 507.9563263066 173
125 507.955259046067 175
126 507.954202770704 176
127 507.953752201737 177
128 507.952508568015 179

0 1355.48434203875 1
1 1894.03609610047 2
2 1159.30554875295 4
3 1450.41973613314 5
4 1307.93118266637 6
5 1194.08003493887 8
6 1339.73016303132 9
7 1192.98430922233 10
8 1109.17312978007 12
9 932.941158201091 13
10 980.847382666597 15
11 908.247835076752 16
12 864.925796746 17
13 747.959242488556 19
14 754.191374031359 20
15 673.125397913253 21
16 647.611236301401 23
17 635.457816737057 24
18 590.077677297471 25
19 559.356758148442 27
20 559.134550771925 28
21 541.066331309452 30
22 539.678993269503 31
23 527.810194539164 32
24 525.201680904988 34
25 522.182716033353 35
26 523.770219075727 37
27 519.132887195722 38
28 517.483170446678 39
29 515.783314041821 41
30 516.306724290435 42
31 515.245288903274 44
32 513.959229374267 45
33 514.777484653163 46
34 513.407568400382 48
35 513.061602048508 49
36 512.057364624715 50
37 512.47293546561 52
38 511.416619276806 54
39 511.214547457077 55
40 511.282903799108 57
41 510.919683828716 58
42 510.844476680459 59
43 510.72910268948 61
44 510.652429978149 62
45 510.511490224105 64
46 510.395879774795 65
47 510.455726337618 66
48 510.180612138342 68
49 510.223320105392 69
50 510.131987755925 70
51 510.211518917553 72
52 509.887838972977 73
53 509.929842789403 75
54 509.888344405298 76
55 509.829620047541 78
56 509.79601742965 79
57 509.82717958308 80
58 509.727905127963 82
59 509.650463263475 83
60 509.721163440744 85
61 509.625090744866 86
62 509.638213001864 87
63 509.613390511677 89
64 509.559917571533 90
65 509.521208790862 92
66 509.525950920742 93
67 509.522111520907 94
68 509.477128100432 96
69 509.466587861142 97
70 509.466164668384 98
71 509.440177816227 100
72 509.426018232438 101
73 509.395822951787 103
74 509.425281709672 104
75 509.37126257686 105
76 509.371115814347 107
77 509.397478585887 108
78 509.365294410932 109
79 509.358631139935 111
80 509.36098861848 112
81 509.344947181347 114
82 509.343370710789 115
83 509.318422300518 116
84 509.309288334564 118
85 509.304652012277 119
86 509.303637572655 120
87 509.316722546367 122
88 509.303494041759 123
89 509.289886946617 125
90 509.277357079753 126
91 509.28012528255 127
92 509.285201966085 129
93 509.287559240671 130
94 509.261182432877 132
95 509.255269804301 133
96 509.2496203304 134
97 509.243940954959 136
98 509.24385699922 137
99 509.243048945446 138
100 509.222379817494 140
101 509.22567951473 141
102 509.220338552379 143
103 509.209185698018 144
104 509.207468959852 145
105 509.206018383649 147
106 509.205564415306 148
107 509.203367598566 149
108 509.200017583272 151
109 509.191222010563 152
110 509.184656640288 154
111 509.183696613827 155
112 509.184023047519 156
113 509.182150535788 158
114 509.180490050097 159
115 509.175103140095 161
116 509.167475856973 162
117 509.166087591328 163
118 509.166122741586 165
119 509.162748416805 166
120 509.160036481024 168
121 509.158588011365 169
122 509.149254785444 170
123 509.146330765651 172
124 509.14478494296 173
125 509.141261569678 174
126 509.141256250681 176
127 509.138101676314 177
128 509.132396740695 179

0 1368.78873736102 1
1 1300.0422915342 2
2 1513.32792749159 4
3 1149.44302399484 5
4 1494.36437851904 6
5 1594.53323614421 8
6 1154.64548638776 9
7 1178.87212299051 11
8 1142.21600474196 12
9 1233.47147573809 13
10 1088.72045184989 15
11 927.950870442626 16
12 883.437600782001 17
13 833.02728399382 19
14 702.961857201032 20
15 697.133349420451 21
16 666.244284206084 23
17 627.597302366686 24
18 592.601249795685 26
19 578.76994308628 27
20 556.318785332264 28
21 538.367053118738 30
22 537.03467649657 31
23 526.603629597931 33
24 528.344706265205 34
25 519.955687407329 36
26 521.356109137105 37
27 516.331330993532 38
28 516.015375540685 40
29 514.799475072603 41
30 513.961668737449 42
31 514.518262795417 44
32 513.625080931473 45
33 512.842307355863 46
34 512.21656982961 48
35 512.23537390433 49
36 511.75804165593 51
37 511.3978142778 52
38 511.151366812222 53
39 510.75705635291 55
40 510.521003616482 56
41 510.686584237807 58
42 510.47584306015 59
43 509.976211242254 60
44 510.073654219925 62
45 509.812389474659 63
46 509.714174477476 64
47 509.778841024679 66
48 509.717341816404 67
49 509.572847304008 69
50 509.51755486478 70
51 509.55359968732 71
52 509.559646664616 73
53 509.354063868104 74
54 509.347672036316 75
55 509.354437959866 77
56 509.253837548017 78
57 509.232698164683 80
58 509.211839310654 81
59 509.104752117346 82
60 509.107469808 84
61 509.08451179961 85
62 509.039589580679 86
63 508.999093669012 88
64 508.971527999426 90
65 508.98200893347 91
66 508.997026219235 92
67 508.98636926252 94
68 508.929250310801 95
69 508.941330502199 97
70 508.919338873799 98
71 508.88100985627 99
72 508.866803361073 101
73 508.852942089144 102
74 508.820551320093 103
75 508.842065804482 105
76 508.823919616772 106
77 508.801361147728 108
78 508.801881842958 109
79 508.782910962637 110
80 508.805802681658 112
81 508.816930197129 113
82 508.811906607956 114
83 508.78910691044 116
84 508.783157699356 117
85 508.772529481899 119
86 508.756940652069 120
87 508.758219696299 121
88 508.734407993827 123
89 508.72819043405 124
90 508.735281769601 126
91 508.724437968055 127
92 508.71461940435 128
93 508.716542902385 130
94 508.713524317157 131
95 508.711512321012 132
96 508.716622196633 134
97 508.723441590674 135
98 508.69296006237 137
99 508.698115863874 138
100 508.702257313234 139
101 508.697355763353 141
102 508.689554672057 142
103 508.69207512272 143
104 508.682475387546 145
105 508.680941949065 146
106 508.673459201117 148
107 508.667466267668 149
108 508.666981169901 150
109 508.668029721307 152
110 508.664052361513 153
111 508.663527157533 154
112 508.660388242615 156
113 508.66403890915 157
114 508.663284835265 159
115 508.658853536561 160
116 508.657359257589 161
117 508.657965425555 163
118 508.660531791049 164
119 508.660965360715 166
120 508.654470059265 167

0 1331.80857958572 1
1 1379.07172729377 2
2 1184.13769227122 4
3 1123.82407420156 5
4 1202.24100141131 6
5 1193.42670848411 8
6 1082.09914998391 9
7 1259.81896899108 11
8 1018.36158383143 12
9 1024.44834475277 13
10 972.063574783586 15
11 995.259949917272 16
12 954.816648732795 17
13 749.540467190425 19
14 686.182044843913 20
15 647.24940515487 21
16 627.237385995899 23
17 613.647579271125 24
18 590.803673120152 26
19 561.232273296429 27
20 557.443965023807 28
21 540.879929485284 30
22 531.34396298775 31
23 529.164504893407 32
24 522.722862282331 34
25 520.835315957545 35
26 519.450327097721 37
27 517.442396668424 38
28 518.389860799909 39
29 516.720858775517 41
30 514.666830707963 42
31 514.220752603502 44
32 512.857843341226 45
33 512.842385390055 46
34 512.002859232876 48
35 512.031197191826 49
36 512.268904774273 50
37 511.552557045725 52
38 511.506225119253 53
39 511.267754964609 54
40 511.117896088319 56
41 510.757694124268 57
42 510.770751747628 59
43 510.317408555336 60
44 510.352632261466 61
45 510.148809139233 63
46 510.11798506703 64
47 509.999182108372 65
48 509.970064081391 67
49 509.816739348572 68
50 509.81641741343 70
51 509.807653518241 71
52 509.658986031681 72
53 509.710120565589 74
54 509.563185550471 75
55 509.531026658202 77
56 509.542742969403 78
57 509.535086912562 79
58 509.510662510536 81
59 509.466877640498 82
60 509.413280778786 83
61 509.389421517867 85
62 509.333398866847 86
63 509.352948562499 88
64 509.268142981563 89
65 509.280577171896 90
66 509.227552206712 92
67 509.27132674143 93
68 509.255624668014 94
69 509.24989527964 96
70 509.236142621962 97
71 509.203624055998 99
72 509.180763559737 100
73 509.161129242791 101
74 509.152116869582 103
75 509.170799364274 104
76 509.184629861138 106
77 509.122945526887 107
78 509.104326327446 108
79 509.109734041271 110
80 509.107308702403 111
81 509.086494269634 112
82 509.073155064246 114
83 509.065820717458 115
84 509.065762177446 117
85 509.053975056661 118
86 509.047875195938 119
87 509.044419831001 121
88 509.052556682068 123
89 509.017288124521 124
90 509.004246150908 125
91 509.011286336029 127
92 509.009854022008 128
93 509.008840443223 130
94 509.012542782494 131
95 508.991466704323 132
96 508.987374989483 134
97 508.994662855746 135
98 508.98649813613 137
99 508.968097291116 138
100 508.975540180187 140
101 508.962675130641 141
102 508.960451626137 143
103 508.954820378748 144
104 508.952582664549 145
105 508.951832338107 147
106 508.944326646648 148
107 508.941649919831 149
108 508.938381454883 151
109 508.938132695757 153
110 508.936585797825 154
111 508.933736661502 155
112 508.927431431311 157
113 508.919307729571 158
114 508.922133018441 160
115 508.923288698178 161
116 508.924493688914 162
117 508.919439496426 164
118 508.912327995059 165
119 508.909654691351 166

0 1104.13112820721 1
1 1334.64163016299 2
2 1387.45028665202 4
3 1146.8686237346 5
4 1198.83495981453 6
5 1310.83466655452 8
6 1353.52218229343 9
7 1095.81557829282 11
8 1164.76365956445 12
9 1220.57062413079 13
10 1083.25336915481 15
11 1020.20848512271 16
12 871.520083943724 17
13 831.214150976379 19
14 695.907554404198 20
15 637.126177703922 22
16 627.806914457485 23
17 597.242432337384 24
18 593.323510001565 26
19 568.150547438136 27
20 550.887141557915 29
21 537.197801455409 30
22 528.014356674611 31
23 530.915852638804 33
24 524.004652093343 35
25 522.280054320815 36
26 518.5712784511 38
27 519.464134148744 39
28 519.493773835923 41
29 516.826429060167 42
30 514.390598073354 43
31 514.085986974526 45
32 513.540412413273 46
33 513.418260793459 47
34 513.350587879735 49
35 511.959450170471 50
36 511.577185951385 52
37 511.360309262139 53
38 511.043879757186 54
39 511.099203362091 56
40 510.498499048566 57
41 510.490515345524 59
42 510.234579595791 60
43 510.129547334679 61
44 509.721289465734 63
45 509.854032410801 64
46 509.696148526471 65
47 509.811814998827 67
48 509.591368065247 68
49 509.503981780972 69
50 509.445883453475 71
51 509.251408223506 72
52 509.2853448736 74
53 509.303683902073 75
54 509.244033147573 76
55 509.244279654309 78
56 509.25704954501 79
57 509.23659975907 80
58 509.151412355143 82
59 509.271601016142 83
60 509.168385399538 85
61 509.113138453867 86
62 509.076584248713 87
63 509.05099385166 89
64 509.044202831214 90
65 509.080605780089 92
66 509.076029200483 93
67 509.010679844465 94
68 509.066264296762 96
69 509.062800607242 97
70 509.071253241843 98
71 509.025904130301 100
72 508.996206015049 101
73 509.04108388384 103
74 508.996815424658 104
75 508.978352153944 105
76 508.985542887102 107
77 508.955327326378 108
78 508.961453099728 110
79 508.976354287223 111
80 508.976618287361 112
81 508.97121772043 114
82 508.943618671445 115
83 508.944960164749 117
84 508.934363115049 118
85 508.927199076689 119
86 508.919169715444 121
87 508.927616410366 122
88 508.916833940026 123
89 508.945078660772 125
90 508.928225226739 126
91 508.912814727976 128
92 508.912475411805 129
93 508.920742608485 130
94 508.911996451089 132
95 508.910900730801 133
96 508.905589156999 135
97 508.899130242025 136
98 508.908322844329 137
99 508.90562085766 139
100 508.897506215659 140
101 508.893685196727 142
102 508.890338952939 143
103 508.893524935007 144
104 508.891411719552 146
105 508.891206112802 147
106 508.889718010779 148
107 508.896315952452 150
108 508.895426758544 151
109 508.885541544796 153
110 508.884871693008 154
111 508.887540349375 156
112 508.883816510774 157
113 508.885469971562 159
114 508.885961524191 160
115 508.887183472038 162
116 508.887042583273 165
117 508.884334075419 167
118 508.885780387986 168
119 508.884773801409 169
120 508.88573763646 171
121 508.881499306858 172

0 1560.58756656956 1
1 1237.33074020388 2
2 1213.53472760663 4
3 1291.79012697632 5
4 1101.62601498027 6
5 1506.19767338619 8
6 1352.20251322435 9
7 1133.73595740308 11
8 1330.80996341469 12
9 1169.53528527122 13
10 1053.64943957701 15
11 1046.03353266164 16
12 811.896440977541 18
13 760.184700321036 20
14 699.367363623484 21
15 649.932104583174 23
16 623.814800284423 24
17 598.701144596413 25
18 571.22959838439 27
19 566.599247923518 28
20 543.311738971919 29
21 547.754257795261 31
22 533.729935606101 32
23 533.180570326925 33
24 528.857692677056 35
25 525.549461482484 36
26 524.943640458769 37
27 522.008778896684 39
28 518.093231752271 40
29 518.596858082961 41
30 516.315079594619 43
31 515.421918447216 44
32 514.933535962207 45
33 513.074772517652 47
34 512.530023056152 48
35 512.451939559984 49
36 512.015227432962 51
37 511.323621710802 52
38 510.902628685444 53
39 510.355280288167 55
40 510.659880064706 56
41 509.96028743587 58
42 509.953756340312 59
43 509.772525093554 60
44 509.695722811168 62
45 509.493405064169 63
46 509.340811815422 64
47 509.222617912718 66
48 509.33798097334 67
49 509.221952305878 68
50 509.267268861324 70
51 509.071615186671 71
52 509.000702201729 72
53 508.920346902783 74
54 508.966091855638 75
55 508.8402955361 77
56 508.834423861894 78
57 508.806139147691 79
58 508.721223666472 81
59 508.760751881711 82
60 508.727418887247 83
61 508.695789457387 85
62 508.707178766826 86
63 508.708787935708 87
64 508.610442501236 89
65 508.622457522636 90
66 508.618262545542 91
67 508.623040470468 93
68 508.605352391951 94
69 508.609154570007 95
70 508.562111756487 97
71 508.566834407196 99
72 508.559170317062 100
73 508.538984537516 101
74 508.5548214632 103
75 508.530682090553 104
76 508.503844499457 106
77 508.508879182926 107
78 508.506327160155 108
79 508.521668811805 109
80 508.510000664874 111
81 508.495271671136 112
82 508.491837260405 114
83 508.481913949262 115
84 508.470267159407 116
85 508.47097551516 118
86 508.474113287395 119
87 508.470230249297 120
88 508.466624465938 122
89 508.466928444724 123
90 508.469039335574 124
91 508.464890479845 126
92 508.456179973844 127
93 508.462277839441 128
94 508.474249751024 130
95 508.45154464583 131
96 508.431820537181 132
97 508.428643153566 134
98 508.427338937736 135
99 508.425399253684 136
100 508.424041764628 138
101 508.419228168884 139
102 508.416655259456 141
103 508.413366522598 142
104 508.415420897135 143
105 508.40430288699 145
106 508.4113369176 146
107 508.410662504581 147
108 508.41000367105 149
109 508.407705134076 150
110 508.404905212448 151
111 508.399715133193 153
112 508.400800009039 154
113 508.402319868505 156
114 508.399822561391 157
115 508.397813743718 158
116 508.396686936339 160
117 508.399606917959 161
118 508.401389832031 162

0 1465.88411051497 1
1 1337.15959849088 2
2 1392.04908089931 4
3 1398.87381821968 5
4 1379.70639447886 6
5 1401.22163937515 8
6 1103.80516873329 9
7 1459.76182952911 10
8 1068.75401405951 12
9 1098.7167064757 13
10 966.547415934128 14
11 847.00450393615 16
12 810.936473795235 17
13 857.062555829678 18
14 761.922881366297 20
15 627.78727100649 21
16 619.812932230601 23
17 580.197210861131 24
18 595.659395333782 26
19 562.303692666192 27
20 551.032720947708 29
21 547.658868672603 30
22 535.762610246333 32
23 533.774428888448 33
24 528.624929364042 35
25 523.626866956104 36
26 524.793621705467 37
27 518.37612552716 39
28 518.202719022024 40
29 517.399113100042 42
30 515.75746876111 43
31 515.901773427914 45
32 513.739268082974 46
33 512.79125565466 48
34 513.072808249859 49
35 512.756926692381 51
36 511.5579219879 52
37 511.74921204479 54
38 511.278806838716 55
39 511.068808014688 57
40 511.363954136422 58
41 510.655495511787 60
42 510.604595517484 61
43 510.393563918288 63
44 510.395548192245 64
45 510.544110308442 66
46 510.157988600092 67
47 510.21969878411 68
48 510.021230213114 70
49 509.872687338714 71
50 509.863182582003 72
51 509.768278959923 74
52 509.819082443162 75
53 509.7539401635 77
54 509.693893777566 78
55 509.658321500249 79
56 509.475274304306 81
57 509.455659154783 82
58 509.461293699171 83
59 509.398612989415 85
60 509.367110752793 86
61 509.332803603999 88
62 509.31953843959 89
63 509.290581521123 90
64 509.281234388185 92
65 509.22136340039 93
66 509.24971876767 94
67 509.245183220392 96
68 509.271281850037 97
69 509.221990393385 99
70 509.187876789445 100
71 509.208679734591 102
72 509.199945172058 103
73 509.183684252968 105
74 509.173774833314 106
75 509.135753079478 107
76 509.170435029726 109
77 509.150210465108 110
78 509.149114527595 111
79 509.13462036095 113
80 509.127612049554 114
81 509.104922430698 116
82 509.100309192434 117
83 509.090936551117 118
84 509.067230978349 120
85 509.06093764498 121
86 509.058878569069 122
87 509.051545129664 124
88 509.045186961537 125
89 509.065979725582 127
90 509.063345971225 128
91 509.041053174539 129
92 509.030709626045 131
93 509.031624903873 132
94 509.028795498492 134
95 509.025399161099 135
96 509.031447125843 136
97 509.02175277029 138
98 509.022023443547 139
99 509.021899752826 140
100 509.012251629534 142
101 509.010067182925 143
102 509.012940865981 145
103 509.012077250047 146
104 509.010903696426 147
105 509.011960108104 149
106 509.007574284362 150
107 509.007738226232 151
108 509.004089602425 153
109 508.998466674783 154
110 508.990864701833 156
111 508.990260663968 157
112 508.995222058802 158
113 508.990400395123 160
114 508.994868893339 161
115 508.982131054267 162
116 508.978835731766 164
117 508.980459125753 165
118 508.973327582237 167
119 508.974951202036 168
120 508.971291505485 169
121 508.968871978854 171
122 508.968163031437 172
123 508.96768001937 173
124 508.963045460929 175
125 508.962675779624 176
126 508.961186977675 178

0 1441.90969625642 1
1 1535.44200412908 2
2 1128.62380060048 4
3 1345.45336289242 5
4 1332.92010547839 6
5 1166.80188136104 8
6 1224.90796399689 9
7 1328.38881836238 10
8 1014.57234629956 12
9 952.212415221754 13
10 982.649525391099 15
11 984.399638223656 16
12 812.377151924664 17
13 792.337051936199 19
14 725.114125827955 20
15 654.708946760564 21
16 626.179480264592 23
17 599.509145472073 24
18 588.067302247367 25
19 569.945503563882 27
20 543.72239274318 28
21 540.526785841125 30
22 541.78361841366 31
23 534.125102519112 32
24 523.621323979305 34
25 520.825023481129 35
26 519.005674218498 37
27 517.685081292357 38
28 513.982082786781 39
29 515.544342356115 41
30 512.979732246878 42
31 512.423832634085 44
32 512.775744052817 46
33 511.747173703406 47
34 510.664027758567 49
35 511.222736605952 50
36 509.740181304635 52
37 509.576056888474 53
38 509.895375634525 55
39 509.598509106759 56
40 509.287961779858 57
41 509.01725035596 59
42 508.894539246799 60
43 509.000394208033 62
44 508.655954763935 63
45 508.680155104559 65
46 508.662285843958 66
47 508.599393945637 67
48 508.603527794539 69
49 508.365077537863 70
50 508.220706449835 71
51 508.183100563738 73
52 508.160170104796 74
53 508.15565639091 76
54 508.042025899633 77
55 508.148956639581 78
56 507.988781478003 80
57 508.033593481604 81
58 507.9891513821 83
59 507.908993598335 84
60 507.904699198475 85
61 507.887295028248 87
62 507.874460275609 88
63 507.857579372075 90
64 507.805332770552 91
65 507.854636537341 92
66 507.798130406247 94
67 507.79758806132 95
68 507.820151874706 96
69 507.853661531296 98
70 507.790968172908 99
71 507.747466618688 101
72 507.76374155181 103
73 507.754576941081 104
74 507.7634972814 105
75 507.746630190853 107
76 507.733066488739 108
77 507.719584918196 110
78 507.726561138487 111
79 507.700609986041 112
80 507.686405618432 114
81 507.6844017859 115
82 507.697043584663 116
83 507.683696501539 118
84 507.668806145665 119
85 507.667791190044 121
86 507.67375116723 122
87 507.674733279832 123
88 507.667155901423 125
89 507.660041278096 126
90 507.643114217619 127
91 507.652304226225 129
92 507.648195951827 130
93 507.637029208186 132
94 507.639207175112 133
95 507.633817274041 134
96 507.64169502952 136
97 507.639038432036 137
98 507.634384611022 138
99 507.631457326399 140
100 507.620771280322 141
101 507.614472560109 143
102 507.608262895418 144
103 507.606542515894 145
104 507.613893600969 147
105 507.62681627524 148
106 507.607019482676 150
107 507.609127840594 151
108 507.608634525616 152
109 507.612495636435 154
110 507.610137949693 155
111 507.600665145178 156
112 507.597110604194 158
113 507.596401486323 159
114 507.595686178653 161
115 507.593447277793 162
116 507.596239876056 163
117 507.595193294042 165
118 507.592054308989 166
119 507.590251292142 168
120 507.582205308388 169
121 507.580634108648 170
122 507.583770713986 172
123 507.585080076678 173
124 507.582449167742 174
125 507.583067419142 176
126 507.580414165966 177
127 507.576388931178 179
128 507.580369267585 180
129 507.57783025152 181
130 507.576775190208 183
131 507.578283354037 184
132 507.575875749742 186

0 1424.88195102555 1
1 1421.03809644088 2
2 1427.16742687246 4
3 1504.78759893649 5
4 1259.59944868951 6
5 1471.861725585 8
6 1304.54954563825 9
7 1404.70056686566 10
8 1080.93983831295 12
9 1147.96394617891 13
10 932.610471266027 15
11 988.920981782936 16
12 826.99045012472 17
13 798.612006078565 19
14 725.159040134829 20
15 664.041187147789 21
16 662.117427152254 23
17 610.11432450379 24
18 596.878475666085 25
19 561.162123115148 27
20 554.03322957914 28
21 543.13734614859 30
22 533.174070463818 31
23 527.92913585615 32
24 526.213281494254 34
25 524.006638055156 35
26 522.724557337325 36
27 519.911674304141 38
28 517.158900135463 39
29 516.061627271981 41
30 515.202787512356 42
31 514.77790412627 43
32 514.21310252393 45
33 512.700181032168 46
34 511.831649378512 47
35 512.596488680538 49
36 511.167358244328 50
37 511.317373831347 52
38 510.984933887049 53
39 510.810403378517 54
40 510.792501178618 56
41 510.477042877943 58
42 510.570963831301 59
43 510.148441466753 61
44 510.027033555685 62
45 509.587893044223 64
46 509.498084938183 65
47 509.622794772426 66
48 509.36365378038 68
49 509.330973911275 69
50 509.317916025567 70
51 509.269405755928 72
52 509.107861376999 73
53 509.207094376628 75
54 509.066957147506 76
55 509.026247628708 78
56 508.966181883712 79
57 508.943136773903 81
58 508.860828171348 82
59 508.89864360868 83
60 508.869397579507 85
61 508.846203876269 86
62 508.802423376371 87
63 508.820681613386 89
64 508.759730421918 90
65 508.776980626404 92
66 508.714129436776 93
67 508.750149084534 94
68 508.751992481818 96
69 508.721434326053 97
70 508.69338785585 99
71 508.698118290256 100
72 508.71638499111 101
73 508.717448960743 103
74 508.675776463768 104
75 508.655177579248 106
76 508.669388596808 107
77 508.661838294099 109
78 508.637941907533 110
79 508.63586920812 111
80 508.618165429353 113
81 508.631031337879 114
82 508.624278849799 116
83 508.606652703001 117
84 508.588112277581 118
85 508.605170686431 120
86 508.600351449107 121
87 508.593336342964 123
88 508.587882460253 124
89 508.591634820535 125
90 508.587983609275 127
91 508.570076295699 128
92 508.58199150926 130
93 508.58934492041 131
94 508.578040032115 132
95 508.561065982131 134
96 508.561987147671 135
97 508.559144942999 137
98 508.558237668494 138
99 508.5572266724 139
100 508.551309241496 141
101 508.550372797838 142
102 508.54124571574 143
103 508.539597587709 145
104 508.536988238368 146
105 508.535899435473 148
106 508.53288775415 149
107 508.526534837253 150
108 508.528823237297 152
109 508.527719452726 153
110 508.529498996276 154
111 508.533134317166 156
112 508.527541204942 157
113 508.525096579514 159
114 508.523901850265 160
115 508.522068030939 161
116 508.52041741058 163
117 508.521667633473 164
118 508.523327774972 166
119 508.51780054155 167
120 508.51598102715 168
121 508.515193420638 170
122 508.513420657792 171
123 508.511139075492 173
124 508.513376834031 174
125 508.508435760829 175

0 1367.64425470939 1
1 1357.77597246236 2
2 1436.56981579364 4
3 1465.16705339523 5
4 1359.96290563167 7
5 1492.50976226705 8
6 1388.61473677761 9
7 1249.48593356931 11
8 1264.72749179636 12
9 980.788763926226 13
10 1025.31600870251 15
11 974.850403589906 16
12 917.358762218802 17
13 797.412115001949 19
14 725.223500916559 20
15 648.788050580699 21
16 632.757289169497 23
17 622.356679555173 24
18 589.326664479259 26
19 569.300081318515 27
20 554.65277099277 28
21 556.125498386528 30
22 539.395437792031 31
23 537.187158665839 32
24 533.098111617378 34
25 525.428714502595 35
26 522.973327771528 37
27 520.778053226239 38
28 519.101956033975 39
29 516.999053637265 41
30 516.970873599643 42
31 515.675877495788 44
32 515.077979647452 45
33 514.353716518242 46
34 514.099269854275 48
35 513.69794355311 49
36 513.032715762309 51
37 512.999592888727 52
38 512.796387872216 53
39 511.897514699406 55
40 512.088149838833 56
41 511.785809650272 58
42 511.549703025304 59
43 511.252895095603 60
44 510.800305513707 62
45 510.761650931829 63
46 510.714015873509 64
47 510.553477624499 66
48 510.385049138807 67
49 510.293100670338 69
50 510.235131739357 70
51 510.120609695731 71
52 509.979336087936 73
53 509.931055379897 74
54 509.864139433403 75
55 509.718873422585 77
56 509.704576541804 78
57 509.628556535453 80
58 509.594861695291 81
59 509.566395122655 83
60 509.550127076435 84
61 509.525809493095 86
62 509.450696762975 87
63 509.43603732725 89
64 509.415417137558 90
65 509.386767437017 91
66 509.389778697863 93
67 509.317623430152 94
68 509.310313649779 95
69 509.275693999389 97
70 509.265263954646 98
71 509.258724757613 100
72 509.23474818915 101
73 509.223788125035 102
74 509.204533137106 104
75 509.188174389891 105
76 509.177039310615 107
77 509.169363041123 108
78 509.144395768197 109
79 509.134085506766 111
80 509.107276886067 112
81 509.080027429609 113
82 509.073313138929 115
83 509.071266922871 116
84 509.050360069289 118
85 509.037550506967 119
86 509.021307370938 120
87 509.014725376128 122
88 509.00607186931 123
89 509.000281349221 125
90 508.965480031535 126
91 508.969023460767 127
92 508.94191694403 129
93 508.922888177007 130
94 508.900109918385 131
95 508.88887238211 133
96 508.869771385108 134
97 508.862614321462 135
98 508.846758271582 137
99 508.829647079475 138
100 508.80610149656 140
101 508.796948405302 141
102 508.786595171752 142
103 508.780568130724 144
104 508.768542072926 145
105 508.754752446845 146
106 508.740414837774 148
107 508.73406233774 149
108 508.71799834988 151
109 508.719294771758 152
110 508.708692448833 153
111 508.701734954852 155
112 508.695521860327 157
113 508.684222029106 158
114 508.672030745601 160
115 508.66136793579 161
116 508.657537526342 162
117 508.648754191671 164
118 508.643156533489 165
119 508.640305824283 166
120 508.631620321236 168
121 508.625440024377 169
122 508.617855646721 171
123 508.611191706287 172
124 508.607543581956 173
125 508.601527829013 175
126 508.593073715858 176
127 508.588761600373 177

