0 11845.5061073803 28
1 11306.4021584799 36
2 10735.314012805 44
3 9997.80422442456 53
4 8980.12128454942 61
5 7655.94418422637 69
6 6263.3211683113 77
7 5108.70441671143 85
8 4263.73133319748 94
9 3691.88265840463 102
10 3312.38028233341 110
11 3053.89144282315 118
12 2861.13107952723 126
13 2718.06541139069 134
14 2614.59909599619 142
15 2534.52010578996 150
16 2472.69794566515 159
17 2426.13020243707 167
18 2391.55043757476 175
19 2365.92263495073 183
20 2346.44669791143 191
21 2331.10078796354 199
22 2318.72244451268 207
23 2308.65186590067 216
24 2300.45152529108 224
25 2293.74415383218 232
26 2288.21411714213 240
27 2283.71136778223 248
28 2280.05332347827 256
29 2277.04321402281 264
30 2274.5297832639 272
31 2272.42368245343 281
32 2270.62060706098 289
33 2269.0343552803 298
34 2267.66952001056 306
35 2266.50824902154 314
36 2265.5558189089 323
37 2264.77995515134 330
38 2264.14329876124 339
39 2263.6157359055 347
40 2263.17491707199 355
41 2262.80462245973 363
42 2262.49274317798 371
43 2262.22962589299 379
44 2262.00710074882 387
45 2261.81806711696 395
46 2261.65635048842 403
47 2261.5166297097 411
48 2261.39435742589 419
49 2261.28566851944 427
50 2261.18729589373 435
51 2261.09651166023 443
52 2261.01110084614 451
53 2260.92936019256 459
54 2260.85009582671 468
55 2260.77257841645 476
56 2260.69642872289 484
57 2260.62146163096 493
58 2260.54755780951 501
59 2260.47459102161 510
60 2260.40236793223 519
61 2260.33055648399 529
62 2260.25867457722 538
63 2260.18624168364 546
64 2260.11310417908 555
65 2260.03983573049 563
66 2259.96807333481 571
67 2259.9005535825 579
68 2259.84046405478 588
69 2259.79013158993 596
70 2259.75000476711 604
71 2259.71878824908 612
72 2259.69436646779 622
73 2259.67464912175 630

0 11515.1638738349 29
1 10709.1966325127 37
2 9727.98225618088 45
3 8587.91486059334 53
4 7496.77130207816 62
5 6624.88406986466 70
6 6022.9411343293 78
7 5631.87344378751 86
8 5321.8231743533 94
9 5025.37951771119 102
10 4699.01159243539 110
11 4339.0646145196 118
12 3977.32722394313 126
13 3647.59993794296 134
14 3366.4586719022 142
15 3133.68574351188 150
16 2941.49597382752 158
17 2783.24265756804 166
18 2653.10355407853 175
19 2547.87999094374 183
20 2468.35798980744 191
21 2415.50638582085 199
22 2381.55021577856 207
23 2358.59726618563 215
24 2342.0800854773 223
25 2329.70893391394 231
26 2319.8270982277 239
27 2311.61086818864 247
28 2304.38535256443 255
29 2297.98150757096 263
30 2292.59941561905 272
31 2287.88813344239 280
32 2283.88019134756 288
33 2280.69003664442 296
34 2278.21406093207 304
35 2276.21503411474 312
36 2274.54549396192 320
37 2273.1335731412 328
38 2271.93013836602 336
39 2270.88340001771 345
40 2269.93852862741 353
41 2269.08000582146 361
42 2268.32323224123 370
43 2267.66140397134 378
44 2267.07800546614 386
45 2266.55748802209 394
46 2266.087066694 402
47 2265.65654521333 410
48 2265.25813788834 419
49 2264.8859606559 427
50 2264.53514214112 435
51 2264.20120804476 443
52 2263.87994833362 451
53 2263.56829467194 459
54 2263.26467000152 468
55 2262.96880681039 477
56 2262.68467653048 485
57 2262.42164154594 494
58 2262.18923527089 502
59 2261.99062883912 510
60 2261.82189528612 518
61 2261.6757891143 526
62 2261.54497705899 534
63 2261.42318730095 542
64 2261.30542319564 550
65 2261.18824742742 558
66 2261.0701753072 566
67 2260.95174983115 575
68 2260.83517678818 583
69 2260.72365142792 591
70 2260.62033565734 599
71 2260.52716723116 607
72 2260.44414400118 615
73 2260.36948916309 623
74 2260.3004229861 631
75 2260.23401139036 639
76 2260.16781363374 647
77 2260.10032880941 655
78 2260.03125949338 664
79 2259.96146308528 672
80 2259.89245450199 680
81 2259.82562687866 688
82 2259.76164067152 697
83 2259.70025194177 705
84 2259.64043405161 713
85 2259.58066218596 721
86 2259.51976467965 730
87 2259.45826394703 738
88 2259.39827195854 746
89 2259.34177126444 754
90 2259.28962559344 762
91 2259.24177062784 770
92 2259.19774198165 778
93 2259.15707031524 786
94 2259.11943962181 794
95 2259.08462548654 802
96 2259.0523293116 810
97 2259.02211676959 818
98 2258.99360041031 826
99 2258.96673771895 834
100 2258.94192564651 843
101 2258.91975054198 851

0 11837.2643470913 29
1 11313.7858991942 37
2 10676.6003447302 45
3 9828.77221622021 55
4 8772.19178459519 64
5 7602.90638577425 72
6 6472.75397187905 80
7 5489.62971871782 88
8 4701.57507971774 96
9 4085.03132287058 104
10 3628.92558770254 112
11 3319.25169179932 121
12 3127.11855070602 129
13 3009.60710607059 137
14 2939.57964913735 145
15 2895.90574657741 154
16 2868.05049226257 162
17 2848.58667021887 170
18 2833.23376275948 178
19 2819.60044956436 186
20 2806.84289747154 194
21 2794.56950081843 202
22 2782.725896126 210
23 2771.49313339715 219
24 2761.11358969754 227
25 2751.46225413332 235
26 2742.49977527673 244
27 2734.13473499243 252
28 2726.26991092644 260
29 2718.86376652105 268
30 2711.87882492934 276
31 2705.30555334855 284
32 2699.14335288992 292
33 2693.38599258392 300
34 2688.13977646505 308
35 2683.38908775743 316
36 2679.07866558956 324
37 2675.2254192837 333
38 2671.83281583996 341
39 2668.84570351906 349
40 2666.19724574353 357
41 2663.91568382513 365
42 2661.9629185788 373
43 2660.27641793607 381
44 2658.79864354713 389
45 2657.53876922307 397
46 2656.46626542642 405
47 2655.5445915588 413
48 2654.72980830012 421
49 2654.02099473383 431
50 2653.40581138054 439
51 2652.86973170085 448
52 2652.39959802394 457
53 2651.98134055812 466
54 2651.60678420417 474
55 2651.27266308207 482
56 2650.97496202808 490
57 2650.70826406686 498
58 2650.46707233725 506
59 2650.24728432132 514
60 2650.04623091882 522
61 2649.8615141529 531
62 2649.69037310387 539
63 2649.52960459019 547
64 2649.37573295691 555
65 2649.22596415216 563
66 2649.08026306911 571
67 2648.94246656447 579
68 2648.81754076967 587
69 2648.707627324 595
70 2648.61153075695 603
71 2648.52661602288 611
72 2648.45025450025 619
73 2648.38023966536 628
74 2648.31473133512 637
75 2648.25215520052 645
76 2648.19120345015 653
77 2648.13093587943 662
78 2648.07090569149 671
79 2648.01118845098 679
80 2647.95221626221 687
81 2647.8944380991 695
82 2647.83793716078 703
83 2647.78210294508 711
84 2647.72533568966 719
85 2647.66479105282 727
86 2647.59661335015 736
87 2647.51787409197 744
88 2647.43074379445 752
89 2647.34472343117 760
90 2647.27106345557 768
91 2647.21464017683 776
92 2647.17330712997 784
93 2647.14254120571 793
94 2647.11864061444 801

0 11728.0660968486 29
1 11030.757732048 37
2 10073.1566021338 45
3 8825.33395473566 54
4 7476.10750687543 62
5 6300.42841794448 70
6 5375.73653354318 78
7 4629.55323557219 86
8 3985.23064136999 94
9 3458.90683501164 102
10 3055.8334000851 111
11 2766.25528220389 119
12 2583.58295484896 127
13 2474.4683342987 135
14 2409.9531572716 143
15 2370.78786156318 151
16 2345.86651325567 159
17 2329.19768665982 168
18 2317.34240948172 176
19 2308.81298744398 184
20 2302.37305402968 192
21 2297.34011208721 200
22 2293.29936043413 208
23 2289.98480401275 216
24 2287.22220021824 224
25 2284.86489563724 232
26 2282.77982131852 241
27 2280.96792184605 249
28 2279.35043605515 258
29 2277.89176217894 266
30 2276.5974525358 274
31 2275.47513327828 282
32 2274.51715891691 290
33 2273.70047727693 298
34 2272.99683598041 306
35 2272.37936936727 314
36 2271.82232896527 323
37 2271.29695299211 331
38 2270.77327100699 339
39 2270.24736123245 347
40 2269.73898467186 355
41 2269.25520315938 364
42 2268.7885529225 372
43 2268.32599892811 380
44 2267.85200122708 388
45 2267.34704774768 396
46 2266.81526970287 404
47 2266.28747688307 412
48 2265.7828296861 420
49 2265.31303014592 428
50 2264.8851930803 437
51 2264.49644788674 445
52 2264.13476914978 453
53 2263.78728681206 461
54 2263.44732459199 470
55 2263.11616219097 478
56 2262.79970781837 486
57 2262.50313261333 494
58 2262.22784174297 502
59 2261.97292337772 510
60 2261.73879952686 518
61 2261.5276498609 526
62 2261.34084871098 534
63 2261.17800340918 542
64 2261.03746350724 551
65 2260.91676519432 559
66 2260.8128964965 567
67 2260.72260981657 576
68 2260.64278023648 584
69 2260.57071497097 592
70 2260.50437982697 600
71 2260.44255345011 608
72 2260.38487853616 616
73 2260.3317176246 624
74 2260.28376795373 633
75 2260.24156975539 641
76 2260.20517006633 650
77 2260.17409743184 658
78 2260.14756888831 666
79 2260.124737447 674
80 2260.10485114356 682

0 11682.9817127197 28
1 11054.3088574053 37
2 10212.1134677287 45
3 9104.44300326161 53
4 7907.37523016128 61
5 6818.06173704763 69
6 5937.99197476079 77
7 5287.97531113117 85
8 4815.40075082945 93
9 4450.86091425765 101
10 4151.96760291294 109
11 3900.98604899045 117
12 3682.25914456331 126
13 3481.94438959202 134
14 3292.88030787449 142
15 3132.37804439159 150
16 2995.58818419434 158
17 2874.25767500888 166
18 2767.17036690474 175
19 2677.51413348358 183
20 2604.84800462959 191
21 2548.42738814089 200
22 2503.25715605498 208
23 2466.54460687764 216
24 2436.50774474875 224
25 2411.90511394783 232
26 2391.51171925114 241
27 2374.57640725064 249
28 2360.23728303813 257
29 2347.95415279466 265
30 2337.684804885 273
31 2329.06333634114 281
32 2322.01963668601 289
33 2316.08688174763 297
34 2311.00353538796 305
35 2306.45417975847 313
36 2302.41684704982 321
37 2298.80040941737 329
38 2295.34944973345 337
39 2292.05376932464 345
40 2289.05499654983 354
41 2286.34387349906 363
42 2283.90897484526 372
43 2281.55242654933 381
44 2279.4569296525 389
45 2277.64524686552 397
46 2276.07667622329 407
47 2274.70872494181 415
48 2273.5107305693 423
49 2272.4578027294 431
50 2271.52711497624 439
51 2270.69958295994 447
52 2269.95971198203 455
53 2269.29416543549 463
54 2268.69330706266 472
55 2268.14783095924 480
56 2267.65015738308 488
57 2267.19658090262 496
58 2266.78167178054 504
59 2266.40034752521 512
60 2266.0511744423 520
61 2265.731234461 528
62 2265.43429252678 536
63 2265.15475949209 544
64 2264.89101899898 552
65 2264.64513035093 560
66 2264.41998067371 569
67 2264.21725486291 578
68 2264.03738522954 586
69 2263.87985476291 595
70 2263.74308119256 603
71 2263.62444111842 611
72 2263.52071037841 619
73 2263.42864012544 627
74 2263.34537928602 636
75 2263.26867071744 644
76 2263.196868245 652
77 2263.12883822965 660
78 2263.0638028837 668
79 2263.00117804885 676
80 2262.94043952643 685
81 2262.88101783188 693
82 2262.82219225445 701
83 2262.76293756653 709
84 2262.70164807097 717
85 2262.63560907898 725
86 2262.56008547151 733
87 2262.46744762871 741
88 2262.34956385621 749
89 2262.20950303477 758
90 2262.06966810947 766
91 2261.95317265776 775
92 2261.86714459425 783
93 2261.8069828453 791
94 2261.76497246725 799
95 2261.7345698501 807
96 2261.71130701292 815
97 2261.69241552771 824

0 11735.4338739078 28
1 11226.4949453467 36
2 10641.0601495578 44
3 9856.56316550657 52
4 8822.07290239304 60
5 7675.28396134471 69
6 6601.28568069976 77
7 5689.3741034162 85
8 4978.81469134884 93
9 4412.06375933553 101
10 3953.54843207456 109
11 3571.5771348859 117
12 3263.08811886828 125
13 3020.67687684647 133
14 2834.02384586061 142
15 2695.11678085403 150
16 2595.58452991526 158
17 2526.1609946135 167
18 2476.73363826186 175
19 2441.06193502502 183
20 2414.71317452067 191
21 2396.29979524478 199
22 2383.02240870718 207
23 2372.86674234898 215
24 2364.71985309943 223
25 2358.05215406818 231
26 2352.32604086974 239
27 2347.38492554883 247
28 2343.10657535088 256
29 2339.25605589133 264
30 2335.79908791132 272
31 2332.85676129435 280
32 2330.29088105058 288
33 2328.0033322138 296
34 2325.95504477048 304
35 2324.07675060378 313
36 2322.28819182027 321
37 2320.59323414967 329
38 2318.95598258753 337
39 2317.40244214838 346
40 2315.98157920221 354
41 2314.72195210512 363
42 2313.59186728614 371
43 2312.46713852315 379
44 2311.36403978782 387
45 2310.29869892474 395
46 2309.26377186321 403
47 2308.28019595513 411
48 2307.36324183007 419
49 2306.46771156131 427
50 2305.57726842446 435
51 2304.71649851982 444
52 2303.86067411441 452
53 2302.97961535745 459
54 2302.06675493126 468
55 2301.15441099674 476
56 2300.26089445737 484
57 2299.38642628488 492
58 2298.53937723402 500
59 2297.72344450869 508
60 2296.92599907631 516
61 2296.13382185745 524
62 2295.34231590603 532
63 2294.54574753291 540
64 2293.73174376067 548
65 2292.89516951048 557
66 2292.04323713065 565
67 2291.18504474877 573
68 2290.32676773767 581
69 2289.4764031009 589
70 2288.65335762893 597
71 2287.87765305491 606
72 2287.15216474271 614
73 2286.46407719277 622
74 2285.79178340767 630
75 2285.08840348576 638
76 2284.23450289836 646
77 2283.26065243029 654
78 2282.3342084677 662
79 2281.48312149703 671
80 2280.66674137407 679
81 2279.89223604271 687
82 2279.17173661794 695
83 2278.50504167027 703
84 2277.88732746799 711
85 2277.33312035254 719
86 2276.83986031072 727
87 2276.39513457802 735
88 2275.9868305052 743
89 2275.60623789029 752
90 2275.24792384034 761
91 2274.90891463916 769
92 2274.58782045306 777
93 2274.28403514771 785
94 2273.99712183834 793
95 2273.72643412099 801
96 2273.47092610347 809
97 2273.229070044 817
98 2272.99885783706 825
99 2272.77800972907 833
100 2272.56460776932 842
101 2272.35794755363 850
102 2272.15862847409 858
103 2271.96748873397 866
104 2271.78443731534 874
105 2271.60787023887 882
106 2271.43442064841 890
107 2271.2597639439 898
108 2271.08184738336 906
109 2270.90220794963 914
110 2270.72309127419 923
111 2270.54578086969 931
112 2270.36953972898 939
113 2270.18864801438 947
114 2269.97315494187 956
115 2269.69335156069 964
116 2269.42301690961 973
117 2269.17251913463 981
118 2268.9358132336 990
119 2268.70167505115 998
120 2268.45656420786 1007
121 2268.19851200245 1015
122 2267.93902372667 1023
123 2267.68637446935 1031
124 2267.44403752939 1039
125 2267.21359073264 1047
126 2266.99538540162 1055
127 2266.78869616643 1064
128 2266.59211951667 1072
129 2266.40386993032 1080
130 2266.22167664478 1088
131 2266.04235770194 1096
132 2265.861584491 1104
133 2265.67480519316 1112
134 2265.47947610998 1120
135 2265.2762792937 1128
136 2265.06775842258 1136
137 2264.85597600025 1144
138 2264.64030558092 1152
139 2264.41340518692 1161
140 2264.15681663601 1170
141 2263.86403385129 1178
142 2263.55544862702 1186
143 2263.24574399834 1195
144 2262.93981531943 1203
145 2262.63981609705 1211
146 2262.34973384351 1219
147 2262.07669936989 1227
148 2261.82882714513 1235
149 2261.61112721646 1243
150 2261.42330025684 1251
151 2261.2608963503 1260
152 2261.11780482425 1268
153 2260.988197107 1276
154 2260.86762339156 1284
155 2260.75351290972 1292
156 2260.64512788614 1300
157 2260.54298053149 1308
158 2260.44800405977 1316
159 2260.36090013022 1324
160 2260.28186440034 1332
161 2260.21061278087 1340
162 2260.14653554372 1348
163 2260.08885714396 1356
164 2260.03675516344 1365
165 2259.98943604417 1374
166 2259.94617999085 1382
167 2259.90636765182 1390
168 2259.86949645734 1398
169 2259.83518888364 1406
170 2259.80319063834 1415
171 2259.77335562271 1423
172 2259.7456172718 1431
173 2259.71995106837 1439
174 2259.69633732393 1447
175 2259.67473362392 1455

0 11819.371215063 28
1 11287.6492159423 37
2 10556.3644988294 45
3 9484.13075434423 53
4 8168.28791622858 61
5 7026.31144935786 69
6 6256.96030329064 77
7 5814.95556179956 85
8 5550.42196805956 93
9 5369.50811248041 102
10 5216.82635797737 110
11 5055.65127422872 118
12 4873.87541365486 127
13 4648.78207406488 135
14 4377.22525294678 144
15 4061.92008622684 152
16 3732.70216184624 160
17 3418.234640267 168
18 3138.16014864086 176
19 2912.31525333509 185
20 2743.48081210101 194
21 2623.18680866104 203
22 2541.18382288058 211
23 2486.28371570779 219
24 2448.72880549086 227
25 2420.07483595592 235
26 2395.96211236548 244
27 2376.5006151039 252
28 2361.05981919147 260
29 2347.62896885866 268
30 2335.90489135247 276
31 2325.50781390501 284
32 2316.01623256981 292
33 2308.14135275821 300
34 2301.76325877218 309
35 2296.93149741963 317
36 2293.442657115 325
37 2290.90409820744 333
38 2289.00448929647 341
39 2287.52515394869 349
40 2286.31917863245 358
41 2285.29979195642 366
42 2284.4197229994 374
43 2283.63603145245 382
44 2282.91424169433 390
45 2282.2373172431 398
46 2281.59837812944 406
47 2280.99470028149 414
48 2280.42333269518 422
49 2279.88226650526 430
50 2279.36926965368 438
51 2278.87879947906 447
52 2278.4012751963 455
53 2277.92623980064 463
54 2277.44772882336 471
55 2276.96864908847 479
56 2276.50068157059 487
57 2276.05881773807 496
58 2275.65202262857 504
59 2275.2781138336 513
60 2274.93121878923 521
61 2274.60661214706 530
62 2274.29841547816 538
63 2274.00087133871 546
64 2273.71064824873 554
65 2273.42557349452 562
66 2273.10644717742 570
67 2272.70629536058 579
68 2272.33930860403 587
69 2272.00321051105 595
70 2271.69228069441 603
71 2271.39873847496 612
72 2271.1126363023 620
73 2270.82069948245 628
74 2270.52352348709 636
75 2270.23352647121 644
76 2269.95902706165 652
77 2269.69350692714 660
78 2269.41796224541 668
79 2269.11159306384 676
80 2268.77096815421 685
81 2268.40079591991 693
82 2268.00537251607 701
83 2267.59473782805 710
84 2267.18491837109 718
85 2266.79019864338 726
86 2266.41700575147 735
87 2266.06503156208 743
88 2265.73077076725 751
89 2265.40618772466 759
90 2265.08252044054 767
91 2264.77591738952 775
92 2264.49456629098 783
93 2264.238871331 791
94 2264.00757056264 799
95 2263.79796866392 808
96 2263.6052289847 816
97 2263.42189708041 824
98 2263.23938844854 832
99 2263.05303911428 840
100 2262.86673897131 848
101 2262.69013455899 856
102 2262.53031871012 864
103 2262.38637013282 872
104 2262.24921945515 880
105 2262.10739406427 888
106 2261.95940984148 897
107 2261.81415896693 905
108 2261.67972735792 913
109 2261.56060582905 922
110 2261.45865498098 931
111 2261.37359456445 940
112 2261.30362486956 948
113 2261.24626796831 956
114 2261.19904605358 965
115 2261.159829412 974
116 2261.12692529512 982
117 2261.09903598458 990
118 2261.07517638586 998
119 2261.05459429772 1007

0 11824.2515190319 29
1 11169.019351636 37
2 10286.2248220521 45
3 9064.32326009254 53
4 7647.59570823742 61
5 6413.74309387857 69
6 5512.04418740389 77
7 4831.4213784352 85
8 4283.27277393475 93
9 3817.04881391019 101
10 3431.66131285629 109
11 3124.96732807918 118
12 2895.58282948954 127
13 2728.02059363248 135
14 2610.77481989841 144
15 2526.54976390813 153
16 2465.45379656902 161
17 2422.9116021326 169
18 2392.45143498285 177
19 2370.09485035247 185
20 2352.99687529592 193
21 2339.72865599254 201
22 2329.42109519004 209
23 2321.10699466965 218
24 2314.28240911582 226
25 2308.50662753356 234
26 2303.57883567636 242
27 2299.36619754016 250
28 2295.61371929699 258
29 2292.13392508368 266
30 2288.99005032935 274
31 2286.23355297881 282
32 2283.81063985037 290
33 2281.6506799823 298
34 2279.67767611412 306
35 2277.85522360016 315
36 2276.18059881463 323
37 2274.65182596564 332
38 2273.29309744193 341
39 2272.10029209004 349
40 2271.05057634587 357
41 2270.12140665553 365
42 2269.29879699791 373
43 2268.57326775936 381
44 2267.9321720181 389
45 2267.36195365519 397
46 2266.85301337773 405
47 2266.39934879693 413
48 2265.99596427797 421
49 2265.63719156186 429
50 2265.31650247777 437
51 2265.02738356346 445
52 2264.76439138973 454
53 2264.52367042916 462
54 2264.30279411879 470
55 2264.10018326597 478
56 2263.91443931597 486
57 2263.74385629856 494
58 2263.5862307276 502
59 2263.43893942528 511
60 2263.29918866159 519
61 2263.16437987735 527
62 2263.03262995945 536
63 2262.90352083728 544
64 2262.77891449073 552
65 2262.66295785642 560
66 2262.56020218267 568
67 2262.47282066193 576
68 2262.3996617642 584
69 2262.33759547359 593
70 2262.2832098765 601
71 2262.23365871344 609
72 2262.18679381916 617
73 2262.14102850757 625
74 2262.09519837803 633
75 2262.04851776055 641
76 2262.00064085663 650
77 2261.95176675878 658
78 2261.90266162866 666
79 2261.85447924654 674
80 2261.80839922118 682
81 2261.76525726995 690
82 2261.72533505539 698
83 2261.6883436654 706
84 2261.65355088121 715
85 2261.62000052047 723
86 2261.58677557045 732
87 2261.55324543949 740
88 2261.51923417557 748
89 2261.48506090568 756
90 2261.45144101743 764
91 2261.41929012711 772
92 2261.38950758401 781
93 2261.36280330839 789
94 2261.33959187529 797
95 2261.31995410942 805

0 11757.7970241193 28
1 11179.7384949144 36
2 10410.4568366176 44
3 9373.57888380138 52
4 8243.88417755977 61
5 7273.86798847744 69
6 6569.6438724281 77
7 6070.16897193937 85
8 5678.58892823484 93
9 5303.2350191702 101
10 4884.30316599874 109
11 4394.00544856026 117
12 3871.41145215396 125
13 3398.68724090552 133
14 3027.33726317393 141
15 2768.55044520315 149
16 2592.80796752496 158
17 2482.53326759148 166
18 2415.85011748501 174
19 2373.60432082567 182
20 2346.27306041935 190
21 2328.23913625978 198
22 2315.59805641706 206
23 2306.08585197548 214
24 2298.73623048214 222
25 2293.00179051328 230
26 2288.45798839004 238
27 2284.80956593434 246
28 2281.87348010298 254
29 2279.47686717146 262
30 2277.49701626926 270
31 2275.8488708474 278
32 2274.46445244223 286
33 2273.2833219004 294
34 2272.24684996295 302
35 2271.32102202537 311
36 2270.51493277814 319
37 2269.81868680527 327
38 2269.21372723698 336
39 2268.68287775887 344
40 2268.21284632542 352
41 2267.7924413015 360
42 2267.41024762157 368
43 2267.05380432326 376
44 2266.71040722857 384
45 2266.36946426078 392
46 2266.02636807014 400
47 2265.68491387675 409
48 2265.35472789768 417
49 2265.04569294056 425
50 2264.76359904011 433
51 2264.50944229828 441
52 2264.28165137357 449
53 2264.07803006134 457
54 2263.89612373627 465
55 2263.73307626081 474
56 2263.58520431018 482
57 2263.44780142992 490
58 2263.31565239442 498
59 2263.18353145922 506
60 2263.04603629608 514
61 2262.89742626973 522
62 2262.73377659257 531
63 2262.55864240441 540
64 2262.38543036266 549
65 2262.22865719669 557
66 2262.09349402089 565
67 2261.97605512173 574
68 2261.87018213085 583
69 2261.77271794687 591
70 2261.68506340054 599
71 2261.61079304258 607
72 2261.55153944107 615
73 2261.50556583649 623
74 2261.46945727417 631
75 2261.43998220497 639
76 2261.41477420916 647
77 2261.39225650148 656

0 11671.9531418827 28
1 11197.1949450005 37
2 10659.228213246 45
3 9947.9248238132 53
4 9051.08694038624 61
5 8004.95562577905 70
6 6960.0356994719 78
7 6106.7402591619 87
8 5478.96348822935 95
9 5004.49208746168 103
10 4592.89380519795 111
11 4197.36239754239 120
12 3816.10131382734 128
13 3477.81411380297 136
14 3199.67825942877 144
15 2977.62198268113 152
16 2808.98577269299 160
17 2685.02029008171 169
18 2589.51747695203 177
19 2516.26836903435 185
20 2463.16409412955 193
21 2424.04424437877 201
22 2393.58668086916 209
23 2366.66192615146 217
24 2344.33488136036 225
25 2326.30543460709 233
26 2312.55759125487 241
27 2302.13480972814 249
28 2294.29211575399 257
29 2288.31563398356 265
30 2283.87655070787 274
31 2280.54255264562 282
32 2277.96823942148 291
33 2275.90991420136 299
34 2274.2532931437 307
35 2272.90706428517 315
36 2271.78209094041 323
37 2270.81029220148 331
38 2269.95775305604 339
39 2269.22541213007 348
40 2268.61583874804 356
41 2268.11049579863 364
42 2267.6831281922 372
43 2267.31283068064 380
44 2266.9854935779 388
45 2266.69082326579 396
46 2266.41982510167 404
47 2266.16440425748 412
48 2265.91813195879 420
49 2265.67659278563 428
50 2265.43636772513 437
51 2265.19277107515 445
52 2264.93796495348 453
53 2264.6617227141 461
54 2264.35851500544 469
55 2264.04219132291 478
56 2263.74756557218 486
57 2263.50302953467 494
58 2263.31260540285 503
59 2263.16546807903 511
60 2263.0484238379 519
61 2262.95061261266 527
62 2262.86406513624 535
63 2262.78317831955 543
64 2262.70394698242 551
65 2262.62320341255 559
66 2262.53810731694 567
67 2262.44616289366 575
68 2262.34595308708 584
69 2262.23827104116 591
70 2262.12650911941 599
71 2262.01536669268 607
72 2261.90871780598 615
73 2261.80844781799 624
74 2261.71478873453 632
75 2261.62724686511 640
76 2261.54529754028 648
77 2261.46882494171 656
78 2261.3984263926 664
79 2261.33526467887 672
80 2261.28038316911 681
81 2261.23409890109 689
82 2261.19592774324 697
83 2261.16485651005 706
84 2261.13964533059 714
85 2261.11904242031 722

0 11613.5718610915 28
1 10984.8806267829 37
2 10153.0068800674 45
3 9083.31207438879 53
4 7971.16103578608 61
5 7037.47437363589 69
6 6330.48097359573 77
7 5813.94283065755 85
8 5440.66233836078 93
9 5139.82722502847 101
10 4861.67776348667 109
11 4589.79702076658 117
12 4320.48059151171 125
13 4061.95338005884 133
14 3828.82990761004 141
15 3633.89685961739 149
16 3476.6529988819 158
17 3350.29358831398 166
18 3247.67142776852 174
19 3159.91844167527 183
20 3082.04249353835 191
21 3012.79893972567 202
22 2952.74389330824 210
23 2899.71050169009 218
24 2858.25227633933 226
25 2829.5438460819 234
26 2808.38934425512 242
27 2790.20521850739 250
28 2774.41971252388 258
29 2758.65594250768 266
30 2741.51135628617 274
31 2722.22736051502 282
32 2700.87567729375 291
33 2677.27484104094 299
34 2652.13971394942 307
35 2623.88299288659 315
36 2591.73512160321 323
37 2557.16848762802 331
38 2519.3500113479 339
39 2474.68086413556 347
40 2427.83394232196 356
41 2385.84593531776 364
42 2353.7335254914 373
43 2331.79105938306 381
44 2316.96142445145 389
45 2306.087927477 397
46 2297.59516292887 405
47 2290.79035467727 413
48 2285.38464555909 421
49 2281.04565348031 429
50 2277.423549554 437
51 2274.39917740982 446
52 2271.81026906396 454
53 2269.62459902803 462
54 2267.81924946206 470
55 2266.33848068938 478
56 2265.13634292483 486
57 2264.16508569477 494
58 2263.37656444484 502
59 2262.7311968862 510
60 2262.19953292636 519
61 2261.76006987982 527
62 2261.39621111126 535
63 2261.09406598087 543
64 2260.84165619035 551
65 2260.6290120084 559
66 2260.44836174223 568
67 2260.29400840971 576
68 2260.16190313329 585
69 2260.04909838247 594
70 2259.95326078451 602
71 2259.8723418188 612
72 2259.80441476642 620
73 2259.74763320966 628
74 2259.70025575183 636
75 2259.66069253053 644
76 2259.62754476467 652
77 2259.59962368098 660
78 2259.57594748057 669
79 2259.55572228414 677

0 11773.0912338453 28
1 11170.0301981953 36
2 10432.4691362263 44
3 9458.26692484886 53
4 8321.76987756681 61
5 7215.39792508285 69
6 6201.19093531714 77
7 5234.65048552288 85
8 4340.61321943918 94
9 3668.16028896752 102
10 3216.4029688381 110
11 2926.86603895943 119
12 2740.39088355086 127
13 2611.00242132437 135
14 2515.03634862525 143
15 2445.33196446251 152
16 2398.06636135143 160
17 2367.25533783927 168
18 2346.68657021669 176
19 2332.12377331573 184
20 2321.11105707209 192
21 2312.49553804572 200
22 2305.51700728757 208
23 2299.74280949549 216
24 2294.87611735032 225
25 2290.71337108696 233
26 2287.12269027517 241
27 2283.95206754598 249
28 2281.17903575708 257
29 2278.79033499823 265
30 2276.74449684933 274
31 2275.02489670683 282
32 2273.59588916873 290
33 2272.40242990571 298
34 2271.39282434192 307
35 2270.5275257424 315
36 2269.77797573498 324
37 2269.12329268017 332
38 2268.54749694747 340
39 2268.0376883657 348
40 2267.58293652535 356
41 2267.17354151264 364
42 2266.80052211533 372
43 2266.45588003701 380
44 2266.13442843196 388
45 2265.8344867507 396
46 2265.5550496332 404
47 2265.29393854274 412
48 2265.04853549879 420
49 2264.81713404996 428
50 2264.60017369418 436
51 2264.40093738843 444
52 2264.22411652073 452
53 2264.0720908225 460
54 2263.94278801425 468
55 2263.83121886128 476
56 2263.73196905026 484
57 2263.64038268728 493
58 2263.55261547454 501
59 2263.46537312412 510
60 2263.37582047488 518
61 2263.2817886442 526
62 2263.18202145273 534
63 2263.07597666182 542
64 2262.96369707885 550
65 2262.84801845774 558
66 2262.73774246274 567
67 2262.64347673669 574
68 2262.56891278707 582
69 2262.51036952729 590
70 2262.46209617429 599
71 2262.41948281278 607
72 2262.37949714797 615
73 2262.34018502757 623
74 2262.30018835375 631
75 2262.25848849002 639
76 2262.2143609588 647
77 2262.16747858376 656
78 2262.11802428753 664
79 2262.06658542655 672
80 2262.01370103621 680
81 2261.95934397322 688
82 2261.90297412318 697
83 2261.84445575462 706
84 2261.78513056394 714
85 2261.72782145287 722
86 2261.67546741375 730
87 2261.62951682677 739
88 2261.58943333375 747
89 2261.55350182461 755
90 2261.51999100238 763
91 2261.487832117 771
92 2261.45669774794 779
93 2261.42674149717 787
94 2261.39826133462 795
95 2261.37144995121 803
96 2261.34629402541 811
97 2261.32260344593 819
98 2261.30011280767 827

0 11581.3614276366 28
1 10946.0841090888 36
2 10172.5345356745 44
3 9107.29575263959 52
4 7785.18101288647 60
5 6441.90137194083 69
6 5312.72555331077 77
7 4462.4517628025 86
8 3830.60130851731 94
9 3373.2916343907 102
10 3049.92774794791 111
11 2820.91730214233 119
12 2661.69747689205 127
13 2553.19627441441 135
14 2479.66354392094 143
15 2429.45796809489 151
16 2396.24862963349 159
17 2373.63744381094 167
18 2357.18388171919 175
19 2344.72627416992 183
20 2335.01890693916 191
21 2327.1825267709 199
22 2320.70876075934 207
23 2315.35418939179 215
24 2310.95866662248 223
25 2307.34465682533 231
26 2304.35696987176 239
27 2301.87668382713 247
28 2299.81610037318 256
29 2298.11416046205 264
30 2296.69540544524 272
31 2295.46953413212 280
32 2294.36621576809 289
33 2293.30114085649 297
34 2292.16573396005 305
35 2291.08165080903 313
36 2290.00049399049 321
37 2288.8979074086 330
38 2287.7468926531 338
39 2286.54312353596 346
40 2285.18636503902 354
41 2283.78613185526 362
42 2282.34815389828 370
43 2280.88438050721 378
44 2279.43861700671 386
45 2278.06143206343 395
46 2276.78864799401 403
47 2275.64052607102 411
48 2274.62332769111 419
49 2273.72280587769 427
50 2272.86110664683 435
51 2272.08483034534 443
52 2271.38865956541 451
53 2270.74217766379 459
54 2270.12530192183 467
55 2269.56496793347 476
56 2269.04308962078 484
57 2268.52916499387 493
58 2268.02689147994 502
59 2267.57141833573 510
60 2267.15175424641 520
61 2266.75510074343 528
62 2266.39547146739 536
63 2266.06545803745 544
64 2265.75651883789 552
65 2265.46524089155 561
66 2265.19373115153 568
67 2264.9459069015 577
68 2264.72412119536 585
69 2264.5281772752 593
70 2264.35563526518 601
71 2264.202509341 609
72 2264.0640021184 617
73 2263.9350685338 625
74 2263.81075094011 633
75 2263.68649619165 641
76 2263.55895881758 649
77 2263.42751622818 657
78 2263.29498573347 665
79 2263.16532328787 673
80 2263.04058060528 682
81 2262.92134777587 690
82 2262.80877378705 699
83 2262.704374163 708
84 2262.60824792985 716
85 2262.51801958847 724
86 2262.42905674858 732
87 2262.33557231619 740
88 2262.23256623161 748
89 2262.11783056044 756
90 2261.99160631733 765
91 2261.85436558747 773
92 2261.70940975869 781
93 2261.56933706668 789
94 2261.45086438414 797
95 2261.3619788133 805
96 2261.29996303772 813
97 2261.25750554391 822
98 2261.22757662152 830
99 2261.20509744362 838

0 11726.0120066354 28
1 11244.7389829206 36
2 10681.4291379869 45
3 9943.04294465378 54
4 8982.69360725058 62
5 7898.4815143248 70
6 6871.52478272745 79
7 5933.15398346325 87
8 5106.03476034702 95
9 4397.80795018842 103
10 3858.58946641202 111
11 3467.90894556324 119
12 3204.10858712185 127
13 3027.18359973484 135
14 2908.75686991177 143
15 2827.59930514761 151
16 2766.0199330803 159
17 2718.73762455012 167
18 2682.0892667047 175
19 2652.78087656381 183
20 2627.65174277476 191
21 2604.54889690387 199
22 2582.34631430501 207
23 2560.12358282311 215
24 2535.57666471907 223
25 2509.10875334545 231
26 2480.3544614666 240
27 2449.99017349253 248
28 2417.70631209148 256
29 2387.25504717854 265
30 2359.8835525211 273
31 2339.86210465531 281
32 2326.03202658046 289
33 2316.34072370668 297
34 2308.99530869357 306
35 2303.00801377031 313
36 2297.9675508063 322
37 2293.63300695985 329
38 2289.89541894745 337
39 2286.63619305457 345
40 2283.7452359766 353
41 2281.22621177931 361
42 2279.03376039809 370
43 2277.09776007534 377
44 2275.34615319163 386
45 2273.78322655701 393
46 2272.41196287455 401
47 2271.21957083722 409
48 2270.18109819244 418
49 2269.27014421433 426
50 2268.46295113979 434
51 2267.73820632044 442
52 2267.07725065658 450
53 2266.46490359584 458
54 2265.89199840041 467
55 2265.36053578161 475
56 2264.88385108446 483
57 2264.47356952345 492
58 2264.12815509585 500
59 2263.8362117794 508
60 2263.58457665313 516
61 2263.36258180428 524
62 2263.1629310847 532
63 2262.98132349131 540
64 2262.81571699516 548
65 2262.665351374 556
66 2262.52968143716 564
67 2262.40762326412 572
68 2262.29740796432 580
69 2262.19693184802 588
70 2262.1042474819 596
71 2262.01790661292 604
72 2261.93704144707 613
73 2261.86119737393 621
74 2261.7900097081 629
75 2261.72286771657 637
76 2261.65869941188 645
77 2261.5959338023 654
78 2261.53261917843 662
79 2261.4666692621 670
80 2261.39627556154 679
81 2261.32056164885 687
82 2261.24034275101 695
83 2261.1583462963 703
84 2261.07827494184 711
85 2261.00335408752 719
86 2260.93566844521 727
87 2260.87634446694 735
88 2260.82577187772 743
89 2260.78360790861 751
90 2260.7488074552 759
91 2260.71980535138 767
92 2260.69474963979 775
93 2260.67165884743 783
94 2260.64849021449 791
95 2260.6232448825 799
96 2260.59432952812 807
97 2260.56126651523 815
98 2260.52529312472 823
99 2260.48898307116 831
100 2260.45490483532 839
101 2260.42453299798 848
102 2260.39813026687 856
103 2260.37518939056 864
104 2260.35489234209 873

0 11640.567621996 28
1 11088.6003598721 36
2 10433.328043179 45
3 9536.54894638219 53
4 8362.91273381651 61
5 7047.20568463891 69
6 5844.49118840973 77
7 4914.31483792699 85
8 4247.90970359979 93
9 3794.99414489855 101
10 3484.25978932952 109
11 3258.33888143704 117
12 3093.00416989148 125
13 2966.86990049757 134
14 2873.96957234679 142
15 2806.16536556182 150
16 2757.88772553734 158
17 2725.27378305593 166
18 2703.85417874777 174
19 2689.36859630217 183
20 2679.54230926563 191
21 2672.73945244385 200
22 2667.9915408443 209
23 2664.69228003864 217
24 2662.37911683114 226
25 2660.7102089643 235
26 2659.45399211414 244
27 2658.45370309782 252
28 2657.60034580118 261
29 2656.84649785643 269
30 2656.15200062095 277
31 2655.50412667416 285
32 2654.91185274076 293
33 2654.38398863943 301
34 2653.92054737804 310
35 2653.51673731566 317
36 2653.16605942568 325
37 2652.86173506957 333
38 2652.59724273104 342
39 2652.36599251994 350
40 2652.1609532901 357
41 2651.97458846593 365
42 2651.79888250567 373
43 2651.62569169194 382
44 2651.44850908154 390
45 2651.26579272083 399
46 2651.08218046507 407
47 2650.90456688327 415
48 2650.73762484495 423
49 2650.58306236535 432
50 2650.44077836901 440
51 2650.30975732439 448
52 2650.18854779436 456
53 2650.07564872879 464
54 2649.9698572364 472
55 2649.87047100043 480
56 2649.77728940703 488
57 2649.69046980839 496
58 2649.61033327314 504
59 2649.53717019147 513
60 2649.47106395922 521
61 2649.41177274788 529
62 2649.3587201352 537
63 2649.31109711629 545
64 2649.26801731638 553
65 2649.22865396167 561
66 2649.19231818882 569
67 2649.15847502129 577
68 2649.12671250358 585
69 2649.09668149824 594
70 2649.06801693779 604
71 2649.04024113122 613
72 2649.01263692595 621
73 2648.98406401279 629
74 2648.95268772096 637
75 2648.91565297271 645
76 2648.869028953 653
77 2648.80902789876 661
78 2648.73564843572 670
79 2648.65653153316 678
80 2648.58422234209 686
81 2648.52714203366 694
82 2648.48547485836 702
83 2648.45494521158 710
84 2648.43125383473 718

0 11789.1047321998 29
1 11313.2330338653 37
2 10798.2606439327 45
3 10180.3797615582 53
4 9451.72402203242 61
5 8629.1552857834 69
6 7733.44435097209 77
7 6815.36183742603 86
8 5981.55780075088 94
9 5286.27080955772 102
10 4748.47360910969 110
11 4345.48955502192 118
12 4045.43677292289 127
13 3812.55509359955 135
14 3627.09588865478 143
15 3469.40163059032 151
16 3331.01990983283 159
17 3210.19697473172 167
18 3105.45598593883 175
19 3014.59871732881 183
20 2938.13229902436 191
21 2872.8907511591 199
22 2814.99913785032 207
23 2763.45724798973 215
24 2717.99252778493 223
25 2677.99639429936 231
26 2641.6006517576 239
27 2607.52344836742 247
28 2575.72643246232 255
29 2546.53131845253 263
30 2518.86964912829 271
31 2493.41406716171 280
32 2469.94999325922 289
33 2448.11357935634 297
34 2427.5831003673 306
35 2408.49574840108 314
36 2391.26148838565 322
37 2376.29450405428 330
38 2363.27367290504 338
39 2351.89751462423 346
40 2341.62747550457 354
41 2332.47095645124 362
42 2324.35937208937 370
43 2317.24425487866 379
44 2311.06394856973 387
45 2305.66970070985 395
46 2300.82989909844 403
47 2296.44650094188 412
48 2292.47534256218 419
49 2288.93942389401 428
50 2285.76882378749 436
51 2282.91393212417 444
52 2280.31913467822 452
53 2278.10768497305 461
54 2276.20155213165 468
55 2274.51753579947 477
56 2272.99948136304 485
57 2271.64867933299 494
58 2270.43790826597 502
59 2269.33398793008 510
60 2268.33657026452 518
61 2267.44162950106 527
62 2266.66188212375 535
63 2265.99608164305 543
64 2265.42895428728 551
65 2264.94240245168 559
66 2264.52035458282 567
67 2264.14994945925 575
68 2263.82099264642 583
69 2263.52536687756 591
70 2263.25700412881 599
71 2263.01226390291 607
72 2262.78991323366 615
73 2262.58985133083 623
74 2262.41128144104 631
75 2262.25207411374 639
76 2262.1094944703 648
77 2261.981075601 656
78 2261.864949081 664
79 2261.75974953958 672
80 2261.66438991898 681
81 2261.57788113632 689
82 2261.49924429819 697
83 2261.42749793907 705
84 2261.36168346097 713
85 2261.30089741813 722
86 2261.24431266875 730
87 2261.19118375993 738
88 2261.14084381834 746
89 2261.09270934952 754
90 2261.04631009214 762
91 2261.00134575971 770
92 2260.95774137798 778
93 2260.91565216584 786
94 2260.87539357349 794
95 2260.83733535073 802
96 2260.80182854401 810
97 2260.76918699028 818
98 2260.73968042476 826
99 2260.71349517955 835
100 2260.69067224956 843
101 2260.67106996342 851

0 11572.0293351944 29
1 11090.7367368188 37
2 10531.9566640513 46
3 9805.1254586527 54
4 8850.81385301616 62
5 7723.00338500653 72
6 6595.3992809786 80
7 5621.65466935268 89
8 4853.10661694042 97
9 4253.9108187594 105
10 3799.56013852989 113
11 3461.304439288 121
12 3201.45969989116 129
13 3005.896303153 137
14 2855.86595106631 145
15 2735.66833558731 153
16 2632.47307983992 161
17 2540.86959513156 169
18 2463.38981398784 177
19 2403.39451983538 185
20 2363.55856274495 194
21 2338.98335547351 202
22 2324.43195138501 210
23 2315.45913140473 218
24 2309.29648367242 226
25 2304.71989501317 234
26 2301.15996689094 243
27 2298.285541315 252
28 2295.85560543837 260
29 2293.69480504283 268
30 2291.69385489886 276
31 2289.78406841593 284
32 2287.92565643505 293
33 2286.12653002233 300
34 2284.40048615583 309
35 2282.74114318671 316
36 2281.1248192831 324
37 2279.49315876166 332
38 2277.83955616052 341
39 2276.3189733716 349
40 2274.97345003048 357
41 2273.75562289804 365
42 2272.62924240279 373
43 2271.61813171932 381
44 2270.76300654235 389
45 2270.06468529234 397
46 2269.46136877597 405
47 2268.94006285812 413
48 2268.49899896539 422
49 2268.10912106153 430
50 2267.74903750768 438
51 2267.40613609686 447
52 2267.07377498809 455
53 2266.7456022304 463
54 2266.41536010183 471
55 2266.08539196519 480
56 2265.76426315842 488
57 2265.45787813515 496
58 2265.1692875238 504
59 2264.8997877301 512
60 2264.64835454173 520
61 2264.41088643074 528
62 2264.18026425794 536
63 2263.94781538377 545
64 2263.70555870206 553
65 2263.44774174149 561
66 2263.17269341202 569
67 2262.88581316725 578
68 2262.60149086517 586
69 2262.33825995732 594
70 2262.10815142885 602
71 2261.91284793763 610
72 2261.74766256817 618
73 2261.6062119827 626
74 2261.48277352155 634
75 2261.37283062905 643
76 2261.27286488625 651
77 2261.17988531543 660
78 2261.09045616379 668
79 2260.99969752335 676
80 2260.90614915753 684
81 2260.81565210518 692
82 2260.73321493144 700
83 2260.66027752475 708
84 2260.59639835489 716
85 2260.54051451304 724
86 2260.49143852248 732
87 2260.44803504759 740
88 2260.40929449057 748
89 2260.37436298433 756
90 2260.34254302802 764
91 2260.31327352241 772
92 2260.28609761831 780
93 2260.26062377628 788
94 2260.23648126743 797
95 2260.21326881069 805
96 2260.190495931 813
97 2260.16752254486 821
98 2260.14351715359 829
99 2260.11748432216 837
100 2260.08845384956 846
101 2260.05592135862 855
102 2260.02044844894 863
103 2259.98394607663 871
104 2259.94906724766 879
105 2259.91790681646 888
106 2259.89107725654 896
107 2259.86783253623 904
108 2259.84683427402 912

0 11697.1569317175 28
1 11171.9998324784 36
2 10487.4499538547 44
3 9546.52991097479 53
4 8421.2112683067 61
5 7313.85273653228 69
6 6345.28747186516 77
7 5488.56471153601 85
8 4709.86279423655 93
9 4032.19498827193 101
10 3495.99689315749 109
11 3100.53127465733 117
12 2830.64039489852 125
13 2649.8663942739 134
14 2531.83939495743 142
15 2455.8152638261 151
16 2406.98200788899 159
17 2374.88730193333 167
18 2352.82389105397 175
19 2336.47961553191 183
20 2323.53418555117 192
21 2312.79049625993 200
22 2303.86716206844 208
23 2296.5440290223 216
24 2290.54058624482 224
25 2285.62726299906 232
26 2281.61136548787 240
27 2278.34100789835 248
28 2275.68547763713 257
29 2273.52758268831 265
30 2271.7637109187 273
31 2270.31304137473 282
32 2269.11660040014 290
33 2268.12443550344 298
34 2267.29076891933 306
35 2266.57824055885 314
36 2265.95917838164 322
37 2265.41248640006 330
38 2264.91947054593 339
39 2264.45952053823 348
40 2264.0221769576 356
41 2263.6164544534 364
42 2263.24984100598 372
43 2262.92565989225 380
44 2262.64211951461 388
45 2262.39364488108 396
46 2262.17298351311 404
47 2261.97255275088 412
48 2261.78535012879 420
49 2261.60595781525 428
50 2261.43145302034 436
51 2261.26162906227 444
52 2261.09846321598 452
53 2260.9453328685 461
54 2260.80605638725 469
55 2260.68359063192 477
56 2260.5789076961 485
57 2260.49078495501 492
58 2260.41645043495 501
59 2260.35241689513 509
60 2260.29497225989 517
61 2260.24017363013 525
62 2260.18342159575 533
63 2260.11888538818 542
64 2260.03965898426 551
65 2259.94069774725 559
66 2259.82548688675 568
67 2259.70923270999 577
68 2259.6092511047 585
69 2259.53301874536 594
70 2259.47813802779 602
71 2259.43865513048 610
72 2259.40920819429 618
73 2259.38611929461 627
74 2259.36715540389 635

0 11706.0860390545 28
1 11132.9211324501 37
2 10340.9163381668 46
3 9158.48964089204 54
4 7563.82680485352 62
5 5866.79324668405 70
6 4492.1509271327 78
7 3585.55315356449 86
8 3028.76394311216 94
9 2703.87318328445 102
10 2517.35327776466 111
11 2412.97800192801 119
12 2357.50525770335 127
13 2327.75479822747 136
14 2309.79882085812 144
15 2298.21890486451 152
16 2290.31028598768 160
17 2284.49609736141 168
18 2280.06822145878 176
19 2276.83326446824 184
20 2274.43168770498 192
21 2272.59502926965 200
22 2271.14518566073 208
23 2269.97520737956 216
24 2269.0270276357 224
25 2268.26424117656 232
26 2267.65121309524 241
27 2267.15063257544 249
28 2266.73062120197 257
29 2266.36890846478 265
30 2266.05177703564 273
31 2265.77087034264 282
32 2265.52057673141 290
33 2265.29689665757 298
34 2265.09712369039 307
35 2264.91941057761 315
36 2264.76204526211 323
37 2264.62288742484 331
38 2264.49938555174 340
39 2264.38905914891 348
40 2264.28996469042 356
41 2264.20082610924 364
42 2264.12084848995 372
43 2264.04940641142 381
44 2263.98579243993 389
45 2263.92911581417 397
46 2263.87833512783 405
47 2263.83235103923 414
48 2263.7900885153 422
49 2263.75053119861 430
50 2263.71269700478 439
51 2263.67554895863 448
52 2263.63781950169 456
53 2263.59769285165 464
54 2263.55224214859 472
55 2263.49651332454 480
56 2263.42262675125 488
57 2263.32199159516 497
58 2263.19657658684 505
59 2263.06657716589 513
60 2262.95315283232 521
61 2262.86346409605 529
62 2262.79422238384 538
63 2262.73915803026 546
64 2262.69294730273 554
65 2262.65217005447 562
66 2262.61502225082 570
67 2262.58075227327 578
68 2262.54916324756 586
69 2262.52025544236 594
70 2262.49400482761 601
71 2262.47025540669 610
72 2262.44869515908 618

0 11652.0755071508 28
1 11020.0768759454 36
2 10235.3200373315 45
3 9183.06840892058 53
4 7870.57457969507 61
5 6476.37871070863 69
6 5254.21228634391 77
7 4316.91371441242 85
8 3655.10918929099 93
9 3193.31948614913 102
10 2891.65929643309 110
11 2697.20975494429 119
12 2572.90380197293 127
13 2491.65344445434 135
14 2437.71058709242 143
15 2398.18103118566 151
16 2368.55499537004 159
17 2346.50154052103 167
18 2330.77558922055 175
19 2319.12362886048 183
20 2310.15417237148 191
21 2303.06326754388 200
22 2297.60824302265 208
23 2293.60910712664 216
24 2290.57775079029 224
25 2288.16089011114 232
26 2286.12237704953 240
27 2284.28952121969 249
28 2282.55739885946 257
29 2280.89246290294 265
30 2279.20758320945 274
31 2277.51338184003 282
32 2276.00592124589 291
33 2274.68168393963 299
34 2273.49129670908 308
35 2272.40614342273 316
36 2271.40208739434 324
37 2270.45648866307 332
38 2269.55245237231 341
39 2268.68896919316 349
40 2267.87706864493 357
41 2267.12834796304 365
42 2266.451813044 373
43 2265.85263161173 381
44 2265.33085294166 389
45 2264.88106126871 397
46 2264.49298638639 405
47 2264.1474243035 413
48 2263.80800898934 421
49 2263.48029352759 429
50 2263.17185570448 437
51 2262.84993535808 446
52 2262.45974968331 454
53 2261.99293148229 462
54 2261.48194427978 470
55 2261.09320434857 478
56 2260.83674969263 487
57 2260.65960931335 495
58 2260.52801307753 504
59 2260.42406830056 512
60 2260.33798713754 521
61 2260.26403552779 529
62 2260.19865383404 538
63 2260.13954778007 546
64 2260.08521886063 554
65 2260.03471151275 563
66 2259.98747231998 571
67 2259.94326007048 579
68 2259.90206456125 587
69 2259.86400990401 595
70 2259.82924281625 603
71 2259.79783033497 611
72 2259.76969850363 619
73 2259.74462748944 628
74 2259.72229235055 636

0 11782.0007803741 28
1 11291.8743942783 36
2 10794.5884276286 44
3 10188.3025877402 52
4 9391.89926631136 60
5 8433.45734152411 70
6 7487.57674430226 78
7 6706.02288322456 87
8 6106.69499211409 95
9 5667.39120403794 104
10 5355.56367959644 112
11 5136.58411916759 121
12 4978.05430526149 129
13 4859.26511592909 137
14 4761.79006273076 145
15 4678.2590877254 152
16 4603.30000663652 160
17 4535.13348246547 169
18 4472.13742636159 177
19 4412.26806362832 185
20 4354.12855619689 194
21 4297.65551884518 202
22 4240.25766570836 210
23 4179.59561002613 218
24 4114.79101389336 227
25 4042.82361049905 235
26 3963.46945745473 244
27 3878.10098332841 252
28 3784.81232571131 260
29 3684.40066229458 268
30 3573.41081551437 276
31 3451.64016866284 285
32 3328.25804836218 293
33 3202.44762537936 302
34 3072.00712284597 310
35 2939.71405823878 318
36 2823.93981708565 326
37 2730.79169838274 334
38 2651.2789801016 343
39 2582.6819541463 351
40 2525.02685266013 359
41 2478.21552753722 367
42 2439.70372427308 375
43 2407.1344682541 383
44 2380.7394216915 391
45 2359.23651590292 399
46 2342.64798321941 407
47 2329.56936580892 415
48 2318.83657027736 424
49 2310.13882074823 432
50 2303.09727283691 440
51 2297.45768538622 449
52 2292.83877702247 457
53 2288.78339490605 465
54 2285.26886804059 473
55 2282.28729051428 482
56 2279.75573994285 490
57 2277.61419251787 498
58 2275.79032424583 507
59 2274.20951902725 515
60 2272.8145970621 523
61 2271.5776238525 531
62 2270.49097757078 539
63 2269.54587471892 547
64 2268.72461185215 555
65 2268.00605686626 563
66 2267.36999782607 572
67 2266.79858044945 580
68 2266.27670068717 588
69 2265.79259044549 596
70 2265.33942107389 604
71 2264.91694608655 612
72 2264.53068395649 620
73 2264.18816640948 628
74 2263.89459799715 636
75 2263.6500907701 644
76 2263.44961132123 652
77 2263.28530160106 660
78 2263.14914907076 669
79 2263.03446669169 677
80 2262.93619958046 685
81 2262.85068360155 694
82 2262.77529291811 702
83 2262.70813992584 710
84 2262.64785389379 718
85 2262.59342293078 726
86 2262.54407959279 734
87 2262.49921610859 742
88 2262.45832107797 751
89 2262.42093237739 759
90 2262.38660057617 767
91 2262.3548548305 775
92 2262.32516042943 783
93 2262.29685337661 791
94 2262.26902905979 799
95 2262.24034304046 807
96 2262.20864645544 815
97 2262.17033920057 824
98 2262.11942370188 832
99 2262.04726405037 840
100 2261.9475978555 849
101 2261.82929427778 857
102 2261.71588411843 866
103 2261.6248116407 874
104 2261.55900242243 883
105 2261.51333966724 891
106 2261.4813333771 900
107 2261.45789450101 908
108 2261.43970861447 917

0 11775.6236041838 29
1 11309.2384868783 37
2 10747.6762667793 45
3 9964.33379767031 53
4 8919.61389998174 61
5 7743.30975848203 69
6 6661.0330765007 77
7 5730.05268504016 85
8 4980.72309900508 93
9 4388.16635965492 101
10 3929.37139117021 109
11 3574.90623692372 117
12 3295.93491627639 126
13 3081.81894887231 134
14 2930.95967364199 142
15 2835.66631917067 150
16 2776.80732344787 158
17 2740.19286774341 167
18 2716.59470249926 175
19 2700.52024474269 184
20 2689.33304063316 192
21 2681.64534666481 200
22 2676.41556284737 208
23 2672.83646308657 216
24 2670.30562550409 224
25 2668.4383063736 232
26 2667.0060761973 241
27 2665.86806917815 249
28 2664.92188859615 257
29 2664.11653062004 265
30 2663.41363957915 273
31 2662.78402875581 282
32 2662.22410112352 290
33 2661.74376815286 298
34 2661.3416571487 306
35 2661.00352740913 314
36 2660.71185922071 322
37 2660.45099645111 330
38 2660.20894889931 338
39 2659.97861367662 346
40 2659.75828889731 354
41 2659.5499286654 362
42 2659.35541201887 371
43 2659.17342591295 379
44 2658.99838666252 388
45 2658.82088495056 396
46 2658.62997655041 404
47 2658.41948396154 412
48 2658.19486485146 421
49 2657.96865131442 429
50 2657.74938346574 437
51 2657.54077031678 445
52 2657.34578393711 453
53 2657.16642578175 462
54 2657.00192206166 470
55 2656.84906465453 479
56 2656.70416187522 487
57 2656.5650978781 495
58 2656.43246953535 503
59 2656.30896641079 511
60 2656.19727165531 519
61 2656.09824351339 528
62 2656.01067964475 536
63 2655.93219472832 544
64 2655.86011505483 552
65 2655.79193344501 560
66 2655.72546880112 569
67 2655.65897084058 577
68 2655.59126454329 586
69 2655.5218742145 595
70 2655.45098784346 603
71 2655.37919627179 611
72 2655.30716714043 620
73 2655.23555198487 628
74 2655.16522584538 637
75 2655.09755897157 645
76 2655.03427303588 653
77 2654.9768183018 661
78 2654.92575976311 669
79 2654.88067311699 677
80 2654.8405257133 686
81 2654.80415802931 694
82 2654.77058339504 703
83 2654.73907410278 711
84 2654.70912543637 719
85 2654.68038422411 727
86 2654.65258500218 735
87 2654.62550421318 743
88 2654.59892754964 752
89 2654.57261976764 760

0 11917.5192320459 30
1 11468.8240417913 38
2 11003.7404468894 46
3 10422.4467726548 55
4 9634.6408676907 63
5 8635.41318425713 71
6 7529.22839714252 80
7 6467.78675613001 88
8 5536.41876062995 96
9 4734.37523424651 104
10 4050.9866603785 112
11 3482.16131901711 120
12 3054.93338332416 128
13 2769.44242278177 137
14 2597.48403881439 145
15 2498.34197478398 154
16 2444.60261915699 162
17 2413.13620984838 170
18 2390.69175553743 177
19 2371.23403818596 185
20 2354.7846207153 194
21 2342.10165482376 201
22 2333.00873264189 210
23 2326.48250684132 218
24 2321.44078234357 227
25 2317.10880619057 235
26 2313.28611991111 244
27 2309.81981441185 252
28 2306.6126922914 260
29 2303.60283933643 268
30 2300.75072492042 277
31 2298.02331688173 285
32 2295.39051892782 293
33 2292.83238402678 301
34 2290.33507325653 309
35 2287.8653863996 318
36 2285.43777411695 326
37 2283.26618152294 334
38 2281.40943784358 342
39 2279.78566298195 350
40 2278.32728455214 359
41 2276.9836670307 367
42 2275.70278063092 376
43 2274.48779012936 384
44 2273.36315504994 392
45 2272.33198403383 400
46 2271.39000616153 408
47 2270.52983528512 417
48 2269.74442473015 425
49 2269.02867882711 434
50 2268.37833337578 442
51 2267.78842036469 450
52 2267.25308427735 458
53 2266.76637039749 466
54 2266.32295124417 474
55 2265.91835615574 483
56 2265.54878253653 492
57 2265.21067571859 500
58 2264.90029005191 508
59 2264.6134758217 516
60 2264.34593424329 525
61 2264.09413479358 533
62 2263.85672662503 541
63 2263.63534768308 549
64 2263.43340148123 558
65 2263.2533033162 566
66 2263.09451432381 574
67 2262.9525261002 582
68 2262.81925407133 590
69 2262.6950871247 598
70 2262.58423187236 606
71 2262.48613088257 614
72 2262.39931263292 623
73 2262.32248152646 632
74 2262.25449944172 640
75 2262.19431968558 648
76 2262.14096886322 657
77 2262.09355343137 665
78 2262.0512707482 673
79 2262.01341514095 681
80 2261.9793767189 689
81 2261.94863437174 697
82 2261.92074557307 705
83 2261.89533533764 713
84 2261.87208585933 721
85 2261.85072754423 729

0 11679.3619647207 29
1 10924.8616527409 37
2 9875.89262051787 45
3 8448.17781084055 53
4 6825.10649213866 61
5 5384.19548742377 69
6 4349.74499198181 77
7 3677.5712836109 86
8 3236.27123064316 94
9 2941.50857726459 103
10 2750.36322956175 111
11 2625.17068331883 119
12 2541.8769151401 127
13 2479.86995808246 135
14 2430.70561386478 143
15 2392.62492659768 152
16 2364.57054853852 160
17 2342.99386447442 168
18 2326.48788988857 177
19 2313.59540416759 185
20 2303.47757605328 193
21 2295.40764799139 201
22 2289.00764633211 209
23 2283.93889015695 217
24 2279.90339282675 226
25 2276.63727164309 234
26 2273.93450592726 242
27 2271.66604671778 251
28 2269.7629387376 259
29 2268.16898608137 267
30 2266.83382418627 275
31 2265.72012056589 284
32 2264.79959084527 292
33 2264.04235366213 301
34 2263.41629619906 309
35 2262.89232210745 317
36 2262.44680784979 326
37 2262.06153614374 334
38 2261.72265077572 342
39 2261.41936417773 350
40 2261.14308801908 358
41 2260.88777947488 366
42 2260.65133064633 374
43 2260.43572983759 382
44 2260.24424739455 390
45 2260.07844022635 398
46 2259.93807652005 406
47 2259.82205254122 414
48 2259.72815910366 422
49 2259.65284962218 431
50 2259.59196919636 439
51 2259.541713164 447
52 2259.49909032955 455
53 2259.46189936133 463
54 2259.42850155315 471
55 2259.39758273871 479
56 2259.36797020334 487
57 2259.33851444402 495
58 2259.3080491384 503
59 2259.27547822673 513
60 2259.24006844615 521
61 2259.20196156784 529
62 2259.16266006018 538
63 2259.12493016013 547
64 2259.09178509039 555
65 2259.06513226699 563
66 2259.04515893735 571

0 11837.8100342869 28
1 11375.6868100391 37
2 10825.1386828967 45
3 9995.62077484437 53
4 8789.48974536628 61
5 7443.7679269523 69
6 6408.53170213922 78
7 5772.26399814377 86
8 5394.05518970487 94
9 5153.11149078999 102
10 4973.74829036362 110
11 4828.06533509641 118
12 4703.14186519852 126
13 4593.47637768478 134
14 4488.92808536388 143
15 4384.9239360888 152
16 4280.7535617952 160
17 4172.27181648013 168
18 4057.42920418151 176
19 3934.76314980478 184
20 3806.64225561669 192
21 3675.83155998313 200
22 3544.49152492732 209
23 3417.28762499607 217
24 3293.00584039713 225
25 3176.59859626205 232
26 3068.10321214143 240
27 2969.41744362759 249
28 2879.70550089283 257
29 2798.25351675907 265
30 2723.71475170743 273
31 2656.21961470417 281
32 2596.13252689347 289
33 2543.97868196865 297
34 2498.46927097769 305
35 2459.99652897594 313
36 2428.13329191185 321
37 2401.5737470554 330
38 2379.45315744887 338
39 2361.46539051945 346
40 2346.91669683183 354
41 2334.91213974798 362
42 2324.8532184826 371
43 2316.45453620202 379
44 2309.27943342137 387
45 2303.13704660694 395
46 2297.91513602994 403
47 2293.46161502887 411
48 2289.67082932073 419
49 2286.44963625419 427
50 2283.6496914268 435
51 2281.08405069876 443
52 2278.73978787688 452
53 2276.68599219359 460
54 2274.89863527224 468
55 2273.34270560752 476
56 2271.98380732166 484
57 2270.79189679129 493
58 2269.73949965558 501
59 2268.80754378592 510
60 2267.98496685457 518
61 2267.26231436048 527
62 2266.62817367049 535
63 2266.06986766857 544
64 2265.57530234533 552
65 2265.13397547188 561
66 2264.73691209208 570
67 2264.37619386314 578
68 2264.04495788898 586
69 2263.73827838906 594
70 2263.45413879771 602
71 2263.19280246486 610
72 2262.95452848396 618
73 2262.7379975613 626
74 2262.54061846315 635
75 2262.35949566097 643
76 2262.19192175121 651
77 2262.03527038756 659
78 2261.88646772431 667
79 2261.74118541679 675
80 2261.59332542782 683
81 2261.43662079339 691
82 2261.27035356653 699
83 2261.10480120046 707
84 2260.95543084986 715
85 2260.83007314666 723
86 2260.72643042146 731
87 2260.63880425721 740
88 2260.56283342864 749
89 2260.49603657566 757
90 2260.43694616911 765
91 2260.38449454697 773
92 2260.33781991682 781
93 2260.29621835575 789
94 2260.25907593775 797
95 2260.22578450839 806
96 2260.19569372065 814
97 2260.16811296114 822
98 2260.14233643514 830
99 2260.11766109276 838
100 2260.09338625835 846
101 2260.06880273976 854
102 2260.04319000081 862
103 2260.0158454345 870
104 2259.98617048842 878
105 2259.95382462758 886
106 2259.91891297566 894
107 2259.8820996987 903
108 2259.84449923552 911
109 2259.8072850951 919
110 2259.77114757116 927
111 2259.73583573873 935
112 2259.6999539511 943
113 2259.66119692388 952
114 2259.61741462341 960
115 2259.56842065338 968
116 2259.51686027411 976
117 2259.46685165735 984
118 2259.42192317658 992
119 2259.38397712255 1001
120 2259.35331616275 1009
121 2259.32916687701 1017
122 2259.31027292235 1025

