0 9629.10880106059 6
1 9726.31940253825 12
2 8870.86250909475 18
3 7754.10429930093 24
4 5600.35938210307 30
5 5211.91357965887 36
6 4314.72534453563 42
7 3970.13498767756 47
8 3958.64068252928 53
9 3623.12756375887 59
10 3404.76123257516 65
11 3313.70312677102 70
12 3273.29855583636 76
13 3252.0265698963 83
14 3244.49269595784 89
15 3241.43357320123 96
16 3239.84177654302 102
17 3238.94219030349 108
18 3238.42830088246 114
19 3238.13002050196 120

0 10257.6796537967 6
1 10863.8759654534 11
2 10262.9767638648 17
3 7603.9760432793 23
4 6094.07433941746 31
5 5027.38309078632 37
6 4241.23946801341 43
7 4029.62838231969 49
8 3846.66039797402 54
9 3624.93260817242 60
10 3460.95747015499 66
11 3361.03212219611 72
12 3299.48917761033 78
13 3282.37235176793 84
14 3274.01031809926 90
15 3270.12387019138 96
16 3268.2199247717 102
17 3267.26030011941 108
18 3266.68229811625 113
19 3266.33241187574 119

0 10071.8264343877 6
1 10028.3385968984 13
2 9093.16162328204 19
3 7576.07302059522 25
4 6308.6178598605 31
5 5358.41927076514 36
6 4469.01374696413 43
7 3978.91984250954 49
8 3919.21004373272 56
9 3607.66644114343 62
10 3432.98052854447 67
11 3336.08642451013 73
12 3281.14924834822 79
13 3263.6434079918 85
14 3255.62228170129 91
15 3252.35230711548 97
16 3250.59505562971 103
17 3249.76446877382 109
18 3249.28132684915 115
19 3248.9865947236 121

0 9437.88273619617 6
1 9157.24909580017 12
2 8164.314305251 17
3 7003.57027439855 23
4 6171.54642162498 29
5 5022.16071667419 35
6 4412.76399649311 41
7 3978.91689285297 47
8 3850.60608322905 52
9 3618.63033890666 58
10 3433.01158134973 64
11 3327.39834832599 70
12 3287.41248268421 75
13 3268.8580840194 81
14 3261.48583999105 87
15 3257.12170769589 93
16 3254.78127049571 98
17 3253.40971873361 105
18 3252.57876378611 110
19 3252.04895284278 116

0 10497.8141811872 6
1 9641.68655189987 12
2 8792.98042720173 19
3 7619.60082686414 25
4 5412.40338924395 33
5 5208.83327308846 39
6 4239.322994423 44
7 4060.85216104533 50
8 3923.81685577706 56
9 3664.51338727574 62
10 3434.23063664546 68
11 3347.03595671628 74
12 3292.80234656524 80
13 3271.76491688116 85
14 3263.91362727984 91
15 3259.45863586154 97
16 3257.30253390703 103
17 3256.12063815845 109
18 3255.37952520914 114
19 3254.93273442094 120

0 9953.26505362335 6
1 9966.03717563185 12
2 8248.02881466924 18
3 7584.98417645398 24
4 5947.04153761267 30
5 5231.94213503512 36
6 4199.92497106004 42
7 4079.71028104055 47
8 3951.28456063368 53
9 3623.23509291851 59
10 3464.83936053567 65
11 3338.00087666853 71
12 3292.07861767058 77
13 3274.65239135723 84
14 3266.15778785112 90
15 3262.82906881463 96
16 3261.14372624005 103
17 3260.23260188529 109
18 3259.68372040214 115
19 3259.35798664729 121

0 9289.94156010452 6
1 9129.82863907698 12
2 9061.70866777642 17
3 7187.26235243495 23
4 5684.5399216088 29
5 5330.54575583197 35
6 4223.32456874417 41
7 4067.32312416462 46
8 4018.34756477705 52
9 3639.72989352014 58
10 3465.90735804283 64
11 3335.25321831616 69
12 3285.19976225699 75
13 3264.72494754853 81
14 3257.57377336437 87
15 3253.5899806639 93
16 3251.7124556158 98
17 3250.65753600794 104
18 3250.03191608123 110
19 3249.65374520228 116

0 8918.36059688749 6
1 9353.16515538519 13
2 9218.80571662051 19
3 7444.05536356354 25
4 6282.17068882335 31
5 5161.59743144324 36
6 4367.55714537041 43
7 4064.08809265437 49
8 3948.53261756111 55
9 3627.37478227006 61
10 3453.00856800073 66
11 3340.67315260873 72
12 3295.65121082962 78
13 3276.90170819891 84
14 3268.80991969499 90
15 3264.88934906669 96
16 3262.90870205293 102
17 3261.74988675638 108
18 3261.06596465186 114
19 3260.64293727619 120

0 8774.07646448037 7
1 8721.88284524317 13
2 8925.37052887262 19
3 6962.78370740027 25
4 6329.91356730974 31
5 5139.52457449995 36
6 4454.2749449988 42
7 3998.78474450786 48
8 3965.01746396148 54
9 3644.68906459571 60
10 3447.19701101308 66
11 3325.24379340106 72
12 3277.86400956463 77
13 3258.44867443393 83
14 3248.92075868568 89
15 3245.45748305981 95
16 3243.8062075104 101
17 3242.90019062348 107
18 3242.39279604851 112
19 3242.07015708753 118

0 9454.35351529509 6
1 9343.66706715407 12
2 8162.24736853811 18
3 8171.91607432862 24
4 6101.37561869443 30
5 5118.49066156803 36
6 4233.63703811146 42
7 4042.18861376923 48
8 3987.92851466999 54
9 3651.68023134657 59
10 3420.53879125176 65
11 3340.00738296999 71
12 3292.03199129502 77
13 3273.26314442527 84
14 3266.15851774776 90
15 3262.54587842243 96
16 3260.90853912921 102
17 3259.98446892182 107
18 3259.45185959827 113
19 3259.11516274312 119

0 9629.12116182305 6
1 8815.49154535633 12
2 8488.16620530391 18
3 8281.60836140233 24
4 5911.30245629078 30
5 5301.18656816919 36
6 4346.54471072326 42
7 4005.51352361544 48
8 3902.18830199713 54
9 3647.60835027354 61
10 3452.95264473536 67
11 3347.26715913045 73
12 3289.25313510431 79
13 3265.30992564201 85
14 3255.70521635009 90
15 3251.47839357308 96
16 3249.22065296453 103
17 3248.02803683176 109
18 3247.31577267945 115
19 3246.88245710581 121

0 10004.339525273 6
1 9999.16362260341 12
2 9057.91973520808 17
3 7143.63684450423 23
4 6119.29176206636 29
5 4988.87114206751 35
6 4437.04843269403 41
7 4107.93255861715 47
8 3873.6937075973 53
9 3632.04289103234 59
10 3431.91373287748 64
11 3314.82954407589 70
12 3277.24810990508 76
13 3260.52084624723 82
14 3252.58595436642 88
15 3249.1712421239 94
16 3247.4423521745 100
17 3246.48311007685 105
18 3245.96267497703 111
19 3245.64074040277 117

0 11348.7348639028 6
1 9462.73400819778 11
2 8794.11753552409 17
3 7242.8513649799 23
4 5726.86398604107 29
5 4939.41145670322 35
6 4246.00939015938 41
7 4060.83094227974 46
8 3848.56114915171 52
9 3617.34239049273 58
10 3419.54466881058 64
11 3333.56419143746 70
12 3287.59990033624 76
13 3271.2081225382 82
14 3261.7587768985 88
15 3258.22319021891 94
16 3256.49738623103 100
17 3255.46357706258 106
18 3254.85531637748 112
19 3254.46737617735 118

0 8956.24228444165 6
1 8120.08513226169 12
2 8229.6762176967 17
3 7523.95620743715 23
4 6071.15911571352 29
5 5175.97472322529 35
6 4394.20458237552 41
7 4085.17069013713 47
8 3903.32194978136 52
9 3646.35349277745 58
10 3419.39622567989 64
11 3325.16464619414 70
12 3286.44362862435 76
13 3267.65645318123 81
14 3259.59700007859 87
15 3256.11234442687 93
16 3254.4085609116 99
17 3253.5711606354 104
18 3253.06042530115 110
19 3252.75913769911 116

0 11283.855388698 6
1 8142.3634943396 12
2 8099.57207634482 18
3 6667.46707082648 24
4 5746.92607523046 30
5 5358.70684603642 36
6 4377.59128203903 42
7 3982.26089820574 48
8 3820.39041252077 54
9 3687.06136585367 60
10 3453.49169482094 65
11 3365.48080999951 71
12 3304.27881494913 77
13 3283.25775289172 83
14 3273.27740604476 88
15 3269.09004962346 94
16 3267.02438688909 100
17 3265.83618069935 106
18 3265.15435963599 112
19 3264.73387598805 117

0 9870.83345168301 6
1 9547.74581020799 12
2 10314.8209749448 17
3 7908.88864162498 23
4 6458.25969296854 29
5 5182.66004986996 35
6 4654.40006684926 41
7 4079.4181777047 47
8 3921.21801954585 52
9 3660.09249791827 58
10 3467.09829722279 64
11 3352.98730845939 71
12 3311.07072886351 77
13 3289.16153712828 82
14 3279.5138403887 88
15 3275.06608548974 94
16 3272.7559314858 100
17 3271.42685996864 106
18 3270.68445869185 112
19 3270.20482993808 119

0 9717.61246664848 6
1 8045.11830066635 12
2 9060.11517478139 19
3 7860.63717004672 26
4 6661.39403867329 32
5 5017.34931446225 38
6 4208.69480694636 44
7 3993.24223344079 52
8 3886.52056629411 58
9 3639.13991222384 64
10 3437.58809593335 69
11 3310.41864940898 75
12 3268.78068472407 81
13 3253.07044358962 87
14 3246.20481661469 93
15 3243.28757733825 98
16 3241.85516092048 104
17 3241.07550980137 110
18 3240.6437090911 116
19 3240.38526286929 122

0 8624.21882319684 6
1 10289.7469726753 11
2 8893.07674588138 17
3 7160.12505005746 23
4 6074.00846812851 29
5 5321.74449223766 35
6 4360.54612734068 41
7 4051.69041603806 47
8 3801.71321323667 52
9 3582.5732253876 58
10 3458.03408936595 64
11 3364.24271561306 70
12 3312.87074758206 77
13 3291.78645485636 83
14 3281.92288857351 89
15 3277.0602657944 96
16 3274.44061479868 102
17 3272.89268758881 108
18 3271.94392096509 114
19 3271.35713796273 119

0 8904.15110073077 6
1 9314.14230285859 12
2 8839.99809941849 19
3 7001.45961088735 25
4 6649.66854329416 31
5 5075.67255324499 37
6 4471.68899163298 42
7 4035.20267056792 48
8 3977.00342143535 54
9 3596.94428800084 60
10 3444.92479509911 66
11 3337.57133967241 72
12 3298.33444701363 77
13 3279.79655263129 83
14 3273.04950517296 89
15 3269.96389296232 95
16 3268.42669528652 102
17 3267.53836076451 108
18 3267.00702806887 115
19 3266.67828484267 121

0 8768.4012919296 6
1 10483.9811825276 12
2 8839.35247703805 17
3 8666.78094455436 23
4 6609.49526038792 30
5 5183.70313258749 36
6 4337.1411496086 42
7 4003.35484513203 48
8 3876.69302600162 54
9 3709.2579230865 59
10 3427.07415577885 66
11 3332.05889060963 72
12 3284.75217543658 78
13 3260.43433108047 84
14 3251.56818914991 90
15 3248.31430968093 96
16 3246.6228173414 101
17 3245.7333458204 107
18 3245.21972263154 113
19 3244.9116172802 119

0 8524.24124352444 6
1 8644.98456962212 12
2 9160.38049520304 18
3 7457.06579169115 24
4 6061.67611812017 30
5 5205.41569457459 35
6 4267.43364938931 41
7 4097.61796766991 47
8 3950.45185083566 53
9 3606.99390841333 59
10 3440.51236934219 65
11 3334.82765094773 71
12 3291.96933021841 76
13 3270.9209540809 82
14 3260.58333451055 88
15 3256.38443915886 94
16 3254.12260654616 100
17 3252.76781001758 106
18 3251.96588184845 112
19 3251.46269377743 117

0 9977.0744556798 6
1 8517.63563744711 12
2 10752.3991577049 18
3 7243.56327963678 24
4 6689.9580690513 30
5 4852.69108608792 35
6 4263.87716200464 41
7 4056.59509385809 48
8 3963.34860340096 53
9 3624.35411963523 59
10 3451.97418770687 65
11 3330.94647893439 71
12 3289.15985517968 76
13 3267.94568667941 82
14 3260.34153680895 88
15 3256.58515496269 94
16 3254.85039637097 100
17 3253.90863781884 105
18 3253.3474057594 111
19 3253.00749984462 117

0 10294.7772481242 6
1 8316.27716855245 11
2 9826.60355107451 17
3 7941.71797632877 23
4 6044.84144138723 29
5 5255.0690157623 35
6 4346.68507834842 40
7 4027.04551081644 46
8 3843.92025003482 53
9 3638.6092760376 58
10 3424.44852371682 64
11 3346.03619892195 70
12 3290.90022130451 76
13 3267.70961120738 82
14 3256.12201362874 88
15 3251.70457788627 94
16 3249.39129148638 100
17 3248.0411026675 106
18 3247.27580219666 112
19 3246.80899273324 119

0 10254.3770577485 6
1 9813.45447643635 11
2 8628.22646425711 18
3 8052.04410599985 24
4 6227.6040466926 29
5 5332.16909073639 36
6 4383.15788847057 42
7 4041.61034644927 48
8 3916.25920634407 54
9 3683.06090422941 59
10 3471.77754245475 65
11 3370.79735013976 71
12 3312.27854223672 77
13 3290.59039804833 83
14 3279.87301697704 89
15 3275.21217409401 95
16 3272.67822343107 101
17 3271.32048498702 106
18 3270.48458996446 112
19 3269.96573151741 118

0 9882.98264339171 7
1 8894.43348832968 13
2 7782.0102234171 19
3 6951.25035394827 25
4 5991.30799270552 31
5 5309.44160797758 37
6 4488.05509633656 42
7 4106.91593429231 48
8 3924.98179903137 54
9 3663.04094202388 60
10 3466.65451414008 66
11 3353.35803763114 72
12 3293.68163544833 78
13 3273.57208205004 83
14 3265.4672103524 91
15 3261.324953619 96
16 3259.48631363979 103
17 3258.40045707204 109
18 3257.76986696198 115
19 3257.37915007022 121

0 9371.27813767745 6
1 8073.21535380353 11
2 9685.82335138207 17
3 8319.35403840272 23
4 6620.72842665503 29
5 5415.25467171256 35
6 4468.56631708262 41
7 4079.97379796798 47
8 3895.35177687657 52
9 3644.83185896535 58
10 3414.3439812107 64
11 3308.20968841515 70
12 3267.80044741686 76
13 3252.06924641014 81
14 3244.57972863994 87
15 3241.2526534579 93
16 3239.70917704456 99
17 3238.91185243322 104
18 3238.44094921645 110
19 3238.1651282678 117

0 9567.00409888289 6
1 8714.3080969416 11
2 9262.61019188838 18
3 7508.57269035727 24
4 6114.33511795275 30
5 5122.91909962033 36
6 4267.34413748309 42
7 4006.26422630746 49
8 3923.92556058579 55
9 3647.46532351724 61
10 3449.29175456806 67
11 3341.08077013133 74
12 3288.50109316592 80
13 3267.87655819754 86
14 3259.12370243602 91
15 3255.40041586366 97
16 3253.28086768595 103
17 3252.16373294378 109
18 3251.53442249628 115
19 3251.1364650149 121

0 10113.1892852064 6
1 9914.76014408059 12
2 7848.16156582935 18
3 7805.51220370682 24
4 6181.69816100046 30
5 5313.78458835795 36
6 4368.85045264395 42
7 4035.55005831061 48
8 3875.62441934668 55
9 3580.89219571161 61
10 3426.43245921755 68
11 3329.61663909372 74
12 3279.40977296102 80
13 3260.14711791706 86
14 3252.60071500007 92
15 3248.99523806894 98
16 3247.24147180954 105
17 3246.34091236787 111
18 3245.81577910047 118
19 3245.48178509593 124

0 9098.53554278872 6
1 9887.24450813592 12
2 9515.95653996698 18
3 7624.03538781469 24
4 6074.85389826809 30
5 5474.99314837123 36
6 4275.83258761389 42
7 3979.78238003749 48
8 3849.21438356701 53
9 3648.98585871537 59
10 3422.24006209496 65
11 3314.80978685527 71
12 3276.70045663748 77
13 3259.99410021252 82
14 3251.08329512531 88
15 3247.32194885797 94
16 3245.58429375149 100
17 3244.6610131582 105
18 3244.11247652182 111
19 3243.77595638889 117

0 9888.90996234433 6
1 9092.12184517847 12
2 8794.75057063498 18
3 6805.48687946477 24
4 5856.12375537142 30
5 5111.31872576717 36
6 4675.10192351975 42
7 4082.3894950628 48
8 3957.82774982214 54
9 3629.88932649144 61
10 3435.10402533973 67
11 3359.59002595968 73
12 3305.53038805598 79
13 3286.93642632132 85
14 3278.35980320328 91
15 3274.53371044138 97
16 3272.65033461372 103
17 3271.60438958716 108
18 3270.98567014878 114
19 3270.60157439944 120

0 10656.2839804019 6
1 9093.70435751337 12
2 8615.42391072196 18
3 7835.69869421273 23
4 6293.96034103374 30
5 5072.08768112091 35
6 4426.07433425293 41
7 4042.80067644404 47
8 3865.43698357071 53
9 3631.34797479051 59
10 3454.11713965677 65
11 3342.7106964815 70
12 3297.44304954149 76
13 3278.87042946421 82
14 3268.8993232617 88
15 3264.88587997222 94
16 3263.07620483456 99
17 3262.02591362788 105
18 3261.46235246247 111
19 3261.10705514706 117

0 9626.1171026767 6
1 8641.67511959968 12
2 9703.13129159213 18
3 7461.80947804343 25
4 6267.21097466926 31
5 5023.53476101745 37
6 4338.49510835255 43
7 4175.19100564085 50
8 3900.58986709726 55
9 3606.39909043535 61
10 3393.28723353984 67
11 3302.60628169256 73
12 3264.88977324893 79
13 3248.65467151261 85
14 3241.83175179545 91
15 3238.77082828268 97
16 3237.17839355766 102
17 3236.32112653982 108
18 3235.87857688576 114
19 3235.60592676137 120

0 8860.0001566056 6
1 9382.91660283823 12
2 8291.77506288086 18
3 7531.28854770668 24
4 5770.77673140249 30
5 4941.70103373829 36
6 4650.74919937203 41
7 4088.34773163385 49
8 3904.26726056752 55
9 3658.13138987512 61
10 3468.48048180851 66
11 3385.72824616506 72
12 3335.74335858029 78
13 3310.26113105198 83
14 3300.9223800244 90
15 3296.87887963327 95
16 3294.5630834342 102
17 3293.16609103191 107
18 3292.29562002903 113
19 3291.73559610989 119

0 9051.26840643795 6
1 8022.87914312462 12
2 8926.35432980087 18
3 7818.20747771113 24
4 6337.44181252211 31
5 4872.12786135863 37
6 4204.94568859151 42
7 4109.9827338074 48
8 3921.80902033757 54
9 3593.81044697063 60
10 3403.72974201906 66
11 3325.62814118683 72
12 3284.39499629516 78
13 3269.69943261673 84
14 3259.83714254863 90
15 3256.22077457659 96
16 3254.60988997886 101
17 3253.75273439503 107
18 3253.27648602441 113
19 3252.9914650122 119

0 9951.15568264236 6
1 9663.9465563844 12
2 8325.9960486877 17
3 7360.94690950833 23
4 6187.99345641345 29
5 5310.77813026318 35
6 4274.49422843996 41
7 4013.18037860184 47
8 3911.32884016571 53
9 3624.85380842711 59
10 3413.14038495205 65
11 3318.67144782072 71
12 3277.03286560244 77
13 3259.06893726722 83
14 3253.52161825774 89
15 3250.33269299869 95
16 3248.74976994367 101
17 3247.96260683833 106
18 3247.50280511706 112
19 3247.21880824235 118

0 10957.9674509426 6
1 8967.3560682619 11
2 8353.81018742219 17
3 7055.40164521628 23
4 6065.50545627297 29
5 4953.33303074085 35
6 4442.66175869689 41
7 4016.24529272939 47
8 3955.66482100744 52
9 3617.89668632491 58
10 3429.10008633064 64
11 3328.373970611 70
12 3280.66008261365 76
13 3266.31602408395 82
14 3259.22633709447 88
15 3256.03654723056 94
16 3254.49522434395 99
17 3253.70256925055 105
18 3253.2583014861 111
19 3252.99529806773 117

0 10931.2063131809 6
1 10290.0409261495 12
2 8859.48050938443 18
3 7808.49765479911 24
4 5430.5374966805 30
5 5485.09054617174 36
6 4372.53361928001 42
7 4005.24831767531 48
8 3911.92125102763 55
9 3652.54974689126 61
10 3468.03204346711 67
11 3349.56805780734 73
12 3302.34079503295 81
13 3280.61663692668 87
14 3272.38356877757 93
15 3268.36418629714 99
16 3266.24952022537 105
17 3265.01060372964 111
18 3264.30048629432 117
19 3263.85759681403 122

0 10789.4180246553 6
1 9231.20903415022 12
2 7436.92524766314 17
3 7056.49443937738 23
4 6060.14374856524 29
5 4950.60058458772 35
6 4281.15693074448 41
7 3976.86811474201 47
8 4001.33813554798 53
9 3653.41668216863 59
10 3463.39197575404 65
11 3356.13667506335 71
12 3297.42606607739 77
13 3272.03516458229 82
14 3262.59971978858 88
15 3258.54975054774 95
16 3256.32996983069 101
17 3255.26137605553 108
18 3254.62822746949 115
19 3254.2486630872 121

0 8943.37380157822 6
1 10296.9853361512 13
2 8816.85681876532 19
3 7344.2979438688 25
4 6043.67045177775 31
5 4983.36825628579 36
6 4342.0795845233 42
7 4001.36687781913 48
8 3919.8975233479 54
9 3662.88170027956 60
10 3461.66647989831 66
11 3333.83725594009 72
12 3285.7711649844 78
13 3267.08355432604 84
14 3259.54068953274 90
15 3255.97525272006 96
16 3254.07327386096 102
17 3253.00338112239 107
18 3252.41158210538 113
19 3252.06440046453 119

0 9823.90908190603 6
1 10064.7743764193 11
2 7984.31695213356 17
3 7837.24643663179 23
4 5562.03103979946 29
5 4994.76624331059 35
6 4276.96767562051 41
7 4141.92835258635 46
8 3874.67596101532 52
9 3636.9791677849 58
10 3453.63947859192 65
11 3354.74051297597 70
12 3293.03759664691 78
13 3275.58190626852 84
14 3266.767919403 89
15 3262.51739847002 96
16 3260.60221113132 102
17 3259.52616373827 107
18 3258.87737613746 113
19 3258.46267767126 121

0 9153.16114425219 6
1 7877.34860448314 11
2 8880.47798795905 17
3 7202.80709859964 23
4 5672.17850383644 29
5 5203.75279484085 35
6 4450.40482834331 41
7 4081.54805407945 46
8 3917.64708849251 52
9 3622.37964937924 58
10 3428.20959749798 64
11 3335.37122978403 69
12 3299.93528501193 75
13 3280.23076832227 81
14 3271.70322853984 87
15 3268.16553335514 92
16 3266.3476313741 99
17 3265.32626299655 105
18 3264.7180991545 111
19 3264.3456446403 117

0 9848.95464152138 6
1 8158.69245267778 11
2 8011.50910580895 17
3 7589.63592949864 24
4 5713.35846820932 30
5 4973.45937902871 36
6 4494.71224535094 42
7 4026.29491328711 48
8 3921.26869144201 54
9 3653.62659001673 60
10 3482.10005268354 66
11 3370.02897929411 72
12 3310.11060770285 78
13 3288.1423290676 84
14 3278.50385162743 90
15 3274.67518816472 96
16 3272.5932866615 102
17 3271.48688935205 108
18 3270.85773947329 114
19 3270.47528992183 120

0 8672.67305919483 6
1 8465.6859872187 11
2 8450.80967915883 18
3 6333.38478930084 23
4 5928.62326174882 29
5 4834.65544382709 35
6 4254.51532242411 41
7 4075.89941831662 47
8 3904.13427261799 53
9 3660.58723318336 59
10 3491.23725966742 66
11 3394.77397022339 72
12 3339.78769717145 78
13 3318.62825268183 84
14 3308.36125607961 89
15 3303.17717822918 95
16 3300.27656435597 101
17 3298.72402830692 107
18 3297.76784809908 113
19 3297.167959382 119

0 9629.45822408161 6
1 9076.45583301742 11
2 8462.78166585073 17
3 6971.05595143476 23
4 5640.26639130798 29
5 5167.76674929272 35
6 4535.75177317198 42
7 4017.09996181428 48
8 3913.59979921769 54
9 3630.6784904107 60
10 3460.48831182355 66
11 3368.93754052636 72
12 3315.8751492416 78
13 3292.30245101974 84
14 3282.28894160332 90
15 3277.39914658416 96
16 3274.75259371934 102
17 3273.31014006609 108
18 3272.4537616101 114
19 3271.90575339993 120

0 9751.96856444013 6
1 11439.8710055956 12
2 8674.18672483103 18
3 6900.25352275597 24
4 5903.84386854828 30
5 5111.09910566954 36
6 4295.33934224051 42
7 4027.48147152021 48
8 3943.25410822055 54
9 3628.77395979498 60
10 3450.22459091026 66
11 3344.67574719175 72
12 3298.3071829834 78
13 3281.26417574893 84
14 3273.34268606734 90
15 3269.67573682514 96
16 3267.96526799967 102
17 3267.1229121298 107
18 3266.59981159813 113
19 3266.29149547019 119

0 10327.3771837093 6
1 9519.37122189339 11
2 8560.32450113773 17
3 7281.30098005676 23
4 6250.05951990265 29
5 5094.10913415466 34
6 4512.59349205825 40
7 4025.17227990764 46
8 3965.81064392539 52
9 3609.31469948725 58
10 3438.38183402041 64
11 3318.37539672048 70
12 3275.00110432254 76
13 3257.26577506058 81
14 3248.81290506183 87
15 3245.69893317567 95
16 3244.35721231605 100
17 3243.5996601605 106
18 3243.19074113819 112
19 3242.93923524181 119

0 9730.24389479448 6
1 10196.3889561598 11
2 8033.53801429329 17
3 6979.45244318922 24
4 6017.71227266547 30
5 5201.32918236077 36
6 4243.9620345331 42
7 4019.46258281788 48
8 3950.7254551148 55
9 3577.70931578221 61
10 3396.67750244528 68
11 3312.60605430844 76
12 3274.19369530813 82
13 3258.2181586874 88
14 3251.55513215235 97
15 3248.51462682524 102
16 3247.00175774668 108
17 3246.2557835536 114
18 3245.80532907214 120
19 3245.53804293274 126

0 9333.42323906588 6
1 7533.40671520117 11
2 8843.7188382941 17
3 6943.32161691729 23
4 5568.18965737024 29
5 5418.34841077777 34
6 4339.64671771758 40
7 4188.63616411436 46
8 3895.14382085496 52
9 3641.80607381036 57
10 3433.01333945287 63
11 3324.50129999239 69
12 3279.10193878975 75
13 3253.94148926826 82
14 3245.55975321512 88
15 3242.13805400724 94
16 3240.2880780584 101
17 3239.28989087252 107
18 3238.71632117232 114
19 3238.35928802701 121

0 10110.4419738199 8
1 9499.87873986063 14
2 8082.91964647405 20
3 6927.45537847981 26
4 5952.75403178969 32
5 4824.63292185718 39
6 4354.62435911551 45
7 4014.38744007869 51
8 3864.2147828631 57
9 3678.54769185295 63
10 3443.53491359012 69
11 3315.58280896324 76
12 3275.67129839596 82
13 3255.28179464622 88
14 3247.71245883956 94
15 3243.87406593731 100
16 3241.97417113956 106
17 3241.04836204453 112
18 3240.48260914525 118
19 3240.14655325675 124

0 8733.39716287492 6
1 9254.12168341897 11
2 8782.60359478948 19
3 7082.16746207006 25
4 5731.40009169877 30
5 4810.57122951284 36
6 4415.56100436017 42
7 4088.70446588555 48
8 3866.08635601366 54
9 3610.2232345509 60
10 3439.86270584913 67
11 3326.98845691273 73
12 3282.82098986624 79
13 3266.61524738702 85
14 3258.54061602049 91
15 3255.02783877101 97
16 3253.1525956478 103
17 3252.11508713986 109
18 3251.53598779669 115
19 3251.18741106167 121

