0 23453.6656088611 32
1 23064.6943570599 66
2 23160.8635431462 99
3 23400.7370753073 130
4 22584.3879091143 161
5 21399.339933328 193
6 21154.5232125918 224
7 20123.2462566549 257
8 19728.1305208808 290
9 19380.7423789561 321
10 18623.6863190566 351
11 18351.4839324925 383
12 18201.5460073344 414
13 18115.0923866271 445
14 18075.8157375167 478
15 18050.8093179948 509
16 18038.1261403605 540
17 18030.1427291103 572
18 18025.3400978062 602
19 18022.0841917373 633

0 23875.3301439518 34
1 23819.6665258277 66
2 24215.4927594422 98
3 23284.7548530628 129
4 23092.0414678517 160
5 21666.4856700143 191
6 21021.0459276254 223
7 20203.9871194616 257
8 19472.8466102583 291
9 18973.3016957212 323
10 18621.8462551922 356
11 18303.2767406931 387
12 18181.6487070775 420
13 18100.4919622307 456
14 18061.5367529271 489
15 18039.5978324993 520
16 18027.7871976779 551
17 18021.2826014769 583
18 18016.5690698191 614
19 18013.6912157657 647

0 23315.4701850703 32
1 22782.620526144 63
2 23203.8910085727 94
3 22633.0234301484 125
4 23245.4296244742 156
5 21773.8504289912 189
6 20500.7434680311 222
7 20296.2788817464 253
8 19752.6737112684 284
9 19114.1248867709 316
10 18632.0481507649 347
11 18348.9384889188 381
12 18197.1638944953 414
13 18113.0580094388 445
14 18065.8343248513 476
15 18040.4621717583 507
16 18029.3637077699 537
17 18019.8887010846 568
18 18014.6595154345 601
19 18011.5625948345 633

0 22804.4764737807 32
1 23698.0901441016 63
2 22693.4668490724 94
3 23439.4062705118 125
4 22985.7757957092 159
5 21216.6382130502 194
6 20698.042055934 227
7 20352.2479400944 259
8 19420.8152529906 291
9 19090.6106706852 323
10 18665.17793399 355
11 18377.7844733671 391
12 18229.0221072816 427
13 18135.6210137625 460
14 18089.3834378018 490
15 18060.6306521655 521
16 18044.9012736021 552
17 18037.066262847 586
18 18031.2312921316 618
19 18027.5369133343 649

0 23486.675321048 32
1 22876.501201408 63
2 23319.5448891322 94
3 23346.7169003881 127
4 24379.4822479718 160
5 21483.6205864045 192
6 21035.0753620344 223
7 20256.5396590346 253
8 19575.8126984562 284
9 19041.3606668571 316
10 18637.7571631226 349
11 18344.6525221544 380
12 18227.0380672436 411
13 18130.055003616 441
14 18091.4448622969 472
15 18062.5851648591 503
16 18049.0701892314 536
17 18040.0246149253 568
18 18034.8494450868 599
19 18031.5513052518 629

0 22934.0149677169 33
1 23478.7048015747 64
2 23434.1674446378 97
3 23344.6384079262 129
4 23121.3817065089 160
5 21967.2309227372 191
6 20714.4903612225 222
7 20639.4439988634 253
8 19465.4930422479 284
9 18999.1018960971 317
10 18542.0593153462 349
11 18320.3658696383 379
12 18147.9677892429 410
13 18085.9378116378 441
14 18045.2477228055 471
15 18026.0243772161 506
16 18015.2943658116 542
17 18008.2052736083 573
18 18004.3063851767 604
19 18001.7676973347 635

0 24380.7194720138 32
1 23139.4389716249 65
2 23828.7308623215 100
3 23161.4887857658 132
4 23281.408956569 163
5 21451.2526201884 194
6 21014.7796265774 225
7 20167.3441581067 257
8 19634.5007674369 294
9 19064.3436344591 327
10 18601.7844040598 359
11 18349.8928742874 390
12 18202.9245540789 422
13 18118.9017954807 453
14 18076.5796473276 487
15 18053.7122645088 521
16 18042.6746318445 553
17 18031.9739193006 584
18 18027.3411756918 615
19 18024.026779863 645

0 24237.1501064874 34
1 24290.1279573279 66
2 24208.4712394626 98
3 24975.1990805493 129
4 22330.5058586105 161
5 22055.4881160847 192
6 21066.5637454382 224
7 20332.0642976517 257
8 19812.3449125302 289
9 19060.7872144038 320
10 18733.4653639559 350
11 18405.4173378739 381
12 18234.5626199555 412
13 18151.7984991224 445
14 18108.8151609014 477
15 18086.0324946923 508
16 18073.5067291614 539
17 18064.756769226 570
18 18059.4278739007 600
19 18056.4747738009 633

0 23599.9511118952 37
1 23664.1262749174 69
2 24040.9961298779 100
3 23627.2169842496 132
4 24094.3152338282 163
5 21933.7941822839 195
6 20757.8170700596 231
7 20276.3173102856 264
8 19670.0282274566 295
9 19080.2744074888 326
10 18592.7013012901 356
11 18350.3247680867 387
12 18209.55227436 420
13 18133.2148458844 452
14 18098.1776489017 483
15 18071.9983586053 514
16 18058.0684598874 544
17 18050.4635980967 575
18 18046.0559675748 607
19 18042.7184607725 640

0 23892.4457583108 32
1 24668.3611893729 63
2 24291.4120805048 93
3 23337.5450606128 124
4 22995.2987133606 156
5 21737.6669302559 189
6 21052.1065968957 221
7 20118.2803164445 252
8 19572.1275561021 283
9 19057.3032140931 314
10 18711.609229449 345
11 18401.2877622226 377
12 18263.6903350482 410
13 18154.9191047256 441
14 18112.2429294082 471
15 18085.6223322997 503
16 18073.2001592051 535
17 18063.4236801978 566
18 18058.1539186001 599
19 18054.9199325674 630

0 22505.6849590743 32
1 23893.7067897925 63
2 23199.313989029 94
3 23053.0531828413 125
4 23526.1411556106 158
5 21451.625647517 194
6 21074.3128874003 225
7 20350.3631571717 256
8 19427.1574811142 287
9 19038.0959991173 317
10 18611.7116419088 349
11 18336.6962530002 384
12 18216.5093364901 415
13 18127.0021541995 446
14 18089.0712821491 477
15 18068.1500036128 507
16 18057.0986156857 539
17 18050.0709773812 571
18 18045.7490310881 603
19 18043.0802133811 633

0 22671.2431937355 32
1 23467.3138675161 63
2 24149.0571947716 94
3 23018.7202051558 126
4 23001.1040967611 160
5 21254.3106154878 191
6 21163.6878693775 222
7 20196.7606926643 253
8 19633.4654332983 285
9 19183.7432430391 316
10 18623.4867704698 349
11 18406.6599351551 380
12 18257.6725319288 411
13 18149.8443452911 442
14 18106.0485103641 473
15 18082.5924581122 504
16 18069.6379343402 537
17 18061.0105019973 569
18 18056.5303396377 600
19 18053.1707650866 632

0 23884.8680802624 32
1 24012.951828437 63
2 23645.272942686 96
3 23254.565679166 130
4 23689.8727165512 161
5 21742.3811086172 192
6 20866.7973252997 224
7 20270.5348395863 254
8 19668.4780222517 285
9 18989.8113059117 320
10 18583.3243276622 355
11 18316.4367982982 386
12 18158.2825136465 417
13 18086.394707022 448
14 18052.593241193 479
15 18030.6148882384 513
16 18018.5058730297 547
17 18011.3242807798 578
18 18006.922726765 609
19 18004.2026649876 641

0 23574.8691470207 32
1 23195.7781823181 64
2 23772.33784086 97
3 23518.6055312244 129
4 22951.3888534795 160
5 22296.435000274 191
6 20905.1489310229 221
7 20228.6718296925 253
8 19754.8599730526 286
9 18971.8707803697 318
10 18615.0171542744 349
11 18354.8708560118 379
12 18210.9257318971 410
13 18125.654055283 441
14 18084.4033919644 474
15 18061.697253028 506
16 18049.017355656 536
17 18039.9925367639 567
18 18035.0329126082 598
19 18031.9556755727 629

0 23364.057036891 33
1 23017.6480388648 66
2 23688.7682292785 97
3 23707.3323721642 128
4 22973.9315771021 165
5 22225.0228540995 200
6 21090.1138151393 233
7 20156.7914574777 267
8 19562.5773104922 300
9 19162.2862156719 330
10 18716.3082554334 361
11 18340.1826591861 393
12 18218.433933039 424
13 18119.5639902201 458
14 18084.0190398388 492
15 18060.126361131 523
16 18047.4993581577 553
17 18039.6061806229 584
18 18034.41323276 614
19 18031.2320833361 647

0 23810.4588566522 34
1 23104.5890196307 66
2 23290.1603265193 98
3 24129.4301878714 130
4 23136.1537382127 161
5 22024.694969091 193
6 20906.9747547842 226
7 20158.0478632358 258
8 19623.4992666249 290
9 19004.2566589738 321
10 18662.6675302809 352
11 18358.2000976338 383
12 18210.8354851122 418
13 18130.1955618529 451
14 18095.0738264874 483
15 18072.1635790851 515
16 18058.2894934102 546
17 18048.4465142595 577
18 18043.8133181651 609
19 18040.5433549584 643

0 23185.696444587 33
1 23339.0823677272 65
2 23146.3335985093 97
3 24271.8258424164 128
4 22911.6864834478 160
5 21324.2444599656 193
6 20824.5772992229 225
7 20233.6164103714 256
8 19516.3015677329 287
9 19112.2004784785 318
10 18667.8747841487 349
11 18358.3605475777 382
12 18209.9527692268 414
13 18131.494670669 446
14 18089.4455081853 477
15 18063.7959668253 508
16 18049.0652047885 540
17 18041.970262349 572
18 18036.1190016916 609
19 18032.9356213608 641

0 23142.5171848513 32
1 23333.9687762845 63
2 23990.4082911839 94
3 22922.258906745 126
4 22851.3218367452 161
5 20968.668792115 193
6 20947.8569813091 224
7 20508.4046604193 255
8 19795.478498143 286
9 19071.8836423397 320
10 18726.2702273645 352
11 18447.1800474337 384
12 18269.5529373164 415
13 18186.3772251425 446
14 18138.139573572 477
15 18110.5699580864 509
16 18096.3000941217 541
17 18085.7549887724 573
18 18080.1014348443 604
19 18076.544358678 634

0 24268.1091107058 32
1 23078.6315447735 63
2 23787.1622569499 96
3 23763.5621868889 130
4 23545.8911432691 161
5 22421.7543253773 192
6 20639.0711887196 223
7 20268.8057542849 254
8 19498.2158250396 285
9 19025.6648758008 318
10 18594.1550628947 350
11 18281.0285598461 381
12 18182.8050017681 412
13 18096.1089105325 443
14 18058.8785406671 474
15 18040.7974731234 505
16 18030.6103498182 539
17 18022.8660059758 570
18 18018.771476314 601
19 18016.1224967785 631

0 23294.1720853079 32
1 23734.657288741 63
2 23114.1799238682 98
3 23791.5625052381 132
4 22930.6646937894 163
5 22058.1944512498 196
6 20773.4682434477 228
7 20312.0584047216 259
8 19561.4075921749 293
9 19080.4459736254 327
10 18712.7470265767 358
11 18440.119227061 389
12 18269.9645450494 420
13 18179.8375721483 451
14 18132.5709336783 482
15 18110.1796909024 515
16 18098.1451977327 546
17 18088.8992076522 577
18 18083.4976008004 608
19 18080.078719009 639

0 23589.3948092426 33
1 24052.2127341136 65
2 22913.8005920681 98
3 23927.3219315528 129
4 23014.4277987733 161
5 21934.7624799626 191
6 21083.1465847601 223
7 20436.5163969174 255
8 19645.0414099262 288
9 19049.5222892526 319
10 18611.2383792253 350
11 18369.0496702568 381
12 18231.7636588835 411
13 18141.187513041 443
14 18098.7225295307 476
15 18075.7467436512 507
16 18064.6104111441 539
17 18055.5814657952 570
18 18050.7348977833 602
19 18047.5168355276 633

0 23353.7552886296 33
1 23099.769809098 65
2 23603.7723712867 96
3 23603.9391492895 128
4 23323.2797495975 158
5 21342.5090499738 191
6 20864.256998004 223
7 20144.4975996331 262
8 19829.0812522365 295
9 19095.0884980223 326
10 18599.9482205505 357
11 18397.069087403 387
12 18246.4815756556 419
13 18165.1135225989 453
14 18120.5159987221 485
15 18097.1668131387 516
16 18083.4285150718 547
17 18075.1090749487 577
18 18070.2469558303 608
19 18066.2930235962 641

0 23174.4650183394 32
1 24300.922752706 63
2 23239.474190194 94
3 22443.94964055 126
4 23284.111564884 158
5 21859.2935264616 191
6 20689.6099444924 224
7 20379.2717094923 257
8 19589.8902889267 288
9 19023.4902668371 320
10 18588.4508759606 351
11 18353.2942376678 382
12 18200.7065237944 415
13 18116.2877841975 446
14 18076.0474078611 477
15 18052.7822607243 508
16 18039.1553533487 539
17 18031.0817273775 570
18 18025.0283686618 603
19 18021.4824482457 637

0 24204.4185639283 33
1 23527.3643512998 66
2 23955.2732550463 98
3 24159.3955172245 129
4 23658.6208288785 162
5 21623.1378577106 194
6 20823.5029822176 226
7 19997.388408081 257
8 19716.8850876566 289
9 19076.5359012548 320
10 18616.7113298027 352
11 18292.186370981 389
12 18170.9685239376 423
13 18099.2243038258 455
14 18060.8962816841 486
15 18037.6640788184 517
16 18026.9039700771 547
17 18019.3238189142 583
18 18015.0112437673 618
19 18012.187298206 649

0 23173.0796736732 33
1 23466.7897933293 67
2 23986.1272847327 99
3 23711.8162123824 132
4 23175.7858349331 168
5 21593.4140870177 200
6 20904.9657175921 231
7 20258.8576258524 262
8 19554.7139762603 293
9 19028.7065957294 325
10 18565.4794777561 358
11 18322.8297561554 388
12 18211.2655122904 419
13 18136.7169058682 451
14 18093.1620162198 483
15 18071.770762947 516
16 18057.0051004793 552
17 18048.5680324993 585
18 18043.6444490986 618
19 18040.6628819561 649

0 23785.019617709 32
1 23405.1160127573 64
2 23152.9569965425 100
3 24364.360296453 134
4 22451.7424546965 166
5 22112.4117581965 197
6 20879.915704784 228
7 20162.6375336662 260
8 19639.8754173659 293
9 19103.1740525177 327
10 18667.7969482459 359
11 18352.5238087958 391
12 18211.5347154231 423
13 18138.649625538 455
14 18096.1272905142 488
15 18066.4224927352 527
16 18052.6748751066 560
17 18044.7376072835 592
18 18039.269256065 625
19 18035.9132900959 658

0 23773.9440708051 34
1 23768.2828400968 67
2 24234.6754551687 98
3 23503.9529646107 130
4 22584.9078968311 163
5 22509.9054039477 195
6 21146.8173169127 228
7 20403.5900066865 263
8 19769.0503019306 295
9 19100.8289075077 326
10 18665.2751398795 357
11 18316.7901420813 387
12 18199.2831934756 419
13 18121.214626217 452
14 18076.3280090992 484
15 18056.5838839074 515
16 18041.6240709005 550
17 18033.2101980544 582
18 18028.5556699739 613
19 18025.5858346947 647

0 23589.5862367546 33
1 23283.7292932149 65
2 23112.9060235836 97
3 23329.216022772 128
4 23513.5339786508 160
5 21684.7978218934 192
6 20645.2727632771 226
7 20335.6320440791 257
8 19526.6580494154 288
9 19004.7447006334 319
10 18591.9394715303 350
11 18358.5297828718 382
12 18198.880216552 417
13 18117.9245322754 449
14 18072.2983075915 481
15 18047.8678367881 512
16 18034.006124746 544
17 18026.0313306849 576
18 18021.1131729055 612
19 18018.280686697 646

0 23886.420246182 33
1 22957.5957072514 65
2 22683.3563044221 97
3 23254.2520251651 129
4 23517.6350451677 163
5 21801.5258052516 196
6 21259.2210983087 228
7 20129.7105298625 260
8 19613.2928244151 292
9 18997.1523286887 324
10 18634.6936786902 357
11 18367.7255484974 390
12 18226.1542342197 421
13 18135.3986443752 452
14 18090.9773130788 484
15 18061.4275044499 515
16 18047.4217596849 548
17 18038.8053410478 585
18 18033.6213685869 617
19 18030.054679193 650

0 22262.9522538072 33
1 23921.7251641537 65
2 23261.5413532386 96
3 23957.2355795148 129
4 22558.8728815352 162
5 21475.0873009553 193
6 20913.3627096143 224
7 20373.3629908409 256
8 19590.4164879773 287
9 18989.609673659 320
10 18567.1326192442 353
11 18279.2160057585 385
12 18160.3747818228 417
13 18066.0039144463 449
14 18031.3446938534 482
15 18011.8760031868 514
16 18000.8969429766 546
17 17994.1293711176 578
18 17989.5878510605 609
19 17987.0880080365 639

0 23388.5732150489 32
1 23887.6143305389 64
2 23022.5582640661 104
3 23233.0344381085 136
4 23310.8371238007 167
5 21903.5537298758 199
6 21103.5944703725 232
7 20168.7879154074 264
8 19753.9983293556 298
9 19167.6114896627 331
10 18704.2156597698 363
11 18399.8766598368 394
12 18223.2914516406 425
13 18149.3239265645 457
14 18101.3854804543 490
15 18076.4785895211 522
16 18067.0469434412 554
17 18055.6908107247 586
18 18050.5833924092 617
19 18047.4912117529 647

0 23254.9082001053 33
1 22819.5055816211 67
2 24007.6059384787 98
3 23981.1516132231 129
4 24079.2397622686 160
5 22105.0266611183 192
6 21380.0189178104 224
7 20482.1750399117 257
8 19575.3976393449 290
9 19139.9487289731 321
10 18573.7811566325 352
11 18408.0719029862 383
12 18237.8310098105 414
13 18147.1691060347 446
14 18105.8297439112 478
15 18081.2139770142 509
16 18067.2553369472 540
17 18057.7711355006 571
18 18052.4815825945 602
19 18049.5449930019 634

0 23166.4383239359 33
1 23189.9015523894 64
2 23581.6122486226 96
3 24015.5845477231 126
4 22922.864573773 157
5 21212.2803795829 190
6 20718.4989574664 229
7 20325.9037932853 263
8 19712.585741279 295
9 19145.251276014 326
10 18665.9278784852 357
11 18421.4740064409 388
12 18273.3975893461 421
13 18187.3289868305 453
14 18143.3124956081 484
15 18117.7806012856 515
16 18103.3845609823 546
17 18094.8265235194 576
18 18089.320190466 608
19 18085.4131389778 642

0 23597.38384479 32
1 24243.5567066397 63
2 23566.2582226918 94
3 23677.5764535774 125
4 23783.0408504198 156
5 22001.8639558057 189
6 20798.6164045111 221
7 20194.4405422138 252
8 19505.501772574 283
9 18949.731048809 315
10 18540.7709843321 348
11 18310.715445694 382
12 18161.654840316 416
13 18081.3634489448 450
14 18039.3824707775 482
15 18019.1380799478 513
16 18006.7212157871 545
17 17998.0645359078 578
18 17993.4167280228 611
19 17990.6005259125 643

0 22413.2212938893 34
1 23126.6083721545 65
2 23317.7957157943 96
3 23473.8584144469 128
4 22895.0983558036 163
5 21724.6271753676 200
6 20945.990278979 232
7 20060.6002952956 265
8 19392.9224653401 296
9 18986.4529048554 328
10 18658.4400577009 361
11 18403.0667679422 393
12 18239.209516645 423
13 18176.510662578 454
14 18124.4644546403 485
15 18105.5729056769 516
16 18090.2182358445 549
17 18081.5935713345 581
18 18075.9411372123 612
19 18072.7981422673 642

0 24269.3752503309 33
1 22628.1334245946 64
2 22783.7559951354 96
3 23366.9137478774 129
4 22612.5000113641 161
5 21558.8523597133 192
6 20750.2455763494 223
7 20115.9431780931 254
8 19785.4253430534 285
9 19131.017098389 318
10 18618.0795622744 350
11 18340.2130895315 382
12 18171.0200047576 413
13 18108.3558127873 444
14 18066.7804945729 475
15 18047.0712177852 507
16 18030.1297540222 540
17 18021.9358193109 571
18 18017.0829440591 602
19 18013.8657596815 633

0 23762.6060883111 32
1 24256.5025895961 64
2 23034.1641416715 97
3 23644.5906111408 129
4 22882.2416541949 160
5 21699.6205914083 192
6 20737.0935602656 222
7 20407.1722538363 254
8 19653.6473497185 289
9 19031.2314360873 321
10 18591.6983815331 352
11 18326.8334181382 383
12 18196.2207863563 415
13 18126.4937103481 446
14 18083.7284064351 479
15 18066.4531218984 513
16 18049.6292922286 545
17 18042.3887739555 576
18 18037.9702619456 607
19 18035.0534653574 638

0 23587.6261559629 33
1 23020.037115633 65
2 22955.5863955174 98
3 23441.0052667761 129
4 23195.4561162699 159
5 22256.7267598035 191
6 21032.4281185446 221
7 20352.3405363628 255
8 19887.852033463 287
9 19260.6431908679 318
10 18800.6410302997 349
11 18498.781162725 380
12 18297.3814987577 411
13 18199.8775186177 442
14 18154.9038893031 475
15 18124.1233709461 507
16 18108.0634130709 538
17 18098.720844017 568
18 18092.9236043621 599
19 18088.870402706 630

0 23619.1416034199 34
1 23774.10645694 66
2 23156.8584920902 97
3 24960.4766937052 128
4 23019.0631584857 160
5 21619.8987557128 191
6 20758.6519893254 224
7 20329.3783759985 257
8 19741.2771435979 288
9 19219.7735877822 318
10 18710.258786692 349
11 18447.4648096561 380
12 18249.3446217271 412
13 18173.4198998419 450
14 18130.7952256618 481
15 18106.4552135235 512
16 18092.5213895966 543
17 18083.6719425434 574
18 18078.0105699127 604
19 18074.559226845 640

0 23673.5826827671 32
1 23638.3846593679 63
2 23159.6688033901 94
3 23181.3127900086 125
4 23409.5109603085 156
5 21636.4165222289 188
6 21172.3034119079 222
7 20507.3863323063 254
8 20020.3993411584 284
9 19094.7151001616 315
10 18690.7292502935 346
11 18413.2642807079 378
12 18247.1854479992 410
13 18166.8737807555 442
14 18122.533696121 473
15 18100.5708595774 504
16 18087.252940959 536
17 18077.9424511873 567
18 18072.8082047184 600
19 18069.4598536298 632

0 23973.898656223 32
1 23214.8310832314 63
2 23446.5737574894 94
3 22988.8662759568 127
4 22895.1765151267 159
5 21791.2891478887 193
6 21075.5485979589 224
7 20090.4475565677 255
8 19467.7628067519 286
9 19054.565341399 317
10 18635.8122707557 349
11 18383.0650496042 382
12 18222.777870985 414
13 18128.1232834896 446
14 18082.1363789099 478
15 18057.5342890123 509
16 18043.784658838 541
17 18035.3340061434 574
18 18029.8862658142 610
19 18026.6360982963 641

0 22415.5713280963 32
1 22872.8814382274 63
2 23727.486793134 93
3 22765.5904414504 126
4 23812.994457861 162
5 22584.5618024206 194
6 20503.8879603704 224
7 20203.637670628 256
8 19669.2916398403 287
9 19081.0146570044 319
10 18598.6666541907 353
11 18350.6864661474 385
12 18204.932643117 416
13 18124.9424258169 446
14 18086.1394320775 477
15 18063.270729224 508
16 18049.0282860679 540
17 18042.3149192518 572
18 18036.0071567571 604
19 18032.9314437416 635

0 23886.1801803316 32
1 23601.6034163488 63
2 24104.4650565785 95
3 22556.5143978476 128
4 23709.009477158 160
5 21900.3198802916 191
6 20998.7753408821 222
7 19909.5488068472 253
8 19508.2308621309 284
9 18974.8801685555 317
10 18509.5897758839 349
11 18265.8908159652 380
12 18167.2749906987 410
13 18100.0722479402 441
14 18059.266087903 472
15 18041.1735486947 503
16 18028.3800039606 539
17 18020.1351205901 572
18 18015.3221933169 604
19 18012.3615591961 635

0 22874.3171372681 32
1 22891.7525834468 64
2 22977.1784690706 100
3 23490.7692432755 134
4 23117.8641843916 167
5 21904.967053557 198
6 20965.8237325141 229
7 20253.8975189352 260
8 19599.0484944903 293
9 19052.0097504925 325
10 18630.6593890673 356
11 18362.0421330379 387
12 18205.2915960224 418
13 18142.5430735429 448
14 18101.0089720209 481
15 18079.2701345238 513
16 18067.9091282751 545
17 18060.6680846736 575
18 18055.8185273511 607
19 18052.5736213672 637

0 24386.4284545731 33
1 23002.6889609839 66
2 23642.6602330776 98
3 23654.3933165011 129
4 23194.9307799695 159
5 21239.8798325762 191
6 21049.5041494364 222
7 20165.5838286199 255
8 19687.7037679784 287
9 19053.7849730049 318
10 18649.6265229332 349
11 18335.2643365829 381
12 18188.2258482185 412
13 18107.507168059 444
14 18069.5028028245 476
15 18048.9335362727 508
16 18037.8456423724 539
17 18031.1416462426 570
18 18026.7677979937 601
19 18024.1807971902 633

0 22877.8113422172 34
1 23580.0339170063 66
2 23240.7062402919 98
3 23405.9862537421 129
4 22022.8365616545 159
5 21938.1768173203 190
6 21265.4648798691 224
7 20131.4590550811 261
8 19606.3211444493 293
9 19168.4110793508 323
10 18629.018512354 355
11 18374.2299189653 385
12 18192.7872894148 419
13 18123.0585447456 454
14 18075.7914587893 486
15 18055.0459831885 516
16 18041.92884821 547
17 18034.382638695 578
18 18028.6152645914 609
19 18025.4971988412 642

0 22617.9859040416 32
1 22553.5720764735 63
2 23479.2827066686 94
3 24456.8945269932 126
4 23309.6154790019 158
5 21679.2842339221 190
6 21291.3698734505 223
7 20285.1962772816 254
8 19590.4300037512 285
9 19115.927403672 316
10 18742.0716450675 347
11 18425.4465443634 378
12 18262.2278159785 411
13 18181.1879387661 442
14 18133.3454721706 474
15 18108.6885074686 505
16 18093.8571262218 536
17 18084.4513951908 566
18 18079.4423283397 599
19 18075.8633239505 631

0 23305.6800566794 32
1 23726.6037260861 63
2 24372.2327505628 95
3 23249.6487497962 126
4 23049.29118323 157
5 21541.0345565722 191
6 21318.8956536804 223
7 20317.3877338349 254
8 19704.0862310725 284
9 19155.8093163056 315
10 18705.1149528338 346
11 18383.8891693338 379
12 18235.0970653266 414
13 18162.1675678163 445
14 18107.0262880802 475
15 18083.8716060301 507
16 18066.4428408022 538
17 18056.6166955454 571
18 18051.3769632447 605
19 18048.2076404072 637

0 23759.2805331313 32
1 22799.5202034928 63
2 23079.562439472 94
3 23586.208792284 126
4 22668.3928686439 159
5 21984.1029805712 191
6 20872.6671012431 222
7 20072.0581609044 253
8 19711.2909214492 285
9 19057.3548894549 316
10 18731.1659328125 349
11 18402.3109575447 381
12 18251.5005827083 412
13 18164.1662698346 444
14 18119.582430617 475
15 18100.8243307818 506
16 18084.7936872757 538
17 18076.3627616719 570
18 18071.3415162309 602
19 18068.0944776628 632

0 22892.4061889543 32
1 23366.7996838794 63
2 23442.4265344816 95
3 23361.3634643463 128
4 22520.0327552531 160
5 21848.4961304563 191
6 20640.268522816 223
7 20465.6481987653 256
8 19552.113511591 287
9 19031.7848936367 320
10 18705.2413053099 352
11 18335.1065783219 382
12 18209.9305854629 413
13 18133.1349789234 444
14 18091.1734710437 474
15 18068.880801623 506
16 18060.2491528891 542
17 18050.8239327301 574
18 18044.6117715282 605
19 18041.6546710581 637

