0 11849.7133900365 17
1 12204.7592445181 34
2 11982.1040019513 51
3 12202.2922876831 68
4 10580.2142118485 86
5 9560.2059349643 103
6 8696.83378127439 119
7 7329.72065869534 136
8 6827.64713652114 153
9 6475.16702584897 169
10 6253.98250437108 185
11 6117.04445721179 201
12 6041.24067194305 217
13 6008.5543167531 234
14 5989.39767064951 250
15 5982.33544524201 267
16 5978.96560926545 283
17 5977.36496783095 299
18 5976.50080113466 315
19 5976.00849724389 331

0 12701.9649221505 17
1 11450.2473513483 32
2 12209.0674936861 48
3 12405.0336093467 64
4 11061.2555830042 81
5 9883.99481794213 100
6 7955.8251304635 116
7 7241.75717471287 133
8 6586.86360475242 149
9 6369.61929415547 165
10 6141.28299319097 181
11 6022.98654732537 197
12 5949.93211896737 214
13 5914.28771397338 231
14 5899.54299842825 247
15 5892.57002000675 262
16 5889.4514114846 279
17 5887.94442158455 295
18 5887.12426641807 312
19 5886.64765092465 330

0 12452.969037257 18
1 12070.1711269055 36
2 12631.4416750864 52
3 13086.5221474323 68
4 10644.9794673508 86
5 9957.04969231178 102
6 8482.69034956127 118
7 7138.41861405159 134
8 6738.22729075986 150
9 6368.0598809931 166
10 6204.8514492457 185
11 6032.75299216127 202
12 5963.79362311216 218
13 5932.3845476133 234
14 5917.84318002716 250
15 5909.78182397583 267
16 5906.430726999 283
17 5904.82700968703 299
18 5903.94379636364 316
19 5903.41037315019 331

0 11894.4967836092 16
1 13095.4828719549 32
2 12917.6885302309 50
3 12628.1262187993 67
4 11115.3207552908 84
5 10395.6172482503 100
6 8784.28407973957 116
7 7406.43356730638 132
8 6643.98899257629 148
9 6324.01478518408 164
10 6151.19901160234 180
11 6008.37007758372 196
12 5937.44897915735 212
13 5913.27494436434 228
14 5893.21432075665 245
15 5886.71071730044 262
16 5883.71665434564 278
17 5882.08929067628 294
18 5881.24752781002 311
19 5880.75901459141 326

0 12750.939941268 16
1 11577.7179039299 32
2 12989.5148836645 49
3 11769.4121566857 65
4 10676.4558215522 81
5 9817.30401232438 98
6 7938.0046727088 116
7 7308.9164524913 133
8 6601.46853212559 150
9 6470.83489735734 166
10 6143.16201760015 182
11 6022.19136997307 197
12 5933.3967715446 215
13 5910.39372715911 231
14 5891.68796889434 247
15 5883.80164582235 263
16 5881.04262364084 281
17 5879.44525590992 299
18 5878.71226526596 315
19 5878.29776228408 332

0 12873.0074600072 17
1 12940.9105842542 33
2 11547.5977254332 49
3 10956.6280454663 65
4 10332.9954971156 82
5 9653.62116104941 99
6 8512.19225754672 115
7 7255.1122882233 131
8 6782.92650395446 147
9 6449.88287915129 163
10 6274.36296037435 179
11 6111.79852536037 195
12 6021.44394354988 212
13 5989.84851472757 229
14 5969.90447488002 245
15 5962.22338236745 261
16 5958.09894275526 277
17 5956.40478891165 293
18 5955.44630518401 310
19 5954.84828343992 326

0 12780.0926818636 16
1 12211.689693223 33
2 11660.3602045277 49
3 11854.3455936167 66
4 10281.8693776363 87
5 9760.61976121679 105
6 8127.31796860185 122
7 7385.35939628217 139
8 6638.37867444495 155
9 6471.87756032416 171
10 6156.69098582516 187
11 6012.93917593214 203
12 5937.62746674355 219
13 5904.01368948239 235
14 5885.27946430415 251
15 5879.03978857894 267
16 5876.2629739613 285
17 5874.80132789503 301
18 5874.1058741878 317
19 5873.70257577751 333

0 12137.7497666055 16
1 12275.9095249103 33
2 11833.1598356403 50
3 12498.2050269966 66
4 11002.8980231525 82
5 10112.3996660244 99
6 8483.16130785581 115
7 7205.11988837502 132
8 6798.559778641 149
9 6415.50962500993 166
10 6185.33565652268 182
11 6051.02858708365 198
12 5983.55322768155 214
13 5942.35918591007 231
14 5927.46121822415 247
15 5920.4332325557 263
16 5917.21697426288 279
17 5915.7924060082 295
18 5915.03562189405 311
19 5914.5580433696 327

0 12966.7718999158 17
1 12410.5559587059 34
2 12169.7196872586 51
3 11917.6864512625 67
4 10505.7907914486 83
5 9797.26693910147 99
6 8048.82214683206 117
7 7095.34864603209 133
8 6725.72278450865 149
9 6419.56544800781 165
10 6156.64300765655 181
11 6044.74549173112 197
12 5961.77116575862 214
13 5927.02563641911 231
14 5911.41338292399 247
15 5905.14644975028 263
16 5902.34229859168 279
17 5900.86547237535 295
18 5900.08180082666 311
19 5899.63217300489 328

0 12502.0586711519 16
1 13631.1983740601 32
2 12822.9417895625 48
3 11810.2704532856 65
4 10606.1689492645 81
5 9540.2897253361 98
6 7936.89615464986 115
7 7127.21465347641 131
8 6845.5130102484 149
9 6361.09143669944 165
10 6157.12119903679 180
11 6060.62074909964 196
12 5969.54611626517 212
13 5940.93434274959 228
14 5922.12725598038 244
15 5914.39025343572 260
16 5910.60093098789 276
17 5908.98406234403 292
18 5908.06636705668 309
19 5907.52193834402 325

0 11394.5945026671 16
1 11796.3384830701 32
2 12351.9036837103 48
3 11987.5677771791 64
4 11832.8940880238 80
5 9830.57598357731 97
6 7939.12074947246 115
7 7101.43647877942 131
8 6665.33513485268 147
9 6424.65476749984 165
10 6175.46162816391 183
11 6081.00171980422 201
12 5977.91142677375 218
13 5948.70377702388 234
14 5933.95684377806 251
15 5926.98133733957 267
16 5923.94497381139 283
17 5922.62428801723 300
18 5921.9604602556 316
19 5921.62394421389 332

0 12410.0764119239 16
1 12508.6328020352 32
2 11741.3691515123 50
3 12313.2605973211 68
4 10263.5422410519 84
5 9185.91810799434 100
6 8210.71197622187 116
7 7089.033520119 133
8 6595.52537514677 150
9 6332.9138636982 166
10 6153.64614493712 182
11 6005.39381766358 197
12 5953.5474972936 213
13 5914.3550602279 231
14 5898.59418372679 248
15 5891.72591019648 265
16 5889.15383590632 282
17 5887.8016234284 298
18 5887.06168872694 313
19 5886.63159198151 331

0 11957.4385625037 16
1 13696.7212692108 33
2 12124.0564797587 50
3 11833.6607940532 66
4 10728.2463050255 82
5 9637.8879373073 99
6 8197.90064972453 116
7 7227.30694448212 133
8 6686.56751450272 149
9 6410.77524405801 168
10 6171.16236333867 184
11 6021.47583828287 201
12 5948.81340330454 217
13 5915.63256285553 233
14 5900.55075584183 249
15 5894.08753318877 264
16 5890.92095836306 280
17 5889.35498651166 296
18 5888.62477807531 314
19 5888.19288427575 331

0 11593.0354771617 16
1 13501.0379867476 32
2 12518.8471809721 49
3 11518.4883015725 66
4 10428.3380770117 82
5 9785.06142985161 99
6 8481.13887397483 115
7 7163.14877686798 131
8 6770.19966446289 147
9 6376.71135708353 164
10 6171.66688119962 181
11 6032.9687740671 198
12 5972.80836270294 215
13 5929.90737146044 231
14 5913.46715591012 247
15 5905.61250924721 263
16 5902.47274403139 279
17 5900.89912080598 297
18 5900.10109744814 314
19 5899.63922907359 329

0 13724.8986308107 16
1 11912.3990558193 33
2 12166.4416328708 51
3 12620.6671673196 68
4 11080.0887571405 86
5 9328.02853609006 104
6 8094.3763143794 120
7 7209.316941018 136
8 6733.40148991143 154
9 6491.74926543644 170
10 6266.24963307341 186
11 6105.14341506789 202
12 6039.9917567362 217
13 6006.0483306828 233
14 5991.4176184107 250
15 5983.07257925954 268
16 5979.72154626832 285
17 5978.39631740546 301
18 5977.64729238234 317
19 5977.22303644641 332

0 12013.0118014542 16
1 12030.8694849473 32
2 12562.6242258365 49
3 11535.1273765908 65
4 10956.204424803 82
5 9505.84397253708 98
6 8411.89463735004 114
7 7294.82185271236 131
8 6721.80532475465 149
9 6324.20307769896 165
10 6180.31875535827 181
11 6028.3891451746 197
12 5960.12073836955 213
13 5920.86383919361 229
14 5907.74947192575 245
15 5900.99735364619 261
16 5897.98880958401 277
17 5896.53430309408 293
18 5895.64806729295 309
19 5895.20147553975 329

0 12246.6446257717 17
1 12654.6158744448 35
2 12000.9657046682 51
3 11971.0367982458 67
4 10579.4969027281 85
5 9752.6627003997 101
6 8225.30179386481 118
7 7181.59582551487 134
8 6645.68383712601 149
9 6381.24722091242 166
10 6184.94522786012 183
11 6053.9283883144 200
12 5981.57420983458 218
13 5944.62392819776 235
14 5922.78658043998 251
15 5915.60750158219 269
16 5912.28766941632 285
17 5910.6537869082 303
18 5909.74098331563 319
19 5909.16844595801 335

0 13159.5664904938 16
1 11838.1878175182 32
2 13489.5866237063 49
3 12179.3433360178 70
4 10655.5755369847 88
5 9951.26839157578 104
6 8667.56986249793 121
7 7640.82702823833 138
8 7165.39199452602 154
9 6812.65022698307 170
10 6621.08562708162 187
11 6451.35095211571 203
12 6352.67561315791 219
13 6309.56913525132 235
14 6287.22776460435 251
15 6276.43100879262 268
16 6271.0443379752 285
17 6268.45254730213 301
18 6266.85756518264 317
19 6265.94543804172 333

0 13161.7269515587 16
1 13182.8334933669 32
2 12761.4161802121 48
3 11829.3785664922 65
4 10732.4256143309 83
5 9818.50022223589 99
6 8146.32732703271 115
7 7194.01100224628 131
8 6697.24392817393 150
9 6392.9945146715 168
10 6120.90961631417 187
11 6013.24434632326 204
12 5939.1329466867 220
13 5907.08492661789 236
14 5891.8187332286 252
15 5884.2733420247 268
16 5881.17556093484 283
17 5879.64083606867 299
18 5878.85093545105 315
19 5878.41685362799 331

0 12523.6827591211 17
1 12534.9262333648 34
2 11879.1420880405 50
3 11934.3950625814 67
4 10692.2025079136 84
5 10067.1342447272 100
6 8219.45793316667 117
7 7253.34955155082 133
8 6669.29385150421 148
9 6419.43953670934 164
10 6167.5342756472 182
11 6021.88121354885 198
12 5951.98047701887 214
13 5912.24245312784 231
14 5895.8885096375 247
15 5890.22390399944 263
16 5887.02203606418 279
17 5885.39084449775 297
18 5884.57284542392 313
19 5884.09227094884 329

0 13227.974237123 16
1 12964.8503776567 32
2 12745.1709415164 48
3 11580.6457535751 66
4 10155.8995697829 83
5 10234.0379545939 101
6 8030.06090671031 117
7 7168.0119330329 133
8 6553.67219156919 149
9 6319.71511180621 168
10 6142.08269753733 184
11 6014.824300893 200
12 5936.49341005289 216
13 5907.47124027363 232
14 5892.97595057867 248
15 5886.67532887674 264
16 5883.13135655849 280
17 5881.68313992989 297
18 5880.9191100923 313
19 5880.46324112805 330

0 12800.0439192523 16
1 12024.7295381891 32
2 12860.8715564638 48
3 11734.3930850819 65
4 10180.2785890993 81
5 9628.24632202002 97
6 7934.85420525468 114
7 7201.52417074878 130
8 6649.66077655918 145
9 6354.95276904511 162
10 6130.56466114011 179
11 6027.66090101331 195
12 5952.7734699586 212
13 5916.02506302196 228
14 5897.86155409442 244
15 5891.01044478097 260
16 5887.96818283506 275
17 5886.36761504749 291
18 5885.51577928131 307
19 5885.03145701079 323

0 12119.0916288114 16
1 11911.9466918663 33
2 11770.1922377123 50
3 11308.932003822 67
4 11086.2829071891 83
5 9964.82475254027 100
6 8302.88073254909 116
7 7385.58348404326 133
8 6606.69638794896 148
9 6391.50936939336 164
10 6177.69133282786 181
11 6042.24884262379 198
12 5975.80743605142 214
13 5932.91665090584 230
14 5915.16435235627 248
15 5909.79913086292 267
16 5907.30476661013 285
17 5905.60601119184 301
18 5904.64319439259 317
19 5904.14981856977 333

0 11961.672600795 17
1 11319.0481389056 33
2 12396.5130455602 49
3 11905.5168807205 65
4 10040.4716417111 83
5 10292.5608654506 99
6 8159.77816899361 116
7 7233.10839364232 132
8 6743.59656659056 149
9 6394.89072692506 165
10 6178.99162130695 183
11 6059.33628329551 199
12 5972.01006940371 215
13 5935.91203278067 231
14 5918.47323915945 247
15 5910.77191120405 263
16 5906.80821425083 279
17 5904.94143884435 295
18 5903.85350527532 312
19 5903.20856437817 328

0 12579.2022428073 17
1 12040.9837964022 33
2 12985.4902271757 49
3 12413.6964834337 65
4 10569.0106763881 81
5 10119.044448419 98
6 7900.18911266851 114
7 7291.63528219631 130
8 6658.04570940688 146
9 6411.7330605574 162
10 6182.78734129705 178
11 6046.26791529746 195
12 5949.68032594378 212
13 5911.27691225721 228
14 5897.09261205827 244
15 5888.47177670718 260
16 5884.95409075642 276
17 5883.09445779398 292
18 5882.15140680627 308
19 5881.59734643511 324

0 13106.4783604383 16
1 12262.0112612547 32
2 11902.7779527777 48
3 12846.5652197277 65
4 10858.3033581792 83
5 10339.3772428762 99
6 8540.15410963029 115
7 7403.22223742788 133
8 6870.55270047616 149
9 6517.62646442569 165
10 6274.55722200713 181
11 6140.44669312661 197
12 6039.56254711611 213
13 6002.26571384605 230
14 5985.65138755215 246
15 5979.07395608127 263
16 5975.05588911196 279
17 5973.16929942531 296
18 5972.07591966001 312
19 5971.46661808255 328

0 13058.0453269903 17
1 11515.5576664761 33
2 12174.6328075716 49
3 11668.1641174825 65
4 10602.1503934211 81
5 9679.80472005919 97
6 8677.23304500493 114
7 7617.12248698314 130
8 7072.3179205691 147
9 6663.77111842168 164
10 6416.21422292314 180
11 6254.14300513792 197
12 6187.85946936102 214
13 6146.01263970945 230
14 6127.5491309147 246
15 6119.59855571817 262
16 6115.68473686506 278
17 6113.83171933866 294
18 6112.83966002589 310
19 6112.24598881753 325

0 12920.8547439489 18
1 11783.5447100055 38
2 12264.9434721074 55
3 11851.0764821979 71
4 10335.7178169176 87
5 9909.46557833057 103
6 8082.67084976595 119
7 7144.88647457474 136
8 6708.96006690766 152
9 6388.89482301806 168
10 6241.20632796648 184
11 6061.46454222748 203
12 5976.26589093417 220
13 5938.81143921057 239
14 5924.43285830963 256
15 5915.44731470673 272
16 5912.24289924289 288
17 5910.51367996727 304
18 5909.62732161327 320
19 5909.08796861557 336

0 13014.3172823335 16
1 12074.2668661724 32
2 11941.3390573952 48
3 10737.1597436021 64
4 10576.2919269723 81
5 9525.17655107507 98
6 8567.72442372148 114
7 7134.90157478115 131
8 6721.51784680691 149
9 6435.49906525145 165
10 6156.16429678739 181
11 6037.11398597029 197
12 5960.66775822347 213
13 5919.91881899507 229
14 5903.63969862772 247
15 5897.13091502047 263
16 5894.06686337188 280
17 5892.35823950438 297
18 5891.45857219742 314
19 5890.92495859096 331

0 13374.5325408757 17
1 13332.2077470923 34
2 12487.7725759442 50
3 11512.9852365206 66
4 11010.4586696418 83
5 9754.95409210271 99
6 8656.89762611652 115
7 7553.5694012534 132
8 6711.65537296348 148
9 6461.00879632189 165
10 6234.01655843306 183
11 6083.77078234818 199
12 6002.2800474092 216
13 5969.41935604953 233
14 5949.22140068727 250
15 5942.35292240145 266
16 5938.58540532232 282
17 5936.88451203562 299
18 5936.07076132244 315
19 5935.58645947805 332

0 12848.6208373085 16
1 12303.8960800797 33
2 11942.8599854798 50
3 12977.7637442831 67
4 10521.0714380065 83
5 10289.4524381465 99
6 8330.50148938117 115
7 7087.42395900398 131
8 6655.82472807927 147
9 6367.11334121516 164
10 6145.78654814165 180
11 6042.07131947408 197
12 5966.79119450586 213
13 5928.30831744902 230
14 5911.8707471233 248
15 5902.82249389726 265
16 5899.22997014994 281
17 5897.69532174833 299
18 5896.83762139087 315
19 5896.32887923142 331

0 12036.2198940051 16
1 12164.173495295 33
2 12277.0267855188 49
3 10929.0268381934 66
4 11031.1802809141 82
5 9840.51886012336 100
6 8449.95904654115 119
7 7825.05152171065 137
8 7023.29659826123 155
9 6756.49822026699 171
10 6408.13358721712 187
11 6268.9013515347 203
12 6187.23816732469 220
13 6152.93997420577 236
14 6130.54276649806 254
15 6121.14597843302 271
16 6116.89309352701 287
17 6114.43049213914 304
18 6112.98278054899 322
19 6112.10340342481 339

0 12386.351059465 17
1 12515.4664306156 33
2 12053.519065863 50
3 11826.8055024651 66
4 10753.5592804761 83
5 9845.64736169318 99
6 8308.34750511663 115
7 7476.357056235 133
8 6885.40436971933 149
9 6583.25206872794 165
10 6241.60595540542 183
11 6065.77319581151 199
12 5993.27078968701 215
13 5958.15204871565 233
14 5942.91882908926 249
15 5933.16867124558 265
16 5928.71944664058 281
17 5926.36378396136 297
18 5925.00349443573 313
19 5924.1593387352 329

0 12672.2151216462 16
1 12022.5574624488 33
2 12080.2598126954 50
3 11882.3755214579 68
4 10399.5373559757 85
5 9533.28952912136 101
6 8294.40899102236 118
7 7235.35631749488 134
8 6764.24709739387 152
9 6425.79868636252 169
10 6188.34937624064 185
11 6071.2699970096 202
12 5988.49372125622 218
13 5957.52265349624 234
14 5940.50694247027 251
15 5934.19154341414 268
16 5930.70884173384 284
17 5929.02418646459 300
18 5928.14947486236 317
19 5927.6202419027 333

0 12119.809609647 17
1 12663.5046263264 33
2 12975.2205286053 50
3 11546.6247674399 66
4 10075.3501358488 82
5 9418.58505847685 99
6 8008.54635259155 118
7 7130.25551791719 136
8 6682.54926125237 153
9 6354.56651758851 170
10 6153.55543552542 186
11 6031.10203833783 202
12 5934.44397066191 218
13 5902.36822517384 236
14 5887.57820008803 254
15 5880.6070525176 272
16 5877.31444536961 290
17 5875.89660235432 307
18 5875.14216306749 325
19 5874.7106360949 343

0 12976.7327813731 18
1 11805.741971625 36
2 12807.5153151409 53
3 12262.3890601755 69
4 10558.260978578 85
5 10007.4018167543 101
6 8427.28443872543 118
7 7291.65482187752 134
8 6777.32863112997 150
9 6437.54820793581 166
10 6132.73292707281 183
11 6031.01210158701 202
12 5954.05764578171 220
13 5917.18792714202 237
14 5899.77178017374 253
15 5890.65286392243 269
16 5886.74771234566 286
17 5884.80050482487 303
18 5883.81058720684 319
19 5883.22564098481 335

0 12709.7894760627 17
1 12447.5985480519 33
2 11649.2917849659 51
3 11549.0253960015 68
4 10472.4365897042 85
5 9588.69605189368 101
6 8793.94359194619 117
7 7361.00016939504 134
8 6750.58749115431 151
9 6437.15961568082 167
10 6234.23596550565 184
11 6094.33566110902 200
12 6012.28410390138 216
13 5964.09774763078 232
14 5949.06792384932 249
15 5942.88057985413 265
16 5939.32631384593 282
17 5937.51943697167 299
18 5936.55436522895 315
19 5936.01792435915 332

0 12459.7830959049 17
1 11941.8165419691 33
2 13078.9549237432 50
3 11619.8551984067 66
4 11091.6631387984 83
5 9641.95821579978 99
6 8161.95459046717 116
7 7197.91319303521 133
8 6745.73596521567 150
9 6424.06135047579 166
10 6195.93229103567 182
11 6057.38368268905 198
12 5994.45289355303 214
13 5958.41066458211 230
14 5941.70563760299 247
15 5935.29118099736 263
16 5931.34180968966 279
17 5929.59500745909 295
18 5928.67170025957 312
19 5928.09163615486 328

0 11882.3211498304 17
1 12572.846920962 34
2 12312.9754342314 51
3 12820.5421506644 67
4 10776.7399722703 84
5 9829.5910849961 100
6 8591.11542084593 118
7 7367.96687791717 134
8 6688.37136152766 151
9 6461.22881365619 167
10 6184.33480668974 184
11 6042.85971398649 201
12 5994.05020387192 219
13 5945.36063094382 236
14 5925.20928100104 252
15 5917.75112185914 268
16 5914.0929104758 284
17 5912.42996847936 300
18 5911.52644473093 316
19 5910.9827607032 331

0 12425.9948087562 16
1 12005.4047884601 32
2 12035.9224569852 48
3 11585.9115695665 66
4 10153.1252811071 83
5 9607.68232352622 99
6 8079.29505335135 115
7 7356.26432139689 132
8 6801.3242030777 148
9 6417.86543666481 164
10 6176.63625175897 180
11 6038.3698252959 197
12 5955.26873427621 214
13 5922.24531626702 230
14 5904.80364123699 247
15 5898.2654410344 264
16 5895.18018545549 283
17 5893.6366089767 301
18 5892.78775183503 318
19 5892.31448661312 334

0 11505.6659535904 17
1 13060.4739644981 34
2 12172.160893851 50
3 12409.2075321101 66
4 11032.4635256764 82
5 9667.70737264819 98
6 8770.15084359984 115
7 7672.78656146122 136
8 6985.91224599298 157
9 6571.58790794091 174
10 6303.38684120661 192
11 6135.29784714473 210
12 6069.62058902165 228
13 6024.7541889579 246
14 6008.91247283448 264
15 6001.31925458927 280
16 5997.908548088 296
17 5996.17763777203 312
18 5995.23765367641 328
19 5994.71010677792 345

0 11721.4908415364 17
1 12083.2188829758 34
2 12458.9814644456 50
3 11588.3341614367 67
4 10548.4406769086 84
5 9918.42689827655 101
6 8673.50730899531 119
7 8037.26231324459 135
8 7395.4777795892 152
9 6900.10644259081 168
10 6624.38876871282 184
11 6478.83045016475 201
12 6374.6278039583 219
13 6333.19157756174 235
14 6313.96318358336 251
15 6306.54221720954 267
16 6301.66218749262 283
17 6299.10226897774 299
18 6297.85919758002 315
19 6297.08854647465 331

0 12924.8797802161 17
1 11705.1682189533 34
2 11347.3821487921 50
3 13099.5955720996 67
4 10704.0372756343 84
5 9705.62038415295 101
6 8073.69987927707 118
7 7291.06494547812 134
8 6775.23262403432 151
9 6324.6379517768 167
10 6121.65493369556 183
11 6008.32893872346 200
12 5944.99405151963 215
13 5909.89113575241 231
14 5890.66584541381 248
15 5884.35141425581 264
16 5881.34645320217 281
17 5879.95085074878 297
18 5879.21020276638 314
19 5878.77670261921 329

0 13549.0988658737 16
1 12698.481619014 32
2 13067.6542882112 48
3 12214.7022973738 64
4 10171.6114619588 80
5 9866.17979673956 97
6 8406.72626903983 118
7 7217.37759349313 136
8 6850.46065177475 153
9 6377.49246405409 170
10 6165.48601276648 187
11 6055.72454765451 203
12 5962.63186118317 220
13 5920.55196127856 237
14 5901.08696495243 253
15 5892.89192389161 269
16 5889.71275368495 285
17 5887.97034510932 300
18 5887.0156984258 317
19 5886.48735721986 334

0 13636.1857038481 18
1 13246.6798804264 36
2 12530.5911232579 52
3 12127.2384345207 69
4 11341.9304995452 85
5 9941.8412324889 101
6 8171.28135563305 119
7 7061.6713889551 135
8 6732.77365348991 151
9 6428.24513569591 167
10 6194.98756720557 183
11 6053.46934644515 200
12 5977.50246075746 216
13 5931.31762405524 234
14 5916.12126238135 250
15 5908.60404742747 266
16 5904.92211228486 283
17 5903.2340131092 299
18 5902.34504379294 316
19 5901.83756336775 333

0 12765.0463261019 17
1 11916.9659985588 34
2 11088.6882710389 51
3 11454.929991059 67
4 10370.7602291073 84
5 9250.44626772266 101
6 7923.23220375099 117
7 7315.31048944461 133
8 6686.28973548944 149
9 6387.27207427771 165
10 6157.04087925376 182
11 6018.79721775186 198
12 5953.34545621163 214
13 5923.39766438561 230
14 5908.16807372806 246
15 5900.60638083578 262
16 5897.54926956062 279
17 5896.19603908307 296
18 5895.43104330587 312
19 5894.99352933312 328

0 13221.0772264032 16
1 12243.5306839495 32
2 12563.2987075226 48
3 11107.5124412536 64
4 9799.53166366489 80
5 9644.16975190904 96
6 8118.7086633364 112
7 7215.52386707765 128
8 6637.15687023753 145
9 6437.8502823045 162
10 6177.7218764837 179
11 6012.44329868 195
12 5954.74744045918 211
13 5920.1261005247 227
14 5904.41349586756 244
15 5896.17033994362 260
16 5893.06747563797 276
17 5891.43331582704 293
18 5890.53147112605 309
19 5890.04530321235 325

0 12655.4607172158 17
1 12115.0986796762 34
2 12788.6135806885 51
3 12336.209716784 67
4 10707.363726509 83
5 9965.70163118437 99
6 8581.83923299651 115
7 7025.15318301607 131
8 6642.73179078173 148
9 6417.56746058205 163
10 6185.14312786771 179
11 6050.44835785116 196
12 5971.95969361895 212
13 5928.05013666917 228
14 5912.25767861584 245
15 5905.06676578544 262
16 5902.09492148084 278
17 5900.60568350766 295
18 5899.78478468414 311
19 5899.32815838807 327

0 12873.5157950886 16
1 11931.5659788285 32
2 12923.361547532 49
3 11700.2455898922 65
4 10520.4310876034 81
5 9453.2309435792 97
6 8315.97550199127 114
7 7122.19480551693 133
8 6738.44450852871 151
9 6452.02514159505 167
10 6156.70607932487 183
11 6051.54619379096 199
12 5979.28957714917 215
13 5944.76971514189 232
14 5930.08705859482 248
15 5922.43235256713 264
16 5918.95273377319 280
17 5917.44767445385 296
18 5916.58827017759 312
19 5916.12544362451 330

0 11824.4718197198 17
1 12228.763748218 34
2 12239.7693897923 50
3 11805.7897433877 66
4 10704.6524315074 82
5 9915.340256953 98
6 8390.4588478179 114
7 7149.14447188569 130
8 6575.32605911752 146
9 6430.86164991951 164
10 6197.96040241747 180
11 6036.986210314 196
12 5945.15489511495 214
13 5914.57035906757 230
14 5897.04051929577 246
15 5891.77483631068 264
16 5888.52129010087 279
17 5886.93594756799 295
18 5886.13092184905 311
19 5885.67573320955 327

