0 29486.8750556308 131
1 28551.783597686 254
2 22857.4806379896 371
3 16990.850590655 485
4 10764.6075149968 597
5 7481.46871336256 716
6 6024.21384746745 825
7 5150.68164287968 939
8 4797.46340179379 1050
9 4586.43467692543 1165
10 4445.93908619607 1283
11 4399.49501794696 1396
12 4342.60728641108 1514
13 4334.08899148115 1626
14 4332.51543490468 1746
15 4332.07389775841 1863
16 4331.90998831748 1976
17 4331.84092089144 2089
18 4331.8097401518 2206
19 4331.79528973904 2324

0 27000.4080337892 116
1 28222.5258254164 231
2 24076.8373760241 344
3 16746.2457065021 462
4 10598.9075178828 582
5 7430.49170279505 697
6 5884.81620047227 818
7 5184.49090377319 933
8 4756.12519653564 1049
9 4579.91322927931 1161
10 4443.36900812217 1275
11 4399.24118437844 1388
12 4342.19476876004 1497
13 4334.09963508222 1612
14 4332.5435388764 1725
15 4332.0918785032 1840
16 4331.92337491809 1960
17 4331.85299640106 2075
18 4331.821349514 2189
19 4331.80662697535 2302

0 28893.568861833 123
1 28334.1859368601 236
2 24141.6266630709 350
3 17154.6422681301 458
4 10606.3793994439 569
5 7531.09129986825 682
6 5854.13814532949 791
7 5123.83908100633 904
8 4797.90163550345 1013
9 4581.88572371064 1131
10 4446.48406705247 1238
11 4400.01183432547 1358
12 4342.37536033375 1479
13 4334.26535843984 1597
14 4332.6399639442 1713
15 4332.1623769611 1823
16 4331.98689730685 1935
17 4331.91308939005 2044
18 4331.87983231874 2161
19 4331.86443856573 2269

0 26986.7337927771 112
1 27852.557223432 226
2 23813.095778535 343
3 17361.2543608733 464
4 10623.5504654679 577
5 7704.78593320383 695
6 5954.47830111046 809
7 5176.36973249275 926
8 4780.04228877587 1035
9 4576.87197564957 1145
10 4449.7790526473 1258
11 4397.99969606153 1373
12 4342.31522625449 1493
13 4334.11849823351 1615
14 4332.51162532678 1732
15 4332.06856686466 1844
16 4331.90447485635 1959
17 4331.8360948511 2073
18 4331.80544388178 2186
19 4331.79121727354 2297

0 27958.5523251635 117
1 28949.3174405634 233
2 23980.9323838329 345
3 17497.4276363293 462
4 10866.6428055933 576
5 7614.06391061354 690
6 5939.78912301951 808
7 5104.16565581861 918
8 4804.38750438035 1036
9 4583.02576062752 1152
10 4439.30697149714 1265
11 4398.56392515339 1377
12 4342.92598268626 1491
13 4334.31896557694 1604
14 4332.6146576932 1717
15 4332.13969410605 1833
16 4331.96395570458 1942
17 4331.89067896618 2062
18 4331.85766868966 2183
19 4331.84236394169 2295

0 28779.0135204677 120
1 29392.6147611453 233
2 24856.6567000629 359
3 17501.8202923604 474
4 10541.9916450466 596
5 7583.44581693806 713
6 5955.46008447212 829
7 5108.25900948544 948
8 4774.3961280411 1060
9 4593.91720863409 1171
10 4445.28335347113 1281
11 4400.37732502126 1395
12 4342.75404628722 1510
13 4334.11248728415 1625
14 4332.5219479699 1735
15 4332.08378949872 1850
16 4331.91929618094 1970
17 4331.85012868776 2085
18 4331.81911345921 2200
19 4331.80470084764 2308

0 28543.8439505459 110
1 28295.8356161795 220
2 24057.3407713624 334
3 16862.2431047447 453
4 10844.0850421769 573
5 7503.78073702321 691
6 5971.3982904787 803
7 5134.59560391179 916
8 4760.88288552864 1025
9 4575.72267430309 1138
10 4442.69342174733 1251
11 4397.75217953527 1358
12 4342.76028045807 1470
13 4334.29274784309 1587
14 4332.60463547875 1701
15 4332.13709762466 1811
16 4331.96573466963 1924
17 4331.89369505947 2035
18 4331.86123426433 2147
19 4331.84616193731 2260

0 28892.4369256849 111
1 27565.6455160771 227
2 24597.122895946 345
3 16798.9901604052 458
4 10559.1803881801 567
5 7603.59676333585 680
6 5801.91004696684 790
7 5169.04053892072 904
8 4768.8385547609 1023
9 4579.42170862082 1134
10 4442.80497920719 1246
11 4395.56199191624 1361
12 4342.28509350297 1482
13 4334.00666698455 1596
14 4332.49183297122 1715
15 4332.05262644598 1830
16 4331.89068863552 1940
17 4331.82282518506 2059
18 4331.79235396712 2170
19 4331.77821658488 2285

0 27793.8628061794 115
1 27145.8227817151 232
2 24730.6725918468 350
3 16710.8794748071 463
4 10660.5044039975 576
5 7759.83297064252 691
6 5921.49661014837 802
7 5143.16830498446 910
8 4767.41394622402 1027
9 4570.94942929205 1140
10 4443.18787897945 1253
11 4400.50952646054 1367
12 4342.54370871892 1476
13 4334.2682991517 1592
14 4332.61485706706 1707
15 4332.13821503559 1825
16 4331.96506487729 1936
17 4331.89294625875 2053
18 4331.86044996194 2169
19 4331.84535837402 2282

0 27740.9670235548 120
1 28748.1573243851 233
2 25091.4818262576 348
3 16960.1414782072 461
4 10520.2230793814 574
5 7590.67099897443 690
6 6055.93184779259 805
7 5128.57488105184 925
8 4784.99913418183 1040
9 4588.98110095512 1152
10 4439.87376541313 1262
11 4398.00967105747 1378
12 4342.60547986274 1487
13 4334.09221859256 1599
14 4332.51516294398 1710
15 4332.0781963392 1824
16 4331.91505558835 1941
17 4331.8458645919 2050
18 4331.81477772327 2173
19 4331.80031339555 2282

0 28653.2767511481 115
1 27711.9600934117 225
2 24861.1424869492 339
3 16376.521838756 458
4 10566.5995335484 577
5 7517.39592578864 702
6 6055.43444672984 817
7 5169.77650474917 931
8 4788.30246305021 1041
9 4575.66749315957 1154
10 4442.88664217815 1276
11 4399.11417396349 1387
12 4342.38359711664 1503
13 4334.1031138727 1617
14 4332.51346702982 1733
15 4332.07407828692 1843
16 4331.91350878856 1956
17 4331.84540677118 2066
18 4331.81465073861 2177
19 4331.8003859474 2288

0 27987.3984563237 110
1 26139.8263619709 226
2 24898.5846202262 345
3 16551.65105389 466
4 10869.7763199277 582
5 7492.0206034699 699
6 5990.902707252 816
7 5133.50056782382 926
8 4783.70168112813 1044
9 4585.76297168091 1156
10 4441.37831741612 1272
11 4397.32908154793 1387
12 4341.97223763959 1501
13 4333.89181411177 1614
14 4332.43025769024 1725
15 4332.01339992341 1844
16 4331.86178347494 1955
17 4331.79730473475 2074
18 4331.76829811574 2182
19 4331.75483090059 2297

0 29726.1930915004 122
1 26472.0692164465 236
2 24839.5734755282 355
3 16010.9515742813 471
4 10748.7043931809 585
5 7523.62603033154 696
6 6045.95290183821 811
7 5161.11969458351 928
8 4766.95025312098 1049
9 4592.95859177727 1172
10 4444.03571740147 1284
11 4398.70480738303 1394
12 4342.23001779478 1502
13 4334.10451941545 1621
14 4332.52290886636 1743
15 4332.08350693127 1856
16 4331.91948245356 1973
17 4331.85042810168 2089
18 4331.8193197787 2208
19 4331.80486871213 2324

0 28263.2000761296 111
1 28183.6412850377 227
2 24469.7841718563 341
3 16372.7463686554 457
4 10637.0689611971 571
5 7423.11610535549 688
6 5920.4571984838 802
7 5136.25518414209 919
8 4764.16710628551 1030
9 4568.47016081506 1141
10 4445.69003724548 1258
11 4400.56522832561 1370
12 4342.92454267968 1494
13 4334.24525285847 1608
14 4332.61122973249 1723
15 4332.14160936154 1842
16 4331.96797310495 1952
17 4331.89543222676 2067
18 4331.86276162175 2177
19 4331.84759396787 2293

0 30552.1517762336 111
1 28613.9519006968 229
2 25647.67602364 341
3 17095.6224828605 460
4 10610.174071337 585
5 7446.41694005942 695
6 5868.89115409373 811
7 5153.12747294371 925
8 4751.24506050919 1036
9 4587.43044079214 1143
10 4442.50623414794 1252
11 4399.45567517985 1361
12 4342.25647401044 1476
13 4334.09990997291 1587
14 4332.53014731048 1697
15 4332.08155045078 1809
16 4331.91623841555 1923
17 4331.84676381162 2039
18 4331.81554495533 2149
19 4331.80106524074 2264

0 29264.4625841229 115
1 30334.7010810102 230
2 23831.3734507445 351
3 16154.500618252 466
4 10887.3291838501 580
5 7198.35798285921 689
6 5906.43562181408 803
7 5157.08343312489 912
8 4785.31966847844 1024
9 4574.58678067034 1138
10 4441.79060858256 1254
11 4401.0951948247 1376
12 4342.52499487593 1486
13 4334.27305859226 1604
14 4332.62702929345 1716
15 4332.14602275222 1845
16 4331.97195039649 1962
17 4331.89834991365 2073
18 4331.86519682368 2189
19 4331.84981566752 2303

0 28280.6027986959 117
1 28241.4609732411 233
2 24880.9650895485 345
3 16406.4788930871 459
4 10187.8139514978 573
5 7424.87082858882 685
6 5840.37759199654 793
7 5102.25518894861 909
8 4781.54855026771 1022
9 4590.65691353641 1136
10 4444.27971748557 1244
11 4397.82751456941 1355
12 4342.43655396643 1467
13 4334.13974151161 1578
14 4332.55497022755 1702
15 4332.10354430915 1815
16 4331.93739919555 1932
17 4331.86782529996 2047
18 4331.83649303779 2158
19 4331.821948064 2266

0 29084.2774238326 113
1 29032.8073776044 226
2 23700.3048090774 338
3 16481.3871805505 455
4 10649.4908228969 570
5 7327.98193092962 695
6 5948.23288816665 815
7 5137.01492970936 928
8 4779.67269117072 1042
9 4585.47167780956 1154
10 4443.69856833804 1271
11 4400.12235282566 1382
12 4342.00877911785 1498
13 4334.01015248783 1611
14 4332.46387798541 1727
15 4332.03523704885 1848
16 4331.87783258682 1959
17 4331.81095319691 2082
18 4331.78094474152 2195
19 4331.76701850401 2309

0 29012.7376276613 114
1 28018.0392559289 228
2 24983.0623521432 341
3 16595.0462738529 459
4 11234.9032319263 579
5 7500.31642806767 690
6 5965.05873073321 807
7 5152.56716459112 913
8 4779.66117479906 1027
9 4585.94530610899 1145
10 4438.21885164813 1259
11 4398.48389025308 1377
12 4342.97046813006 1494
13 4334.23695146938 1620
14 4332.60418454399 1738
15 4332.13710457387 1858
16 4331.96415365916 1972
17 4331.89093088865 2087
18 4331.8580552803 2202
19 4331.84280879929 2320

0 27344.3601052288 114
1 28824.5620200479 236
2 24095.4238945837 349
3 17117.2287159959 466
4 10603.2404760518 578
5 7627.70820578891 694
6 6070.45403504909 809
7 5171.96726807821 926
8 4750.10559641916 1036
9 4594.32590033987 1153
10 4441.78971765654 1274
11 4400.61785198733 1386
12 4342.67877509209 1503
13 4334.15982228672 1616
14 4332.57277033602 1737
15 4332.11688672369 1856
16 4331.94885721385 1970
17 4331.87841419987 2082
18 4331.84672169553 2200
19 4331.83199565856 2318

0 31018.6496629121 111
1 27351.7700485535 224
2 23770.4181948929 334
3 17193.1411291301 449
4 10722.9297301043 563
5 7369.37376535488 675
6 5954.98614674602 795
7 5176.9591901165 912
8 4773.8940627168 1032
9 4593.73223011641 1147
10 4441.75315558196 1260
11 4400.32628927199 1372
12 4342.64893851371 1483
13 4334.24144393768 1595
14 4332.6184944253 1704
15 4332.15755873005 1820
16 4331.98573796428 1934
17 4331.9132096671 2052
18 4331.88035702911 2163
19 4331.86514612395 2277

0 28219.1437410793 123
1 27787.9301335919 237
2 24823.0446518658 362
3 16146.8171211369 477
4 10943.7521862019 595
5 7469.47601299861 716
6 5909.72886505873 828
7 5134.87336238331 943
8 4801.10133251347 1055
9 4594.40315461536 1174
10 4438.72849627538 1289
11 4401.01233858947 1409
12 4342.77083844548 1522
13 4334.14522596682 1639
14 4332.53895908537 1751
15 4332.08936000536 1862
16 4331.92230478933 1978
17 4331.85202753337 2089
18 4331.82058420482 2207
19 4331.8060207656 2318

0 29289.096962452 111
1 28041.355258329 228
2 23052.9673641991 346
3 16545.606802149 477
4 10829.4383511418 592
5 7657.92892914788 706
6 5927.12247699955 817
7 5170.86119685524 931
8 4779.52763504986 1043
9 4581.73588817013 1156
10 4442.23509004175 1272
11 4402.71941791717 1388
12 4342.67587817491 1504
13 4334.25006250744 1613
14 4332.5845576822 1725
15 4332.12689508628 1844
16 4331.95662389192 1957
17 4331.88473566886 2068
18 4331.85226503891 2179
19 4331.83719082251 2298

0 28491.6000660765 113
1 28456.8946896734 232
2 25083.7016596349 344
3 16541.1379723299 458
4 10568.2858733881 571
5 7576.38413278682 687
6 5878.69479653301 812
7 5182.61716363984 922
8 4778.42006807372 1041
9 4584.29127740618 1158
10 4445.01505502294 1271
11 4398.68661572224 1384
12 4342.52421249281 1495
13 4334.22294601725 1616
14 4332.56631253589 1732
15 4332.10655347598 1856
16 4331.93788989337 1974
17 4331.86753622837 2091
18 4331.83579295362 2217
19 4331.82108644538 2330

0 27473.5835340581 120
1 27118.8901746584 233
2 24799.4840383859 349
3 16922.1433858727 465
4 10789.4308852853 579
5 7462.49723658327 698
6 5909.94584325377 815
7 5155.46412827565 931
8 4750.33457672103 1043
9 4571.35272182185 1152
10 4440.14739759954 1273
11 4396.81804519581 1383
12 4342.02800872788 1497
13 4333.9872476288 1607
14 4332.50201581177 1728
15 4332.06069995842 1840
16 4331.89983276079 1948
17 4331.8317727981 2056
18 4331.801235176 2164
19 4331.78707266148 2275

0 28104.0301803532 111
1 29349.0436352388 229
2 24847.3659898275 342
3 17059.6924502201 461
4 10510.4137403613 580
5 7335.48945077028 695
6 6010.68866449389 809
7 5111.13091131386 921
8 4770.78388267941 1032
9 4584.23753305509 1146
10 4436.98946452474 1268
11 4397.7556912491 1379
12 4342.75843495916 1500
13 4334.09705951244 1622
14 4332.51922699117 1737
15 4332.0663480264 1853
16 4331.90253403118 1963
17 4331.8336674695 2080
18 4331.80278310005 2194
19 4331.78844910043 2319

0 27608.9353322489 123
1 27502.8081316473 251
2 23555.2668079005 374
3 16091.4610448382 491
4 10874.2467614484 601
5 7540.49088833856 734
6 5962.90282946361 851
7 5140.47979575945 976
8 4792.2606794081 1096
9 4592.35061131874 1226
10 4446.52260074395 1345
11 4401.20800888841 1452
12 4342.17554994541 1567
13 4334.07915478126 1682
14 4332.54821086865 1804
15 4332.08558947917 1919
16 4331.92201203599 2035
17 4331.85245722221 2161
18 4331.82104732656 2278
19 4331.80649416023 2403

0 28899.7919439584 116
1 27205.5739316486 231
2 22882.0833080704 345
3 16766.8530179307 462
4 10435.3756708277 580
5 7769.47781302599 692
6 6041.82910960081 811
7 5171.44657533378 924
8 4759.81523654049 1042
9 4573.60581939225 1156
10 4443.20731976161 1270
11 4402.20802348347 1387
12 4342.87107759586 1499
13 4334.10165116619 1616
14 4332.47755887486 1727
15 4332.04834621753 1842
16 4331.88865878908 1956
17 4331.82205184202 2068
18 4331.79186999228 2180
19 4331.77785980177 2292

0 29212.4911268163 123
1 28240.6318726627 237
2 23680.2947185505 358
3 16150.6230093563 472
4 10885.7732842052 590
5 7465.61988443975 706
6 6025.84692852043 817
7 5157.9317278649 931
8 4785.68927643781 1044
9 4595.29640966071 1166
10 4447.93082466512 1280
11 4396.94659794381 1394
12 4342.49073275253 1511
13 4334.11555436291 1627
14 4332.54702242609 1761
15 4332.09101702063 1873
16 4331.92646296962 1987
17 4331.85721037565 2099
18 4331.82594695728 2211
19 4331.81146001315 2322

0 28809.9019394341 111
1 27572.0238836546 225
2 24221.268295274 344
3 16494.742725162 460
4 10528.9837493476 570
5 7642.82508867343 684
6 5919.7059117588 806
7 5123.86012817404 918
8 4765.11423725129 1031
9 4581.11527357 1141
10 4444.30838035346 1257
11 4396.77140952596 1372
12 4342.70359657395 1485
13 4334.22303139251 1594
14 4332.57948298658 1709
15 4332.1199754791 1823
16 4331.95277637493 1935
17 4331.88134519186 2061
18 4331.84927331791 2172
19 4331.83439376492 2291

0 28616.7943946797 116
1 29343.9544276573 228
2 24947.6146604997 339
3 16646.0801745083 454
4 10347.0619256204 569
5 7445.71609443979 682
6 5885.85576775005 799
7 5214.32153386462 908
8 4765.71385969835 1025
9 4577.56156179455 1149
10 4445.87258631354 1259
11 4400.12827337095 1370
12 4342.38883256039 1482
13 4334.08920484434 1598
14 4332.49683304957 1711
15 4332.06599468722 1829
16 4331.90510823424 1938
17 4331.83716989168 2053
18 4331.80675664377 2169
19 4331.79267353282 2277

0 29466.5984856088 120
1 29501.5836206692 232
2 23415.438917336 348
3 17555.6691523003 461
4 10449.4334034029 582
5 7548.57494736019 703
6 5978.53596481932 821
7 5167.34094677253 938
8 4770.12950296787 1048
9 4597.47632303198 1165
10 4448.01700436818 1276
11 4401.16259215166 1389
12 4343.0389006179 1501
13 4334.28963883054 1615
14 4332.61979455601 1734
15 4332.14336509331 1852
16 4331.96878039727 1968
17 4331.89555168406 2076
18 4331.86263074514 2191
19 4331.84734475516 2305

0 29382.2276109266 112
1 29136.1902462282 225
2 22991.1988407202 338
3 16870.363348501 454
4 10420.2620597169 569
5 7583.80417507325 691
6 5942.6270391254 806
7 5182.99857407844 921
8 4764.61826415093 1032
9 4566.67105697517 1145
10 4439.22412871004 1262
11 4398.62525427481 1375
12 4342.69172071863 1494
13 4334.2566141307 1606
14 4332.63396992208 1720
15 4332.16421330633 1831
16 4331.99149186478 1943
17 4331.9186218707 2066
18 4331.88581708147 2180
19 4331.87058630803 2298

0 30380.265960865 113
1 26910.1716463405 230
2 25413.8335868105 347
3 17102.9036217142 461
4 10814.6384210748 578
5 7583.92061550301 689
6 6030.63132147849 807
7 5150.56056697173 917
8 4767.0474365961 1029
9 4588.37376755616 1142
10 4444.04222007223 1257
11 4401.23672461457 1377
12 4342.69593954071 1487
13 4334.32488971394 1611
14 4332.59946103496 1725
15 4332.12861899933 1841
16 4331.9549633376 1955
17 4331.88137093777 2063
18 4331.84839993159 2174
19 4331.8331245527 2285

0 27828.2754893203 117
1 27876.6774211388 229
2 22715.0462649015 350
3 16824.2520674087 464
4 11163.0235909944 577
5 7631.67522035137 690
6 5867.26839065401 798
7 5153.68693517569 907
8 4782.57315635893 1019
9 4583.27603530447 1131
10 4441.15355899196 1241
11 4397.34162966761 1361
12 4342.76953862875 1471
13 4334.12392143776 1586
14 4332.5748266183 1704
15 4332.11938436666 1815
16 4331.95120860301 1929
17 4331.88002451573 2046
18 4331.84791601544 2164
19 4331.83300177031 2272

0 29133.5359293094 120
1 26518.7514823816 234
2 24053.254952795 349
3 16940.7074758343 462
4 11104.7756932124 573
5 7618.79731627693 690
6 5942.05979189638 805
7 5151.29366511464 924
8 4787.15864789969 1036
9 4581.50843793777 1147
10 4446.29220036199 1263
11 4399.2621652132 1373
12 4342.41573670413 1490
13 4334.2725581061 1603
14 4332.61064388244 1722
15 4332.14727442154 1836
16 4331.97637333569 1950
17 4331.90430806415 2061
18 4331.87187085842 2177
19 4331.85678021004 2300

0 27848.054140832 110
1 27885.5771183502 227
2 25226.080710499 339
3 16964.6152007123 459
4 10726.6488573007 577
5 7561.65253302686 693
6 5932.6916861818 813
7 5177.09491031377 927
8 4794.94857258476 1044
9 4590.63044097768 1153
10 4442.49687559834 1269
11 4397.42084879222 1387
12 4342.5616135555 1503
13 4334.03759035542 1621
14 4332.52607197873 1734
15 4332.08342376227 1850
16 4331.92154559849 1956
17 4331.85291840605 2070
18 4331.82199696114 2177
19 4331.80763697428 2288

0 28890.2337404619 117
1 28401.7022968777 231
2 23492.170551246 351
3 16970.6016138523 466
4 10726.3454154571 587
5 7416.96760563553 704
6 6006.69285065739 822
7 5172.38085543899 936
8 4773.05176138528 1048
9 4590.22883780589 1166
10 4442.69029286068 1280
11 4399.41915012657 1397
12 4342.54471772277 1507
13 4334.09624749957 1621
14 4332.53813923132 1733
15 4332.09323064879 1844
16 4331.9291183752 1965
17 4331.86029285279 2074
18 4331.82927160838 2198
19 4331.81485580319 2307

0 28800.949088303 112
1 27544.4194508605 223
2 24095.3748419883 335
3 16669.4906925238 449
4 10645.9098095602 561
5 7601.72793655141 676
6 5896.87387867619 787
7 5099.01364989241 915
8 4770.05402906262 1031
9 4581.70472200623 1142
10 4441.87520371058 1256
11 4400.00109691199 1367
12 4342.15543282702 1481
13 4334.00177261491 1593
14 4332.48247079932 1717
15 4332.04890093297 1832
16 4331.88956210351 1955
17 4331.82232832313 2070
18 4331.79209523987 2183
19 4331.77806433527 2306

0 29017.6988255888 113
1 26875.0769731062 228
2 24793.3696640467 339
3 17276.5638082828 456
4 10846.9478882144 570
5 7656.29363025339 686
6 5980.52239612716 805
7 5132.24112632442 917
8 4773.46379569185 1035
9 4585.14228720471 1146
10 4441.81684728879 1259
11 4396.57698662042 1379
12 4342.74853513936 1494
13 4334.15684404073 1610
14 4332.57561908209 1726
15 4332.11722478774 1843
16 4331.94742453168 1952
17 4331.87637212759 2064
18 4331.84443276397 2172
19 4331.82959324861 2284

0 30154.7674400194 115
1 26876.5154448072 227
2 23702.8351456813 341
3 17162.3610596015 460
4 10716.3929144547 583
5 7187.46052483311 691
6 5903.35688619507 803
7 5121.8124015919 912
8 4774.98105301201 1025
9 4573.2780421784 1139
10 4447.54086781339 1252
11 4399.6766026035 1367
12 4342.27018051841 1482
13 4334.11929462698 1597
14 4332.55175391289 1709
15 4332.1080998386 1820
16 4331.94097689576 1939
17 4331.87136524683 2053
18 4331.83994861342 2168
19 4331.82533711895 2283

0 28340.1502039862 116
1 28473.1759120394 229
2 24315.5622600676 344
3 16601.6987805592 459
4 10226.8050470658 571
5 7618.88819641202 685
6 6039.16453465554 797
7 5113.45894744709 922
8 4746.53656964482 1036
9 4570.24193486613 1151
10 4445.31941560913 1269
11 4402.14875009143 1381
12 4342.15256434681 1493
13 4334.14601738584 1606
14 4332.55802363535 1722
15 4332.10840046042 1837
16 4331.94225590473 1954
17 4331.87252782841 2082
18 4331.84110203987 2195
19 4331.82648237848 2319

0 27924.114103511 111
1 27642.2221955948 229
2 24970.2026590702 346
3 16961.4267908425 469
4 10976.0750297352 586
5 7529.40076267228 697
6 6068.08807911405 812
7 5127.99136475408 926
8 4782.75252218678 1043
9 4594.23840630258 1150
10 4447.18021144106 1261
11 4396.12552139256 1373
12 4341.99450657272 1484
13 4334.03871242444 1599
14 4332.48359518165 1711
15 4332.05030745161 1822
16 4331.89084408322 1938
17 4331.82298145038 2055
18 4331.79249459742 2164
19 4331.77837215743 2273

0 28923.8491962762 115
1 27907.155074249 228
2 24043.8899201038 344
3 16732.7297376429 456
4 10191.3453483518 577
5 7421.19232140352 689
6 5935.64137112235 807
7 5147.90236331145 917
8 4773.69282443914 1029
9 4563.93489417766 1141
10 4444.58171426169 1254
11 4398.63440556353 1368
12 4342.41423168699 1479
13 4333.98023815982 1594
14 4332.46005500269 1708
15 4332.03663593423 1817
16 4331.88169064171 1927
17 4331.81549148864 2035
18 4331.78567225833 2149
19 4331.7718430907 2257

0 29408.2568624796 115
1 28195.3588241709 223
2 22900.241818345 342
3 17013.3802397271 455
4 10617.597462435 567
5 7614.09864684089 676
6 5884.1873151579 783
7 5173.64575837927 895
8 4768.20100507048 1004
9 4582.59069075421 1121
10 4442.01966629989 1227
11 4402.38244973408 1338
12 4342.79220637422 1452
13 4334.1622822374 1570
14 4332.57079593594 1679
15 4332.10992780208 1793
16 4331.94160021301 1906
17 4331.87052338027 2022
18 4331.83860746416 2138
19 4331.82376151404 2250

0 27901.7196946205 123
1 28788.7331471201 240
2 24691.281397097 360
3 17307.9760942669 481
4 10262.6758464222 593
5 7580.23495853015 706
6 5917.96365086508 816
7 5177.5191069823 933
8 4762.42216104383 1043
9 4595.56587466786 1163
10 4437.33018223015 1273
11 4399.50484046218 1382
12 4342.29497750991 1490
13 4333.96960113793 1597
14 4332.43316067856 1714
15 4332.01589708826 1823
16 4331.86235432031 1940
17 4331.79725349056 2054
18 4331.76787892179 2169
19 4331.75425889219 2281

0 28613.7559713739 110
1 28551.8414091135 223
2 25252.1752620808 336
3 16905.569641584 450
4 10662.9385382277 564
5 7505.10901185394 683
6 5926.59602632106 793
7 5194.20321892405 913
8 4787.29178036909 1033
9 4574.97798013183 1144
10 4442.67825737743 1257
11 4401.36501905442 1368
12 4342.52260729736 1483
13 4334.11977040279 1592
14 4332.55028950879 1705
15 4332.10109381914 1813
16 4331.93601885649 1933
17 4331.86578297048 2046
18 4331.83410176512 2155
19 4331.81941828125 2275

0 28746.5113041915 112
1 26960.4140814026 229
2 23325.997980641 340
3 16498.2205238132 456
4 10670.0329329509 567
5 7627.62857797934 692
6 5995.14246748099 817
7 5169.27324635557 927
8 4760.21591312668 1046
9 4591.50747129459 1158
10 4439.8259254802 1273
11 4398.55781106425 1391
12 4343.46889395549 1502
13 4334.21105391313 1614
14 4332.58999631814 1728
15 4332.12572286817 1845
16 4331.9542308723 1956
17 4331.88209665878 2068
18 4331.84972931942 2181
19 4331.83469299726 2293

0 27962.5241607513 118
1 28488.9252111383 230
2 23621.1995040775 346
3 16679.5137240063 468
4 10542.70207769 587
5 7455.28107874899 696
6 6070.90664926013 806
7 5184.35116300222 917
8 4773.77403163712 1027
9 4588.09313021176 1142
10 4438.21560798381 1250
11 4397.42317893307 1366
12 4342.84026503768 1477
13 4334.15807664931 1592
14 4332.54502976219 1703
15 4332.09480497725 1816
16 4331.92796897843 1927
17 4331.85770491996 2036
18 4331.82613101805 2149
19 4331.81149275657 2257

0 28630.7528355118 121
1 27996.691870368 230
2 23571.4604101273 348
3 16258.3162751567 458
4 10457.0317771608 566
5 7426.20590087878 673
6 5871.36267475648 791
7 5140.06145084415 909
8 4796.16690752178 1019
9 4572.60054704439 1135
10 4444.44117983732 1248
11 4400.36349539715 1356
12 4342.8085033767 1462
13 4334.20289393433 1571
14 4332.56187214906 1678
15 4332.10633811652 1785
16 4331.93671829424 1897
17 4331.86595174772 2011
18 4331.83395875256 2135
19 4331.81911117601 2252

