0 27527.7824697696 115
1 29961.3541861407 228
2 28196.3634035307 334
3 26154.9241273147 446
4 24918.2256231145 554
5 20882.9015874537 667
6 18195.2194234617 777
7 14215.8819276495 889
8 11285.5933348534 998
9 9369.41556424812 1112
10 7909.92023319816 1227
11 6894.62927970014 1335
12 6233.14108171228 1446
13 5714.64218659799 1552
14 5351.7973207412 1664
15 5038.63321785085 1771
16 4870.45770851623 1885
17 4705.05827258736 1992
18 4637.63255819647 2102
19 4541.02668087711 2212
20 4472.54115473972 2327
21 4441.20476162926 2438
22 4415.08771273738 2545
23 4392.18317345921 2657
24 4360.14548488615 2765
25 4347.4337599735 2879
26 4341.4638942777 2987
27 4338.02821520375 3101
28 4335.87981983038 3210
29 4334.49545911754 3320
30 4333.40447171827 3429
31 4332.83430466006 3540
32 4332.54207446252 3666
33 4332.16632695179 3775
34 4331.9923785192 3893
35 4331.77268839809 4002
36 4331.64767458576 4116

0 27638.5627276396 114
1 29005.4237255943 223
2 27859.0237837427 332
3 26196.3525088864 441
4 24940.3193912764 551
5 20894.329515592 661
6 17363.8323674609 773
7 14231.3274269806 882
8 11312.4515019668 1002
9 9388.15674694981 1111
10 8170.3162350082 1228
11 6940.10541615717 1336
12 6161.67251379181 1446
13 5636.740100819 1555
14 5230.30604499116 1664
15 5045.1142909206 1779
16 4859.20416488935 1885
17 4719.60929628646 1996
18 4623.64323967382 2104
19 4545.72653754113 2219
20 4481.32174520805 2327
21 4433.75376901304 2449
22 4416.1221864068 2560
23 4392.31329461068 2671
24 4362.39451336045 2784
25 4348.77623189617 2897
26 4341.98199272539 3020
27 4337.93859536642 3133
28 4335.72486397355 3248
29 4334.27461329479 3361
30 4333.54560054157 3473
31 4332.8547293642 3591
32 4332.39798169131 3702
33 4332.12501076312 3825
34 4331.92955733454 3946
35 4331.77684707519 4061
36 4331.5953656441 4173

0 29919.3573522477 110
1 28133.2562178802 222
2 29200.2619412251 339
3 25192.5174102856 451
4 25273.6856989846 560
5 21716.7875769624 677
6 17993.5114520008 787
7 14334.0384294257 904
8 11096.7104494921 1019
9 9234.58261070119 1133
10 7882.23164360524 1250
11 6774.82869989324 1358
12 6082.04935391678 1470
13 5692.19970432422 1577
14 5307.9368457396 1688
15 5042.75501078745 1799
16 4845.52414681998 1913
17 4723.24550527362 2022
18 4609.97483354927 2130
19 4547.58912355409 2240
20 4472.11276569753 2352
21 4434.04147254956 2469
22 4420.69200685113 2577
23 4391.46907775379 2696
24 4361.19766401925 2807
25 4347.9144338238 2924
26 4341.33582800592 3035
27 4337.35822062177 3148
28 4336.01056086572 3260
29 4334.43535410257 3372
30 4333.59288301351 3487
31 4332.93674418747 3599
32 4332.59835700561 3713
33 4332.20749773068 3824
34 4331.93602873204 3944
35 4331.72928752865 4053
36 4331.60333745602 4164

0 27546.0654648876 115
1 27534.9283897985 223
2 26545.420322393 334
3 26995.2830504855 440
4 24206.4216831648 552
5 21886.7586680856 661
6 18286.5860100155 775
7 13454.7218233313 883
8 11512.3610391499 998
9 9451.3342625052 1110
10 7868.0472722642 1230
11 6928.84603272192 1343
12 6265.05443518425 1451
13 5705.70419118719 1562
14 5238.05764847979 1669
15 5075.28716740627 1780
16 4816.96400533504 1888
17 4686.2092471353 2000
18 4615.60901378034 2108
19 4556.70362154684 2219
20 4469.51308374663 2328
21 4436.34490785787 2438
22 4414.89442072228 2554
23 4389.9847950056 2664
24 4361.29614753722 2779
25 4348.1489710485 2889
26 4341.27011550123 3004
27 4337.72228859272 3113
28 4335.75920679668 3227
29 4334.16903936519 3338
30 4333.4056724679 3448
31 4332.8395262381 3559
32 4332.39871340294 3667
33 4332.13813852852 3780
34 4331.8940492132 3890
35 4331.7370883723 4010
36 4331.60883704509 4118

0 28257.1189010445 121
1 28042.0098648756 230
2 28079.2006782336 340
3 26335.3276449574 450
4 23717.5315608452 559
5 22086.4236877577 670
6 17265.9163046972 779
7 14292.9351082079 893
8 11703.5548678069 1000
9 9343.1466484889 1113
10 7843.86514322842 1224
11 6986.82861477496 1347
12 6249.60656299296 1455
13 5682.23902487344 1564
14 5323.57950600383 1674
15 5048.32303140233 1783
16 4850.46701760154 1893
17 4718.62399358356 2001
18 4627.56311412327 2118
19 4546.0441544434 2226
20 4478.91255517005 2338
21 4432.1009446264 2443
22 4417.57004925708 2553
23 4389.65488524772 2666
24 4359.83657342563 2783
25 4347.44599757096 2900
26 4341.06296886422 3010
27 4338.14750414687 3123
28 4336.06073813024 3234
29 4334.36885451885 3350
30 4333.57697012254 3459
31 4332.85807323446 3571
32 4332.38189682282 3681
33 4332.10652427371 3793
34 4331.89452381568 3904
35 4331.71287820468 4014
36 4331.61568043027 4136

0 26464.3024119446 116
1 28828.6950099873 230
2 28859.7795606392 338
3 26831.5815539005 448
4 25592.1040659874 559
5 21989.2175162647 670
6 17158.0210570982 782
7 13661.1561690738 892
8 11062.1475197671 1005
9 9175.85988818348 1116
10 8042.7518836093 1232
11 6930.74325865949 1341
12 6202.18517904838 1461
13 5650.67544298188 1571
14 5337.05217062757 1682
15 5040.3047449676 1791
16 4860.1849683611 1900
17 4723.77734315575 2012
18 4629.38386592499 2118
19 4551.40535426027 2229
20 4474.76100082453 2335
21 4431.8856682157 2446
22 4423.13837061737 2554
23 4387.39218013898 2669
24 4360.86542488938 2780
25 4347.97754623738 2899
26 4342.29584572912 3019
27 4337.72025584663 3130
28 4335.86704739773 3244
29 4334.32055029237 3353
30 4333.46615233873 3468
31 4332.80636659822 3578
32 4332.41235277355 3690
33 4332.14910358846 3800
34 4331.90527360857 3913
35 4331.72525114973 4028
36 4331.57312108749 4151

0 26655.6212010579 124
1 27673.9147781926 232
2 27400.2526149815 349
3 26754.7531053402 460
4 24998.595612539 580
5 20390.8636580842 696
6 19069.5684399583 809
7 14635.537291805 925
8 11265.4295716094 1036
9 9251.39946186639 1149
10 7790.78934432402 1257
11 7004.88112063617 1368
12 6068.78040643434 1479
13 5711.43306799343 1591
14 5314.33657814173 1704
15 5019.6668918517 1813
16 4865.22105201932 1923
17 4702.59655108546 2031
18 4618.54278490219 2143
19 4549.28589968453 2251
20 4480.37951824328 2363
21 4436.96468114441 2469
22 4417.8093990517 2580
23 4391.78936384084 2689
24 4362.0891903203 2801
25 4348.8215523594 2918
26 4341.17441082786 3032
27 4338.06089002933 3148
28 4335.59624979909 3258
29 4334.45499978477 3372
30 4333.46139496814 3483
31 4332.93639542349 3597
32 4332.46626830492 3707
33 4332.20610220936 3824
34 4331.87196137039 3938
35 4331.75955425734 4048
36 4331.63646392546 4160

0 28932.6996340699 110
1 27148.1451969039 230
2 26773.922135705 339
3 26682.0953980055 454
4 24855.688909644 561
5 20642.1634093554 674
6 17215.295461442 786
7 14226.1875383181 897
8 10759.8842475532 1010
9 9387.29781612087 1118
10 7613.73587106763 1233
11 6985.66033616053 1343
12 6020.56218951718 1457
13 5611.28122169897 1565
14 5304.9986673604 1685
15 5007.67490785787 1797
16 4843.18426779494 1907
17 4713.57756956501 2016
18 4605.8211403634 2123
19 4543.66886299811 2237
20 4471.65397733746 2345
21 4437.20279911655 2459
22 4413.66513324746 2567
23 4389.50486322085 2683
24 4362.44988780998 2799
25 4347.60919023481 2915
26 4341.02389080956 3038
27 4337.56860896147 3147
28 4335.80459333731 3266
29 4334.65445693088 3377
30 4333.43308514927 3492
31 4332.87843508509 3599
32 4332.34158202988 3711
33 4332.14724329003 3822
34 4331.92267237327 3932
35 4331.75005195124 4043
36 4331.60327057348 4151
37 4331.48201244148 4265

0 30187.949448761 111
1 28368.1961069802 235
2 27098.346792603 349
3 27595.8693378192 460
4 25658.8730348931 571
5 21999.0604124179 680
6 18201.8106789879 791
7 13355.3699445606 900
8 11324.407159017 1014
9 9117.49626749867 1124
10 8105.54058740375 1238
11 6945.74076851325 1347
12 6088.87529958845 1458
13 5793.50141635979 1569
14 5270.24932594041 1678
15 5089.51589718072 1791
16 4856.02829478844 1899
17 4723.05710221093 2010
18 4600.18967069929 2118
19 4546.87652470878 2230
20 4474.03078679142 2338
21 4429.81638659432 2450
22 4418.19123013443 2560
23 4388.69051816581 2674
24 4360.96600622927 2784
25 4348.47933106962 2895
26 4341.30263116894 3014
27 4337.7316360906 3127
28 4335.88345240449 3247
29 4334.39638285101 3358
30 4333.48150573496 3476
31 4332.79619213202 3587
32 4332.49848509221 3702
33 4332.15142953884 3814
34 4331.90979871265 3924
35 4331.7815392581 4037
36 4331.61685678373 4147

0 28629.3236096505 117
1 28066.3790709995 225
2 28323.2098968115 349
3 25392.9185242884 457
4 24675.2672355015 567
5 22327.8029415189 677
6 17751.41549154 787
7 14189.9729650195 899
8 11163.789342891 1007
9 9293.63415409503 1119
10 7760.38128296785 1230
11 6717.57965525456 1345
12 6128.70336791123 1453
13 5688.27706575336 1563
14 5300.46816563464 1672
15 5034.02598493911 1783
16 4810.05385614273 1895
17 4677.25190467258 2005
18 4610.02293998807 2115
19 4549.47510144229 2223
20 4472.19898971623 2337
21 4439.46260925847 2443
22 4415.45505372266 2557
23 4388.60635861005 2666
24 4362.20190468438 2783
25 4347.98575228406 2894
26 4341.45644735993 3004
27 4338.08546953412 3120
28 4336.12006835813 3232
29 4334.30661689784 3347
30 4333.44152214262 3457
31 4332.9309612972 3571
32 4332.44608970799 3680
33 4332.09936992913 3794
34 4331.92743333774 3905
35 4331.72848119475 4017
36 4331.57604900379 4129

0 29157.2889500142 111
1 28355.0351254799 222
2 27216.5220159203 330
3 26961.4184067544 449
4 24150.525821482 558
5 21608.2847547795 677
6 17356.3817967649 789
7 13686.322507558 900
8 11201.4623581214 1009
9 9021.8427185436 1120
10 7803.72951977808 1234
11 7071.14642296636 1342
12 6229.57078825538 1453
13 5666.65937334685 1559
14 5312.56824443367 1674
15 5037.76211968472 1783
16 4835.2669151807 1903
17 4699.36410319116 2012
18 4604.53678970099 2124
19 4546.76189444441 2237
20 4478.62668859342 2345
21 4440.73535857822 2455
22 4420.42153170756 2561
23 4387.76099992971 2673
24 4362.73721164153 2783
25 4347.33132016593 2899
26 4341.70048738024 3009
27 4337.8365054074 3120
28 4335.90159168992 3233
29 4334.38972823523 3344
30 4333.59702560932 3458
31 4332.79149445677 3568
32 4332.42030565635 3680
33 4332.13303903458 3790
34 4331.82551553677 3906
35 4331.72053854395 4014
36 4331.57982038556 4128

0 28507.8103663906 114
1 28829.4979426138 222
2 26872.0599294686 331
3 27480.0031108056 439
4 22918.1518920421 559
5 20683.1800827099 670
6 17011.8681515222 788
7 14382.0346686093 897
8 11235.1022761606 1011
9 9381.81847877576 1120
10 7747.59103507696 1229
11 6921.96436466874 1338
12 6244.65737832918 1446
13 5676.21317243398 1557
14 5333.57625467505 1664
15 5042.21075744269 1778
16 4873.21699520797 1883
17 4708.435703259 2007
18 4626.12508013067 2116
19 4543.29024554919 2228
20 4469.63312183371 2333
21 4435.51471422797 2442
22 4416.56522089185 2550
23 4388.98067801205 2661
24 4361.94011934464 2774
25 4347.36392335327 2883
26 4341.34223756215 2999
27 4337.82244300818 3111
28 4335.74249899218 3229
29 4334.27737290979 3341
30 4333.4950621256 3462
31 4332.88464853716 3577
32 4332.45680030473 3687
33 4332.07758300412 3800
34 4331.90814775555 3909
35 4331.72673343207 4023
36 4331.59190458053 4132

0 28957.4071494109 115
1 29354.6083889634 222
2 28229.8582449811 334
3 26761.4158339384 443
4 23948.1819803308 553
5 20991.5130652196 673
6 17447.7524313733 784
7 13765.6307289752 899
8 11275.9757958688 1008
9 9705.14223741915 1123
10 7807.55169457099 1230
11 6948.56740169769 1341
12 6210.13653773938 1451
13 5621.96681947827 1560
14 5289.12445999573 1670
15 5010.95862769653 1778
16 4867.38200318174 1890
17 4719.34059091659 1998
18 4619.01505427314 2118
19 4545.5360978216 2225
20 4476.10955206648 2341
21 4435.33392995965 2450
22 4415.56935693119 2561
23 4391.37624315277 2672
24 4360.15950517821 2782
25 4348.70329407487 2894
26 4340.84309871248 3003
27 4337.79716824296 3115
28 4335.66520586541 3224
29 4334.44126503619 3340
30 4333.538933493 3451
31 4332.8359369565 3572
32 4332.53783156402 3684
33 4332.15773734451 3795
34 4331.91659596265 3912
35 4331.73782481678 4021
36 4331.59459603331 4134

0 29565.6236066988 112
1 28614.8625947004 225
2 27581.2757005954 334
3 26846.4513349797 446
4 23890.987347652 555
5 20906.0357955909 666
6 17738.0515030325 785
7 14316.2642608515 895
8 11198.6971770101 1014
9 9239.02836757835 1125
10 7945.5406926643 1240
11 6855.58533415756 1346
12 6269.16381711752 1459
13 5661.97008973182 1568
14 5285.31200083763 1677
15 5054.27591944774 1787
16 4844.28051940512 1898
17 4728.79622856466 2009
18 4613.40676564909 2116
19 4554.83840615296 2236
20 4469.4523438486 2344
21 4434.23401964274 2458
22 4414.48747273841 2566
23 4388.85659948383 2680
24 4361.42731685499 2793
25 4347.79482692673 2904
26 4340.84018994474 3015
27 4337.71315935631 3124
28 4335.6632097571 3236
29 4334.3212383768 3345
30 4333.59230733045 3459
31 4332.95280881264 3570
32 4332.53739176709 3693
33 4332.21710800275 3807
34 4331.89232780922 3917
35 4331.76857479746 4028
36 4331.60708567201 4140

0 27739.5303415624 116
1 27612.987411222 224
2 27276.2909658403 338
3 27251.7302821711 446
4 24803.0335136237 557
5 20555.1739708663 673
6 18310.0429875785 784
7 13874.1794994222 897
8 11148.906231895 1010
9 9464.36365820506 1123
10 7679.43855122904 1232
11 6895.72051296505 1345
12 6166.52252062573 1452
13 5676.86835814486 1565
14 5317.29906665451 1674
15 5008.01658704355 1785
16 4840.73188964842 1892
17 4698.85847904238 2001
18 4624.11337839779 2108
19 4546.58415456829 2218
20 4468.29189157406 2335
21 4435.28711285208 2443
22 4418.64394468318 2558
23 4390.055988872 2667
24 4360.14092618582 2783
25 4347.4585469739 2892
26 4341.88531928934 3008
27 4338.16125952233 3121
28 4335.69357935344 3236
29 4334.17959351049 3349
30 4333.48068702153 3458
31 4333.00149674425 3570
32 4332.52144899269 3678
33 4332.10810357515 3803
34 4331.90717797963 3913
35 4331.75788963792 4024
36 4331.53672146744 4136
37 4331.46571912768 4245

0 27773.8492700728 115
1 29917.113136971 223
2 27225.5778832361 336
3 25643.2084511486 443
4 24285.3912206065 557
5 21544.3025170668 665
6 17438.6679392936 778
7 14230.8843121725 889
8 11198.6098121993 1001
9 9454.61091809972 1112
10 7953.01665079204 1221
11 6880.75035804155 1332
12 6229.64562170858 1446
13 5608.82764196902 1559
14 5308.93874075979 1667
15 5050.91286128655 1780
16 4857.44363004992 1889
17 4713.4040644525 1998
18 4622.57576742922 2106
19 4545.71424045359 2214
20 4473.71999301134 2325
21 4434.5795034563 2435
22 4410.75412542444 2549
23 4391.13412629379 2659
24 4361.42042662827 2771
25 4348.2793083629 2879
26 4342.44867979612 2992
27 4337.82953020113 3100
28 4335.71734571756 3214
29 4334.50137432763 3322
30 4333.58564377849 3432
31 4332.86539992949 3546
32 4332.44398190819 3655
33 4332.05333182618 3774
34 4331.87754639796 3885
35 4331.71518781981 4004
36 4331.63152076942 4114
37 4331.47091457533 4226

0 28532.1643018915 112
1 27253.897091586 222
2 28533.7230722742 332
3 25783.0749455606 441
4 24070.307798178 556
5 19999.1512403066 669
6 17290.9871177507 786
7 14448.298298657 898
8 11333.5914674192 1020
9 9273.47599620724 1129
10 8063.09422786352 1239
11 6841.97418616239 1348
12 6288.58772378097 1457
13 5557.42348109229 1567
14 5314.68159838082 1676
15 5028.76635463764 1788
16 4851.6194515787 1895
17 4729.39444542852 2006
18 4614.62313828591 2113
19 4544.60421785651 2231
20 4472.02443209956 2341
21 4433.88957464072 2453
22 4419.67291946374 2568
23 4390.48809928465 2680
24 4360.11515357756 2794
25 4348.67037996154 2903
26 4341.95355490828 3017
27 4337.95471852041 3127
28 4335.91416858984 3244
29 4334.44617605994 3354
30 4333.63453566788 3464
31 4332.95490430968 3574
32 4332.40108259317 3687
33 4332.13218554102 3807
34 4331.88326329612 3916
35 4331.71503327386 4033
36 4331.61186403444 4142

0 28761.212221471 117
1 28166.8261583462 226
2 28657.5919404495 335
3 27695.71520988 443
4 25306.4154943075 552
5 21072.6706414691 663
6 16794.7137582863 772
7 14061.2948885142 886
8 11184.4979394528 994
9 9397.98464577572 1119
10 7925.46447548919 1227
11 6973.02674408418 1337
12 6165.59729501575 1445
13 5711.81606127488 1554
14 5268.82209582145 1662
15 5044.24540681003 1771
16 4852.54531194259 1881
17 4716.01600248517 1990
18 4609.14326832391 2104
19 4548.27466248187 2212
20 4480.26226484917 2324
21 4429.58744297117 2433
22 4417.8280762751 2557
23 4392.996775846 2679
24 4361.63294873324 2803
25 4347.81112939722 2917
26 4341.04747163631 3027
27 4338.24184657478 3145
28 4335.65044204271 3253
29 4334.40450119267 3367
30 4333.21013571123 3480
31 4332.87047405536 3589
32 4332.47804202288 3700
33 4332.15363031162 3810
34 4331.92689795514 3933
35 4331.74556583591 4045
36 4331.60625047109 4165

0 29486.2453313223 112
1 30126.1159935483 223
2 27521.5407207127 336
3 26822.0429103797 446
4 24086.8280796196 557
5 21872.4677794478 666
6 17075.1172930545 783
7 14096.3904587979 894
8 11301.075996383 1010
9 9477.91117522609 1121
10 7846.54974734101 1244
11 6897.16787590767 1362
12 6237.56251343116 1474
13 5582.07847870066 1586
14 5342.22606092836 1693
15 5036.27143233948 1807
16 4808.31314788939 1914
17 4695.98739141213 2030
18 4629.98138566021 2143
19 4545.72570131425 2251
20 4474.3152486575 2362
21 4429.58956896094 2471
22 4417.20853627961 2593
23 4386.58701958126 2703
24 4360.91554700015 2820
25 4347.53195222648 2930
26 4341.99460798231 3043
27 4337.96405257845 3150
28 4335.76330531452 3261
29 4334.36322998928 3372
30 4333.41718411503 3483
31 4332.89133334577 3594
32 4332.40240435296 3703
33 4332.1742167932 3816
34 4331.95463296635 3930
35 4331.70686168166 4055
36 4331.5491433176 4164

0 29237.8174709058 111
1 29544.6886682292 219
2 26783.4432400398 328
3 26466.2321067328 439
4 24071.5823936891 550
5 20639.5277581368 663
6 17307.8164235593 772
7 13769.0425730763 886
8 11705.7467221935 994
9 9743.05275119717 1107
10 7980.55101737179 1218
11 6904.29255681955 1333
12 6255.26664699013 1442
13 5720.24882369884 1550
14 5347.10536775845 1660
15 5024.8584308045 1767
16 4811.88508507279 1881
17 4696.76343569644 1987
18 4606.19836323886 2098
19 4552.47506992971 2205
20 4484.96824571671 2318
21 4432.2720924518 2425
22 4416.60761904134 2534
23 4389.19545950949 2647
24 4362.76145389166 2764
25 4348.50141915178 2879
26 4341.42586106033 2987
27 4337.77773979483 3099
28 4335.56574235583 3210
29 4334.44394176311 3325
30 4333.44325420523 3434
31 4332.79912074146 3546
32 4332.39695290844 3654
33 4332.12397544077 3763
34 4331.94232314197 3873
35 4331.7203452818 3982
36 4331.57421802069 4100

0 28970.0719802085 110
1 29748.8917757369 224
2 27777.3607719153 331
3 26013.0673301333 443
4 24764.0301946666 550
5 21802.6447273603 666
6 17551.1111771582 777
7 14457.8557142172 887
8 11532.3236996111 996
9 9443.69698449022 1105
10 7923.40671276253 1217
11 6956.00190369109 1325
12 6180.45126125982 1445
13 5587.42384520988 1554
14 5320.30655013622 1672
15 5059.36701914373 1790
16 4864.90218937259 1902
17 4717.69572589474 2012
18 4628.53615055624 2119
19 4543.64599419728 2228
20 4477.92840030779 2335
21 4436.87626847922 2448
22 4420.53549620635 2557
23 4390.75473785933 2672
24 4360.77012548092 2785
25 4347.51468482046 2902
26 4341.12737105878 3013
27 4337.57256972569 3123
28 4336.01856442089 3235
29 4334.47027481069 3343
30 4333.52822713812 3454
31 4332.93763613591 3563
32 4332.48651598494 3678
33 4332.14213124893 3787
34 4331.87424332198 3899
35 4331.71201157925 4010
36 4331.58084364754 4120

0 28097.1769832963 119
1 26776.548628181 231
2 27293.6033562284 341
3 26847.2860584192 448
4 23916.4938003178 560
5 21266.6389574795 669
6 18023.3175326722 789
7 14279.5948714918 898
8 11024.0696724693 1009
9 9304.9041478766 1115
10 7748.21337514264 1225
11 7003.8817534125 1335
12 6145.77164563323 1443
13 5698.95693008179 1563
14 5273.87074223875 1671
15 5058.49902512601 1786
16 4874.25173393306 1894
17 4707.0142826337 2006
18 4598.35948287739 2114
19 4535.76512737086 2223
20 4474.0435109326 2329
21 4438.1181601741 2438
22 4417.65709041324 2546
23 4387.90588359856 2656
24 4360.51809814857 2768
25 4348.64488889327 2878
26 4341.58284517413 2999
27 4337.75272064423 3109
28 4335.6596654447 3227
29 4334.28661422337 3336
30 4333.42913686258 3446
31 4332.81400993253 3557
32 4332.43734897487 3667
33 4332.1574426058 3778
34 4331.87691089391 3888
35 4331.72042845904 4002
36 4331.60441715456 4110

0 28324.3692737827 116
1 28722.0947764073 224
2 28033.6128793919 349
3 27965.5091394298 465
4 25161.6311124548 580
5 21043.8553372326 693
6 17430.206901854 802
7 14279.1320435261 914
8 11169.6552134338 1021
9 9299.13002949831 1133
10 7749.79602640385 1240
11 6850.88841867484 1351
12 6422.33082461724 1458
13 5636.66583246246 1567
14 5291.61114104127 1682
15 5095.38084092265 1791
16 4850.50104288273 1902
17 4709.54947396646 2008
18 4630.96689125887 2118
19 4555.63432019691 2224
20 4473.41398363153 2335
21 4436.98900698876 2443
22 4417.66195260856 2557
23 4384.9760551362 2666
24 4361.1011244807 2778
25 4348.82318948327 2889
26 4341.928504209 2999
27 4337.54333285465 3117
28 4335.58289209717 3226
29 4334.27280790534 3342
30 4333.68161529478 3450
31 4332.88978409255 3563
32 4332.42409353788 3671
33 4332.14396649618 3784
34 4331.9179085453 3892
35 4331.77337875307 4002
36 4331.5509132706 4113

0 27941.6017772506 110
1 28302.5991427001 219
2 28134.1846774932 328
3 26118.0679881235 451
4 24901.3996023518 560
5 20373.7034516442 674
6 18193.9208449929 783
7 14495.1704114698 895
8 11159.3920876553 1004
9 9477.07625539259 1114
10 7812.25867381481 1224
11 6935.35900267317 1334
12 6208.01287467119 1445
13 5656.926338828 1554
14 5325.2981780727 1665
15 5013.59950771919 1772
16 4850.05232851888 1891
17 4709.87926453089 1999
18 4615.80422311055 2108
19 4546.85862869881 2214
20 4472.49236468768 2323
21 4440.08704358977 2431
22 4423.7868186205 2539
23 4393.26630842279 2651
24 4361.14600761599 2760
25 4347.36795089459 2871
26 4341.51222354141 2979
27 4338.11484425824 3094
28 4335.62468439472 3203
29 4334.11970699859 3323
30 4333.46564279278 3442
31 4332.87134756751 3553
32 4332.48677449416 3665
33 4332.14641937102 3774
34 4331.88480896785 3885
35 4331.72229398043 3995
36 4331.60225757704 4110

0 31367.8442654279 111
1 29003.3898602004 222
2 27891.4497576101 330
3 25802.6477248351 440
4 24571.9994546842 553
5 21760.1870055184 663
6 17266.3696580578 777
7 13607.2873806643 888
8 11317.2590047935 1002
9 9140.38957652765 1109
10 7832.89549243059 1223
11 6868.66751086489 1332
12 6264.27134597598 1442
13 5677.26477474309 1550
14 5302.35375393793 1660
15 5068.51798485435 1769
16 4856.3684010487 1879
17 4713.88170063385 1995
18 4601.88477698066 2105
19 4555.16576077043 2220
20 4472.00748868277 2328
21 4431.26138014469 2439
22 4417.93713269181 2547
23 4392.82091663842 2660
24 4362.77484872329 2772
25 4347.9250393099 2883
26 4341.79441497816 2995
27 4338.05544922322 3106
28 4335.83211090121 3223
29 4334.39871703263 3334
30 4333.51994544395 3455
31 4332.75344960828 3567
32 4332.3733087669 3682
33 4332.12286931152 3793
34 4331.91073627729 3905
35 4331.72354799287 4016
36 4331.60299689668 4126

